:Data_list: 20010828_ace_epam_5m.txt
:Created: 2001 Aug 29 0012 UT
# Prepared by the U.S. Dept. of Commerce, NOAA, Space Environment Center.
# Please send comments and suggestions to sec@sec.noaa.gov 
# 
# Units: Differential Flux particles/cm2-s-ster-MeV
# Units: Anisotropy Index 0.0 - 2.0
# Status(S): 0 = nominal data, 1 to 8 = bad data record, 9 = no data
# Missing data values: -1.00e+05, index = -1.00
# Source: ACE Satellite - Electron, Proton, and Alpha Monitor
# Note: 7/26/00 Corrected Differential Flux ranges.
#
#                      5-minute averaged Real-time Differential Electron and Proton Flux 
# 
#                Modified Seconds ---------------------------- Differential Flux --------------------------- 
# UT Date   Time  Julian  of the  ----- Electron -----   ------------------- Protons keV -------------------   Anis.
# YR MO DA  HHMM    Day    Day    S    38-53   175-315   S   47-65    112-187   310-580   761-1220 060-1910   Ratio
#-------------------------------------------------------------------------------------------------------------------
2001 08 28  0000   52149       0  0  6.67e+03  1.09e+02  0  3.82e+05  7.84e+04  1.06e+04  1.86e+03  5.09e+02   0.41
2001 08 28  0005   52149     300  0  6.49e+03  1.11e+02  0  3.90e+05  8.14e+04  1.13e+04  1.92e+03  5.31e+02   0.40
2001 08 28  0010   52149     600  0  6.43e+03  1.14e+02  0  3.52e+05  7.21e+04  9.87e+03  1.78e+03  4.73e+02   0.37
2001 08 28  0015   52149     900  0  6.79e+03  1.13e+02  0  2.90e+05  5.64e+04  6.81e+03  1.35e+03  3.46e+02   0.13
2001 08 28  0020   52149    1200  0  6.74e+03  1.11e+02  0  2.81e+05  5.55e+04  6.98e+03  1.42e+03  3.54e+02   0.15
2001 08 28  0025   52149    1500  0  6.49e+03  1.06e+02  0  3.06e+05  6.36e+04  8.60e+03  1.69e+03  4.32e+02   0.27
2001 08 28  0030   52149    1800  0  6.57e+03  1.04e+02  0  2.57e+05  5.30e+04  7.52e+03  1.55e+03  3.86e+02   0.29
2001 08 28  0035   52149    2100  0  6.68e+03  1.07e+02  0  3.06e+05  6.36e+04  8.19e+03  1.65e+03  4.15e+02   0.25
2001 08 28  0040   52149    2400  0  6.18e+03  1.02e+02  0  3.20e+05  6.65e+04  8.59e+03  1.69e+03  4.27e+02   0.32
2001 08 28  0045   52149    2700  0  6.39e+03  1.05e+02  0  3.16e+05  6.46e+04  8.26e+03  1.65e+03  4.29e+02   0.14
2001 08 28  0050   52149    3000  0  6.48e+03  1.04e+02  0  2.92e+05  6.00e+04  7.87e+03  1.61e+03  4.17e+02   0.16
2001 08 28  0055   52149    3300  0  6.65e+03  1.03e+02  0  2.97e+05  6.02e+04  8.07e+03  1.72e+03  4.29e+02   0.20
2001 08 28  0100   52149    3600  0  6.78e+03  1.02e+02  0  2.37e+05  4.97e+04  6.77e+03  1.50e+03  3.61e+02   0.28
2001 08 28  0105   52149    3900  0  6.59e+03  1.05e+02  0  2.46e+05  5.03e+04  6.93e+03  1.56e+03  3.61e+02   0.28
2001 08 28  0110   52149    4200  0  6.32e+03  1.06e+02  0  2.91e+05  5.91e+04  7.90e+03  1.72e+03  4.22e+02   0.25
2001 08 28  0115   52149    4500  0  6.33e+03  1.06e+02  0  3.33e+05  7.03e+04  9.41e+03  1.92e+03  5.02e+02   0.35
2001 08 28  0120   52149    4800  0  6.32e+03  9.74e+01  0  3.03e+05  6.50e+04  9.00e+03  1.97e+03  5.28e+02   0.26
2001 08 28  0125   52149    5100  0  6.25e+03  1.01e+02  0  2.72e+05  5.87e+04  8.66e+03  2.00e+03  5.29e+02   0.19
2001 08 28  0130   52149    5400  0  6.37e+03  1.05e+02  0  2.72e+05  5.70e+04  8.00e+03  1.76e+03  4.63e+02   0.19
2001 08 28  0135   52149    5700  0  6.32e+03  9.97e+01  0  2.77e+05  6.10e+04  9.02e+03  2.15e+03  5.99e+02   0.14
2001 08 28  0140   52149    6000  0  6.42e+03  9.93e+01  0  2.71e+05  5.99e+04  9.02e+03  2.11e+03  5.97e+02   0.14
2001 08 28  0145   52149    6300  0  6.27e+03  1.04e+02  0  2.69e+05  5.81e+04  8.18e+03  1.88e+03  5.13e+02   0.12
2001 08 28  0150   52149    6600  0  6.54e+03  1.01e+02  0  2.68e+05  5.76e+04  8.01e+03  1.83e+03  4.90e+02   0.09
2001 08 28  0155   52149    6900  0  6.39e+03  1.06e+02  0  2.67e+05  5.65e+04  7.83e+03  1.81e+03  4.97e+02   0.09
2001 08 28  0200   52149    7200  0  6.33e+03  1.03e+02  0  2.63e+05  5.62e+04  8.03e+03  1.85e+03  5.04e+02   0.17
2001 08 28  0205   52149    7500  0  6.45e+03  9.88e+01  0  2.66e+05  5.63e+04  7.81e+03  1.77e+03  4.68e+02   0.15
2001 08 28  0210   52149    7800  0  6.44e+03  9.68e+01  0  2.66e+05  5.70e+04  8.16e+03  1.83e+03  5.08e+02   0.10
2001 08 28  0215   52149    8100  0  6.49e+03  1.02e+02  0  2.66e+05  5.96e+04  8.78e+03  1.98e+03  6.02e+02   0.03
2001 08 28  0220   52149    8400  0  6.28e+03  1.03e+02  0  2.67e+05  5.88e+04  8.58e+03  1.94e+03  5.69e+02   0.04
2001 08 28  0225   52149    8700  0  6.26e+03  9.11e+01  0  2.63e+05  5.78e+04  8.39e+03  1.91e+03  5.58e+02   0.05
2001 08 28  0230   52149    9000  0  6.33e+03  1.09e+02  0  2.54e+05  5.53e+04  7.96e+03  1.88e+03  5.21e+02   0.05
2001 08 28  0235   52149    9300  0  6.23e+03  9.20e+01  0  2.55e+05  5.52e+04  7.70e+03  1.80e+03  4.92e+02   0.08
2001 08 28  0240   52149    9600  0  6.41e+03  9.93e+01  0  2.55e+05  5.50e+04  7.73e+03  1.83e+03  4.91e+02   0.11
2001 08 28  0245   52149    9900  0  6.08e+03  1.03e+02  0  2.57e+05  5.63e+04  8.48e+03  2.17e+03  6.02e+02   0.09
2001 08 28  0250   52149   10200  0  6.57e+03  1.04e+02  0  2.75e+05  6.27e+04  9.85e+03  2.46e+03  7.04e+02   0.11
2001 08 28  0255   52149   10500  0  6.49e+03  9.24e+01  0  2.64e+05  6.06e+04  1.02e+04  2.54e+03  7.63e+02   0.21
2001 08 28  0300   52149   10800  0  6.48e+03  9.78e+01  0  2.63e+05  6.05e+04  1.03e+04  2.61e+03  7.93e+02   0.23
2001 08 28  0305   52149   11100  0  6.47e+03  1.01e+02  0  2.54e+05  5.82e+04  9.91e+03  2.51e+03  7.50e+02   0.22
2001 08 28  0310   52149   11400  0  6.49e+03  9.88e+01  0  2.50e+05  5.77e+04  9.81e+03  2.51e+03  7.39e+02   0.21
2001 08 28  0315   52149   11700  0  5.94e+03  8.35e+01  0  2.46e+05  5.71e+04  9.47e+03  2.47e+03  7.17e+02   0.23
2001 08 28  0320   52149   12000  0  6.03e+03  9.00e+01  0  2.43e+05  5.68e+04  9.35e+03  2.54e+03  7.04e+02   0.30
2001 08 28  0325   52149   12300  0  5.92e+03  8.89e+01  0  2.40e+05  5.71e+04  9.69e+03  2.62e+03  7.43e+02   0.30
2001 08 28  0330   52149   12600  0  5.74e+03  1.02e+02  0  2.41e+05  5.79e+04  9.95e+03  2.65e+03  7.64e+02   0.30
2001 08 28  0335   52149   12900  0  6.03e+03  9.44e+01  0  2.43e+05  5.68e+04  9.38e+03  2.49e+03  7.18e+02   0.27
2001 08 28  0340   52149   13200  0  6.02e+03  8.66e+01  0  2.50e+05  5.74e+04  9.15e+03  2.30e+03  6.66e+02   0.12
2001 08 28  0345   52149   13500  0  5.75e+03  9.51e+01  0  2.59e+05  6.10e+04  9.72e+03  2.46e+03  7.11e+02   0.18
2001 08 28  0350   52149   13800  0  5.91e+03  8.50e+01  0  2.66e+05  6.33e+04  1.05e+04  2.67e+03  7.81e+02   0.20
2001 08 28  0355   52149   14100  0  5.85e+03  9.66e+01  0  2.65e+05  6.42e+04  1.07e+04  2.75e+03  7.84e+02   0.22
2001 08 28  0400   52149   14400  0  5.68e+03  9.00e+01  0  2.61e+05  6.19e+04  1.02e+04  2.64e+03  7.54e+02   0.23
2001 08 28  0405   52149   14700  0  5.58e+03  9.24e+01  0  2.55e+05  5.96e+04  9.52e+03  2.40e+03  6.78e+02   0.19
2001 08 28  0410   52149   15000  0  5.68e+03  9.78e+01  0  2.50e+05  5.89e+04  9.67e+03  2.54e+03  7.02e+02   0.23
2001 08 28  0415   52149   15300  0  5.88e+03  1.01e+02  0  2.53e+05  6.04e+04  9.99e+03  2.55e+03  7.19e+02   0.23
2001 08 28  0420   52149   15600  0  6.00e+03  9.31e+01  0  2.49e+05  5.98e+04  9.72e+03  2.50e+03  6.91e+02   0.26
2001 08 28  0425   52149   15900  0  5.90e+03  9.58e+01  0  2.55e+05  6.02e+04  9.63e+03  2.47e+03  6.94e+02   0.22
2001 08 28  0430   52149   16200  0  5.72e+03  9.60e+01  0  2.48e+05  5.67e+04  9.11e+03  2.25e+03  6.67e+02   0.17
2001 08 28  0435   52149   16500  0  5.85e+03  8.19e+01  0  2.50e+05  5.82e+04  9.27e+03  2.27e+03  6.59e+02   0.17
2001 08 28  0440   52149   16800  0  5.49e+03  8.98e+01  0  2.46e+05  5.71e+04  9.07e+03  2.17e+03  6.53e+02   0.11
2001 08 28  0445   52149   17100  0  5.66e+03  9.16e+01  0  2.47e+05  5.79e+04  9.20e+03  2.24e+03  6.60e+02   0.16
2001 08 28  0450   52149   17400  0  5.66e+03  9.60e+01  0  2.42e+05  5.73e+04  9.18e+03  2.21e+03  6.54e+02   0.14
2001 08 28  0455   52149   17700  0  5.66e+03  8.34e+01  0  2.45e+05  5.79e+04  9.28e+03  2.22e+03  6.51e+02   0.13
2001 08 28  0500   52149   18000  0  5.65e+03  9.78e+01  0  2.35e+05  5.42e+04  8.42e+03  2.03e+03  6.01e+02   0.13
2001 08 28  0505   52149   18300  0  5.44e+03  9.63e+01  0  2.34e+05  5.28e+04  8.24e+03  2.03e+03  5.87e+02   0.16
2001 08 28  0510   52149   18600  0  6.28e+03  9.18e+01  0  2.40e+05  5.32e+04  7.95e+03  1.85e+03  5.48e+02   0.04
2001 08 28  0515   52149   18900  0  6.22e+03  8.56e+01  0  2.41e+05  5.32e+04  8.00e+03  1.84e+03  5.50e+02   0.03
2001 08 28  0520   52149   19200  0  6.16e+03  8.18e+01  0  2.37e+05  5.28e+04  7.88e+03  1.82e+03  5.40e+02   0.05
2001 08 28  0525   52149   19500  0  6.16e+03  9.20e+01  0  2.36e+05  5.24e+04  7.82e+03  1.80e+03  5.38e+02   0.05
2001 08 28  0530   52149   19800  0  6.21e+03  8.91e+01  0  2.34e+05  5.23e+04  7.82e+03  1.80e+03  5.33e+02   0.03
2001 08 28  0535   52149   20100  0  6.34e+03  8.93e+01  0  2.35e+05  5.21e+04  7.81e+03  1.80e+03  5.32e+02   0.04
2001 08 28  0540   52149   20400  0  5.96e+03  9.10e+01  0  2.33e+05  5.16e+04  7.72e+03  1.79e+03  5.24e+02   0.03
2001 08 28  0545   52149   20700  0  5.72e+03  8.66e+01  0  2.29e+05  5.13e+04  7.70e+03  1.78e+03  5.22e+02   0.05
2001 08 28  0550   52149   21000  0  5.51e+03  8.64e+01  0  2.32e+05  5.11e+04  7.70e+03  1.80e+03  5.17e+02   0.05
2001 08 28  0555   52149   21300  0  5.34e+03  8.77e+01  0  2.30e+05  5.08e+04  7.72e+03  1.82e+03  5.19e+02   0.06
2001 08 28  0600   52149   21600  0  5.05e+03  8.31e+01  0  2.29e+05  5.09e+04  7.89e+03  1.88e+03  5.24e+02   0.09
2001 08 28  0605   52149   21900  0  5.38e+03  8.98e+01  0  2.24e+05  5.02e+04  7.68e+03  1.83e+03  5.14e+02   0.08
2001 08 28  0610   52149   22200  0  5.43e+03  9.45e+01  0  2.23e+05  4.99e+04  7.62e+03  1.83e+03  5.17e+02   0.10
2001 08 28  0615   52149   22500  0  5.58e+03  8.79e+01  0  2.26e+05  5.00e+04  7.64e+03  1.81e+03  5.09e+02   0.09
2001 08 28  0620   52149   22800  0  5.35e+03  9.85e+01  0  2.25e+05  5.05e+04  7.71e+03  1.83e+03  5.08e+02   0.11
2001 08 28  0625   52149   23100  0  5.18e+03  8.88e+01  0  2.26e+05  5.07e+04  7.65e+03  1.84e+03  4.99e+02   0.12
2001 08 28  0630   52149   23400  0  4.85e+03  9.35e+01  0  2.23e+05  5.01e+04  7.55e+03  1.80e+03  4.91e+02   0.10
2001 08 28  0635   52149   23700  0  4.56e+03  9.34e+01  0  2.24e+05  5.11e+04  7.55e+03  1.78e+03  4.84e+02   0.11
2001 08 28  0640   52149   24000  0  4.58e+03  9.14e+01  0  2.19e+05  4.93e+04  7.28e+03  1.69e+03  4.70e+02   0.06
2001 08 28  0645   52149   24300  0  4.47e+03  9.18e+01  0  2.15e+05  4.83e+04  7.16e+03  1.67e+03  4.68e+02   0.06
2001 08 28  0650   52149   24600  0  4.77e+03  8.96e+01  0  2.15e+05  4.82e+04  7.16e+03  1.63e+03  4.62e+02   0.01
2001 08 28  0655   52149   24900  0  5.02e+03  9.35e+01  0  2.11e+05  4.74e+04  7.08e+03  1.61e+03  4.65e+02   0.02
2001 08 28  0700   52149   25200  0  5.16e+03  8.31e+01  0  2.05e+05  4.57e+04  6.95e+03  1.57e+03  4.69e+02   0.02
2001 08 28  0705   52149   25500  0  5.04e+03  8.54e+01  0  2.03e+05  4.62e+04  6.89e+03  1.58e+03  4.67e+02   0.04
2001 08 28  0710   52149   25800  0  4.99e+03  8.54e+01  0  2.10e+05  4.65e+04  6.95e+03  1.58e+03  4.67e+02   0.03
2001 08 28  0715   52149   26100  0  5.44e+03  9.20e+01  0  2.08e+05  4.66e+04  6.92e+03  1.55e+03  4.71e+02   0.04
2001 08 28  0720   52149   26400  0  5.45e+03  8.98e+01  0  2.08e+05  4.64e+04  6.89e+03  1.55e+03  4.64e+02   0.03
2001 08 28  0725   52149   26700  0  4.86e+03  8.23e+01  0  2.09e+05  4.65e+04  6.94e+03  1.56e+03  4.59e+02   0.01
2001 08 28  0730   52149   27000  0  4.93e+03  8.17e+01  0  2.06e+05  4.62e+04  6.85e+03  1.55e+03  4.57e+02   0.03
2001 08 28  0735   52149   27300  0  4.74e+03  8.26e+01  0  2.09e+05  4.66e+04  6.91e+03  1.54e+03  4.55e+02   0.03
2001 08 28  0740   52149   27600  0  4.72e+03  8.58e+01  0  2.07e+05  4.63e+04  6.88e+03  1.54e+03  4.56e+02   0.02
2001 08 28  0745   52149   27900  0  4.91e+03  9.40e+01  0  2.05e+05  4.65e+04  6.82e+03  1.53e+03  4.51e+02   0.04
2001 08 28  0750   52149   28200  0  4.86e+03  8.45e+01  0  2.05e+05  4.61e+04  6.83e+03  1.53e+03  4.56e+02   0.03
2001 08 28  0755   52149   28500  0  4.89e+03  7.77e+01  0  2.10e+05  4.65e+04  6.78e+03  1.52e+03  4.48e+02   0.01
2001 08 28  0800   52149   28800  0  4.78e+03  8.59e+01  0  2.10e+05  4.62e+04  6.85e+03  1.53e+03  4.44e+02   0.02
2001 08 28  0805   52149   29100  0  4.15e+03  8.77e+01  0  2.07e+05  4.60e+04  6.86e+03  1.57e+03  4.34e+02   0.05
2001 08 28  0810   52149   29400  0  4.51e+03  8.35e+01  0  2.08e+05  4.58e+04  6.81e+03  1.53e+03  4.33e+02   0.05
2001 08 28  0815   52149   29700  0  4.30e+03  8.44e+01  0  2.07e+05  4.52e+04  6.72e+03  1.52e+03  4.25e+02   0.04
2001 08 28  0820   52149   30000  0  4.12e+03  7.42e+01  0  2.05e+05  4.51e+04  6.67e+03  1.51e+03  4.28e+02   0.04
2001 08 28  0825   52149   30300  0  4.36e+03  7.55e+01  0  2.04e+05  4.55e+04  6.78e+03  1.54e+03  4.36e+02   0.04
2001 08 28  0830   52149   30600  0  4.81e+03  7.60e+01  0  2.04e+05  4.50e+04  6.69e+03  1.51e+03  4.37e+02   0.02
2001 08 28  0835   52149   30900  0  4.89e+03  8.58e+01  0  2.03e+05  4.42e+04  6.60e+03  1.46e+03  4.21e+02   0.01
2001 08 28  0840   52149   31200  0  3.99e+03  7.64e+01  0  2.04e+05  4.51e+04  6.64e+03  1.50e+03  4.22e+02   0.06
2001 08 28  0845   52149   31500  0  4.08e+03  8.73e+01  0  2.03e+05  4.43e+04  6.68e+03  1.51e+03  4.20e+02   0.06
2001 08 28  0850   52149   31800  0  4.02e+03  8.27e+01  0  2.00e+05  4.45e+04  6.68e+03  1.51e+03  4.17e+02   0.05
2001 08 28  0855   52149   32100  0  4.40e+03  8.04e+01  0  1.99e+05  4.37e+04  6.52e+03  1.46e+03  4.21e+02   0.01
2001 08 28  0900   52149   32400  0  4.77e+03  8.26e+01  0  2.01e+05  4.35e+04  6.47e+03  1.44e+03  4.26e+02   0.01
2001 08 28  0905   52149   32700  0  4.78e+03  8.49e+01  0  1.97e+05  4.34e+04  6.45e+03  1.43e+03  4.16e+02   0.02
2001 08 28  0910   52149   33000  0  4.85e+03  8.58e+01  0  1.99e+05  4.35e+04  6.39e+03  1.42e+03  4.13e+02   0.04
2001 08 28  0915   52149   33300  0  4.86e+03  8.68e+01  0  1.99e+05  4.28e+04  6.31e+03  1.39e+03  4.02e+02   0.04
2001 08 28  0920   52149   33600  0  4.83e+03  8.50e+01  0  1.97e+05  4.25e+04  6.29e+03  1.42e+03  4.04e+02   0.03
2001 08 28  0925   52149   33900  0  4.75e+03  8.21e+01  0  1.96e+05  4.30e+04  6.32e+03  1.42e+03  4.12e+02   0.05
2001 08 28  0930   52149   34200  0  4.86e+03  8.87e+01  0  1.89e+05  4.24e+04  6.27e+03  1.43e+03  4.04e+02   0.07
2001 08 28  0935   52149   34500  0  5.14e+03  8.45e+01  0  1.86e+05  4.15e+04  6.11e+03  1.41e+03  3.91e+02   0.11
2001 08 28  0940   52149   34800  0  5.29e+03  9.08e+01  0  1.83e+05  4.12e+04  6.04e+03  1.38e+03  3.89e+02   0.07
2001 08 28  0945   52149   35100  0  5.06e+03  8.40e+01  0  1.80e+05  4.03e+04  5.86e+03  1.35e+03  3.72e+02   0.12
2001 08 28  0950   52149   35400  0  5.32e+03  9.36e+01  0  1.77e+05  3.90e+04  5.65e+03  1.32e+03  3.56e+02   0.11
2001 08 28  0955   52149   35700  0  5.34e+03  8.76e+01  0  1.76e+05  3.89e+04  5.64e+03  1.33e+03  3.50e+02   0.09
2001 08 28  1000   52149   36000  0  5.43e+03  8.06e+01  0  1.76e+05  3.85e+04  5.59e+03  1.31e+03  3.48e+02   0.09
2001 08 28  1005   52149   36300  0  5.53e+03  8.89e+01  0  1.76e+05  3.90e+04  5.60e+03  1.30e+03  3.54e+02   0.06
2001 08 28  1010   52149   36600  0  5.40e+03  7.90e+01  0  1.75e+05  3.83e+04  5.53e+03  1.29e+03  3.46e+02   0.08
2001 08 28  1015   52149   36900  0  5.53e+03  8.63e+01  0  1.74e+05  3.81e+04  5.41e+03  1.26e+03  3.40e+02   0.07
2001 08 28  1020   52149   37200  0  5.41e+03  8.68e+01  0  1.74e+05  3.79e+04  5.35e+03  1.26e+03  3.35e+02   0.06
2001 08 28  1025   52149   37500  0  5.31e+03  9.06e+01  0  1.73e+05  3.77e+04  5.34e+03  1.26e+03  3.37e+02   0.06
2001 08 28  1030   52149   37800  0  5.13e+03  8.72e+01  0  1.73e+05  3.81e+04  5.39e+03  1.26e+03  3.42e+02   0.08
2001 08 28  1035   52149   38100  0  4.95e+03  8.64e+01  0  1.73e+05  3.85e+04  5.52e+03  1.25e+03  3.42e+02   0.11
2001 08 28  1040   52149   38400  0  5.07e+03  8.73e+01  0  1.73e+05  3.79e+04  5.37e+03  1.23e+03  3.33e+02   0.08
2001 08 28  1045   52149   38700  0  5.31e+03  7.60e+01  0  1.72e+05  3.75e+04  5.32e+03  1.23e+03  3.33e+02   0.08
2001 08 28  1050   52149   39000  0  4.86e+03  9.29e+01  0  1.72e+05  3.76e+04  5.44e+03  1.25e+03  3.34e+02   0.10
2001 08 28  1055   52149   39300  0  4.74e+03  8.45e+01  0  1.71e+05  3.74e+04  5.42e+03  1.25e+03  3.31e+02   0.14
2001 08 28  1100   52149   39600  0  4.89e+03  8.14e+01  0  1.70e+05  3.75e+04  5.44e+03  1.25e+03  3.48e+02   0.13
2001 08 28  1105   52149   39900  0  4.96e+03  8.54e+01  0  1.68e+05  3.66e+04  5.28e+03  1.23e+03  3.26e+02   0.13
2001 08 28  1110   52149   40200  0  4.70e+03  8.29e+01  0  1.68e+05  3.70e+04  5.47e+03  1.26e+03  3.41e+02   0.15
2001 08 28  1115   52149   40500  0  4.57e+03  9.20e+01  0  1.70e+05  3.77e+04  5.61e+03  1.28e+03  3.41e+02   0.18
2001 08 28  1120   52149   40800  0  4.57e+03  8.70e+01  0  1.68e+05  3.68e+04  5.31e+03  1.21e+03  3.27e+02   0.13
2001 08 28  1125   52149   41100  0  4.82e+03  8.38e+01  0  1.67e+05  3.65e+04  5.31e+03  1.18e+03  3.28e+02   0.11
2001 08 28  1130   52149   41400  0  4.59e+03  8.44e+01  0  1.67e+05  3.70e+04  5.34e+03  1.20e+03  3.29e+02   0.11
2001 08 28  1135   52149   41700  0  4.50e+03  8.61e+01  0  1.67e+05  3.64e+04  5.33e+03  1.17e+03  3.25e+02   0.09
2001 08 28  1140   52149   42000  0  4.60e+03  8.31e+01  0  1.64e+05  3.60e+04  5.28e+03  1.18e+03  3.21e+02   0.10
2001 08 28  1145   52149   42300  0  4.55e+03  8.79e+01  0  1.60e+05  3.53e+04  5.19e+03  1.19e+03  3.23e+02   0.13
2001 08 28  1150   52149   42600  0  5.00e+03  8.70e+01  0  1.57e+05  3.49e+04  5.14e+03  1.18e+03  3.22e+02   0.14
2001 08 28  1155   52149   42900  0  4.76e+03  8.43e+01  0  1.55e+05  3.48e+04  5.10e+03  1.18e+03  3.16e+02   0.13
2001 08 28  1200   52149   43200  0  4.55e+03  7.85e+01  0  1.60e+05  3.53e+04  5.20e+03  1.16e+03  3.19e+02   0.13
2001 08 28  1205   52149   43500  0  4.40e+03  8.70e+01  0  1.61e+05  3.56e+04  5.23e+03  1.14e+03  3.18e+02   0.10
2001 08 28  1210   52149   43800  0  4.39e+03  9.21e+01  0  1.59e+05  3.52e+04  5.12e+03  1.13e+03  3.10e+02   0.07
2001 08 28  1215   52149   44100  0  5.04e+03  8.20e+01  0  1.59e+05  3.48e+04  5.10e+03  1.15e+03  3.12e+02   0.09
2001 08 28  1220   52149   44400  0  4.86e+03  8.02e+01  0  1.57e+05  3.51e+04  5.06e+03  1.17e+03  3.15e+02   0.11
2001 08 28  1225   52149   44700  0  4.86e+03  7.69e+01  0  1.58e+05  3.48e+04  5.06e+03  1.15e+03  3.10e+02   0.09
2001 08 28  1230   52149   45000  0  4.84e+03  8.35e+01  0  1.57e+05  3.50e+04  5.09e+03  1.15e+03  3.13e+02   0.09
2001 08 28  1235   52149   45300  0  4.60e+03  8.45e+01  0  1.57e+05  3.48e+04  5.07e+03  1.17e+03  3.15e+02   0.11
2001 08 28  1240   52149   45600  0  4.44e+03  8.09e+01  0  1.57e+05  3.49e+04  5.14e+03  1.19e+03  3.15e+02   0.12
2001 08 28  1245   52149   45900  0  4.44e+03  8.95e+01  0  1.57e+05  3.50e+04  5.19e+03  1.21e+03  3.18e+02   0.17
2001 08 28  1250   52149   46200  0  4.31e+03  8.46e+01  0  1.55e+05  3.48e+04  5.12e+03  1.18e+03  3.16e+02   0.16
2001 08 28  1255   52149   46500  0  4.38e+03  7.44e+01  0  1.56e+05  3.45e+04  5.05e+03  1.17e+03  3.09e+02   0.15
2001 08 28  1300   52149   46800  0  4.38e+03  8.17e+01  0  1.54e+05  3.40e+04  4.93e+03  1.12e+03  3.03e+02   0.11
2001 08 28  1305   52149   47100  0  4.34e+03  8.01e+01  0  1.52e+05  3.35e+04  4.90e+03  1.09e+03  2.92e+02   0.10
2001 08 28  1310   52149   47400  0  4.30e+03  8.35e+01  0  1.51e+05  3.34e+04  4.79e+03  1.06e+03  2.95e+02   0.08
2001 08 28  1315   52149   47700  0  4.51e+03  6.94e+01  0  1.48e+05  3.28e+04  4.75e+03  1.05e+03  2.93e+02   0.04
2001 08 28  1320   52149   48000  0  4.44e+03  8.06e+01  0  1.49e+05  3.28e+04  4.75e+03  1.07e+03  2.94e+02   0.06
2001 08 28  1325   52149   48300  0  4.16e+03  7.92e+01  0  1.52e+05  3.33e+04  4.81e+03  1.07e+03  2.96e+02   0.10
2001 08 28  1330   52149   48600  0  4.25e+03  8.10e+01  0  1.52e+05  3.34e+04  4.79e+03  1.06e+03  2.94e+02   0.06
2001 08 28  1335   52149   48900  0  4.39e+03  7.85e+01  0  1.49e+05  3.32e+04  4.82e+03  1.09e+03  3.00e+02   0.09
2001 08 28  1340   52149   49200  0  4.48e+03  8.70e+01  0  1.46e+05  3.25e+04  4.83e+03  1.14e+03  3.02e+02   0.14
2001 08 28  1345   52149   49500  0  4.35e+03  8.47e+01  0  1.46e+05  3.28e+04  4.90e+03  1.17e+03  3.03e+02   0.16
2001 08 28  1350   52149   49800  0  4.52e+03  8.04e+01  0  1.49e+05  3.27e+04  4.84e+03  1.11e+03  2.98e+02   0.12
2001 08 28  1355   52149   50100  0  4.07e+03  7.74e+01  0  1.52e+05  3.31e+04  4.83e+03  1.07e+03  2.90e+02   0.09
2001 08 28  1400   52149   50400  0  4.32e+03  8.33e+01  0  1.49e+05  3.25e+04  4.75e+03  1.06e+03  2.89e+02   0.10
2001 08 28  1405   52149   50700  0  4.53e+03  7.41e+01  0  1.48e+05  3.19e+04  4.72e+03  1.07e+03  2.86e+02   0.11
2001 08 28  1410   52149   51000  0  4.58e+03  7.87e+01  0  1.47e+05  3.17e+04  4.61e+03  1.07e+03  2.80e+02   0.10
2001 08 28  1415   52149   51300  0  4.47e+03  8.98e+01  0  1.46e+05  3.18e+04  4.62e+03  1.05e+03  2.84e+02   0.12
2001 08 28  1420   52149   51600  0  4.11e+03  7.80e+01  0  1.44e+05  3.18e+04  4.64e+03  1.03e+03  2.80e+02   0.09
2001 08 28  1425   52149   51900  0  4.44e+03  8.33e+01  0  1.42e+05  3.09e+04  4.54e+03  1.01e+03  2.78e+02   0.08
2001 08 28  1430   52149   52200  0  4.03e+03  7.81e+01  0  1.42e+05  3.10e+04  4.59e+03  1.03e+03  2.81e+02   0.10
2001 08 28  1435   52149   52500  0  4.20e+03  9.07e+01  0  1.41e+05  3.09e+04  4.56e+03  1.02e+03  2.77e+02   0.07
2001 08 28  1440   52149   52800  0  4.26e+03  7.72e+01  0  1.40e+05  3.05e+04  4.53e+03  1.01e+03  2.75e+02   0.07
2001 08 28  1445   52149   53100  0  4.40e+03  8.25e+01  0  1.39e+05  3.05e+04  4.44e+03  9.93e+02  2.78e+02   0.08
2001 08 28  1450   52149   53400  0  4.31e+03  8.54e+01  0  1.39e+05  3.06e+04  4.52e+03  1.00e+03  2.73e+02   0.06
2001 08 28  1455   52149   53700  0  4.00e+03  7.72e+01  0  1.40e+05  3.07e+04  4.47e+03  9.78e+02  2.72e+02   0.05
2001 08 28  1500   52149   54000  0  4.17e+03  7.13e+01  0  1.40e+05  3.04e+04  4.41e+03  9.91e+02  2.74e+02   0.07
2001 08 28  1505   52149   54300  0  4.10e+03  8.32e+01  0  1.37e+05  2.95e+04  4.23e+03  9.18e+02  2.52e+02   0.03
2001 08 28  1510   52149   54600  0  4.21e+03  7.75e+01  0  1.38e+05  3.01e+04  4.35e+03  9.22e+02  2.53e+02   0.02
2001 08 28  1515   52149   54900  0  4.13e+03  7.48e+01  0  1.38e+05  3.01e+04  4.38e+03  9.20e+02  2.63e+02   0.05
2001 08 28  1520   52149   55200  0  4.13e+03  8.31e+01  0  1.34e+05  2.91e+04  4.21e+03  8.92e+02  2.53e+02   0.02
2001 08 28  1525   52149   55500  0  4.60e+03  7.63e+01  0  1.29e+05  2.75e+04  3.98e+03  8.48e+02  2.41e+02   0.02
2001 08 28  1530   52149   55800  0  4.46e+03  7.73e+01  0  1.28e+05  2.75e+04  3.97e+03  8.38e+02  2.38e+02   0.02
2001 08 28  1535   52149   56100  0  4.90e+03  8.31e+01  0  1.23e+05  2.57e+04  3.71e+03  8.39e+02  2.36e+02   0.04
2001 08 28  1540   52149   56400  0  4.85e+03  7.96e+01  0  1.22e+05  2.55e+04  3.64e+03  8.24e+02  2.28e+02   0.03
2001 08 28  1545   52149   56700  0  4.87e+03  7.62e+01  0  1.23e+05  2.58e+04  3.65e+03  8.28e+02  2.26e+02   0.04
2001 08 28  1550   52149   57000  0  4.59e+03  7.74e+01  0  1.21e+05  2.58e+04  3.72e+03  8.13e+02  2.24e+02   0.02
2001 08 28  1555   52149   57300  0  3.94e+03  7.17e+01  0  1.24e+05  2.69e+04  3.81e+03  8.03e+02  2.25e+02   0.02
2001 08 28  1600   52149   57600  0  3.67e+03  7.36e+01  0  1.26e+05  2.68e+04  3.81e+03  8.01e+02  2.19e+02   0.03
2001 08 28  1605   52149   57900  0  3.38e+03  7.52e+01  0  1.30e+05  2.79e+04  3.93e+03  8.32e+02  2.25e+02   0.01
2001 08 28  1610   52149   58200  0  3.21e+03  7.29e+01  0  1.29e+05  2.81e+04  3.99e+03  8.43e+02  2.24e+02   0.05
2001 08 28  1615   52149   58500  0  3.48e+03  6.92e+01  0  1.28e+05  2.78e+04  3.95e+03  8.41e+02  2.26e+02   0.02
2001 08 28  1620   52149   58800  0  3.69e+03  7.63e+01  0  1.29e+05  2.76e+04  3.97e+03  8.47e+02  2.32e+02   0.03
2001 08 28  1625   52149   59100  0  3.75e+03  8.45e+01  0  1.31e+05  2.85e+04  4.15e+03  8.87e+02  2.44e+02   0.05
2001 08 28  1630   52149   59400  0  3.79e+03  7.94e+01  0  1.31e+05  2.84e+04  4.11e+03  8.98e+02  2.46e+02   0.04
2001 08 28  1635   52149   59700  0  4.02e+03  8.64e+01  0  1.24e+05  2.69e+04  3.93e+03  8.26e+02  2.36e+02   0.03
2001 08 28  1640   52149   60000  0  3.83e+03  7.71e+01  0  1.19e+05  2.52e+04  3.64e+03  7.65e+02  2.13e+02   0.05
2001 08 28  1645   52149   60300  0  4.30e+03  7.51e+01  0  1.19e+05  2.56e+04  3.66e+03  7.59e+02  2.15e+02   0.02
2001 08 28  1650   52149   60600  0  4.25e+03  6.96e+01  0  1.15e+05  2.45e+04  3.46e+03  7.24e+02  2.11e+02   0.06
2001 08 28  1655   52149   60900  0  3.91e+03  7.14e+01  0  1.14e+05  2.43e+04  3.40e+03  7.02e+02  2.08e+02   0.11
2001 08 28  1700   52149   61200  0  3.76e+03  7.37e+01  0  1.10e+05  2.36e+04  3.32e+03  6.80e+02  2.04e+02   0.10
2001 08 28  1705   52149   61500  0  3.81e+03  7.33e+01  0  1.10e+05  2.39e+04  3.30e+03  6.80e+02  2.00e+02   0.11
2001 08 28  1710   52149   61800  0  3.76e+03  7.21e+01  0  1.09e+05  2.33e+04  3.24e+03  6.69e+02  1.98e+02   0.13
2001 08 28  1715   52149   62100  0  3.77e+03  6.79e+01  0  1.06e+05  2.31e+04  3.21e+03  6.81e+02  1.97e+02   0.09
2001 08 28  1720   52149   62400  0  3.44e+03  7.31e+01  0  1.06e+05  2.31e+04  3.23e+03  6.89e+02  1.96e+02   0.08
2001 08 28  1725   52149   62700  0  3.22e+03  7.40e+01  0  1.06e+05  2.31e+04  3.22e+03  6.93e+02  1.92e+02   0.03
2001 08 28  1730   52149   63000  0  3.20e+03  7.00e+01  0  1.07e+05  2.36e+04  3.30e+03  7.12e+02  1.92e+02   0.01
2001 08 28  1735   52149   63300  0  3.37e+03  7.55e+01  0  1.09e+05  2.37e+04  3.30e+03  7.10e+02  1.94e+02   0.05
2001 08 28  1740   52149   63600  0  3.66e+03  7.35e+01  0  1.08e+05  2.37e+04  3.31e+03  7.15e+02  1.97e+02   0.03
2001 08 28  1745   52149   63900  0  3.87e+03  8.23e+01  0  1.10e+05  2.40e+04  3.37e+03  7.21e+02  2.04e+02   0.05
2001 08 28  1750   52149   64200  0  4.11e+03  7.77e+01  0  1.08e+05  2.36e+04  3.39e+03  7.28e+02  2.08e+02   0.03
2001 08 28  1755   52149   64500  0  4.18e+03  7.83e+01  0  1.06e+05  2.28e+04  3.28e+03  7.08e+02  2.02e+02   0.07
2001 08 28  1800   52149   64800  0  4.32e+03  7.78e+01  0  1.08e+05  2.37e+04  3.38e+03  7.33e+02  2.09e+02   0.06
2001 08 28  1805   52149   65100  0  4.52e+03  7.88e+01  0  1.07e+05  2.32e+04  3.37e+03  7.20e+02  2.10e+02   0.08
2001 08 28  1810   52149   65400  0  4.46e+03  7.72e+01  0  1.06e+05  2.32e+04  3.34e+03  7.04e+02  2.08e+02   0.08
2001 08 28  1815   52149   65700  0  4.33e+03  7.06e+01  0  1.04e+05  2.26e+04  3.24e+03  6.90e+02  2.06e+02   0.09
2001 08 28  1820   52149   66000  0  4.37e+03  7.21e+01  0  1.00e+05  2.18e+04  3.18e+03  6.78e+02  2.02e+02   0.06
2001 08 28  1825   52149   66300  0  4.41e+03  7.65e+01  0  9.87e+04  2.15e+04  3.12e+03  6.71e+02  2.02e+02   0.05
2001 08 28  1830   52149   66600  0  4.42e+03  7.31e+01  0  9.65e+04  2.10e+04  3.05e+03  6.67e+02  1.98e+02   0.02
2001 08 28  1835   52149   66900  0  4.36e+03  7.11e+01  0  9.59e+04  2.09e+04  3.04e+03  6.68e+02  1.91e+02   0.02
2001 08 28  1840   52149   67200  0  4.22e+03  7.39e+01  0  9.04e+04  1.90e+04  2.78e+03  6.28e+02  1.73e+02   0.10
2001 08 28  1845   52149   67500  0  4.23e+03  7.13e+01  0  8.87e+04  1.87e+04  2.75e+03  6.30e+02  1.72e+02   0.09
2001 08 28  1850   52149   67800  0  4.57e+03  7.63e+01  0  9.08e+04  1.93e+04  2.82e+03  6.34e+02  1.75e+02   0.09
2001 08 28  1855   52149   68100  0  4.28e+03  7.31e+01  0  9.08e+04  1.93e+04  2.75e+03  6.17e+02  1.69e+02   0.07
2001 08 28  1900   52149   68400  0  4.40e+03  7.73e+01  0  8.93e+04  1.87e+04  2.63e+03  5.92e+02  1.64e+02   0.07
2001 08 28  1905   52149   68700  0  4.46e+03  6.98e+01  0  8.91e+04  1.89e+04  2.68e+03  6.03e+02  1.67e+02   0.05
2001 08 28  1910   52149   69000  0  4.54e+03  7.35e+01  0  8.88e+04  1.93e+04  2.69e+03  5.83e+02  1.66e+02   0.07
2001 08 28  1915   52149   69300  0  4.56e+03  6.59e+01  0  8.74e+04  1.86e+04  2.53e+03  5.59e+02  1.60e+02   0.01
2001 08 28  1920   52149   69600  0  4.45e+03  7.69e+01  0  8.72e+04  1.86e+04  2.56e+03  5.59e+02  1.59e+02   0.03
2001 08 28  1925   52149   69900  0  4.55e+03  7.48e+01  0  8.61e+04  1.84e+04  2.60e+03  5.48e+02  1.64e+02   0.04
2001 08 28  1930   52149   70200  0  4.52e+03  7.67e+01  0  8.82e+04  1.89e+04  2.65e+03  5.63e+02  1.67e+02   0.05
2001 08 28  1935   52149   70500  0  4.50e+03  7.85e+01  0  8.65e+04  1.85e+04  2.58e+03  5.62e+02  1.62e+02   0.03
2001 08 28  1940   52149   70800  0  4.42e+03  7.02e+01  0  8.73e+04  1.89e+04  2.59e+03  5.59e+02  1.61e+02   0.04
2001 08 28  1945   52149   71100  0  4.57e+03  7.17e+01  0  8.56e+04  1.81e+04  2.50e+03  5.40e+02  1.53e+02   0.01
2001 08 28  1950   52149   71400  0  4.62e+03  7.61e+01  0  8.52e+04  1.81e+04  2.43e+03  5.48e+02  1.51e+02   0.10
2001 08 28  1955   52149   71700  0  4.28e+03  7.72e+01  0  8.24e+04  1.75e+04  2.39e+03  5.38e+02  1.47e+02   0.13
2001 08 28  2000   52149   72000  0  4.34e+03  6.89e+01  0  8.14e+04  1.68e+04  2.32e+03  5.31e+02  1.45e+02   0.09
2001 08 28  2005   52149   72300  0  4.50e+03  7.21e+01  0  7.90e+04  1.63e+04  2.15e+03  5.09e+02  1.36e+02   0.20
2001 08 28  2010   52149   72600  0  4.22e+03  8.01e+01  0  8.43e+04  1.75e+04  2.23e+03  5.29e+02  1.39e+02   0.32
2001 08 28  2015   52149   72900  0  4.35e+03  7.48e+01  0  8.20e+04  1.70e+04  2.15e+03  5.18e+02  1.33e+02   0.29
2001 08 28  2020   52149   73200  0  4.23e+03  6.80e+01  0  8.21e+04  1.71e+04  2.26e+03  5.25e+02  1.37e+02   0.20
2001 08 28  2025   52149   73500  0  4.19e+03  7.72e+01  0  7.82e+04  1.62e+04  2.20e+03  5.09e+02  1.36e+02   0.19
2001 08 28  2030   52149   73800  0  4.40e+03  8.31e+01  0  8.23e+04  1.72e+04  2.28e+03  5.36e+02  1.39e+02   0.21
2001 08 28  2035   52149   74100  0  4.31e+03  7.27e+01  0  8.19e+04  1.74e+04  2.35e+03  5.42e+02  1.48e+02   0.16
2001 08 28  2040   52149   74400  0  4.36e+03  7.73e+01  0  8.07e+04  1.71e+04  2.33e+03  5.40e+02  1.44e+02   0.15
2001 08 28  2045   52149   74700  0  4.43e+03  7.19e+01  0  8.18e+04  1.71e+04  2.32e+03  5.34e+02  1.42e+02   0.13
2001 08 28  2050   52149   75000  0  4.40e+03  7.17e+01  0  7.95e+04  1.68e+04  2.30e+03  5.15e+02  1.44e+02   0.07
2001 08 28  2055   52149   75300  0  4.38e+03  7.47e+01  0  8.05e+04  1.68e+04  2.30e+03  5.30e+02  1.42e+02   0.10
2001 08 28  2100   52149   75600  0  4.41e+03  8.00e+01  0  7.94e+04  1.69e+04  2.35e+03  5.40e+02  1.50e+02   0.09
2001 08 28  2105   52149   75900  0  4.60e+03  6.90e+01  0  8.38e+04  1.78e+04  2.49e+03  5.80e+02  1.57e+02   0.12
2001 08 28  2110   52149   76200  0  4.44e+03  7.79e+01  0  8.35e+04  1.77e+04  2.49e+03  5.88e+02  1.55e+02   0.12
2001 08 28  2115   52149   76500  0  4.55e+03  6.88e+01  0  8.18e+04  1.75e+04  2.44e+03  5.73e+02  1.56e+02   0.09
2001 08 28  2120   52149   76800  0  4.34e+03  6.64e+01  0  7.92e+04  1.68e+04  2.35e+03  5.58e+02  1.44e+02   0.20
2001 08 28  2125   52149   77100  0  4.51e+03  7.83e+01  0  8.62e+04  1.87e+04  2.67e+03  6.19e+02  1.69e+02   0.10
2001 08 28  2130   52149   77400  0  4.35e+03  7.38e+01  0  8.55e+04  1.83e+04  2.62e+03  6.11e+02  1.61e+02   0.14
2001 08 28  2135   52149   77700  0  4.33e+03  7.28e+01  0  7.98e+04  1.69e+04  2.31e+03  5.66e+02  1.43e+02   0.26
2001 08 28  2140   52149   78000  0  4.26e+03  6.96e+01  0  8.23e+04  1.78e+04  2.44e+03  5.87e+02  1.51e+02   0.23
2001 08 28  2145   52149   78300  0  4.37e+03  8.10e+01  0  8.46e+04  1.82e+04  2.56e+03  6.00e+02  1.60e+02   0.15
2001 08 28  2150   52149   78600  0  4.43e+03  7.99e+01  0  8.62e+04  1.85e+04  2.62e+03  5.97e+02  1.65e+02   0.14
2001 08 28  2155   52149   78900  0  4.44e+03  7.73e+01  0  8.61e+04  1.84e+04  2.62e+03  6.05e+02  1.64e+02   0.05
2001 08 28  2200   52149   79200  0  4.38e+03  7.09e+01  0  8.22e+04  1.79e+04  2.56e+03  6.07e+02  1.62e+02   0.16
2001 08 28  2205   52149   79500  0  4.40e+03  7.65e+01  0  8.09e+04  1.75e+04  2.50e+03  5.93e+02  1.58e+02   0.16
2001 08 28  2210   52149   79800  0  4.28e+03  6.86e+01  0  7.94e+04  1.71e+04  2.44e+03  5.98e+02  1.56e+02   0.17
2001 08 28  2215   52149   80100  0  4.48e+03  6.71e+01  0  8.07e+04  1.75e+04  2.48e+03  5.86e+02  1.55e+02   0.11
2001 08 28  2220   52149   80400  0  4.41e+03  7.25e+01  0  7.82e+04  1.70e+04  2.42e+03  5.63e+02  1.54e+02   0.08
2001 08 28  2225   52149   80700  0  4.39e+03  6.89e+01  0  7.92e+04  1.73e+04  2.47e+03  5.74e+02  1.57e+02   0.09
2001 08 28  2230   52149   81000  0  4.64e+03  7.07e+01  0  8.08e+04  1.79e+04  2.54e+03  5.95e+02  1.59e+02   0.08
2001 08 28  2235   52149   81300  0  4.38e+03  7.37e+01  0  8.39e+04  1.83e+04  2.59e+03  6.05e+02  1.66e+02   0.11
2001 08 28  2240   52149   81600  0  4.53e+03  7.21e+01  0  8.93e+04  1.94e+04  2.68e+03  6.08e+02  1.66e+02   0.16
2001 08 28  2245   52149   81900  0  4.41e+03  7.09e+01  0  8.33e+04  1.81e+04  2.62e+03  6.12e+02  1.63e+02   0.15
2001 08 28  2250   52149   82200  0  4.36e+03  7.72e+01  0  8.31e+04  1.81e+04  2.59e+03  5.97e+02  1.61e+02   0.13
2001 08 28  2255   52149   82500  0  4.28e+03  6.93e+01  0  8.20e+04  1.78e+04  2.59e+03  5.95e+02  1.66e+02   0.14
2001 08 28  2300   52149   82800  0  4.29e+03  7.58e+01  0  7.94e+04  1.73e+04  2.49e+03  5.84e+02  1.56e+02   0.10
2001 08 28  2305   52149   83100  0  4.25e+03  7.33e+01  0  7.97e+04  1.73e+04  2.48e+03  5.77e+02  1.59e+02   0.05
2001 08 28  2310   52149   83400  0  4.34e+03  7.11e+01  0  8.01e+04  1.77e+04  2.54e+03  5.82e+02  1.63e+02   0.04
2001 08 28  2315   52149   83700  0  4.42e+03  8.12e+01  0  8.17e+04  1.78e+04  2.53e+03  5.88e+02  1.64e+02   0.05
2001 08 28  2320   52149   84000  0  4.52e+03  7.24e+01  0  8.50e+04  1.86e+04  2.63e+03  6.11e+02  1.67e+02   0.08
2001 08 28  2325   52149   84300  0  4.29e+03  7.17e+01  0  7.94e+04  1.72e+04  2.45e+03  5.63e+02  1.56e+02   0.03
2001 08 28  2330   52149   84600  0  4.53e+03  7.02e+01  0  7.70e+04  1.70e+04  2.47e+03  5.72e+02  1.60e+02   0.05
2001 08 28  2335   52149   84900  0  4.56e+03  6.69e+01  0  7.67e+04  1.70e+04  2.51e+03  5.70e+02  1.61e+02   0.07
2001 08 28  2340   52149   85200  0  4.43e+03  7.71e+01  0  7.68e+04  1.70e+04  2.50e+03  5.62e+02  1.59e+02   0.03
2001 08 28  2345   52149   85500  0  4.36e+03  6.90e+01  0  7.65e+04  1.69e+04  2.46e+03  5.63e+02  1.62e+02   0.01
2001 08 28  2350   52149   85800  0  4.26e+03  7.50e+01  0  7.91e+04  1.75e+04  2.49e+03  5.63e+02  1.62e+02   0.04
2001 08 28  2355   52149   86100  0  4.31e+03  7.46e+01  0  8.03e+04  1.76e+04  2.56e+03  5.88e+02  1.64e+02   0.04
