:Data_list: 20011214_ace_epam_5m.txt
:Created: 2001 Dec 15 0012 UT
# Prepared by the U.S. Dept. of Commerce, NOAA, Space Environment Center.
# Please send comments and suggestions to sec@sec.noaa.gov 
# 
# Units: Differential Flux particles/cm2-s-ster-MeV
# Units: Anisotropy Index 0.0 - 2.0
# Status(S): 0 = nominal data, 1 to 8 = bad data record, 9 = no data
# Missing data values: -1.00e+05, index = -1.00
# Source: ACE Satellite - Electron, Proton, and Alpha Monitor
# Note: 7/26/00 Corrected Differential Flux ranges.
#
#                      5-minute averaged Real-time Differential Electron and Proton Flux 
# 
#                Modified Seconds ---------------------------- Differential Flux --------------------------- 
# UT Date   Time  Julian  of the  ----- Electron -----   ------------------- Protons keV -------------------   Anis.
# YR MO DA  HHMM    Day    Day    S    38-53   175-315   S   47-65    112-187   310-580   761-1220 060-1910   Ratio
#-------------------------------------------------------------------------------------------------------------------
2001 12 14  0000   52257       0  0  1.85e+03  2.99e+01  0  1.02e+05  5.34e+03  9.14e+02  1.44e+02  4.23e+01   0.04
2001 12 14  0005   52257     300  0  1.95e+03  2.69e+01  0  9.84e+04  5.27e+03  7.75e+02  1.45e+02  4.24e+01   0.08
2001 12 14  0010   52257     600  0  1.73e+03  3.14e+01  0  1.02e+05  4.99e+03  7.69e+02  1.47e+02  4.32e+01   0.04
2001 12 14  0015   52257     900  0  1.76e+03  2.59e+01  0  1.22e+05  4.88e+03  8.15e+02  1.46e+02  4.28e+01   0.05
2001 12 14  0020   52257    1200  0  1.71e+03  2.87e+01  0  1.51e+05  4.75e+03  8.67e+02  1.45e+02  4.12e+01   0.06
2001 12 14  0025   52257    1500  0  1.76e+03  3.00e+01  0  1.23e+05  5.05e+03  8.49e+02  1.41e+02  4.04e+01   0.02
2001 12 14  0030   52257    1800  0  1.82e+03  3.12e+01  0  1.00e+05  5.07e+03  8.14e+02  1.41e+02  4.14e+01   0.00
2001 12 14  0035   52257    2100  0  1.92e+03  3.02e+01  0  9.66e+04  4.82e+03  7.56e+02  1.43e+02  4.13e+01   0.01
2001 12 14  0040   52257    2400  0  1.77e+03  2.72e+01  0  9.13e+04  4.88e+03  8.07e+02  1.41e+02  4.06e+01   0.04
2001 12 14  0045   52257    2700  0  1.71e+03  2.93e+01  0  8.95e+04  4.98e+03  7.79e+02  1.38e+02  4.06e+01   0.01
2001 12 14  0050   52257    3000  0  1.83e+03  3.26e+01  0  9.35e+04  5.00e+03  8.64e+02  1.37e+02  4.17e+01   0.02
2001 12 14  0055   52257    3300  0  1.77e+03  2.76e+01  0  9.49e+04  4.94e+03  7.86e+02  1.37e+02  4.21e+01   0.02
2001 12 14  0100   52257    3600  0  1.72e+03  2.93e+01  0  1.03e+05  4.81e+03  8.68e+02  1.34e+02  4.00e+01   0.02
2001 12 14  0105   52257    3900  0  1.74e+03  3.00e+01  0  1.24e+05  5.11e+03  8.61e+02  1.32e+02  3.98e+01   0.02
2001 12 14  0110   52257    4200  0  1.72e+03  2.94e+01  0  9.23e+04  5.15e+03  7.56e+02  1.32e+02  3.88e+01   0.02
2001 12 14  0115   52257    4500  0  1.82e+03  3.05e+01  0  8.71e+04  5.01e+03  6.84e+02  1.31e+02  3.98e+01   0.03
2001 12 14  0120   52257    4800  0  1.72e+03  3.46e+01  0  1.08e+05  4.99e+03  7.60e+02  1.33e+02  3.96e+01   0.06
2001 12 14  0125   52257    5100  0  1.72e+03  2.88e+01  0  1.08e+05  5.14e+03  7.91e+02  1.30e+02  3.87e+01   0.04
2001 12 14  0130   52257    5400  0  1.92e+03  2.87e+01  0  1.24e+05  5.43e+03  7.58e+02  1.31e+02  4.04e+01   0.10
2001 12 14  0135   52257    5700  0  1.81e+03  2.53e+01  0  1.20e+05  5.64e+03  7.49e+02  1.34e+02  4.12e+01   0.09
2001 12 14  0140   52257    6000  0  1.82e+03  2.71e+01  0  1.21e+05  5.60e+03  7.17e+02  1.36e+02  3.99e+01   0.08
2001 12 14  0145   52257    6300  0  1.84e+03  3.09e+01  0  1.05e+05  5.48e+03  6.60e+02  1.32e+02  4.10e+01   0.09
2001 12 14  0150   52257    6600  0  1.68e+03  2.67e+01  0  1.22e+05  5.52e+03  7.86e+02  1.32e+02  4.00e+01   0.11
2001 12 14  0155   52257    6900  0  1.72e+03  3.20e+01  0  1.25e+05  5.18e+03  7.18e+02  1.31e+02  3.99e+01   0.13
2001 12 14  0200   52257    7200  0  1.72e+03  2.86e+01  0  1.34e+05  5.35e+03  7.57e+02  1.34e+02  4.06e+01   0.10
2001 12 14  0205   52257    7500  0  1.64e+03  2.67e+01  0  1.52e+05  5.53e+03  7.35e+02  1.35e+02  3.98e+01   0.10
2001 12 14  0210   52257    7800  0  1.75e+03  3.07e+01  0  1.30e+05  4.99e+03  7.81e+02  1.30e+02  4.02e+01   0.08
2001 12 14  0215   52257    8100  0  1.75e+03  2.74e+01  0  1.28e+05  5.03e+03  6.25e+02  1.30e+02  3.98e+01   0.08
2001 12 14  0220   52257    8400  0  1.81e+03  2.96e+01  0  1.26e+05  5.26e+03  7.53e+02  1.29e+02  3.81e+01   0.09
2001 12 14  0225   52257    8700  0  1.69e+03  2.42e+01  0  1.18e+05  5.28e+03  7.01e+02  1.33e+02  4.02e+01   0.16
2001 12 14  0230   52257    9000  0  1.79e+03  2.96e+01  0  1.12e+05  5.06e+03  6.69e+02  1.30e+02  3.93e+01   0.07
2001 12 14  0235   52257    9300  0  1.79e+03  2.68e+01  0  1.28e+05  4.79e+03  6.85e+02  1.26e+02  4.05e+01   0.04
2001 12 14  0240   52257    9600  0  1.75e+03  2.85e+01  0  8.92e+04  4.71e+03  6.56e+02  1.22e+02  4.00e+01   0.02
2001 12 14  0245   52257    9900  0  1.78e+03  3.03e+01  0  9.75e+04  4.59e+03  6.88e+02  1.21e+02  3.94e+01   0.05
2001 12 14  0250   52257   10200  0  1.76e+03  2.89e+01  0  8.38e+04  4.44e+03  5.85e+02  1.24e+02  4.00e+01   0.05
2001 12 14  0255   52257   10500  0  1.65e+03  3.22e+01  0  9.56e+04  4.31e+03  6.25e+02  1.20e+02  3.93e+01   0.03
2001 12 14  0300   52257   10800  0  1.77e+03  2.83e+01  0  9.86e+04  4.20e+03  6.87e+02  1.21e+02  4.01e+01   0.01
2001 12 14  0305   52257   11100  0  1.65e+03  3.44e+01  0  7.77e+04  3.87e+03  6.25e+02  1.21e+02  4.07e+01   0.03
2001 12 14  0310   52257   11400  0  1.70e+03  2.75e+01  0  8.31e+04  4.24e+03  5.73e+02  1.23e+02  4.10e+01   0.04
2001 12 14  0315   52257   11700  0  1.75e+03  2.93e+01  0  8.90e+04  4.52e+03  6.46e+02  1.22e+02  3.94e+01   0.04
2001 12 14  0320   52257   12000  0  1.68e+03  3.00e+01  0  9.31e+04  4.68e+03  6.30e+02  1.27e+02  3.87e+01   0.03
2001 12 14  0325   52257   12300  0  1.78e+03  2.87e+01  0  1.00e+05  4.61e+03  6.24e+02  1.24e+02  3.89e+01   0.06
2001 12 14  0330   52257   12600  0  1.77e+03  2.87e+01  0  8.17e+04  4.83e+03  6.23e+02  1.22e+02  3.63e+01   0.03
2001 12 14  0335   52257   12900  0  1.73e+03  2.59e+01  0  8.26e+04  4.58e+03  6.05e+02  1.21e+02  3.80e+01   0.04
2001 12 14  0340   52257   13200  0  1.79e+03  2.94e+01  0  8.29e+04  4.61e+03  5.56e+02  1.20e+02  3.64e+01   0.03
2001 12 14  0345   52257   13500  0  1.78e+03  3.09e+01  0  8.33e+04  4.59e+03  5.70e+02  1.18e+02  3.72e+01   0.06
2001 12 14  0350   52257   13800  0  1.69e+03  3.25e+01  0  7.62e+04  4.63e+03  5.54e+02  1.19e+02  3.71e+01   0.04
2001 12 14  0355   52257   14100  0  1.78e+03  3.07e+01  0  7.82e+04  4.67e+03  5.47e+02  1.19e+02  3.67e+01   0.02
2001 12 14  0400   52257   14400  0  1.76e+03  3.01e+01  0  9.49e+04  4.84e+03  5.83e+02  1.18e+02  3.70e+01   0.04
2001 12 14  0405   52257   14700  0  1.74e+03  3.27e+01  0  1.05e+05  4.44e+03  5.56e+02  1.19e+02  3.61e+01   0.03
2001 12 14  0410   52257   15000  0  1.83e+03  2.73e+01  0  1.00e+05  4.42e+03  5.41e+02  1.20e+02  3.65e+01   0.05
2001 12 14  0415   52257   15300  0  1.81e+03  2.67e+01  0  9.62e+04  4.82e+03  6.06e+02  1.20e+02  3.69e+01   0.03
2001 12 14  0420   52257   15600  0  1.82e+03  2.95e+01  0  1.09e+05  5.01e+03  6.36e+02  1.18e+02  3.65e+01   0.05
2001 12 14  0425   52257   15900  0  1.82e+03  2.83e+01  0  8.13e+04  4.73e+03  5.57e+02  1.17e+02  3.74e+01   0.04
2001 12 14  0430   52257   16200  0  1.70e+03  2.69e+01  0  7.77e+04  4.61e+03  5.42e+02  1.20e+02  3.57e+01   0.06
2001 12 14  0435   52257   16500  0  1.76e+03  3.12e+01  0  8.57e+04  4.49e+03  5.92e+02  1.15e+02  3.65e+01   0.07
2001 12 14  0440   52257   16800  0  1.76e+03  3.15e+01  0  8.80e+04  4.76e+03  5.94e+02  1.16e+02  3.60e+01   0.04
2001 12 14  0445   52257   17100  0  1.69e+03  2.34e+01  0  9.74e+04  4.27e+03  6.47e+02  1.16e+02  3.57e+01   0.08
2001 12 14  0450   52257   17400  0  1.79e+03  2.87e+01  0  9.95e+04  4.22e+03  6.29e+02  1.19e+02  3.83e+01   0.04
2001 12 14  0455   52257   17700  0  1.72e+03  2.61e+01  0  1.03e+05  4.14e+03  6.66e+02  1.18e+02  3.87e+01   0.07
2001 12 14  0500   52257   18000  0  1.73e+03  3.15e+01  0  9.45e+04  4.14e+03  5.63e+02  1.16e+02  3.78e+01   0.08
2001 12 14  0505   52257   18300  0  1.61e+03  2.83e+01  0  1.05e+05  4.20e+03  6.61e+02  1.19e+02  3.63e+01   0.03
2001 12 14  0510   52257   18600  0  1.76e+03  2.72e+01  0  8.92e+04  4.19e+03  5.83e+02  1.11e+02  3.50e+01   0.07
2001 12 14  0515   52257   18900  0  1.61e+03  2.48e+01  0  7.00e+04  4.11e+03  5.18e+02  1.12e+02  3.46e+01   0.04
2001 12 14  0520   52257   19200  0  1.71e+03  2.95e+01  0  1.02e+05  4.04e+03  5.31e+02  1.14e+02  3.39e+01   0.03
2001 12 14  0525   52257   19500  0  1.69e+03  2.82e+01  0  9.82e+04  4.22e+03  5.39e+02  1.13e+02  3.46e+01   0.05
2001 12 14  0530   52257   19800  0  1.66e+03  2.37e+01  0  9.17e+04  4.38e+03  5.53e+02  1.16e+02  3.53e+01   0.03
2001 12 14  0535   52257   20100  0  1.73e+03  3.12e+01  0  1.04e+05  4.40e+03  5.47e+02  1.12e+02  3.45e+01   0.03
2001 12 14  0540   52257   20400  0  1.80e+03  2.78e+01  0  1.19e+05  4.55e+03  6.10e+02  1.13e+02  3.51e+01   0.05
2001 12 14  0545   52257   20700  0  1.74e+03  3.18e+01  0  1.09e+05  4.60e+03  6.31e+02  1.17e+02  3.51e+01   0.06
2001 12 14  0550   52257   21000  0  1.82e+03  2.85e+01  0  1.10e+05  4.64e+03  6.49e+02  1.11e+02  3.38e+01   0.08
2001 12 14  0555   52257   21300  0  1.75e+03  2.81e+01  0  1.14e+05  4.68e+03  6.95e+02  1.13e+02  3.46e+01   0.06
2001 12 14  0600   52257   21600  0  1.77e+03  2.40e+01  0  9.32e+04  4.79e+03  6.14e+02  1.11e+02  3.30e+01   0.03
2001 12 14  0605   52257   21900  0  1.88e+03  2.77e+01  0  8.79e+04  4.75e+03  6.00e+02  1.13e+02  3.42e+01   0.05
2001 12 14  0610   52257   22200  0  1.62e+03  2.86e+01  0  1.15e+05  4.78e+03  6.30e+02  1.10e+02  3.45e+01   0.06
2001 12 14  0615   52257   22500  0  1.88e+03  2.50e+01  0  9.76e+04  4.66e+03  5.92e+02  1.12e+02  3.34e+01   0.07
2001 12 14  0620   52257   22800  0  1.68e+03  2.96e+01  0  1.12e+05  4.56e+03  6.00e+02  1.12e+02  3.32e+01   0.06
2001 12 14  0625   52257   23100  0  1.88e+03  2.86e+01  0  1.21e+05  4.53e+03  5.91e+02  1.11e+02  3.48e+01   0.05
2001 12 14  0630   52257   23400  0  1.76e+03  2.94e+01  0  1.12e+05  4.34e+03  6.17e+02  1.09e+02  3.43e+01   0.09
2001 12 14  0635   52257   23700  0  1.74e+03  2.42e+01  0  1.19e+05  4.52e+03  5.79e+02  1.11e+02  3.35e+01   0.01
2001 12 14  0640   52257   24000  0  1.77e+03  2.88e+01  0  9.72e+04  4.47e+03  5.46e+02  1.13e+02  3.43e+01   0.07
2001 12 14  0645   52257   24300  0  1.76e+03  3.05e+01  0  1.25e+05  4.58e+03  5.70e+02  1.12e+02  3.29e+01   0.02
2001 12 14  0650   52257   24600  0  1.77e+03  2.76e+01  0  1.30e+05  4.38e+03  5.81e+02  1.10e+02  3.35e+01   0.04
2001 12 14  0655   52257   24900  0  1.68e+03  2.47e+01  0  1.23e+05  4.45e+03  5.94e+02  1.08e+02  3.33e+01   0.07
2001 12 14  0700   52257   25200  0  1.72e+03  3.11e+01  0  1.17e+05  4.38e+03  6.22e+02  1.08e+02  3.24e+01   0.03
2001 12 14  0705   52257   25500  0  1.75e+03  3.26e+01  0  1.19e+05  4.55e+03  5.98e+02  1.10e+02  3.26e+01   0.05
2001 12 14  0710   52257   25800  0  1.77e+03  2.80e+01  0  1.25e+05  4.30e+03  6.25e+02  1.07e+02  3.31e+01   0.08
2001 12 14  0715   52257   26100  0  1.76e+03  2.82e+01  0  1.16e+05  4.30e+03  5.99e+02  1.11e+02  3.35e+01   0.04
2001 12 14  0720   52257   26400  0  1.71e+03  2.65e+01  0  1.11e+05  4.17e+03  5.98e+02  1.09e+02  3.28e+01   0.04
2001 12 14  0725   52257   26700  0  1.85e+03  2.53e+01  0  1.29e+05  4.30e+03  5.76e+02  1.06e+02  3.25e+01   0.05
2001 12 14  0730   52257   27000  0  1.67e+03  3.00e+01  0  8.57e+04  3.86e+03  5.26e+02  1.09e+02  3.25e+01   0.02
2001 12 14  0735   52257   27300  0  1.72e+03  2.63e+01  0  1.13e+05  3.95e+03  5.86e+02  1.10e+02  3.24e+01   0.03
2001 12 14  0740   52257   27600  0  1.66e+03  3.01e+01  0  1.04e+05  3.71e+03  5.14e+02  1.10e+02  3.22e+01   0.02
2001 12 14  0745   52257   27900  0  1.75e+03  2.68e+01  0  1.04e+05  3.80e+03  5.67e+02  1.10e+02  3.33e+01   0.08
2001 12 14  0750   52257   28200  0  1.75e+03  3.25e+01  0  1.31e+05  3.55e+03  6.44e+02  1.06e+02  3.28e+01   0.07
2001 12 14  0755   52257   28500  0  1.72e+03  2.76e+01  0  1.18e+05  3.69e+03  6.21e+02  1.06e+02  3.38e+01   0.07
2001 12 14  0800   52257   28800  0  1.67e+03  2.85e+01  0  1.14e+05  3.69e+03  5.90e+02  1.06e+02  3.35e+01   0.08
2001 12 14  0805   52257   29100  0  1.68e+03  2.76e+01  0  1.11e+05  3.71e+03  5.61e+02  1.10e+02  3.35e+01   0.06
2001 12 14  0810   52257   29400  0  1.63e+03  3.54e+01  0  1.23e+05  3.78e+03  5.65e+02  1.07e+02  3.35e+01   0.04
2001 12 14  0815   52257   29700  0  1.77e+03  2.71e+01  0  1.41e+05  3.84e+03  5.01e+02  1.06e+02  3.12e+01   0.03
2001 12 14  0820   52257   30000  0  1.67e+03  2.58e+01  0  1.22e+05  3.84e+03  5.21e+02  1.07e+02  3.20e+01   0.04
2001 12 14  0825   52257   30300  0  1.71e+03  2.98e+01  0  1.22e+05  3.81e+03  5.06e+02  1.07e+02  3.17e+01   0.07
2001 12 14  0830   52257   30600  0  1.68e+03  2.76e+01  0  1.15e+05  3.72e+03  5.51e+02  1.06e+02  3.25e+01   0.05
2001 12 14  0835   52257   30900  0  1.88e+03  2.74e+01  0  1.36e+05  3.76e+03  6.44e+02  1.04e+02  3.20e+01   0.10
2001 12 14  0840   52257   31200  0  1.78e+03  2.82e+01  0  1.08e+05  3.79e+03  5.23e+02  1.06e+02  3.03e+01   0.04
2001 12 14  0845   52257   31500  0  1.73e+03  2.73e+01  0  1.10e+05  3.94e+03  5.36e+02  1.04e+02  3.17e+01   0.03
2001 12 14  0850   52257   31800  0  1.68e+03  2.76e+01  0  9.40e+04  4.05e+03  5.51e+02  1.05e+02  3.22e+01   0.05
2001 12 14  0855   52257   32100  0  1.72e+03  3.05e+01  0  7.86e+04  4.07e+03  5.62e+02  1.05e+02  3.18e+01   0.04
2001 12 14  0900   52257   32400  0  1.76e+03  2.88e+01  0  8.05e+04  3.97e+03  5.21e+02  1.05e+02  3.18e+01   0.03
2001 12 14  0905   52257   32700  0  1.74e+03  2.57e+01  0  8.38e+04  3.87e+03  5.01e+02  1.04e+02  3.13e+01   0.03
2001 12 14  0910   52257   33000  0  1.74e+03  3.08e+01  0  9.50e+04  3.82e+03  5.59e+02  1.01e+02  3.30e+01   0.07
2001 12 14  0915   52257   33300  0  1.75e+03  3.25e+01  0  1.23e+05  3.87e+03  5.62e+02  1.06e+02  3.22e+01   0.05
2001 12 14  0920   52257   33600  0  1.68e+03  2.47e+01  0  1.13e+05  3.86e+03  5.71e+02  1.05e+02  3.10e+01   0.07
2001 12 14  0925   52257   33900  0  1.81e+03  2.41e+01  0  1.19e+05  3.82e+03  6.91e+02  1.05e+02  3.08e+01   0.05
2001 12 14  0930   52257   34200  0  1.67e+03  2.50e+01  0  9.88e+04  3.90e+03  5.21e+02  1.03e+02  3.01e+01   0.03
2001 12 14  0935   52257   34500  0  1.72e+03  2.89e+01  0  1.07e+05  3.76e+03  5.38e+02  1.05e+02  3.05e+01   0.02
2001 12 14  0940   52257   34800  0  1.75e+03  2.49e+01  0  1.11e+05  4.02e+03  5.44e+02  1.04e+02  3.20e+01   0.05
2001 12 14  0945   52257   35100  0  1.68e+03  2.57e+01  0  1.17e+05  3.86e+03  5.39e+02  1.04e+02  3.12e+01   0.04
2001 12 14  0950   52257   35400  0  1.70e+03  3.11e+01  0  9.73e+04  3.94e+03  4.89e+02  1.05e+02  3.10e+01   0.02
2001 12 14  0955   52257   35700  0  1.67e+03  2.44e+01  0  9.71e+04  4.00e+03  5.86e+02  1.02e+02  2.97e+01   0.07
2001 12 14  1000   52257   36000  0  1.69e+03  2.61e+01  0  1.18e+05  3.90e+03  6.88e+02  9.80e+01  3.10e+01   0.12
2001 12 14  1005   52257   36300  0  1.67e+03  2.57e+01  0  8.76e+04  3.82e+03  6.30e+02  1.01e+02  3.07e+01   0.06
2001 12 14  1010   52257   36600  0  1.69e+03  2.83e+01  0  8.20e+04  3.95e+03  5.92e+02  9.81e+01  3.08e+01   0.10
2001 12 14  1015   52257   36900  0  1.74e+03  2.51e+01  0  7.14e+04  3.96e+03  6.86e+02  9.69e+01  3.13e+01   0.10
2001 12 14  1020   52257   37200  0  1.66e+03  2.82e+01  0  8.78e+04  4.15e+03  9.41e+02  9.68e+01  3.15e+01   0.10
2001 12 14  1025   52257   37500  0  1.74e+03  2.17e+01  0  8.76e+04  4.10e+03  7.72e+02  9.83e+01  3.04e+01   0.09
2001 12 14  1030   52257   37800  0  1.66e+03  2.33e+01  0  9.57e+04  4.26e+03  6.01e+02  9.76e+01  3.06e+01   0.08
2001 12 14  1035   52257   38100  0  1.78e+03  2.70e+01  0  9.97e+04  4.05e+03  6.33e+02  9.58e+01  3.04e+01   0.11
2001 12 14  1040   52257   38400  0  1.63e+03  2.51e+01  0  9.12e+04  4.24e+03  5.80e+02  9.91e+01  3.04e+01   0.06
2001 12 14  1045   52257   38700  0  1.62e+03  2.73e+01  0  9.46e+04  4.07e+03  5.43e+02  9.62e+01  2.98e+01   0.06
2001 12 14  1050   52257   39000  0  1.63e+03  2.71e+01  0  8.38e+04  3.96e+03  4.91e+02  9.49e+01  3.01e+01   0.09
2001 12 14  1055   52257   39300  0  1.65e+03  2.97e+01  0  8.83e+04  3.94e+03  4.93e+02  9.61e+01  3.01e+01   0.12
2001 12 14  1100   52257   39600  0  1.64e+03  2.37e+01  0  9.35e+04  3.83e+03  4.93e+02  1.02e+02  3.17e+01   0.01
2001 12 14  1105   52257   39900  0  1.75e+03  2.30e+01  0  8.63e+04  3.39e+03  4.76e+02  9.86e+01  3.08e+01   0.06
2001 12 14  1110   52257   40200  0  1.78e+03  2.69e+01  0  8.84e+04  3.77e+03  4.88e+02  9.30e+01  2.89e+01   0.05
2001 12 14  1115   52257   40500  0  1.67e+03  2.57e+01  0  9.44e+04  4.45e+03  5.57e+02  9.48e+01  2.93e+01   0.09
2001 12 14  1120   52257   40800  0  1.63e+03  2.42e+01  0  8.84e+04  4.38e+03  5.54e+02  9.25e+01  2.87e+01   0.11
2001 12 14  1125   52257   41100  0  1.67e+03  3.03e+01  0  1.00e+05  4.11e+03  4.78e+02  9.23e+01  2.94e+01   0.09
2001 12 14  1130   52257   41400  0  1.59e+03  2.46e+01  0  8.95e+04  4.07e+03  4.92e+02  9.31e+01  2.85e+01   0.10
2001 12 14  1135   52257   41700  0  1.61e+03  3.07e+01  0  9.17e+04  4.16e+03  4.81e+02  9.47e+01  2.72e+01   0.02
2001 12 14  1140   52257   42000  0  1.66e+03  2.13e+01  0  9.12e+04  3.94e+03  4.89e+02  9.27e+01  2.85e+01   0.06
2001 12 14  1145   52257   42300  0  1.57e+03  2.47e+01  0  1.03e+05  3.99e+03  4.86e+02  8.77e+01  2.70e+01   0.09
2001 12 14  1150   52257   42600  0  1.62e+03  2.74e+01  0  9.18e+04  4.08e+03  4.60e+02  8.55e+01  2.84e+01   0.07
2001 12 14  1155   52257   42900  0  1.60e+03  2.57e+01  0  7.84e+04  3.83e+03  4.41e+02  8.98e+01  2.78e+01   0.11
2001 12 14  1200   52257   43200  0  1.58e+03  2.72e+01  0  8.67e+04  4.13e+03  4.59e+02  8.56e+01  2.77e+01   0.08
2001 12 14  1205   52257   43500  0  1.62e+03  2.80e+01  0  8.99e+04  4.06e+03  4.28e+02  8.64e+01  2.61e+01   0.10
2001 12 14  1210   52257   43800  0  1.58e+03  2.22e+01  0  9.75e+04  3.89e+03  4.73e+02  8.95e+01  2.83e+01   0.04
2001 12 14  1215   52257   44100  0  1.75e+03  2.53e+01  0  9.01e+04  3.71e+03  4.57e+02  9.07e+01  3.01e+01   0.12
2001 12 14  1220   52257   44400  0  1.56e+03  1.96e+01  0  8.57e+04  3.74e+03  4.40e+02  9.04e+01  2.92e+01   0.11
2001 12 14  1225   52257   44700  0  1.63e+03  2.16e+01  0  9.20e+04  3.69e+03  4.22e+02  9.08e+01  3.03e+01   0.09
2001 12 14  1230   52257   45000  0  1.57e+03  2.76e+01  0  9.05e+04  3.44e+03  4.33e+02  9.35e+01  3.01e+01   0.04
2001 12 14  1235   52257   45300  0  1.65e+03  2.68e+01  0  9.19e+04  3.36e+03  4.21e+02  9.46e+01  3.16e+01   0.07
2001 12 14  1240   52257   45600  9 -1.00e+05 -1.00e+05  9 -1.00e+05 -1.00e+05 -1.00e+05 -1.00e+05 -1.00e+05  -1.00
2001 12 14  1245   52257   45900  0  1.50e+03  2.98e+01  0  1.07e+05  3.22e+03  4.38e+02  1.01e+02  2.86e+01   0.15
2001 12 14  1250   52257   46200  0  1.62e+03  2.70e+01  0  9.09e+04  3.18e+03  4.04e+02  1.06e+02  3.17e+01   0.17
2001 12 14  1255   52257   46500  0  1.69e+03  2.62e+01  0  6.82e+04  2.90e+03  4.10e+02  1.10e+02  3.18e+01   0.11
2001 12 14  1300   52257   46800  0  1.51e+03  2.73e+01  0  8.73e+04  2.93e+03  4.32e+02  9.91e+01  3.20e+01   0.03
2001 12 14  1305   52257   47100  0  1.67e+03  2.52e+01  0  7.74e+04  2.70e+03  4.11e+02  1.01e+02  3.20e+01   0.04
2001 12 14  1310   52257   47400  0  1.55e+03  2.94e+01  0  7.81e+04  2.99e+03  4.04e+02  9.46e+01  3.02e+01   0.05
2001 12 14  1315   52257   47700  0  1.53e+03  2.96e+01  0  7.96e+04  2.85e+03  3.95e+02  9.33e+01  3.22e+01   0.05
2001 12 14  1320   52257   48000  0  1.50e+03  2.48e+01  0  6.80e+04  2.82e+03  3.86e+02  9.24e+01  3.11e+01   0.06
2001 12 14  1325   52257   48300  0  1.62e+03  2.47e+01  0  7.41e+04  2.86e+03  3.86e+02  8.92e+01  2.98e+01   0.15
2001 12 14  1330   52257   48600  0  1.41e+03  2.87e+01  0  7.74e+04  2.85e+03  4.10e+02  8.62e+01  3.03e+01   0.12
2001 12 14  1335   52257   48900  0  1.52e+03  2.80e+01  0  6.48e+04  2.76e+03  4.02e+02  8.59e+01  3.03e+01   0.16
2001 12 14  1340   52257   49200  0  1.69e+03  2.87e+01  0  7.37e+04  2.76e+03  4.18e+02  8.87e+01  3.08e+01   0.13
2001 12 14  1345   52257   49500  0  1.55e+03  2.57e+01  0  8.01e+04  2.77e+03  4.29e+02  9.29e+01  3.05e+01   0.06
2001 12 14  1350   52257   49800  0  1.61e+03  2.64e+01  0  7.44e+04  2.65e+03  5.17e+02  9.58e+01  3.11e+01   0.06
2001 12 14  1355   52257   50100  0  1.58e+03  2.75e+01  0  8.58e+04  2.68e+03  4.36e+02  9.25e+01  3.20e+01   0.09
2001 12 14  1400   52257   50400  0  1.63e+03  2.41e+01  0  7.48e+04  2.71e+03  4.21e+02  9.52e+01  3.27e+01   0.03
2001 12 14  1405   52257   50700  0  1.57e+03  2.33e+01  0  6.85e+04  2.56e+03  4.01e+02  1.02e+02  3.20e+01   0.07
2001 12 14  1410   52257   51000  0  1.55e+03  2.84e+01  0  7.96e+04  2.57e+03  4.17e+02  1.07e+02  3.23e+01   0.06
2001 12 14  1415   52257   51300  0  1.61e+03  2.80e+01  0  8.08e+04  2.74e+03  3.99e+02  1.07e+02  3.20e+01   0.12
2001 12 14  1420   52257   51600  0  1.62e+03  2.85e+01  0  7.19e+04  2.63e+03  4.08e+02  1.07e+02  3.22e+01   0.09
2001 12 14  1425   52257   51900  0  1.64e+03  2.73e+01  0  7.11e+04  2.75e+03  4.08e+02  1.00e+02  3.06e+01   0.12
2001 12 14  1430   52257   52200  0  1.62e+03  2.18e+01  0  8.06e+04  2.65e+03  5.28e+02  1.02e+02  3.14e+01   0.16
2001 12 14  1435   52257   52500  0  1.57e+03  2.41e+01  0  7.93e+04  2.87e+03  4.33e+02  1.04e+02  3.06e+01   0.17
2001 12 14  1440   52257   52800  0  1.63e+03  2.45e+01  0  9.46e+04  2.94e+03  4.92e+02  1.03e+02  2.89e+01   0.18
2001 12 14  1445   52257   53100  0  1.63e+03  2.82e+01  0  9.23e+04  2.92e+03  4.54e+02  1.03e+02  2.87e+01   0.17
2001 12 14  1450   52257   53400  0  1.51e+03  2.53e+01  0  9.02e+04  2.79e+03  4.32e+02  9.53e+01  2.92e+01   0.02
2001 12 14  1455   52257   53700  0  1.53e+03  2.74e+01  0  7.71e+04  2.75e+03  3.93e+02  9.46e+01  2.74e+01   0.02
2001 12 14  1500   52257   54000  0  1.55e+03  2.49e+01  0  7.06e+04  2.81e+03  4.78e+02  8.86e+01  2.75e+01   0.04
2001 12 14  1505   52257   54300  0  1.59e+03  2.57e+01  0  7.04e+04  2.87e+03  5.11e+02  8.92e+01  2.64e+01   0.07
2001 12 14  1510   52257   54600  0  1.61e+03  2.34e+01  0  7.98e+04  2.74e+03  4.12e+02  9.44e+01  2.68e+01   0.02
2001 12 14  1515   52257   54900  0  1.45e+03  2.50e+01  0  8.29e+04  2.73e+03  3.85e+02  9.47e+01  2.86e+01   0.06
2001 12 14  1520   52257   55200  0  1.39e+03  3.09e+01  0  1.09e+05  2.65e+03  4.05e+02  9.71e+01  2.82e+01   0.05
2001 12 14  1525   52257   55500  0  1.51e+03  2.56e+01  0  1.09e+05  2.61e+03  4.19e+02  1.05e+02  2.85e+01   0.08
2001 12 14  1530   52257   55800  0  1.54e+03  2.06e+01  0  9.07e+04  2.61e+03  3.78e+02  9.98e+01  2.71e+01   0.03
2001 12 14  1535   52257   56100  0  1.52e+03  2.64e+01  0  8.87e+04  2.81e+03  3.97e+02  9.75e+01  2.62e+01   0.07
2001 12 14  1540   52257   56400  0  1.56e+03  2.88e+01  0  9.30e+04  2.87e+03  4.04e+02  9.38e+01  2.68e+01   0.09
2001 12 14  1545   52257   56700  0  1.59e+03  2.20e+01  0  8.93e+04  2.89e+03  3.92e+02  9.15e+01  2.52e+01   0.07
2001 12 14  1550   52257   57000  0  1.52e+03  2.55e+01  0  9.86e+04  2.79e+03  4.21e+02  9.30e+01  2.69e+01   0.07
2001 12 14  1555   52257   57300  0  1.53e+03  2.44e+01  0  1.06e+05  2.72e+03  4.04e+02  9.52e+01  2.73e+01   0.09
2001 12 14  1600   52257   57600  0  1.60e+03  2.96e+01  0  9.49e+04  2.64e+03  3.73e+02  9.62e+01  2.87e+01   0.11
2001 12 14  1605   52257   57900  0  1.46e+03  2.76e+01  0  1.01e+05  2.66e+03  3.76e+02  9.28e+01  2.82e+01   0.12
2001 12 14  1610   52257   58200  0  1.44e+03  2.74e+01  0  9.24e+04  2.75e+03  3.74e+02  9.10e+01  2.71e+01   0.09
2001 12 14  1615   52257   58500  9 -1.00e+05 -1.00e+05  9 -1.00e+05 -1.00e+05 -1.00e+05 -1.00e+05 -1.00e+05  -1.00
2001 12 14  1620   52257   58800  0  1.49e+03  2.57e+01  0  7.81e+04  2.63e+03  3.77e+02  9.49e+01  2.85e+01   0.04
2001 12 14  1625   52257   59100  0  1.46e+03  2.07e+01  0  8.36e+04  2.60e+03  3.91e+02  9.17e+01  2.93e+01   0.05
2001 12 14  1630   52257   59400  0  1.59e+03  2.37e+01  0  9.01e+04  2.63e+03  3.82e+02  9.27e+01  2.83e+01   0.03
2001 12 14  1635   52257   59700  0  1.50e+03  2.50e+01  0  7.89e+04  2.61e+03  4.06e+02  9.16e+01  2.91e+01   0.06
2001 12 14  1640   52257   60000  0  1.49e+03  3.07e+01  0  7.97e+04  2.67e+03  3.71e+02  8.88e+01  2.71e+01   0.06
2001 12 14  1645   52257   60300  0  1.48e+03  3.03e+01  0  9.69e+04  2.61e+03  4.00e+02  9.10e+01  2.76e+01   0.10
2001 12 14  1650   52257   60600  0  1.59e+03  2.62e+01  0  8.16e+04  2.54e+03  3.56e+02  9.07e+01  2.90e+01   0.07
2001 12 14  1655   52257   60900  0  1.45e+03  2.40e+01  0  7.82e+04  2.57e+03  3.88e+02  8.92e+01  2.76e+01   0.08
2001 12 14  1700   52257   61200  0  1.42e+03  2.45e+01  0  9.32e+04  2.71e+03  4.11e+02  9.08e+01  2.70e+01   0.06
2001 12 14  1705   52257   61500  0  1.51e+03  2.30e+01  0  7.80e+04  2.56e+03  4.12e+02  9.29e+01  2.70e+01   0.02
2001 12 14  1710   52257   61800  0  1.50e+03  2.40e+01  0  9.53e+04  2.47e+03  3.90e+02  9.75e+01  2.69e+01   0.02
2001 12 14  1715   52257   62100  0  1.47e+03  2.41e+01  0  9.81e+04  2.71e+03  3.92e+02  9.58e+01  2.76e+01   0.09
2001 12 14  1720   52257   62400  0  1.42e+03  2.77e+01  0  1.23e+05  2.58e+03  4.52e+02  9.47e+01  2.75e+01   0.07
2001 12 14  1725   52257   62700  0  1.43e+03  2.55e+01  0  8.72e+04  2.64e+03  4.61e+02  9.07e+01  2.55e+01   0.05
2001 12 14  1730   52257   63000  0  1.39e+03  2.78e+01  0  9.28e+04  2.73e+03  6.07e+02  8.37e+01  2.38e+01   0.07
2001 12 14  1735   52257   63300  0  1.53e+03  2.51e+01  0  9.50e+04  2.50e+03  4.77e+02  9.13e+01  2.67e+01   0.13
2001 12 14  1740   52257   63600  0  1.52e+03  2.31e+01  0  8.93e+04  2.67e+03  6.18e+02  8.53e+01  2.46e+01   0.09
2001 12 14  1745   52257   63900  0  1.42e+03  2.40e+01  0  9.38e+04  2.60e+03  4.67e+02  8.53e+01  2.51e+01   0.04
2001 12 14  1750   52257   64200  0  1.48e+03  2.67e+01  0  1.18e+05  2.59e+03  4.34e+02  8.85e+01  2.51e+01   0.04
2001 12 14  1755   52257   64500  0  1.57e+03  2.55e+01  0  1.33e+05  2.64e+03  5.68e+02  8.52e+01  2.48e+01   0.16
2001 12 14  1800   52257   64800  0  1.48e+03  2.55e+01  0  1.17e+05  2.53e+03  5.26e+02  9.00e+01  2.63e+01   0.16
2001 12 14  1805   52257   65100  0  1.41e+03  2.22e+01  0  8.92e+04  2.63e+03  4.45e+02  9.00e+01  2.55e+01   0.18
2001 12 14  1810   52257   65400  0  1.42e+03  2.70e+01  0  9.16e+04  2.52e+03  3.89e+02  8.33e+01  2.45e+01   0.08
2001 12 14  1815   52257   65700  0  1.46e+03  2.29e+01  0  1.05e+05  2.56e+03  4.03e+02  8.65e+01  2.49e+01   0.05
2001 12 14  1820   52257   66000  0  1.47e+03  2.52e+01  0  7.94e+04  2.56e+03  3.74e+02  8.89e+01  2.56e+01   0.05
2001 12 14  1825   52257   66300  0  1.44e+03  2.41e+01  0  8.13e+04  2.46e+03  4.14e+02  8.54e+01  2.55e+01   0.10
2001 12 14  1830   52257   66600  0  1.45e+03  2.67e+01  0  9.63e+04  2.53e+03  4.38e+02  8.64e+01  2.57e+01   0.12
2001 12 14  1835   52257   66900  0  1.43e+03  2.38e+01  0  9.45e+04  2.37e+03  4.88e+02  8.73e+01  2.51e+01   0.07
2001 12 14  1840   52257   67200  0  1.38e+03  2.73e+01  0  9.30e+04  2.44e+03  3.22e+02  8.48e+01  2.60e+01   0.12
2001 12 14  1845   52257   67500  0  1.46e+03  2.59e+01  0  1.10e+05  2.41e+03  3.16e+02  8.38e+01  2.64e+01   0.09
2001 12 14  1850   52257   67800  0  1.39e+03  2.76e+01  0  9.36e+04  2.46e+03  3.20e+02  8.58e+01  2.50e+01   0.07
2001 12 14  1855   52257   68100  0  1.46e+03  2.71e+01  0  8.56e+04  2.47e+03  3.25e+02  8.66e+01  2.61e+01   0.13
2001 12 14  1900   52257   68400  0  1.52e+03  2.88e+01  0  8.83e+04  2.36e+03  3.36e+02  8.67e+01  2.54e+01   0.06
2001 12 14  1905   52257   68700  0  1.33e+03  2.49e+01  0  1.06e+05  2.35e+03  3.43e+02  8.86e+01  2.44e+01   0.09
2001 12 14  1910   52257   69000  0  1.38e+03  3.03e+01  0  1.27e+05  2.33e+03  3.33e+02  8.06e+01  2.38e+01   0.04
2001 12 14  1915   52257   69300  0  1.37e+03  2.80e+01  0  1.19e+05  2.33e+03  3.08e+02  8.34e+01  2.31e+01   0.05
2001 12 14  1920   52257   69600  0  1.43e+03  2.22e+01  0  1.06e+05  2.28e+03  2.90e+02  8.02e+01  2.27e+01   0.05
2001 12 14  1925   52257   69900  0  1.48e+03  2.69e+01  0  9.51e+04  2.29e+03  3.00e+02  7.93e+01  2.22e+01   0.06
2001 12 14  1930   52257   70200  0  1.38e+03  2.48e+01  0  8.41e+04  2.30e+03  2.91e+02  8.08e+01  2.25e+01   0.05
2001 12 14  1935   52257   70500  0  1.45e+03  3.18e+01  0  8.80e+04  2.27e+03  3.34e+02  8.32e+01  2.40e+01   0.06
2001 12 14  1940   52257   70800  0  1.35e+03  2.52e+01  0  1.12e+05  2.32e+03  3.14e+02  8.01e+01  2.17e+01   0.07
2001 12 14  1945   52257   71100  0  1.34e+03  2.63e+01  0  1.08e+05  2.34e+03  3.02e+02  7.90e+01  2.11e+01   0.12
2001 12 14  1950   52257   71400  0  1.35e+03  2.93e+01  0  9.64e+04  2.32e+03  3.51e+02  7.72e+01  2.24e+01   0.05
2001 12 14  1955   52257   71700  0  1.41e+03  2.70e+01  0  9.47e+04  2.30e+03  3.35e+02  8.03e+01  2.33e+01   0.02
2001 12 14  2000   52257   72000  0  1.32e+03  2.51e+01  0  1.09e+05  2.35e+03  3.25e+02  9.23e+01  2.62e+01   0.06
2001 12 14  2005   52257   72300  0  1.39e+03  2.32e+01  0  1.03e+05  2.37e+03  3.34e+02  9.59e+01  2.67e+01   0.10
2001 12 14  2010   52257   72600  0  1.40e+03  2.78e+01  0  9.64e+04  2.32e+03  3.29e+02  9.40e+01  2.82e+01   0.08
2001 12 14  2015   52257   72900  0  1.51e+03  2.78e+01  0  1.05e+05  2.26e+03  3.62e+02  9.47e+01  2.81e+01   0.12
2001 12 14  2020   52257   73200  0  1.41e+03  3.07e+01  0  1.05e+05  2.40e+03  4.17e+02  9.28e+01  2.94e+01   0.09
2001 12 14  2025   52257   73500  0  1.41e+03  2.75e+01  0  1.19e+05  2.36e+03  3.79e+02  9.15e+01  2.75e+01   0.08
2001 12 14  2030   52257   73800  0  1.52e+03  2.65e+01  0  1.51e+05  2.40e+03  3.68e+02  9.14e+01  2.83e+01   0.11
2001 12 14  2035   52257   74100  0  1.40e+03  2.57e+01  0  1.21e+05  2.37e+03  4.42e+02  9.17e+01  2.51e+01   0.06
2001 12 14  2040   52257   74400  0  1.50e+03  2.69e+01  0  1.16e+05  2.38e+03  4.15e+02  9.52e+01  2.48e+01   0.05
2001 12 14  2045   52257   74700  0  1.56e+03  2.65e+01  0  1.02e+05  2.41e+03  4.27e+02  8.54e+01  2.58e+01   0.10
2001 12 14  2050   52257   75000  0  1.42e+03  3.08e+01  0  9.74e+04  2.42e+03  4.20e+02  8.20e+01  2.51e+01   0.02
2001 12 14  2055   52257   75300  0  1.36e+03  2.70e+01  0  1.05e+05  2.45e+03  3.72e+02  7.89e+01  2.37e+01   0.07
2001 12 14  2100   52257   75600  0  1.37e+03  2.70e+01  0  9.12e+04  2.33e+03  3.81e+02  8.51e+01  2.66e+01   0.07
2001 12 14  2105   52257   75900  0  1.50e+03  2.46e+01  0  9.62e+04  2.24e+03  3.70e+02  8.16e+01  2.55e+01   0.05
2001 12 14  2110   52257   76200  0  1.53e+03  2.88e+01  0  1.10e+05  2.18e+03  3.77e+02  8.86e+01  2.60e+01   0.09
2001 12 14  2115   52257   76500  0  1.58e+03  2.54e+01  0  1.09e+05  2.13e+03  4.08e+02  9.19e+01  3.07e+01   0.10
2001 12 14  2120   52257   76800  0  1.47e+03  3.21e+01  0  1.05e+05  2.06e+03  4.19e+02  9.69e+01  3.25e+01   0.10
2001 12 14  2125   52257   77100  0  1.42e+03  2.34e+01  0  1.11e+05  2.07e+03  4.79e+02  9.25e+01  2.86e+01   0.11
2001 12 14  2130   52257   77400  0  1.41e+03  2.78e+01  0  1.28e+05  2.03e+03  4.53e+02  9.27e+01  3.11e+01   0.15
2001 12 14  2135   52257   77700  0  1.44e+03  2.83e+01  0  1.35e+05  1.91e+03  6.40e+02  1.03e+02  3.27e+01   0.11
2001 12 14  2140   52257   78000  0  1.59e+03  2.53e+01  0  1.16e+05  1.94e+03  5.08e+02  9.56e+01  3.12e+01   0.19
2001 12 14  2145   52257   78300  0  1.40e+03  2.76e+01  0  1.23e+05  2.40e+03  5.05e+02  8.88e+01  3.03e+01   0.11
2001 12 14  2150   52257   78600  0  1.45e+03  2.38e+01  0  1.22e+05  1.99e+03  5.09e+02  9.31e+01  3.11e+01   0.11
2001 12 14  2155   52257   78900  0  1.39e+03  2.53e+01  0  1.39e+05  1.89e+03  5.01e+02  9.53e+01  3.37e+01   0.16
2001 12 14  2200   52257   79200  0  1.51e+03  2.61e+01  0  1.20e+05  1.85e+03  4.54e+02  9.56e+01  3.25e+01   0.20
2001 12 14  2205   52257   79500  0  1.40e+03  3.03e+01  0  1.25e+05  1.87e+03  4.84e+02  9.38e+01  3.04e+01   0.17
2001 12 14  2210   52257   79800  0  1.47e+03  2.91e+01  0  1.05e+05  1.86e+03  4.31e+02  9.47e+01  3.24e+01   0.21
2001 12 14  2215   52257   80100  0  1.40e+03  2.36e+01  0  8.75e+04  1.89e+03  4.69e+02  9.25e+01  3.16e+01   0.18
2001 12 14  2220   52257   80400  0  1.40e+03  2.85e+01  0  7.55e+04  1.88e+03  4.79e+02  9.45e+01  3.23e+01   0.17
2001 12 14  2225   52257   80700  0  1.38e+03  3.03e+01  0  7.60e+04  1.90e+03  3.97e+02  9.57e+01  3.24e+01   0.18
2001 12 14  2230   52257   81000  0  1.46e+03  2.55e+01  0  8.50e+04  1.94e+03  4.11e+02  9.37e+01  3.15e+01   0.10
2001 12 14  2235   52257   81300  0  1.41e+03  2.96e+01  0  9.98e+04  1.93e+03  4.35e+02  9.50e+01  3.22e+01   0.15
2001 12 14  2240   52257   81600  0  1.41e+03  2.72e+01  0  8.33e+04  2.11e+03  4.70e+02  8.87e+01  2.81e+01   0.09
2001 12 14  2245   52257   81900  0  1.39e+03  2.61e+01  0  8.77e+04  1.93e+03  4.63e+02  9.28e+01  3.04e+01   0.18
2001 12 14  2250   52257   82200  0  1.42e+03  2.70e+01  0  9.19e+04  1.92e+03  4.50e+02  9.10e+01  2.91e+01   0.16
2001 12 14  2255   52257   82500  0  1.33e+03  3.19e+01  0  7.50e+04  1.92e+03  3.79e+02  8.92e+01  2.89e+01   0.15
2001 12 14  2300   52257   82800  0  1.49e+03  2.70e+01  0  1.01e+05  1.97e+03  4.37e+02  9.10e+01  2.93e+01   0.14
2001 12 14  2305   52257   83100  0  1.43e+03  2.82e+01  0  1.14e+05  2.09e+03  3.96e+02  8.87e+01  2.95e+01   0.09
2001 12 14  2310   52257   83400  0  1.33e+03  2.80e+01  0  1.08e+05  2.05e+03  3.46e+02  7.61e+01  2.45e+01   0.05
2001 12 14  2315   52257   83700  0  1.41e+03  2.99e+01  0  9.26e+04  2.01e+03  3.48e+02  7.20e+01  2.20e+01   0.09
2001 12 14  2320   52257   84000  0  1.41e+03  3.09e+01  0  1.10e+05  2.01e+03  4.27e+02  7.65e+01  2.53e+01   0.03
2001 12 14  2325   52257   84300  0  1.45e+03  2.91e+01  0  9.86e+04  1.96e+03  3.87e+02  8.18e+01  2.70e+01   0.05
2001 12 14  2330   52257   84600  0  1.37e+03  2.81e+01  0  1.14e+05  2.03e+03  4.33e+02  7.89e+01  2.41e+01   0.03
2001 12 14  2335   52257   84900  0  1.47e+03  2.84e+01  0  8.92e+04  2.10e+03  3.77e+02  7.75e+01  2.43e+01   0.07
2001 12 14  2340   52257   85200  0  1.35e+03  3.45e+01  0  1.11e+05  2.02e+03  4.09e+02  7.63e+01  2.27e+01   0.04
2001 12 14  2345   52257   85500  0  1.32e+03  3.19e+01  0  1.15e+05  2.09e+03  4.36e+02  7.68e+01  2.19e+01   0.05
2001 12 14  2350   52257   85800  0  1.40e+03  3.96e+01  0  1.16e+05  2.10e+03  3.65e+02  7.37e+01  2.07e+01   0.04
2001 12 14  2355   52257   86100  0  1.42e+03  3.35e+01  0  1.12e+05  2.07e+03  3.46e+02  7.22e+01  2.03e+01   0.08
