:Data_list: 20011225_ace_sis_5m.txt
:Created: 2001 Dec 26 0011 UT
# Prepared by the U.S. Dept. of Commerce, NOAA, Space Environment Center.
# Please send comments and suggestions to sec@sec.noaa.gov 
# 
# Units: proton flux p/cs2-sec-ster
# Status(S): 0 = nominal data, 1 to 8 = bad data record, 9 = no data
# Missing data values: -1.00e+05
# Source: ACE Satellite - Solar Isotope Spectrometer
#
# 5-minute averaged Real-time Integral Flux of High-energy Solar Protons
# 
#                 Modified Seconds
# UT Date   Time   Julian  of the      ---- Integral Proton Flux ----
# YR MO DA  HHMM     Day     Day       S    > 10 MeV    S    > 30 MeV
#--------------------------------------------------------------------
2001 12 25  0000    52268       0      0    8.62e-01    0    6.13e-01
2001 12 25  0005    52268     300      0    8.67e-01    0    6.08e-01
2001 12 25  0010    52268     600      0    8.61e-01    0    6.10e-01
2001 12 25  0015    52268     900      0    8.77e-01    0    6.22e-01
2001 12 25  0020    52268    1200      0    8.68e-01    0    6.10e-01
2001 12 25  0025    52268    1500      0    8.89e-01    0    6.19e-01
2001 12 25  0030    52268    1800      0    8.77e-01    0    6.21e-01
2001 12 25  0035    52268    2100      0    8.79e-01    0    6.22e-01
2001 12 25  0040    52268    2400      0    8.57e-01    0    6.05e-01
2001 12 25  0045    52268    2700      9   -1.00e+05    9   -1.00e+05
2001 12 25  0050    52268    3000      9   -1.00e+05    9   -1.00e+05
2001 12 25  0055    52268    3300      0    8.60e-01    0    6.01e-01
2001 12 25  0100    52268    3600      0    8.59e-01    0    6.06e-01
2001 12 25  0105    52268    3900      0    8.43e-01    0    5.94e-01
2001 12 25  0110    52268    4200      0    8.43e-01    0    6.02e-01
2001 12 25  0115    52268    4500      0    8.73e-01    0    6.10e-01
2001 12 25  0120    52268    4800      0    8.34e-01    0    5.86e-01
2001 12 25  0125    52268    5100      0    8.39e-01    0    5.92e-01
2001 12 25  0130    52268    5400      0    8.58e-01    0    6.12e-01
2001 12 25  0135    52268    5700      0    8.64e-01    0    6.15e-01
2001 12 25  0140    52268    6000      0    8.56e-01    0    5.97e-01
2001 12 25  0145    52268    6300      0    8.56e-01    0    6.00e-01
2001 12 25  0150    52268    6600      0    8.74e-01    0    6.11e-01
2001 12 25  0155    52268    6900      0    8.61e-01    0    6.04e-01
2001 12 25  0200    52268    7200      0    8.68e-01    0    6.12e-01
2001 12 25  0205    52268    7500      0    8.70e-01    0    6.09e-01
2001 12 25  0210    52268    7800      0    8.44e-01    0    6.03e-01
2001 12 25  0215    52268    8100      0    8.53e-01    0    5.94e-01
2001 12 25  0220    52268    8400      0    8.41e-01    0    5.92e-01
2001 12 25  0225    52268    8700      0    8.60e-01    0    6.11e-01
2001 12 25  0230    52268    9000      0    8.64e-01    0    6.10e-01
2001 12 25  0235    52268    9300      0    8.49e-01    0    6.02e-01
2001 12 25  0240    52268    9600      0    8.68e-01    0    6.06e-01
2001 12 25  0245    52268    9900      0    8.91e-01    0    6.29e-01
2001 12 25  0250    52268   10200      0    8.79e-01    0    6.10e-01
2001 12 25  0255    52268   10500      0    8.54e-01    0    6.04e-01
2001 12 25  0300    52268   10800      0    8.39e-01    0    5.91e-01
2001 12 25  0305    52268   11100      0    8.57e-01    0    6.01e-01
2001 12 25  0310    52268   11400      0    8.71e-01    0    6.10e-01
2001 12 25  0315    52268   11700      0    8.58e-01    0    6.00e-01
2001 12 25  0320    52268   12000      0    8.46e-01    0    5.91e-01
2001 12 25  0325    52268   12300      0    8.52e-01    0    5.93e-01
2001 12 25  0330    52268   12600      0    8.74e-01    0    6.22e-01
2001 12 25  0335    52268   12900      0    8.97e-01    0    6.30e-01
2001 12 25  0340    52268   13200      0    1.01e+00    0    7.12e-01
2001 12 25  0345    52268   13500      0    9.23e-01    0    6.44e-01
2001 12 25  0350    52268   13800      0    9.16e-01    0    6.46e-01
2001 12 25  0355    52268   14100      0    8.52e-01    0    6.03e-01
2001 12 25  0400    52268   14400      0    8.50e-01    0    6.01e-01
2001 12 25  0405    52268   14700      0    9.04e-01    0    6.31e-01
2001 12 25  0410    52268   15000      0    8.73e-01    0    6.19e-01
2001 12 25  0415    52268   15300      0    8.67e-01    0    6.12e-01
2001 12 25  0420    52268   15600      0    9.17e-01    0    6.50e-01
2001 12 25  0425    52268   15900      0    8.73e-01    0    6.20e-01
2001 12 25  0430    52268   16200      0    8.59e-01    0    6.05e-01
2001 12 25  0435    52268   16500      0    8.84e-01    0    6.24e-01
2001 12 25  0440    52268   16800      0    8.75e-01    0    6.18e-01
2001 12 25  0445    52268   17100      0    8.99e-01    0    6.38e-01
2001 12 25  0450    52268   17400      0    8.88e-01    0    6.29e-01
2001 12 25  0455    52268   17700      0    8.60e-01    0    6.08e-01
2001 12 25  0500    52268   18000      0    8.59e-01    0    6.11e-01
2001 12 25  0505    52268   18300      0    8.86e-01    0    6.26e-01
2001 12 25  0510    52268   18600      0    8.60e-01    0    6.07e-01
2001 12 25  0515    52268   18900      0    8.63e-01    0    6.13e-01
2001 12 25  0520    52268   19200      0    8.56e-01    0    6.01e-01
2001 12 25  0525    52268   19500      0    8.68e-01    0    6.11e-01
2001 12 25  0530    52268   19800      0    9.34e-01    0    6.63e-01
2001 12 25  0535    52268   20100      0    9.79e-01    0    6.88e-01
2001 12 25  0540    52268   20400      0    8.57e-01    0    6.07e-01
2001 12 25  0545    52268   20700      0    8.69e-01    0    6.08e-01
2001 12 25  0550    52268   21000      0    8.62e-01    0    6.05e-01
2001 12 25  0555    52268   21300      0    8.63e-01    0    6.12e-01
2001 12 25  0600    52268   21600      0    8.65e-01    0    6.16e-01
2001 12 25  0605    52268   21900      0    8.77e-01    0    6.10e-01
2001 12 25  0610    52268   22200      0    8.76e-01    0    6.12e-01
2001 12 25  0615    52268   22500      0    8.55e-01    0    6.05e-01
2001 12 25  0620    52268   22800      0    8.67e-01    0    6.09e-01
2001 12 25  0625    52268   23100      0    8.73e-01    0    6.14e-01
2001 12 25  0630    52268   23400      0    8.63e-01    0    6.06e-01
2001 12 25  0635    52268   23700      0    8.66e-01    0    6.02e-01
2001 12 25  0640    52268   24000      0    8.49e-01    0    5.98e-01
2001 12 25  0645    52268   24300      0    8.66e-01    0    6.09e-01
2001 12 25  0650    52268   24600      0    8.50e-01    0    5.98e-01
2001 12 25  0655    52268   24900      0    8.58e-01    0    6.04e-01
2001 12 25  0700    52268   25200      0    8.72e-01    0    6.12e-01
2001 12 25  0705    52268   25500      0    8.94e-01    0    6.29e-01
2001 12 25  0710    52268   25800      0    8.77e-01    0    6.22e-01
2001 12 25  0715    52268   26100      0    8.64e-01    0    6.09e-01
2001 12 25  0720    52268   26400      0    8.68e-01    0    6.10e-01
2001 12 25  0725    52268   26700      0    8.73e-01    0    6.22e-01
2001 12 25  0730    52268   27000      0    8.53e-01    0    6.01e-01
2001 12 25  0735    52268   27300      0    8.66e-01    0    6.09e-01
2001 12 25  0740    52268   27600      0    8.78e-01    0    6.14e-01
2001 12 25  0745    52268   27900      0    8.62e-01    0    6.06e-01
2001 12 25  0750    52268   28200      0    8.68e-01    0    6.06e-01
2001 12 25  0755    52268   28500      0    1.02e+00    0    7.16e-01
2001 12 25  0800    52268   28800      0    9.39e-01    0    6.64e-01
2001 12 25  0805    52268   29100      0    8.91e-01    0    6.30e-01
2001 12 25  0810    52268   29400      0    8.68e-01    0    6.17e-01
2001 12 25  0815    52268   29700      0    8.97e-01    0    6.30e-01
2001 12 25  0820    52268   30000      0    8.41e-01    0    5.89e-01
2001 12 25  0825    52268   30300      0    8.82e-01    0    6.28e-01
2001 12 25  0830    52268   30600      0    8.75e-01    0    6.15e-01
2001 12 25  0835    52268   30900      0    8.72e-01    0    6.21e-01
2001 12 25  0840    52268   31200      0    8.59e-01    0    6.04e-01
2001 12 25  0845    52268   31500      0    8.71e-01    0    6.14e-01
2001 12 25  0850    52268   31800      0    8.72e-01    0    6.16e-01
2001 12 25  0855    52268   32100      0    8.84e-01    0    6.25e-01
2001 12 25  0900    52268   32400      0    8.89e-01    0    6.34e-01
2001 12 25  0905    52268   32700      0    9.14e-01    0    6.46e-01
2001 12 25  0910    52268   33000      0    8.67e-01    0    6.09e-01
2001 12 25  0915    52268   33300      0    8.94e-01    0    6.27e-01
2001 12 25  0920    52268   33600      0    8.87e-01    0    6.26e-01
2001 12 25  0925    52268   33900      0    8.82e-01    0    6.19e-01
2001 12 25  0930    52268   34200      0    8.76e-01    0    6.19e-01
2001 12 25  0935    52268   34500      0    8.71e-01    0    6.14e-01
2001 12 25  0940    52268   34800      0    8.69e-01    0    6.06e-01
2001 12 25  0945    52268   35100      0    9.73e-01    0    6.84e-01
2001 12 25  0950    52268   35400      0    9.35e-01    0    6.61e-01
2001 12 25  0955    52268   35700      0    8.71e-01    0    6.09e-01
2001 12 25  1000    52268   36000      0    8.66e-01    0    6.07e-01
2001 12 25  1005    52268   36300      0    8.90e-01    0    6.23e-01
2001 12 25  1010    52268   36600      0    8.69e-01    0    6.06e-01
2001 12 25  1015    52268   36900      0    8.90e-01    0    6.25e-01
2001 12 25  1020    52268   37200      0    8.59e-01    0    5.99e-01
2001 12 25  1025    52268   37500      0    8.63e-01    0    6.10e-01
2001 12 25  1030    52268   37800      0    8.89e-01    0    6.27e-01
2001 12 25  1035    52268   38100      0    8.51e-01    0    5.98e-01
2001 12 25  1040    52268   38400      0    8.64e-01    0    6.04e-01
2001 12 25  1045    52268   38700      0    8.64e-01    0    6.06e-01
2001 12 25  1050    52268   39000      0    8.59e-01    0    6.01e-01
2001 12 25  1055    52268   39300      0    8.84e-01    0    6.27e-01
2001 12 25  1100    52268   39600      0    8.73e-01    0    6.08e-01
2001 12 25  1105    52268   39900      0    8.34e-01    0    5.82e-01
2001 12 25  1110    52268   40200      0    8.88e-01    0    6.24e-01
2001 12 25  1115    52268   40500      0    9.14e-01    0    6.41e-01
2001 12 25  1120    52268   40800      0    8.91e-01    0    6.30e-01
2001 12 25  1125    52268   41100      0    8.74e-01    0    6.11e-01
2001 12 25  1130    52268   41400      0    8.79e-01    0    6.22e-01
2001 12 25  1135    52268   41700      0    9.06e-01    0    6.42e-01
2001 12 25  1140    52268   42000      0    8.93e-01    0    6.28e-01
2001 12 25  1145    52268   42300      0    8.52e-01    0    5.97e-01
2001 12 25  1150    52268   42600      0    8.64e-01    0    6.09e-01
2001 12 25  1155    52268   42900      0    1.02e+00    0    7.24e-01
2001 12 25  1200    52268   43200      0    9.26e-01    0    6.49e-01
2001 12 25  1205    52268   43500      0    8.83e-01    0    6.24e-01
2001 12 25  1210    52268   43800      0    8.59e-01    0    6.06e-01
2001 12 25  1215    52268   44100      0    8.45e-01    0    5.99e-01
2001 12 25  1220    52268   44400      0    8.59e-01    0    6.04e-01
2001 12 25  1225    52268   44700      0    8.68e-01    0    6.11e-01
2001 12 25  1230    52268   45000      0    8.33e-01    0    5.89e-01
2001 12 25  1235    52268   45300      0    8.43e-01    0    5.97e-01
2001 12 25  1240    52268   45600      0    8.77e-01    0    6.26e-01
2001 12 25  1245    52268   45900      0    8.86e-01    0    6.24e-01
2001 12 25  1250    52268   46200      0    8.67e-01    0    6.10e-01
2001 12 25  1255    52268   46500      0    8.69e-01    0    6.11e-01
2001 12 25  1300    52268   46800      0    8.59e-01    0    6.09e-01
2001 12 25  1305    52268   47100      0    8.61e-01    0    6.00e-01
2001 12 25  1310    52268   47400      0    8.69e-01    0    6.22e-01
2001 12 25  1315    52268   47700      0    8.52e-01    0    5.97e-01
2001 12 25  1320    52268   48000      0    8.58e-01    0    6.04e-01
2001 12 25  1325    52268   48300      0    8.39e-01    0    5.93e-01
2001 12 25  1330    52268   48600      0    8.47e-01    0    6.01e-01
2001 12 25  1335    52268   48900      0    1.11e+00    0    7.85e-01
2001 12 25  1340    52268   49200      0    1.02e+00    0    7.21e-01
2001 12 25  1345    52268   49500      0    8.77e-01    0    6.16e-01
2001 12 25  1350    52268   49800      0    8.60e-01    0    6.06e-01
2001 12 25  1355    52268   50100      0    8.54e-01    0    5.94e-01
2001 12 25  1400    52268   50400      0    8.66e-01    0    5.99e-01
2001 12 25  1405    52268   50700      0    8.53e-01    0    5.92e-01
2001 12 25  1410    52268   51000      0    8.64e-01    0    6.17e-01
2001 12 25  1415    52268   51300      0    8.49e-01    0    5.99e-01
2001 12 25  1420    52268   51600      0    8.70e-01    0    6.04e-01
2001 12 25  1425    52268   51900      0    8.77e-01    0    6.17e-01
2001 12 25  1430    52268   52200      0    8.50e-01    0    5.96e-01
2001 12 25  1435    52268   52500      0    8.58e-01    0    6.00e-01
2001 12 25  1440    52268   52800      0    8.62e-01    0    6.10e-01
2001 12 25  1445    52268   53100      0    8.73e-01    0    6.12e-01
2001 12 25  1450    52268   53400      0    9.03e-01    0    6.34e-01
2001 12 25  1455    52268   53700      0    9.70e-01    0    6.79e-01
2001 12 25  1500    52268   54000      0    8.61e-01    0    6.04e-01
2001 12 25  1505    52268   54300      0    8.49e-01    0    5.94e-01
2001 12 25  1510    52268   54600      0    8.35e-01    0    5.94e-01
2001 12 25  1515    52268   54900      0    8.77e-01    0    6.17e-01
2001 12 25  1520    52268   55200      0    1.04e+00    0    7.38e-01
2001 12 25  1525    52268   55500      0    9.26e-01    0    6.49e-01
2001 12 25  1530    52268   55800      0    8.62e-01    0    6.08e-01
2001 12 25  1535    52268   56100      0    8.73e-01    0    6.13e-01
2001 12 25  1540    52268   56400      0    8.57e-01    0    5.96e-01
2001 12 25  1545    52268   56700      0    8.71e-01    0    6.11e-01
2001 12 25  1550    52268   57000      0    8.60e-01    0    5.98e-01
2001 12 25  1555    52268   57300      0    8.76e-01    0    6.09e-01
2001 12 25  1600    52268   57600      0    8.43e-01    0    5.95e-01
2001 12 25  1605    52268   57900      0    8.88e-01    0    6.36e-01
2001 12 25  1610    52268   58200      0    8.92e-01    0    6.20e-01
2001 12 25  1615    52268   58500      0    8.45e-01    0    5.97e-01
2001 12 25  1620    52268   58800      0    8.72e-01    0    6.14e-01
2001 12 25  1625    52268   59100      0    8.76e-01    0    6.07e-01
2001 12 25  1630    52268   59400      0    8.57e-01    0    6.08e-01
2001 12 25  1635    52268   59700      0    8.44e-01    0    5.89e-01
2001 12 25  1640    52268   60000      0    8.47e-01    0    5.94e-01
2001 12 25  1645    52268   60300      0    8.63e-01    0    6.00e-01
2001 12 25  1650    52268   60600      0    8.44e-01    0    5.94e-01
2001 12 25  1655    52268   60900      0    8.57e-01    0    6.10e-01
2001 12 25  1700    52268   61200      0    8.69e-01    0    6.11e-01
2001 12 25  1705    52268   61500      0    8.69e-01    0    6.14e-01
2001 12 25  1710    52268   61800      0    8.73e-01    0    6.19e-01
2001 12 25  1715    52268   62100      0    8.46e-01    0    5.91e-01
2001 12 25  1720    52268   62400      0    8.61e-01    0    6.03e-01
2001 12 25  1725    52268   62700      0    8.53e-01    0    6.02e-01
2001 12 25  1730    52268   63000      0    8.97e-01    0    6.34e-01
2001 12 25  1735    52268   63300      0    8.49e-01    0    5.95e-01
2001 12 25  1740    52268   63600      0    8.37e-01    0    5.87e-01
2001 12 25  1745    52268   63900      0    8.43e-01    0    5.96e-01
2001 12 25  1750    52268   64200      0    8.45e-01    0    5.89e-01
2001 12 25  1755    52268   64500      0    8.53e-01    0    5.99e-01
2001 12 25  1800    52268   64800      0    8.39e-01    0    5.82e-01
2001 12 25  1805    52268   65100      0    8.96e-01    0    6.29e-01
2001 12 25  1810    52268   65400      0    8.82e-01    0    6.20e-01
2001 12 25  1815    52268   65700      0    8.66e-01    0    6.12e-01
2001 12 25  1820    52268   66000      0    8.58e-01    0    6.06e-01
2001 12 25  1825    52268   66300      0    8.73e-01    0    6.16e-01
2001 12 25  1830    52268   66600      0    8.67e-01    0    6.10e-01
2001 12 25  1835    52268   66900      0    8.46e-01    0    5.89e-01
2001 12 25  1840    52268   67200      0    9.14e-01    0    6.50e-01
2001 12 25  1845    52268   67500      0    8.61e-01    0    6.09e-01
2001 12 25  1850    52268   67800      0    8.44e-01    0    6.00e-01
2001 12 25  1855    52268   68100      0    8.56e-01    0    6.03e-01
2001 12 25  1900    52268   68400      0    8.42e-01    0    5.88e-01
2001 12 25  1905    52268   68700      0    8.66e-01    0    6.10e-01
2001 12 25  1910    52268   69000      0    8.44e-01    0    5.91e-01
2001 12 25  1915    52268   69300      0    8.62e-01    0    6.00e-01
2001 12 25  1920    52268   69600      0    8.59e-01    0    6.04e-01
2001 12 25  1925    52268   69900      0    8.64e-01    0    6.09e-01
2001 12 25  1930    52268   70200      0    9.01e-01    0    6.34e-01
2001 12 25  1935    52268   70500      0    8.85e-01    0    6.25e-01
2001 12 25  1940    52268   70800      0    8.79e-01    0    6.13e-01
2001 12 25  1945    52268   71100      0    8.52e-01    0    6.03e-01
2001 12 25  1950    52268   71400      0    8.84e-01    0    6.25e-01
2001 12 25  1955    52268   71700      0    8.56e-01    0    6.01e-01
2001 12 25  2000    52268   72000      0    8.48e-01    0    5.92e-01
2001 12 25  2005    52268   72300      0    8.66e-01    0    6.08e-01
2001 12 25  2010    52268   72600      0    8.74e-01    0    6.20e-01
2001 12 25  2015    52268   72900      0    8.73e-01    0    6.14e-01
2001 12 25  2020    52268   73200      0    8.89e-01    0    6.20e-01
2001 12 25  2025    52268   73500      0    8.41e-01    0    5.90e-01
2001 12 25  2030    52268   73800      0    8.38e-01    0    5.92e-01
2001 12 25  2035    52268   74100      0    8.66e-01    0    6.07e-01
2001 12 25  2040    52268   74400      0    8.55e-01    0    6.01e-01
2001 12 25  2045    52268   74700      0    8.56e-01    0    6.01e-01
2001 12 25  2050    52268   75000      0    8.77e-01    0    6.18e-01
2001 12 25  2055    52268   75300      0    8.74e-01    0    6.18e-01
2001 12 25  2100    52268   75600      0    8.84e-01    0    6.17e-01
2001 12 25  2105    52268   75900      0    8.99e-01    0    6.31e-01
2001 12 25  2110    52268   76200      0    8.57e-01    0    6.03e-01
2001 12 25  2115    52268   76500      0    8.68e-01    0    6.14e-01
2001 12 25  2120    52268   76800      0    8.74e-01    0    6.08e-01
2001 12 25  2125    52268   77100      0    8.77e-01    0    6.12e-01
2001 12 25  2130    52268   77400      0    8.52e-01    0    5.90e-01
2001 12 25  2135    52268   77700      0    8.47e-01    0    5.95e-01
2001 12 25  2140    52268   78000      0    8.36e-01    0    5.88e-01
2001 12 25  2145    52268   78300      0    8.81e-01    0    6.23e-01
2001 12 25  2150    52268   78600      0    8.50e-01    0    5.88e-01
2001 12 25  2155    52268   78900      0    8.68e-01    0    6.16e-01
2001 12 25  2200    52268   79200      0    8.56e-01    0    5.98e-01
2001 12 25  2205    52268   79500      0    9.03e-01    0    6.39e-01
2001 12 25  2210    52268   79800      0    8.97e-01    0    6.29e-01
2001 12 25  2215    52268   80100      0    9.43e-01    0    6.67e-01
2001 12 25  2220    52268   80400      0    9.11e-01    0    6.41e-01
2001 12 25  2225    52268   80700      0    8.74e-01    0    6.19e-01
2001 12 25  2230    52268   81000      0    8.85e-01    0    6.19e-01
2001 12 25  2235    52268   81300      0    9.08e-01    0    6.36e-01
2001 12 25  2240    52268   81600      0    8.63e-01    0    6.08e-01
2001 12 25  2245    52268   81900      0    8.79e-01    0    6.19e-01
2001 12 25  2250    52268   82200      0    8.64e-01    0    6.07e-01
2001 12 25  2255    52268   82500      0    8.61e-01    0    6.03e-01
2001 12 25  2300    52268   82800      0    8.58e-01    0    6.08e-01
2001 12 25  2305    52268   83100      0    8.94e-01    0    6.31e-01
2001 12 25  2310    52268   83400      0    8.83e-01    0    6.31e-01
2001 12 25  2315    52268   83700      0    8.98e-01    0    6.29e-01
2001 12 25  2320    52268   84000      0    8.84e-01    0    6.25e-01
2001 12 25  2325    52268   84300      0    8.76e-01    0    6.19e-01
2001 12 25  2330    52268   84600      0    8.94e-01    0    6.23e-01
2001 12 25  2335    52268   84900      0    9.02e-01    0    6.38e-01
2001 12 25  2340    52268   85200      0    8.59e-01    0    6.08e-01
2001 12 25  2345    52268   85500      0    8.61e-01    0    6.07e-01
2001 12 25  2350    52268   85800      0    8.55e-01    0    6.01e-01
2001 12 25  2355    52268   86100      0    8.70e-01    0    6.21e-01
