:Data_list: 20020330_ace_sis_5m.txt
:Created: 2002 Mar 31 0011 UT
# Prepared by the U.S. Dept. of Commerce, NOAA, Space Environment Center.
# Please send comments and suggestions to sec@sec.noaa.gov 
# 
# Units: proton flux p/cs2-sec-ster
# Status(S): 0 = nominal data, 1 to 8 = bad data record, 9 = no data
# Missing data values: -1.00e+05
# Source: ACE Satellite - Solar Isotope Spectrometer
#
# 5-minute averaged Real-time Integral Flux of High-energy Solar Protons
# 
#                 Modified Seconds
# UT Date   Time   Julian  of the      ---- Integral Proton Flux ----
# YR MO DA  HHMM     Day     Day       S    > 10 MeV    S    > 30 MeV
#--------------------------------------------------------------------
2002 03 30  0000    52363       0      0    8.30e-01    0    5.84e-01
2002 03 30  0005    52363     300      0    7.99e-01    0    5.61e-01
2002 03 30  0010    52363     600      0    7.98e-01    0    5.65e-01
2002 03 30  0015    52363     900      0    8.03e-01    0    5.61e-01
2002 03 30  0020    52363    1200      0    8.49e-01    0    5.87e-01
2002 03 30  0025    52363    1500      0    8.04e-01    0    5.66e-01
2002 03 30  0030    52363    1800      0    8.17e-01    0    5.76e-01
2002 03 30  0035    52363    2100      0    8.05e-01    0    5.68e-01
2002 03 30  0040    52363    2400      0    8.20e-01    0    5.80e-01
2002 03 30  0045    52363    2700      0    8.24e-01    0    5.83e-01
2002 03 30  0050    52363    3000      0    8.16e-01    0    5.73e-01
2002 03 30  0055    52363    3300      0    8.22e-01    0    5.76e-01
2002 03 30  0100    52363    3600      0    8.20e-01    0    5.83e-01
2002 03 30  0105    52363    3900      0    8.14e-01    0    5.76e-01
2002 03 30  0110    52363    4200      0    8.13e-01    0    5.83e-01
2002 03 30  0115    52363    4500      0    7.69e-01    0    5.38e-01
2002 03 30  0120    52363    4800      0    7.98e-01    0    5.59e-01
2002 03 30  0125    52363    5100      0    8.11e-01    0    5.73e-01
2002 03 30  0130    52363    5400      0    7.91e-01    0    5.53e-01
2002 03 30  0135    52363    5700      0    7.94e-01    0    5.62e-01
2002 03 30  0140    52363    6000      0    8.26e-01    0    5.77e-01
2002 03 30  0145    52363    6300      0    8.04e-01    0    5.67e-01
2002 03 30  0150    52363    6600      0    7.90e-01    0    5.56e-01
2002 03 30  0155    52363    6900      0    7.84e-01    0    5.52e-01
2002 03 30  0200    52363    7200      0    8.22e-01    0    5.81e-01
2002 03 30  0205    52363    7500      0    8.16e-01    0    5.74e-01
2002 03 30  0210    52363    7800      0    8.12e-01    0    5.71e-01
2002 03 30  0215    52363    8100      0    7.89e-01    0    5.46e-01
2002 03 30  0220    52363    8400      0    8.04e-01    0    5.63e-01
2002 03 30  0225    52363    8700      0    8.08e-01    0    5.63e-01
2002 03 30  0230    52363    9000      0    8.13e-01    0    5.72e-01
2002 03 30  0235    52363    9300      0    7.89e-01    0    5.53e-01
2002 03 30  0240    52363    9600      0    8.27e-01    0    5.86e-01
2002 03 30  0245    52363    9900      0    7.79e-01    0    5.47e-01
2002 03 30  0250    52363   10200      0    8.03e-01    0    5.69e-01
2002 03 30  0255    52363   10500      0    8.22e-01    0    5.77e-01
2002 03 30  0300    52363   10800      0    8.12e-01    0    5.74e-01
2002 03 30  0305    52363   11100      0    8.03e-01    0    5.65e-01
2002 03 30  0310    52363   11400      0    8.00e-01    0    5.60e-01
2002 03 30  0315    52363   11700      0    8.21e-01    0    5.80e-01
2002 03 30  0320    52363   12000      0    8.18e-01    0    5.72e-01
2002 03 30  0325    52363   12300      0    7.88e-01    0    5.51e-01
2002 03 30  0330    52363   12600      0    8.02e-01    0    5.66e-01
2002 03 30  0335    52363   12900      0    7.99e-01    0    5.59e-01
2002 03 30  0340    52363   13200      0    8.19e-01    0    5.71e-01
2002 03 30  0345    52363   13500      0    8.10e-01    0    5.72e-01
2002 03 30  0350    52363   13800      0    7.93e-01    0    5.54e-01
2002 03 30  0355    52363   14100      0    7.98e-01    0    5.62e-01
2002 03 30  0400    52363   14400      0    8.09e-01    0    5.72e-01
2002 03 30  0405    52363   14700      0    8.07e-01    0    5.67e-01
2002 03 30  0410    52363   15000      0    7.93e-01    0    5.66e-01
2002 03 30  0415    52363   15300      0    7.96e-01    0    5.52e-01
2002 03 30  0420    52363   15600      0    8.10e-01    0    5.64e-01
2002 03 30  0425    52363   15900      0    8.13e-01    0    5.66e-01
2002 03 30  0430    52363   16200      0    7.94e-01    0    5.56e-01
2002 03 30  0435    52363   16500      0    8.11e-01    0    5.67e-01
2002 03 30  0440    52363   16800      0    8.01e-01    0    5.62e-01
2002 03 30  0445    52363   17100      0    7.96e-01    0    5.64e-01
2002 03 30  0450    52363   17400      0    7.97e-01    0    5.65e-01
2002 03 30  0455    52363   17700      0    8.09e-01    0    5.76e-01
2002 03 30  0500    52363   18000      0    8.09e-01    0    5.69e-01
2002 03 30  0505    52363   18300      0    8.00e-01    0    5.62e-01
2002 03 30  0510    52363   18600      0    8.22e-01    0    5.78e-01
2002 03 30  0515    52363   18900      0    8.06e-01    0    5.68e-01
2002 03 30  0520    52363   19200      0    8.08e-01    0    5.66e-01
2002 03 30  0525    52363   19500      0    8.06e-01    0    5.64e-01
2002 03 30  0530    52363   19800      0    8.04e-01    0    5.66e-01
2002 03 30  0535    52363   20100      0    8.06e-01    0    5.66e-01
2002 03 30  0540    52363   20400      0    7.82e-01    0    5.54e-01
2002 03 30  0545    52363   20700      0    8.05e-01    0    5.65e-01
2002 03 30  0550    52363   21000      0    8.00e-01    0    5.68e-01
2002 03 30  0555    52363   21300      0    8.06e-01    0    5.73e-01
2002 03 30  0600    52363   21600      0    7.84e-01    0    5.48e-01
2002 03 30  0605    52363   21900      0    8.08e-01    0    5.66e-01
2002 03 30  0610    52363   22200      0    8.21e-01    0    5.79e-01
2002 03 30  0615    52363   22500      0    7.91e-01    0    5.46e-01
2002 03 30  0620    52363   22800      0    8.00e-01    0    5.62e-01
2002 03 30  0625    52363   23100      0    8.05e-01    0    5.70e-01
2002 03 30  0630    52363   23400      0    7.64e-01    0    5.31e-01
2002 03 30  0635    52363   23700      0    7.97e-01    0    5.63e-01
2002 03 30  0640    52363   24000      0    8.12e-01    0    5.74e-01
2002 03 30  0645    52363   24300      0    8.02e-01    0    5.60e-01
2002 03 30  0650    52363   24600      0    8.07e-01    0    5.68e-01
2002 03 30  0655    52363   24900      0    8.10e-01    0    5.70e-01
2002 03 30  0700    52363   25200      0    7.90e-01    0    5.60e-01
2002 03 30  0705    52363   25500      0    7.79e-01    0    5.51e-01
2002 03 30  0710    52363   25800      0    8.09e-01    0    5.69e-01
2002 03 30  0715    52363   26100      0    8.03e-01    0    5.73e-01
2002 03 30  0720    52363   26400      0    8.01e-01    0    5.61e-01
2002 03 30  0725    52363   26700      0    8.09e-01    0    5.72e-01
2002 03 30  0730    52363   27000      0    8.06e-01    0    5.69e-01
2002 03 30  0735    52363   27300      0    8.11e-01    0    5.71e-01
2002 03 30  0740    52363   27600      0    8.13e-01    0    5.78e-01
2002 03 30  0745    52363   27900      0    7.85e-01    0    5.58e-01
2002 03 30  0750    52363   28200      0    7.97e-01    0    5.49e-01
2002 03 30  0755    52363   28500      0    7.90e-01    0    5.53e-01
2002 03 30  0800    52363   28800      0    7.99e-01    0    5.59e-01
2002 03 30  0805    52363   29100      0    8.02e-01    0    5.64e-01
2002 03 30  0810    52363   29400      0    7.98e-01    0    5.62e-01
2002 03 30  0815    52363   29700      0    8.13e-01    0    5.72e-01
2002 03 30  0820    52363   30000      0    8.01e-01    0    5.64e-01
2002 03 30  0825    52363   30300      0    8.15e-01    0    5.68e-01
2002 03 30  0830    52363   30600      0    7.90e-01    0    5.52e-01
2002 03 30  0835    52363   30900      0    8.05e-01    0    5.71e-01
2002 03 30  0840    52363   31200      0    7.76e-01    0    5.38e-01
2002 03 30  0845    52363   31500      0    8.02e-01    0    5.68e-01
2002 03 30  0850    52363   31800      0    7.89e-01    0    5.48e-01
2002 03 30  0855    52363   32100      0    7.78e-01    0    5.44e-01
2002 03 30  0900    52363   32400      0    7.99e-01    0    5.62e-01
2002 03 30  0905    52363   32700      0    8.13e-01    0    5.75e-01
2002 03 30  0910    52363   33000      0    8.08e-01    0    5.61e-01
2002 03 30  0915    52363   33300      0    8.10e-01    0    5.69e-01
2002 03 30  0920    52363   33600      0    7.91e-01    0    5.54e-01
2002 03 30  0925    52363   33900      0    8.00e-01    0    5.60e-01
2002 03 30  0930    52363   34200      0    7.97e-01    0    5.61e-01
2002 03 30  0935    52363   34500      0    8.06e-01    0    5.71e-01
2002 03 30  0940    52363   34800      0    7.90e-01    0    5.53e-01
2002 03 30  0945    52363   35100      0    7.70e-01    0    5.42e-01
2002 03 30  0950    52363   35400      0    7.86e-01    0    5.53e-01
2002 03 30  0955    52363   35700      0    8.09e-01    0    5.68e-01
2002 03 30  1000    52363   36000      0    7.98e-01    0    5.58e-01
2002 03 30  1005    52363   36300      0    8.03e-01    0    5.63e-01
2002 03 30  1010    52363   36600      0    8.39e-01    0    5.96e-01
2002 03 30  1015    52363   36900      0    8.00e-01    0    5.71e-01
2002 03 30  1020    52363   37200      0    7.89e-01    0    5.58e-01
2002 03 30  1025    52363   37500      0    8.07e-01    0    5.67e-01
2002 03 30  1030    52363   37800      0    7.86e-01    0    5.52e-01
2002 03 30  1035    52363   38100      0    7.99e-01    0    5.57e-01
2002 03 30  1040    52363   38400      0    8.04e-01    0    5.64e-01
2002 03 30  1045    52363   38700      0    8.07e-01    0    5.66e-01
2002 03 30  1050    52363   39000      0    7.89e-01    0    5.50e-01
2002 03 30  1055    52363   39300      0    7.82e-01    0    5.52e-01
2002 03 30  1100    52363   39600      0    8.09e-01    0    5.73e-01
2002 03 30  1105    52363   39900      0    8.12e-01    0    5.74e-01
2002 03 30  1110    52363   40200      0    8.09e-01    0    5.71e-01
2002 03 30  1115    52363   40500      0    7.84e-01    0    5.57e-01
2002 03 30  1120    52363   40800      0    7.77e-01    0    5.42e-01
2002 03 30  1125    52363   41100      0    8.08e-01    0    5.70e-01
2002 03 30  1130    52363   41400      0    7.83e-01    0    5.43e-01
2002 03 30  1135    52363   41700      0    7.98e-01    0    5.61e-01
2002 03 30  1140    52363   42000      0    7.90e-01    0    5.56e-01
2002 03 30  1145    52363   42300      0    7.58e-01    0    5.40e-01
2002 03 30  1150    52363   42600      0    8.01e-01    0    5.70e-01
2002 03 30  1155    52363   42900      0    7.99e-01    0    5.60e-01
2002 03 30  1200    52363   43200      0    8.17e-01    0    5.70e-01
2002 03 30  1205    52363   43500      0    7.81e-01    0    5.40e-01
2002 03 30  1210    52363   43800      0    7.84e-01    0    5.55e-01
2002 03 30  1215    52363   44100      0    7.94e-01    0    5.63e-01
2002 03 30  1220    52363   44400      0    7.92e-01    0    5.59e-01
2002 03 30  1225    52363   44700      0    7.84e-01    0    5.58e-01
2002 03 30  1230    52363   45000      0    7.87e-01    0    5.51e-01
2002 03 30  1235    52363   45300      0    8.11e-01    0    5.77e-01
2002 03 30  1240    52363   45600      0    7.94e-01    0    5.61e-01
2002 03 30  1245    52363   45900      0    7.86e-01    0    5.51e-01
2002 03 30  1250    52363   46200      0    8.06e-01    0    5.63e-01
2002 03 30  1255    52363   46500      0    7.97e-01    0    5.61e-01
2002 03 30  1300    52363   46800      0    8.10e-01    0    5.72e-01
2002 03 30  1305    52363   47100      0    8.17e-01    0    5.79e-01
2002 03 30  1310    52363   47400      0    8.00e-01    0    5.63e-01
2002 03 30  1315    52363   47700      0    8.08e-01    0    5.69e-01
2002 03 30  1320    52363   48000      0    7.96e-01    0    5.59e-01
2002 03 30  1325    52363   48300      0    8.04e-01    0    5.59e-01
2002 03 30  1330    52363   48600      0    8.17e-01    0    5.83e-01
2002 03 30  1335    52363   48900      0    8.07e-01    0    5.71e-01
2002 03 30  1340    52363   49200      0    8.07e-01    0    5.69e-01
2002 03 30  1345    52363   49500      0    7.92e-01    0    5.50e-01
2002 03 30  1350    52363   49800      0    7.89e-01    0    5.50e-01
2002 03 30  1355    52363   50100      0    8.14e-01    0    5.77e-01
2002 03 30  1400    52363   50400      0    7.94e-01    0    5.61e-01
2002 03 30  1405    52363   50700      0    8.09e-01    0    5.70e-01
2002 03 30  1410    52363   51000      0    8.06e-01    0    5.70e-01
2002 03 30  1415    52363   51300      0    7.93e-01    0    5.62e-01
2002 03 30  1420    52363   51600      0    7.98e-01    0    5.59e-01
2002 03 30  1425    52363   51900      0    8.05e-01    0    5.72e-01
2002 03 30  1430    52363   52200      0    8.11e-01    0    5.76e-01
2002 03 30  1435    52363   52500      0    8.09e-01    0    5.65e-01
2002 03 30  1440    52363   52800      0    7.94e-01    0    5.68e-01
2002 03 30  1445    52363   53100      0    7.94e-01    0    5.67e-01
2002 03 30  1450    52363   53400      0    7.79e-01    0    5.53e-01
2002 03 30  1455    52363   53700      0    7.87e-01    0    5.62e-01
2002 03 30  1500    52363   54000      0    7.94e-01    0    5.58e-01
2002 03 30  1505    52363   54300      0    7.82e-01    0    5.47e-01
2002 03 30  1510    52363   54600      0    8.11e-01    0    5.72e-01
2002 03 30  1515    52363   54900      0    8.12e-01    0    5.77e-01
2002 03 30  1520    52363   55200      0    7.69e-01    0    5.44e-01
2002 03 30  1525    52363   55500      0    7.84e-01    0    5.52e-01
2002 03 30  1530    52363   55800      0    7.81e-01    0    5.46e-01
2002 03 30  1535    52363   56100      0    7.93e-01    0    5.62e-01
2002 03 30  1540    52363   56400      0    8.08e-01    0    5.69e-01
2002 03 30  1545    52363   56700      0    7.89e-01    0    5.57e-01
2002 03 30  1550    52363   57000      0    7.98e-01    0    5.62e-01
2002 03 30  1555    52363   57300      0    7.86e-01    0    5.42e-01
2002 03 30  1600    52363   57600      0    7.94e-01    0    5.63e-01
2002 03 30  1605    52363   57900      0    8.04e-01    0    5.68e-01
2002 03 30  1610    52363   58200      0    8.01e-01    0    5.65e-01
2002 03 30  1615    52363   58500      0    7.81e-01    0    5.52e-01
2002 03 30  1620    52363   58800      0    7.79e-01    0    5.46e-01
2002 03 30  1625    52363   59100      0    7.91e-01    0    5.56e-01
2002 03 30  1630    52363   59400      0    7.87e-01    0    5.58e-01
2002 03 30  1635    52363   59700      0    8.09e-01    0    5.77e-01
2002 03 30  1640    52363   60000      0    7.89e-01    0    5.60e-01
2002 03 30  1645    52363   60300      0    7.97e-01    0    5.60e-01
2002 03 30  1650    52363   60600      0    7.98e-01    0    5.61e-01
2002 03 30  1655    52363   60900      0    8.08e-01    0    5.67e-01
2002 03 30  1700    52363   61200      0    8.07e-01    0    5.69e-01
2002 03 30  1705    52363   61500      0    8.01e-01    0    5.65e-01
2002 03 30  1710    52363   61800      0    7.78e-01    0    5.48e-01
2002 03 30  1715    52363   62100      0    8.00e-01    0    5.58e-01
2002 03 30  1720    52363   62400      0    8.04e-01    0    5.69e-01
2002 03 30  1725    52363   62700      0    8.06e-01    0    5.69e-01
2002 03 30  1730    52363   63000      0    7.86e-01    0    5.53e-01
2002 03 30  1735    52363   63300      0    7.89e-01    0    5.57e-01
2002 03 30  1740    52363   63600      0    7.83e-01    0    5.49e-01
2002 03 30  1745    52363   63900      0    8.07e-01    0    5.71e-01
2002 03 30  1750    52363   64200      0    8.13e-01    0    5.80e-01
2002 03 30  1755    52363   64500      0    7.77e-01    0    5.50e-01
2002 03 30  1800    52363   64800      0    7.90e-01    0    5.62e-01
2002 03 30  1805    52363   65100      0    8.01e-01    0    5.64e-01
2002 03 30  1810    52363   65400      0    7.83e-01    0    5.52e-01
2002 03 30  1815    52363   65700      0    8.00e-01    0    5.56e-01
2002 03 30  1820    52363   66000      0    7.98e-01    0    5.58e-01
2002 03 30  1825    52363   66300      0    7.86e-01    0    5.52e-01
2002 03 30  1830    52363   66600      0    8.00e-01    0    5.60e-01
2002 03 30  1835    52363   66900      0    7.90e-01    0    5.50e-01
2002 03 30  1840    52363   67200      0    7.91e-01    0    5.54e-01
2002 03 30  1845    52363   67500      0    7.93e-01    0    5.53e-01
2002 03 30  1850    52363   67800      0    7.91e-01    0    5.59e-01
2002 03 30  1855    52363   68100      0    8.04e-01    0    5.62e-01
2002 03 30  1900    52363   68400      0    8.08e-01    0    5.68e-01
2002 03 30  1905    52363   68700      0    7.98e-01    0    5.60e-01
2002 03 30  1910    52363   69000      0    7.69e-01    0    5.42e-01
2002 03 30  1915    52363   69300      0    8.02e-01    0    5.64e-01
2002 03 30  1920    52363   69600      0    7.91e-01    0    5.58e-01
2002 03 30  1925    52363   69900      0    8.06e-01    0    5.70e-01
2002 03 30  1930    52363   70200      0    7.99e-01    0    5.65e-01
2002 03 30  1935    52363   70500      0    7.90e-01    0    5.59e-01
2002 03 30  1940    52363   70800      0    7.98e-01    0    5.56e-01
2002 03 30  1945    52363   71100      0    8.10e-01    0    5.76e-01
2002 03 30  1950    52363   71400      0    8.18e-01    0    5.77e-01
2002 03 30  1955    52363   71700      0    7.99e-01    0    5.64e-01
2002 03 30  2000    52363   72000      0    8.11e-01    0    5.71e-01
2002 03 30  2005    52363   72300      0    7.93e-01    0    5.61e-01
2002 03 30  2010    52363   72600      0    7.81e-01    0    5.55e-01
2002 03 30  2015    52363   72900      0    8.08e-01    0    5.66e-01
2002 03 30  2020    52363   73200      0    7.93e-01    0    5.61e-01
2002 03 30  2025    52363   73500      0    7.79e-01    0    5.53e-01
2002 03 30  2030    52363   73800      0    7.91e-01    0    5.57e-01
2002 03 30  2035    52363   74100      0    7.75e-01    0    5.51e-01
2002 03 30  2040    52363   74400      0    7.83e-01    0    5.49e-01
2002 03 30  2045    52363   74700      0    8.03e-01    0    5.64e-01
2002 03 30  2050    52363   75000      0    8.07e-01    0    5.63e-01
2002 03 30  2055    52363   75300      0    7.84e-01    0    5.50e-01
2002 03 30  2100    52363   75600      0    8.14e-01    0    5.72e-01
2002 03 30  2105    52363   75900      0    8.16e-01    0    5.74e-01
2002 03 30  2110    52363   76200      0    7.91e-01    0    5.59e-01
2002 03 30  2115    52363   76500      0    8.14e-01    0    5.81e-01
2002 03 30  2120    52363   76800      0    7.39e-01    0    5.17e-01
2002 03 30  2125    52363   77100      0    7.82e-01    0    5.46e-01
2002 03 30  2130    52363   77400      0    8.20e-01    0    5.72e-01
2002 03 30  2135    52363   77700      0    7.93e-01    0    5.50e-01
2002 03 30  2140    52363   78000      0    7.84e-01    0    5.61e-01
2002 03 30  2145    52363   78300      0    8.09e-01    0    5.72e-01
2002 03 30  2150    52363   78600      0    8.12e-01    0    5.70e-01
2002 03 30  2155    52363   78900      0    8.23e-01    0    5.80e-01
2002 03 30  2200    52363   79200      0    7.82e-01    0    5.47e-01
2002 03 30  2205    52363   79500      0    7.81e-01    0    5.53e-01
2002 03 30  2210    52363   79800      0    7.98e-01    0    5.59e-01
2002 03 30  2215    52363   80100      0    7.91e-01    0    5.53e-01
2002 03 30  2220    52363   80400      0    7.86e-01    0    5.51e-01
2002 03 30  2225    52363   80700      0    8.16e-01    0    5.71e-01
2002 03 30  2230    52363   81000      0    7.96e-01    0    5.58e-01
2002 03 30  2235    52363   81300      0    8.09e-01    0    5.67e-01
2002 03 30  2240    52363   81600      0    8.26e-01    0    5.86e-01
2002 03 30  2245    52363   81900      0    8.14e-01    0    5.78e-01
2002 03 30  2250    52363   82200      0    8.00e-01    0    5.64e-01
2002 03 30  2255    52363   82500      0    7.67e-01    0    5.38e-01
2002 03 30  2300    52363   82800      0    7.99e-01    0    5.57e-01
2002 03 30  2305    52363   83100      0    7.98e-01    0    5.58e-01
2002 03 30  2310    52363   83400      0    7.89e-01    0    5.47e-01
2002 03 30  2315    52363   83700      0    7.97e-01    0    5.57e-01
2002 03 30  2320    52363   84000      0    8.02e-01    0    5.62e-01
2002 03 30  2325    52363   84300      0    7.79e-01    0    5.48e-01
2002 03 30  2330    52363   84600      0    8.01e-01    0    5.68e-01
2002 03 30  2335    52363   84900      0    8.17e-01    0    5.74e-01
2002 03 30  2340    52363   85200      0    7.89e-01    0    5.59e-01
2002 03 30  2345    52363   85500      0    8.02e-01    0    5.71e-01
2002 03 30  2350    52363   85800      0    7.97e-01    0    5.64e-01
2002 03 30  2355    52363   86100      0    8.06e-01    0    5.66e-01
