:Data_list: 20021008_ace_epam_5m.txt
:Created: 2002 Oct 09 0012 UT
# Prepared by the U.S. Dept. of Commerce, NOAA, Space Environment Center.
# Please send comments and suggestions to sec@sec.noaa.gov 
# 
# Units: Differential Flux particles/cm2-s-ster-MeV
# Units: Anisotropy Index 0.0 - 2.0
# Status(S): 0 = nominal, 4,6,7,8 = bad data, unable to process, 9 = no data
# Missing data values: -1.00e+05, index = -1.00
# Source: ACE Satellite - Electron, Proton, and Alpha Monitor
# Note: 2002 Mar 18: First Proton channel changed from 47-65 to 65-112keV.
#
#                      5-minute averaged Real-time Differential Electron and Proton Flux 
# 
#                Modified Seconds ---------------------------- Differential Flux --------------------------- 
# UT Date   Time  Julian  of the  ----- Electron -----   ------------------- Protons keV -------------------   Anis.
# YR MO DA  HHMM    Day    Day    S    38-53   175-315   S   65-112   112-187   310-580   761-1220 060-1910   Ratio
#-------------------------------------------------------------------------------------------------------------------
2002 10 08  0000   52555       0  0  2.91e+02  1.64e+01  0  2.58e+01  1.39e+01  1.78e+00  4.99e-01  5.09e-02  -1.00
2002 10 08  0005   52555     300  0  3.09e+02  1.41e+01  0  2.23e+01  1.48e+01  1.66e+00  2.97e-01  8.33e-02   0.80
2002 10 08  0010   52555     600  0  3.19e+02  1.48e+01  0  2.45e+01  1.38e+01  1.80e+00  5.42e-01  5.73e-02   0.67
2002 10 08  0015   52555     900  0  2.60e+02  1.31e+01  0  2.54e+01  1.31e+01  1.42e+00  3.43e-01  4.17e-02   0.93
2002 10 08  0020   52555    1200  0  3.08e+02  1.73e+01  0  2.33e+01  1.46e+01  1.64e+00  4.09e-01  1.47e-01   0.00
2002 10 08  0025   52555    1500  0  3.13e+02  1.81e+01  0  2.49e+01  1.33e+01  1.78e+00  3.27e-01  2.08e-01  -1.00
2002 10 08  0030   52555    1800  0  2.53e+02  1.59e+01  0  2.51e+01  1.18e+01  1.15e+00  4.46e-01  9.16e-02   1.85
2002 10 08  0035   52555    2100  0  3.40e+02  1.36e+01  0  2.30e+01  1.59e+01  1.10e+00  5.44e-01  5.09e-02   0.67
2002 10 08  0040   52555    2400  0  2.75e+02  1.50e+01  0  2.39e+01  1.42e+01  1.69e+00  3.58e-01  5.73e-02   0.67
2002 10 08  0045   52555    2700  0  2.74e+02  1.21e+01  0  2.20e+01  1.39e+01  1.59e+00  4.63e-01  2.77e-01   0.77
2002 10 08  0050   52555    3000  0  3.08e+02  1.62e+01  0  2.42e+01  1.26e+01  1.64e+00  3.83e-01  2.29e-01   0.67
2002 10 08  0055   52555    3300  0  3.28e+02  1.39e+01  0  2.26e+01  1.73e+01  1.60e+00  4.43e-01  1.23e-01   0.97
2002 10 08  0100   52555    3600  0  2.62e+02  1.32e+01  0  2.28e+01  1.46e+01  1.58e+00  3.66e-01  0.00e+00   0.67
2002 10 08  0105   52555    3900  0  2.43e+02  1.53e+01  0  1.74e+01  1.46e+01  1.57e+00  3.88e-01  1.15e-01   2.00
2002 10 08  0110   52555    4200  0  2.96e+02  1.70e+01  0  1.77e+01  1.45e+01  1.98e+00  3.44e-01  3.36e-01   0.67
2002 10 08  0115   52555    4500  0  2.99e+02  1.52e+01  0  2.30e+01  1.43e+01  1.85e+00  5.98e-01  1.50e-01   0.20
2002 10 08  0120   52555    4800  0  2.55e+02  1.37e+01  0  2.26e+01  1.52e+01  1.80e+00  3.68e-01  5.73e-02   1.41
2002 10 08  0125   52555    5100  0  2.58e+02  1.63e+01  0  2.21e+01  1.65e+01  1.82e+00  4.30e-01  1.25e-01   1.14
2002 10 08  0130   52555    5400  0  3.45e+02  1.66e+01  0  2.73e+01  1.41e+01  1.39e+00  5.66e-01  1.91e-01   1.49
2002 10 08  0135   52555    5700  0  2.72e+02  1.72e+01  0  2.26e+01  1.37e+01  1.95e+00  5.09e-01  1.76e-01   1.61
2002 10 08  0140   52555    6000  0  3.21e+02  1.49e+01  0  2.04e+01  1.09e+01  1.70e+00  3.84e-01  0.00e+00   0.38
2002 10 08  0145   52555    6300  0  2.94e+02  1.49e+01  0  2.26e+01  1.32e+01  1.08e+00  3.40e-01  0.00e+00  -1.00
2002 10 08  0150   52555    6600  0  2.94e+02  1.50e+01  0  2.21e+01  1.41e+01  1.71e+00  4.15e-01  2.29e-01   0.42
2002 10 08  0155   52555    6900  0  3.20e+02  1.27e+01  0  2.27e+01  1.51e+01  1.53e+00  3.56e-01  1.37e-01   0.62
2002 10 08  0200   52555    7200  0  2.44e+02  1.30e+01  0  2.29e+01  1.56e+01  1.40e+00  4.15e-01  0.00e+00  -1.00
2002 10 08  0205   52555    7500  0  3.67e+02  1.39e+01  0  2.36e+01  1.43e+01  2.24e+00  3.60e-01  0.00e+00   2.00
2002 10 08  0210   52555    7800  0  3.08e+02  1.61e+01  0  2.50e+01  1.34e+01  1.49e+00  3.70e-01  0.00e+00   0.67
2002 10 08  0215   52555    8100  0  2.66e+02  1.72e+01  0  2.07e+01  1.32e+01  1.85e+00  4.43e-01  0.00e+00   0.71
2002 10 08  0220   52555    8400  0  3.63e+02  1.11e+01  0  2.55e+01  1.60e+01  1.33e+00  3.74e-01  0.00e+00   0.26
2002 10 08  0225   52555    8700  0  2.86e+02  1.19e+01  0  2.41e+01  1.26e+01  1.70e+00  3.39e-01  1.15e-01   0.99
2002 10 08  0230   52555    9000  0  3.31e+02  1.62e+01  0  1.74e+01  1.66e+01  1.30e+00  3.01e-01  1.80e-01   1.87
2002 10 08  0235   52555    9300  0  2.76e+02  1.30e+01  0  1.97e+01  1.25e+01  1.69e+00  4.56e-01  9.16e-02   1.85
2002 10 08  0240   52555    9600  0  3.27e+02  1.39e+01  0  2.30e+01  1.55e+01  1.51e+00  4.37e-01  1.46e-01  -1.00
2002 10 08  0245   52555    9900  0  3.20e+02  1.41e+01  0  2.19e+01  1.34e+01  1.80e+00  2.54e-01  1.31e-01  -1.00
2002 10 08  0250   52555   10200  0  2.86e+02  1.67e+01  0  2.58e+01  1.19e+01  1.71e+00  4.32e-01  1.76e-01  -1.00
2002 10 08  0255   52555   10500  0  3.45e+02  1.35e+01  0  2.29e+01  1.45e+01  1.83e+00  3.99e-01  2.72e-01   2.00
2002 10 08  0300   52555   10800  0  2.85e+02  1.58e+01  0  2.49e+01  1.65e+01  1.46e+00  3.99e-01  1.25e-01  -1.00
2002 10 08  0305   52555   11100  0  2.80e+02  1.52e+01  0  2.46e+01  1.48e+01  1.31e+00  3.05e-01  0.00e+00  -1.00
2002 10 08  0310   52555   11400  0  3.73e+02  1.59e+01  0  2.11e+01  1.23e+01  1.40e+00  5.11e-01  9.16e-02   1.23
2002 10 08  0315   52555   11700  0  2.83e+02  1.37e+01  0  2.53e+01  1.24e+01  1.36e+00  3.92e-01  1.15e-01   0.59
2002 10 08  0320   52555   12000  0  3.02e+02  1.39e+01  0  2.42e+01  1.35e+01  1.99e+00  3.12e-01  2.64e-01   2.00
2002 10 08  0325   52555   12300  0  4.76e+02  1.50e+01  0  2.27e+01  1.55e+01  1.67e+00  1.66e-01  1.41e-01  -1.00
2002 10 08  0330   52555   12600  0  3.06e+02  1.63e+01  0  2.96e+01  1.41e+01  2.66e+00  4.23e-01  2.45e-01   0.89
2002 10 08  0335   52555   12900  0  2.84e+02  1.43e+01  0  2.17e+01  1.41e+01  1.57e+00  2.83e-01  0.00e+00  -1.00
2002 10 08  0340   52555   13200  0  2.89e+02  1.47e+01  0  2.70e+01  1.44e+01  1.48e+00  3.87e-01  0.00e+00   2.00
2002 10 08  0345   52555   13500  0  3.41e+02  1.51e+01  0  2.75e+01  1.27e+01  2.02e+00  4.18e-01  1.02e-01  -1.00
2002 10 08  0350   52555   13800  0  2.73e+02  1.44e+01  0  1.89e+01  1.50e+01  1.72e+00  5.95e-01  1.41e-01   1.40
2002 10 08  0355   52555   14100  0  2.93e+02  1.60e+01  0  2.49e+01  1.54e+01  1.55e+00  3.01e-01  1.93e-01   2.00
2002 10 08  0400   52555   14400  0  2.77e+02  1.56e+01  0  2.39e+01  1.13e+01  1.95e+00  5.16e-01  0.00e+00   0.67
2002 10 08  0405   52555   14700  0  3.10e+02  1.70e+01  0  2.44e+01  1.22e+01  1.64e+00  4.05e-01  1.29e-01   2.00
2002 10 08  0410   52555   15000  0  2.70e+02  2.01e+01  0  1.70e+01  1.48e+01  1.65e+00  2.77e-01  0.00e+00   1.63
2002 10 08  0415   52555   15300  0  3.10e+02  1.59e+01  0  2.38e+01  1.48e+01  1.61e+00  3.18e-01  1.67e-01   0.77
2002 10 08  0420   52555   15600  0  3.43e+02  1.34e+01  0  2.70e+01  1.40e+01  1.31e+00  2.98e-01  1.58e-01   1.60
2002 10 08  0425   52555   15900  0  2.80e+02  1.70e+01  0  2.89e+01  1.51e+01  1.76e+00  3.97e-01  1.25e-01   2.00
2002 10 08  0430   52555   16200  0  2.75e+02  1.53e+01  0  3.25e+01  1.42e+01  1.52e+00  5.23e-01  1.83e-01  -1.00
2002 10 08  0435   52555   16500  0  2.71e+02  1.35e+01  0  2.34e+01  1.57e+01  1.80e+00  3.89e-01  1.79e-01   1.87
2002 10 08  0440   52555   16800  0  3.44e+02  1.17e+01  0  2.52e+01  1.52e+01  1.67e+00  4.40e-01  1.80e-01   0.29
2002 10 08  0445   52555   17100  0  3.34e+02  1.58e+01  0  2.22e+01  1.49e+01  1.93e+00  2.83e-01  2.03e-01   2.00
2002 10 08  0450   52555   17400  0  3.27e+02  1.33e+01  0  2.38e+01  1.57e+01  1.62e+00  1.99e-01  4.58e-02   2.00
2002 10 08  0455   52555   17700  0  2.96e+02  1.24e+01  0  2.31e+01  1.44e+01  1.38e+00  5.18e-01  2.11e-01   1.31
2002 10 08  0500   52555   18000  0  2.67e+02  1.53e+01  0  1.86e+01  1.40e+01  1.39e+00  5.44e-01  1.86e-01  -1.00
2002 10 08  0505   52555   18300  0  3.34e+02  1.32e+01  0  2.56e+01  1.05e+01  1.34e+00  2.85e-01  9.55e-02  -1.00
2002 10 08  0510   52555   18600  0  2.74e+02  1.54e+01  0  2.40e+01  1.47e+01  1.15e+00  3.52e-01  5.73e-02   1.15
2002 10 08  0515   52555   18900  0  3.27e+02  1.36e+01  0  2.37e+01  1.42e+01  1.48e+00  4.02e-01  1.91e-01  -1.00
2002 10 08  0520   52555   19200  0  2.71e+02  1.78e+01  0  2.21e+01  1.24e+01  1.53e+00  4.28e-01  0.00e+00  -1.00
2002 10 08  0525   52555   19500  0  2.30e+02  1.35e+01  0  2.15e+01  1.46e+01  1.32e+00  4.47e-01  0.00e+00  -1.00
2002 10 08  0530   52555   19800  0  3.90e+02  1.40e+01  0  2.54e+01  1.37e+01  1.66e+00  3.15e-01  1.64e-01   1.89
2002 10 08  0535   52555   20100  0  2.82e+02  1.52e+01  0  2.02e+01  1.56e+01  1.73e+00  4.33e-01  2.29e-01   1.85
2002 10 08  0540   52555   20400  0  3.09e+02  1.58e+01  0  2.12e+01  1.41e+01  1.86e+00  5.18e-01  0.00e+00   0.44
2002 10 08  0545   52555   20700  0  3.40e+02  1.34e+01  0  2.67e+01  1.22e+01  1.60e+00  3.38e-01  0.00e+00  -1.00
2002 10 08  0550   52555   21000  0  2.58e+02  1.58e+01  0  2.48e+01  1.41e+01  1.78e+00  1.31e-01  0.00e+00  -1.00
2002 10 08  0555   52555   21300  0  3.40e+02  1.84e+01  0  2.20e+01  1.50e+01  1.71e+00  4.79e-01  0.00e+00   0.77
2002 10 08  0600   52555   21600  0  3.04e+02  1.34e+01  0  2.33e+01  1.41e+01  1.92e+00  3.59e-01  0.00e+00  -1.00
2002 10 08  0605   52555   21900  0  3.09e+02  1.31e+01  0  2.06e+01  1.32e+01  1.55e+00  4.12e-01  0.00e+00   1.49
2002 10 08  0610   52555   22200  0  2.54e+02  1.56e+01  0  2.33e+01  1.32e+01  1.72e+00  3.87e-01  0.00e+00   1.15
2002 10 08  0615   52555   22500  0  3.20e+02  1.50e+01  0  1.88e+01  1.32e+01  1.97e+00  4.15e-01  0.00e+00  -1.00
2002 10 08  0620   52555   22800  0  2.48e+02  1.31e+01  0  2.81e+01  1.61e+01  1.86e+00  4.85e-01  7.64e-02   1.41
2002 10 08  0625   52555   23100  0  3.44e+02  1.15e+01  0  2.47e+01  1.30e+01  1.40e+00  4.28e-01  0.00e+00  -1.00
2002 10 08  0630   52555   23400  0  2.80e+02  1.42e+01  0  2.06e+01  1.54e+01  2.11e+00  7.04e-01  8.59e-02   0.49
2002 10 08  0635   52555   23700  0  3.48e+02  1.68e+01  0  2.90e+01  1.39e+01  1.38e+00  3.48e-01  2.11e-01  -1.00
2002 10 08  0640   52555   24000  0  2.56e+02  1.57e+01  0  2.89e+01  1.29e+01  1.76e+00  5.77e-01  0.00e+00   0.67
2002 10 08  0645   52555   24300  0  3.34e+02  1.65e+01  0  2.56e+01  1.38e+01  1.44e+00  4.60e-01  9.82e-02   0.67
2002 10 08  0650   52555   24600  0  3.03e+02  1.53e+01  0  2.62e+01  1.59e+01  1.36e+00  4.14e-01  4.58e-02   0.38
2002 10 08  0655   52555   24900  0  3.68e+02  1.51e+01  0  2.82e+01  1.64e+01  1.72e+00  3.47e-01  1.53e-01   0.49
2002 10 08  0700   52555   25200  0  2.70e+02  1.54e+01  0  5.70e+01  1.82e+01  1.49e+00  3.93e-01  2.16e-01  -1.00
2002 10 08  0705   52555   25500  0  2.57e+02  1.97e+01  0  7.10e+01  2.21e+01  1.59e+00  2.86e-01  0.00e+00   2.00
2002 10 08  0710   52555   25800  0  3.10e+02  1.67e+01  0  1.45e+02  4.29e+01  1.73e+00  4.38e-01  5.73e-02   0.00
2002 10 08  0715   52555   26100  0  2.99e+02  1.44e+01  0  4.04e+01  1.70e+01  1.76e+00  3.18e-01  2.42e-01   0.00
2002 10 08  0720   52555   26400  0  2.60e+02  1.65e+01  0  3.86e+01  1.53e+01  1.55e+00  3.40e-01  0.00e+00   2.00
2002 10 08  0725   52555   26700  0  2.69e+02  1.56e+01  0  3.17e+01  1.33e+01  1.00e+00  3.70e-01  2.39e-01   2.00
2002 10 08  0730   52555   27000  0  3.17e+02  1.60e+01  0  2.58e+01  1.47e+01  1.57e+00  4.67e-01  5.29e-02   1.85
2002 10 08  0735   52555   27300  0  2.45e+02  1.42e+01  0  2.74e+01  1.43e+01  1.78e+00  3.70e-01  0.00e+00   0.46
2002 10 08  0740   52555   27600  0  2.68e+02  1.49e+01  0  2.60e+01  1.49e+01  1.52e+00  4.67e-01  1.53e-01   0.98
2002 10 08  0745   52555   27900  0  2.84e+02  1.22e+01  0  3.43e+01  1.14e+01  1.86e+00  4.54e-01  4.58e-02   0.54
2002 10 08  0750   52555   28200  0  3.53e+02  1.35e+01  0  4.31e+01  1.54e+01  1.53e+00  4.22e-01  9.16e-02   1.41
2002 10 08  0755   52555   28500  0  3.24e+02  1.62e+01  0  4.63e+01  1.92e+01  1.70e+00  5.18e-01  4.17e-02   1.15
2002 10 08  0800   52555   28800  0  3.14e+02  1.66e+01  0  3.62e+01  1.36e+01  1.52e+00  4.46e-01  0.00e+00   0.28
2002 10 08  0805   52555   29100  0  2.85e+02  1.39e+01  0  2.38e+01  1.41e+01  1.76e+00  3.14e-01  1.03e-01   1.49
2002 10 08  0810   52555   29400  0  3.17e+02  1.78e+01  0  3.22e+01  1.25e+01  1.85e+00  4.57e-01  2.36e-01   0.38
2002 10 08  0815   52555   29700  0  3.13e+02  1.88e+01  0  3.09e+01  1.75e+01  1.36e+00  3.80e-01  1.53e-01  -1.00
2002 10 08  0820   52555   30000  0  2.87e+02  1.33e+01  0  2.55e+01  1.30e+01  1.87e+00  3.89e-01  0.00e+00   0.40
2002 10 08  0825   52555   30300  0  2.15e+02  1.56e+01  0  2.79e+01  1.32e+01  1.72e+00  4.40e-01  5.73e-02   1.41
2002 10 08  0830   52555   30600  0  2.93e+02  1.72e+01  0  2.69e+01  1.45e+01  1.53e+00  4.46e-01  1.91e-01   1.41
2002 10 08  0835   52555   30900  0  3.30e+02  1.60e+01  0  2.56e+01  1.37e+01  1.30e+00  5.86e-01  1.83e-01   1.36
2002 10 08  0840   52555   31200  0  3.25e+02  1.38e+01  0  3.19e+01  1.37e+01  1.15e+00  5.18e-01  6.87e-02   1.29
2002 10 08  0845   52555   31500  0  2.89e+02  1.64e+01  0  3.14e+01  1.43e+01  1.65e+00  4.52e-01  7.64e-02   0.85
2002 10 08  0850   52555   31800  0  2.13e+02  1.78e+01  0  2.13e+01  1.23e+01  1.26e+00  5.05e-01  0.00e+00   0.54
2002 10 08  0855   52555   32100  0  3.15e+02  1.49e+01  0  2.16e+01  1.35e+01  1.37e+00  2.49e-01  1.50e-01  -1.00
2002 10 08  0900   52555   32400  0  3.25e+02  1.32e+01  0  2.42e+01  1.20e+01  1.57e+00  3.83e-01  4.58e-02   1.07
2002 10 08  0905   52555   32700  0  2.26e+02  1.60e+01  0  2.51e+01  1.46e+01  1.55e+00  4.69e-01  2.29e-01   0.89
2002 10 08  0910   52555   33000  0  3.15e+02  1.50e+01  0  1.82e+01  1.47e+01  1.60e+00  4.05e-01  1.06e-01  -1.00
2002 10 08  0915   52555   33300  0  3.15e+02  1.61e+01  0  2.44e+01  1.25e+01  1.14e+00  5.10e-01  0.00e+00   1.42
2002 10 08  0920   52555   33600  0  2.78e+02  1.60e+01  0  2.05e+01  1.50e+01  1.21e+00  2.58e-01  1.72e-01   1.15
2002 10 08  0925   52555   33900  0  2.61e+02  1.57e+01  0  1.99e+01  1.48e+01  2.18e+00  5.22e-01  1.75e-01   2.00
2002 10 08  0930   52555   34200  0  3.29e+02  1.48e+01  0  2.43e+01  1.37e+01  1.21e+00  3.48e-01  3.82e-02  -1.00
2002 10 08  0935   52555   34500  0  3.06e+02  1.30e+01  0  2.19e+01  1.41e+01  1.29e+00  4.99e-01  2.43e-01  -1.00
2002 10 08  0940   52555   34800  0  2.61e+02  1.76e+01  0  2.59e+01  1.55e+01  1.67e+00  5.25e-01  1.15e-01   1.15
2002 10 08  0945   52555   35100  0  2.81e+02  1.73e+01  0  2.07e+01  1.52e+01  1.59e+00  5.87e-01  8.33e-02   1.13
2002 10 08  0950   52555   35400  0  2.53e+02  1.31e+01  0  2.20e+01  1.34e+01  1.76e+00  2.50e-01  2.11e-01   1.85
2002 10 08  0955   52555   35700  0  3.11e+02  1.30e+01  0  2.11e+01  1.36e+01  2.29e+00  3.93e-01  1.85e-01   0.42
2002 10 08  1000   52555   36000  0  3.46e+02  1.60e+01  0  2.06e+01  1.45e+01  1.46e+00  4.11e-01  2.37e-01   1.85
2002 10 08  1005   52555   36300  0  2.95e+02  1.76e+01  0  1.97e+01  1.17e+01  1.39e+00  2.14e-01  0.00e+00  -1.00
2002 10 08  1010   52555   36600  0  3.26e+02  1.23e+01  0  2.27e+01  1.46e+01  1.56e+00  3.74e-01  1.37e-01  -1.00
2002 10 08  1015   52555   36900  0  2.62e+02  1.35e+01  0  2.00e+01  1.90e+01  1.72e+00  5.94e-01  1.15e-01   0.76
2002 10 08  1020   52555   37200  0  3.06e+02  1.13e+01  0  2.39e+01  1.40e+01  1.75e+00  3.09e-01  3.82e-02   2.00
2002 10 08  1025   52555   37500  0  2.95e+02  1.75e+01  0  2.09e+01  1.23e+01  2.34e+00  2.35e-01  0.00e+00   1.61
2002 10 08  1030   52555   37800  0  3.03e+02  1.54e+01  0  3.06e+01  1.48e+01  1.44e+00  4.53e-01  2.48e-01   1.61
2002 10 08  1035   52555   38100  0  2.72e+02  1.53e+01  0  2.60e+01  1.48e+01  2.22e+00  3.85e-01  1.91e-01   0.92
2002 10 08  1040   52555   38400  0  2.27e+02  1.36e+01  0  2.19e+01  1.36e+01  1.44e+00  2.81e-01  1.04e-01   2.00
2002 10 08  1045   52555   38700  0  2.65e+02  1.54e+01  0  2.45e+01  1.54e+01  1.93e+00  4.17e-01  0.00e+00   0.49
2002 10 08  1050   52555   39000  0  2.60e+02  1.66e+01  0  2.27e+01  1.48e+01  1.57e+00  4.24e-01  9.82e-02   1.11
2002 10 08  1055   52555   39300  0  3.46e+02  1.91e+01  0  2.65e+01  1.33e+01  1.97e+00  5.24e-01  0.00e+00   1.85
2002 10 08  1100   52555   39600  0  2.92e+02  1.28e+01  0  2.15e+01  1.72e+01  1.63e+00  3.87e-01  8.81e-02   0.77
2002 10 08  1105   52555   39900  0  3.10e+02  1.41e+01  0  2.04e+01  1.42e+01  1.95e+00  3.92e-01  0.00e+00  -1.00
2002 10 08  1110   52555   40200  0  3.00e+02  1.77e+01  0  2.27e+01  1.55e+01  1.82e+00  3.52e-01  0.00e+00   0.98
2002 10 08  1115   52555   40500  0  2.73e+02  1.19e+01  0  2.57e+01  1.33e+01  1.76e+00  2.81e-01  4.58e-02   2.00
2002 10 08  1120   52555   40800  0  3.00e+02  1.63e+01  0  1.99e+01  1.42e+01  1.44e+00  3.99e-01  1.25e-01   2.00
2002 10 08  1125   52555   41100  0  2.86e+02  1.60e+01  0  2.33e+01  1.39e+01  1.76e+00  5.40e-01  1.46e-01   1.11
2002 10 08  1130   52555   41400  0  2.95e+02  1.28e+01  0  2.41e+01  1.59e+01  1.47e+00  3.44e-01  2.00e-01   1.41
2002 10 08  1135   52555   41700  0  2.98e+02  1.49e+01  0  2.23e+01  1.73e+01  1.31e+00  3.66e-01  1.76e-01   0.92
2002 10 08  1140   52555   42000  0  2.85e+02  1.47e+01  0  2.27e+01  1.47e+01  1.48e+00  1.96e-01  7.05e-02  -1.00
2002 10 08  1145   52555   42300  0  2.88e+02  1.69e+01  0  2.41e+01  1.38e+01  1.74e+00  5.07e-01  2.04e-01   0.60
2002 10 08  1150   52555   42600  0  3.14e+02  1.46e+01  0  2.65e+01  1.75e+01  2.20e+00  3.52e-01  8.81e-02   0.98
2002 10 08  1155   52555   42900  0  3.20e+02  1.45e+01  0  2.67e+01  1.36e+01  1.84e+00  5.16e-01  1.25e-01   0.77
2002 10 08  1200   52555   43200  0  2.74e+02  1.66e+01  0  2.58e+01  1.55e+01  1.93e+00  2.50e-01  1.76e-01   0.77
2002 10 08  1205   52555   43500  0  2.66e+02  1.57e+01  0  2.49e+01  1.53e+01  1.19e+00  4.43e-01  1.15e-01   0.44
2002 10 08  1210   52555   43800  0  2.53e+02  1.51e+01  0  2.41e+01  1.52e+01  1.65e+00  3.87e-01  2.29e-01   1.49
2002 10 08  1215   52555   44100  0  3.01e+02  1.70e+01  0  2.29e+01  1.20e+01  1.88e+00  4.51e-01  7.64e-02  -1.00
2002 10 08  1220   52555   44400  0  3.29e+02  1.54e+01  0  2.59e+01  1.48e+01  1.99e+00  3.47e-01  7.05e-02   2.00
2002 10 08  1225   52555   44700  0  2.27e+02  1.44e+01  0  2.45e+01  1.41e+01  1.93e+00  4.77e-01  0.00e+00   1.02
2002 10 08  1230   52555   45000  0  3.00e+02  1.53e+01  0  3.07e+01  1.38e+01  1.78e+00  3.62e-01  1.27e-01   2.00
2002 10 08  1235   52555   45300  0  3.82e+02  1.47e+01  0  2.75e+01  1.39e+01  1.80e+00  4.57e-01  1.75e-01   0.40
2002 10 08  1240   52555   45600  0  3.06e+02  1.05e+01  0  2.03e+01  1.53e+01  8.50e-01  3.12e-01  0.00e+00   0.79
2002 10 08  1245   52555   45900  0  2.23e+02  1.86e+01  0  2.57e+01  1.50e+01  1.82e+00  4.69e-01  0.00e+00   0.00
2002 10 08  1250   52555   46200  0  3.03e+02  1.36e+01  0  2.83e+01  1.61e+01  1.44e+00  4.32e-01  0.00e+00  -1.00
2002 10 08  1255   52555   46500  0  3.35e+02  1.66e+01  0  2.41e+01  1.23e+01  1.06e+00  3.85e-01  0.00e+00   1.85
2002 10 08  1300   52555   46800  0  3.10e+02  1.83e+01  0  1.95e+01  1.56e+01  1.46e+00  3.70e-01  1.15e-01   0.92
2002 10 08  1305   52555   47100  0  2.85e+02  1.19e+01  0  2.23e+01  1.41e+01  1.53e+00  4.54e-01  8.81e-02   2.00
2002 10 08  1310   52555   47400  0  2.73e+02  1.66e+01  0  2.20e+01  1.42e+01  1.44e+00  4.78e-01  0.00e+00   2.00
2002 10 08  1315   52555   47700  0  2.49e+02  1.47e+01  0  2.55e+01  1.48e+01  1.62e+00  3.98e-01  1.31e-01   1.71
2002 10 08  1320   52555   48000  0  2.81e+02  1.70e+01  0  2.95e+01  1.51e+01  1.62e+00  3.51e-01  2.58e-01   0.40
2002 10 08  1325   52555   48300  0  3.19e+02  1.33e+01  0  3.12e+01  1.34e+01  1.24e+00  5.95e-01  1.41e-01   0.80
2002 10 08  1330   52555   48600  0  3.17e+02  1.59e+01  0  3.43e+01  1.01e+01  1.54e+00  4.67e-01  9.82e-02   1.49
2002 10 08  1335   52555   48900  0  2.73e+02  1.67e+01  0  3.34e+01  1.32e+01  1.66e+00  4.57e-01  0.00e+00   0.38
2002 10 08  1340   52555   49200  0  3.06e+02  1.61e+01  0  2.50e+01  1.05e+01  1.44e+00  4.88e-01  0.00e+00   1.26
2002 10 08  1345   52555   49500  0  2.89e+02  1.42e+01  0  2.33e+01  1.34e+01  1.44e+00  3.44e-01  6.25e-02   1.87
2002 10 08  1350   52555   49800  0  2.68e+02  1.65e+01  0  2.59e+01  1.45e+01  1.76e+00  3.84e-01  0.00e+00   0.54
2002 10 08  1355   52555   50100  0  3.04e+02  1.48e+01  0  2.68e+01  1.29e+01  1.44e+00  4.14e-01  2.29e-01   1.41
2002 10 08  1400   52555   50400  0  3.39e+02  1.35e+01  0  2.51e+01  1.38e+01  1.31e+00  3.70e-01  1.79e-01  -1.00
2002 10 08  1405   52555   50700  0  2.92e+02  1.18e+01  0  3.06e+01  1.24e+01  1.54e+00  4.46e-01  6.87e-02   1.61
2002 10 08  1410   52555   51000  0  2.73e+02  1.66e+01  0  3.38e+01  1.36e+01  1.85e+00  4.04e-01  0.00e+00   0.92
2002 10 08  1415   52555   51300  0  2.76e+02  1.52e+01  0  3.36e+01  1.55e+01  1.92e+00  3.05e-01  0.00e+00   1.87
2002 10 08  1420   52555   51600  0  3.63e+02  1.40e+01  0  2.98e+01  1.13e+01  1.38e+00  5.26e-01  0.00e+00   0.92
2002 10 08  1425   52555   51900  0  3.15e+02  1.37e+01  0  3.03e+01  1.45e+01  1.73e+00  3.52e-01  2.08e-01   1.85
2002 10 08  1430   52555   52200  0  3.03e+02  1.61e+01  0  2.97e+01  1.39e+01  1.56e+00  3.67e-01  1.15e-01   0.71
2002 10 08  1435   52555   52500  0  3.21e+02  1.44e+01  0  2.62e+01  1.12e+01  1.24e+00  3.70e-01  7.64e-02   2.00
2002 10 08  1440   52555   52800  0  2.67e+02  1.34e+01  0  2.61e+01  1.32e+01  1.63e+00  5.72e-01  1.04e-01   0.96
2002 10 08  1445   52555   53100  0  2.83e+02  1.30e+01  0  3.19e+01  1.86e+01  1.76e+00  5.33e-01  5.73e-02   0.00
2002 10 08  1450   52555   53400  0  2.70e+02  1.48e+01  0  2.76e+01  1.78e+01  1.44e+00  5.05e-01  5.73e-02   0.59
2002 10 08  1455   52555   53700  0  2.95e+02  1.22e+01  0  2.99e+01  1.08e+01  1.62e+00  2.24e-01  1.47e-01  -1.00
2002 10 08  1500   52555   54000  0  2.86e+02  1.58e+01  0  2.71e+01  1.60e+01  1.44e+00  4.26e-01  4.91e-02   0.82
2002 10 08  1505   52555   54300  0  2.83e+02  1.53e+01  0  2.48e+01  1.57e+01  1.50e+00  6.71e-01  0.00e+00   1.20
2002 10 08  1510   52555   54600  0  3.06e+02  1.60e+01  0  3.11e+01  1.32e+01  1.30e+00  5.24e-01  0.00e+00   0.82
2002 10 08  1515   52555   54900  0  2.64e+02  2.02e+01  0  2.32e+01  1.31e+01  1.25e+00  5.07e-01  0.00e+00   2.00
2002 10 08  1520   52555   55200  0  2.73e+02  1.39e+01  0  2.90e+01  1.62e+01  1.16e+00  3.68e-01  1.15e-01  -1.00
2002 10 08  1525   52555   55500  0  3.09e+02  1.78e+01  0  3.62e+01  1.46e+01  1.84e+00  4.50e-01  1.37e-01   0.26
2002 10 08  1530   52555   55800  0  3.22e+02  1.41e+01  0  2.69e+01  1.22e+01  1.38e+00  5.05e-01  1.72e-01   0.38
2002 10 08  1535   52555   56100  0  3.70e+02  1.33e+01  0  2.51e+01  1.36e+01  1.60e+00  3.75e-01  5.09e-02   1.00
2002 10 08  1540   52555   56400  0  3.14e+02  1.27e+01  0  2.81e+01  1.43e+01  1.53e+00  4.88e-01  0.00e+00   1.08
2002 10 08  1545   52555   56700  0  3.70e+02  1.58e+01  0  2.64e+01  1.23e+01  1.28e+00  5.48e-01  0.00e+00   0.80
2002 10 08  1550   52555   57000  0  2.96e+02  1.42e+01  0  2.52e+01  1.47e+01  1.83e+00  4.40e-01  4.58e-02   0.35
2002 10 08  1555   52555   57300  0  2.87e+02  1.46e+01  0  2.81e+01  1.46e+01  1.85e+00  3.47e-01  0.00e+00   0.95
2002 10 08  1600   52555   57600  0  2.83e+02  1.64e+01  0  2.11e+01  1.41e+01  1.52e+00  4.30e-01  2.58e-01   0.77
2002 10 08  1605   52555   57900  0  3.06e+02  1.56e+01  0  2.57e+01  1.52e+01  1.60e+00  3.70e-01  2.00e-01   1.71
2002 10 08  1610   52555   58200  0  2.85e+02  1.63e+01  0  2.41e+01  1.38e+01  1.37e+00  3.66e-01  1.06e-01   0.95
2002 10 08  1615   52555   58500  0  3.37e+02  1.40e+01  0  2.37e+01  1.48e+01  2.14e+00  2.35e-01  0.00e+00   1.15
2002 10 08  1620   52555   58800  0  3.03e+02  1.26e+01  0  2.80e+01  1.42e+01  1.65e+00  3.87e-01  4.58e-02   1.85
2002 10 08  1625   52555   59100  0  2.93e+02  1.44e+01  0  2.62e+01  1.28e+01  1.64e+00  3.99e-01  1.15e-01   0.64
2002 10 08  1630   52555   59400  0  2.94e+02  1.71e+01  0  2.61e+01  1.58e+01  1.32e+00  3.75e-01  0.00e+00   0.67
2002 10 08  1635   52555   59700  0  2.95e+02  1.40e+01  0  2.67e+01  1.43e+01  1.48e+00  4.06e-01  0.00e+00   0.77
2002 10 08  1640   52555   60000  0  2.60e+02  1.61e+01  0  2.79e+01  1.68e+01  1.94e+00  3.09e-01  0.00e+00  -1.00
2002 10 08  1645   52555   60300  0  2.49e+02  1.47e+01  0  2.42e+01  1.51e+01  1.74e+00  3.70e-01  0.00e+00   0.89
2002 10 08  1650   52555   60600  0  3.57e+02  1.63e+01  0  2.43e+01  1.63e+01  1.76e+00  5.58e-01  0.00e+00   1.07
2002 10 08  1655   52555   60900  0  2.87e+02  1.36e+01  0  3.17e+01  1.71e+01  1.44e+00  3.19e-01  1.68e-01   1.07
2002 10 08  1700   52555   61200  0  2.83e+02  1.62e+01  0  2.76e+01  1.51e+01  1.44e+00  3.78e-01  1.31e-01   2.00
2002 10 08  1705   52555   61500  0  2.98e+02  1.43e+01  0  2.80e+01  1.60e+01  1.26e+00  3.92e-01  0.00e+00  -1.00
2002 10 08  1710   52555   61800  9 -1.00e+05 -1.00e+05  9 -1.00e+05 -1.00e+05 -1.00e+05 -1.00e+05 -1.00e+05  -1.00
2002 10 08  1715   52555   62100  9 -1.00e+05 -1.00e+05  9 -1.00e+05 -1.00e+05 -1.00e+05 -1.00e+05 -1.00e+05  -1.00
2002 10 08  1720   52555   62400  9 -1.00e+05 -1.00e+05  9 -1.00e+05 -1.00e+05 -1.00e+05 -1.00e+05 -1.00e+05  -1.00
2002 10 08  1725   52555   62700  9 -1.00e+05 -1.00e+05  9 -1.00e+05 -1.00e+05 -1.00e+05 -1.00e+05 -1.00e+05  -1.00
2002 10 08  1730   52555   63000  9 -1.00e+05 -1.00e+05  9 -1.00e+05 -1.00e+05 -1.00e+05 -1.00e+05 -1.00e+05  -1.00
2002 10 08  1735   52555   63300  9 -1.00e+05 -1.00e+05  9 -1.00e+05 -1.00e+05 -1.00e+05 -1.00e+05 -1.00e+05  -1.00
2002 10 08  1740   52555   63600  9 -1.00e+05 -1.00e+05  9 -1.00e+05 -1.00e+05 -1.00e+05 -1.00e+05 -1.00e+05  -1.00
2002 10 08  1745   52555   63900  9 -1.00e+05 -1.00e+05  9 -1.00e+05 -1.00e+05 -1.00e+05 -1.00e+05 -1.00e+05  -1.00
2002 10 08  1750   52555   64200  9 -1.00e+05 -1.00e+05  9 -1.00e+05 -1.00e+05 -1.00e+05 -1.00e+05 -1.00e+05  -1.00
2002 10 08  1755   52555   64500  9 -1.00e+05 -1.00e+05  9 -1.00e+05 -1.00e+05 -1.00e+05 -1.00e+05 -1.00e+05  -1.00
2002 10 08  1800   52555   64800  9 -1.00e+05 -1.00e+05  9 -1.00e+05 -1.00e+05 -1.00e+05 -1.00e+05 -1.00e+05  -1.00
2002 10 08  1805   52555   65100  9 -1.00e+05 -1.00e+05  9 -1.00e+05 -1.00e+05 -1.00e+05 -1.00e+05 -1.00e+05  -1.00
2002 10 08  1810   52555   65400  9 -1.00e+05 -1.00e+05  9 -1.00e+05 -1.00e+05 -1.00e+05 -1.00e+05 -1.00e+05  -1.00
2002 10 08  1815   52555   65700  9 -1.00e+05 -1.00e+05  9 -1.00e+05 -1.00e+05 -1.00e+05 -1.00e+05 -1.00e+05  -1.00
2002 10 08  1820   52555   66000  9 -1.00e+05 -1.00e+05  9 -1.00e+05 -1.00e+05 -1.00e+05 -1.00e+05 -1.00e+05  -1.00
2002 10 08  1825   52555   66300  0  2.78e+02  6.38e+00  0  1.68e+01  1.04e+01  1.44e+00  0.00e+00  0.00e+00  -1.00
2002 10 08  1830   52555   66600  0  2.78e+02  1.56e+01  0  3.31e+01  1.34e+01  1.74e+00  4.57e-01  0.00e+00   0.67
2002 10 08  1835   52555   66900  0  2.76e+02  1.51e+01  0  3.56e+01  1.50e+01  1.68e+00  3.94e-01  1.60e-01  -1.00
2002 10 08  1840   52555   67200  0  3.24e+02  1.81e+01  0  3.99e+01  1.41e+01  1.73e+00  3.59e-01  1.94e-01   1.00
2002 10 08  1845   52555   67500  0  2.35e+02  1.43e+01  0  3.85e+01  1.61e+01  1.71e+00  3.03e-01  9.55e-02  -1.00
2002 10 08  1850   52555   67800  0  1.39e+02  2.55e+01  0  2.01e+01  1.82e+01  1.44e+00  2.61e-01  0.00e+00  -1.00
2002 10 08  1855   52555   68100  9 -1.00e+05 -1.00e+05  9 -1.00e+05 -1.00e+05 -1.00e+05 -1.00e+05 -1.00e+05  -1.00
2002 10 08  1900   52555   68400  9 -1.00e+05 -1.00e+05  9 -1.00e+05 -1.00e+05 -1.00e+05 -1.00e+05 -1.00e+05  -1.00
2002 10 08  1905   52555   68700  9 -1.00e+05 -1.00e+05  9 -1.00e+05 -1.00e+05 -1.00e+05 -1.00e+05 -1.00e+05  -1.00
2002 10 08  1910   52555   69000  9 -1.00e+05 -1.00e+05  9 -1.00e+05 -1.00e+05 -1.00e+05 -1.00e+05 -1.00e+05  -1.00
2002 10 08  1915   52555   69300  9 -1.00e+05 -1.00e+05  9 -1.00e+05 -1.00e+05 -1.00e+05 -1.00e+05 -1.00e+05  -1.00
2002 10 08  1920   52555   69600  0  2.75e+02  1.55e+01  0  2.11e+01  1.24e+01  1.60e+00  3.40e-01  1.15e-01   1.00
2002 10 08  1925   52555   69900  0  2.70e+02  1.56e+01  0  2.07e+01  1.40e+01  1.85e+00  3.56e-01  1.87e-01  -1.00
2002 10 08  1930   52555   70200  0  3.05e+02  1.82e+01  0  2.23e+01  1.59e+01  1.82e+00  4.92e-01  0.00e+00   0.18
2002 10 08  1935   52555   70500  0  2.95e+02  1.73e+01  0  2.02e+01  1.43e+01  1.57e+00  4.55e-01  1.02e-01   0.10
2002 10 08  1940   52555   70800  0  2.58e+02  1.08e+01  0  2.39e+01  1.20e+01  1.14e+00  4.68e-01  1.46e-01   1.87
2002 10 08  1945   52555   71100  0  2.38e+02  1.45e+01  0  2.30e+01  1.49e+01  1.52e+00  4.83e-01  0.00e+00   0.89
2002 10 08  1950   52555   71400  0  3.51e+02  1.66e+01  0  1.84e+01  1.57e+01  1.88e+00  4.73e-01  0.00e+00   2.00
2002 10 08  1955   52555   71700  0  2.41e+02  1.43e+01  0  2.52e+01  1.38e+01  1.12e+00  5.00e-01  1.15e-01   1.07
2002 10 08  2000   52555   72000  0  2.53e+02  1.54e+01  0  2.82e+01  1.28e+01  1.62e+00  7.36e-01  0.00e+00  -1.00
2002 10 08  2005   52555   72300  0  2.88e+02  1.56e+01  0  2.54e+01  1.79e+01  1.56e+00  4.01e-01  9.16e-02  -1.00
2002 10 08  2010   52555   72600  0  2.61e+02  1.47e+01  0  2.80e+01  1.35e+01  7.21e-01  4.25e-01  0.00e+00   0.80
2002 10 08  2015   52555   72900  0  2.66e+02  1.37e+01  0  2.95e+01  1.66e+01  1.22e+00  5.31e-01  8.33e-02  -1.00
2002 10 08  2020   52555   73200  0  2.63e+02  1.45e+01  0  2.46e+01  1.21e+01  1.46e+00  3.83e-01  0.00e+00   0.71
2002 10 08  2025   52555   73500  0  2.54e+02  1.49e+01  0  2.56e+01  1.51e+01  1.64e+00  3.33e-01  0.00e+00  -1.00
2002 10 08  2030   52555   73800  0  2.76e+02  1.56e+01  0  2.23e+01  1.22e+01  1.34e+00  3.12e-01  8.59e-02   1.01
2002 10 08  2035   52555   74100  0  2.86e+02  1.53e+01  0  2.43e+01  1.36e+01  1.34e+00  3.38e-01  0.00e+00   0.89
2002 10 08  2040   52555   74400  0  2.38e+02  1.56e+01  0  2.94e+01  1.83e+01  1.79e+00  3.99e-01  0.00e+00   1.61
2002 10 08  2045   52555   74700  0  2.73e+02  1.33e+01  0  2.36e+01  1.28e+01  1.78e+00  4.69e-01  0.00e+00   0.84
2002 10 08  2050   52555   75000  0  3.76e+02  1.73e+01  0  2.48e+01  1.23e+01  1.59e+00  6.20e-01  0.00e+00   0.29
2002 10 08  2055   52555   75300  0  3.29e+02  1.56e+01  0  2.44e+01  1.42e+01  1.84e+00  4.57e-01  2.29e-01   0.67
2002 10 08  2100   52555   75600  0  3.09e+02  1.42e+01  0  2.23e+01  1.39e+01  1.56e+00  4.37e-01  0.00e+00   2.00
2002 10 08  2105   52555   75900  0  3.10e+02  1.83e+01  0  2.80e+01  1.39e+01  1.01e+00  3.94e-01  1.64e-01  -1.00
2002 10 08  2110   52555   76200  0  2.52e+02  1.46e+01  0  2.15e+01  1.67e+01  1.46e+00  3.24e-01  4.58e-02   0.66
2002 10 08  2115   52555   76500  0  3.08e+02  1.58e+01  0  2.52e+01  1.62e+01  1.54e+00  4.30e-01  2.21e-01   1.41
2002 10 08  2120   52555   76800  0  2.98e+02  1.60e+01  0  2.19e+01  1.35e+01  1.80e+00  4.22e-01  4.58e-02   1.85
2002 10 08  2125   52555   77100  0  3.29e+02  1.44e+01  0  2.17e+01  1.86e+01  1.39e+00  4.46e-01  2.08e-01   0.89
2002 10 08  2130   52555   77400  0  2.41e+02  1.36e+01  0  2.73e+01  1.70e+01  1.60e+00  5.26e-01  1.68e-01   0.83
2002 10 08  2135   52555   77700  0  3.10e+02  1.26e+01  0  2.71e+01  1.56e+01  1.78e+00  3.70e-01  1.41e-01   0.98
2002 10 08  2140   52555   78000  0  3.06e+02  1.42e+01  0  2.33e+01  1.54e+01  2.52e+00  2.94e-01  1.41e-01   1.58
2002 10 08  2145   52555   78300  0  2.98e+02  1.42e+01  0  2.62e+01  1.81e+01  2.04e+00  4.97e-01  0.00e+00   1.85
2002 10 08  2150   52555   78600  0  2.51e+02  1.77e+01  0  2.78e+01  1.47e+01  1.90e+00  4.28e-01  6.87e-02  -1.00
2002 10 08  2155   52555   78900  0  2.88e+02  1.18e+01  0  2.65e+01  1.59e+01  1.64e+00  3.23e-01  6.25e-02   0.00
2002 10 08  2200   52555   79200  0  2.88e+02  1.64e+01  0  2.68e+01  1.46e+01  2.07e+00  4.09e-01  0.00e+00   2.00
2002 10 08  2205   52555   79500  0  3.45e+02  1.42e+01  0  2.83e+01  1.62e+01  2.88e+00  4.50e-01  0.00e+00  -1.00
2002 10 08  2210   52555   79800  0  2.84e+02  1.65e+01  0  2.73e+01  1.53e+01  2.43e+00  4.22e-01  7.05e-02  -1.00
2002 10 08  2215   52555   80100  0  3.49e+02  1.44e+01  0  2.98e+01  1.73e+01  1.82e+00  4.38e-01  2.16e-01   0.69
2002 10 08  2220   52555   80400  0  3.00e+02  1.50e+01  0  2.61e+01  1.51e+01  1.51e+00  4.76e-01  9.54e-02   1.07
2002 10 08  2225   52555   80700  0  3.32e+02  1.79e+01  0  2.59e+01  1.42e+01  1.69e+00  4.46e-01  2.29e-01   2.00
2002 10 08  2230   52555   81000  0  2.78e+02  1.72e+01  0  2.46e+01  1.65e+01  1.64e+00  3.83e-01  1.60e-01   0.82
2002 10 08  2235   52555   81300  0  3.54e+02  1.42e+01  0  2.40e+01  1.56e+01  1.53e+00  3.92e-01  1.91e-01  -1.00
2002 10 08  2240   52555   81600  0  3.10e+02  1.31e+01  0  2.87e+01  1.61e+01  1.77e+00  4.63e-01  2.20e-01  -1.00
2002 10 08  2245   52555   81900  0  2.58e+02  1.66e+01  0  2.78e+01  1.91e+01  1.84e+00  3.62e-01  8.33e-02   0.67
2002 10 08  2250   52555   82200  0  3.20e+02  1.61e+01  0  2.54e+01  1.61e+01  1.80e+00  5.74e-01  1.15e-01   1.32
2002 10 08  2255   52555   82500  0  2.80e+02  1.62e+01  0  5.04e+01  1.88e+01  1.44e+00  3.09e-01  9.55e-02  -1.00
2002 10 08  2300   52555   82800  0  3.11e+02  1.50e+01  0  1.28e+02  2.69e+01  1.87e+00  5.19e-01  2.29e-01   0.66
2002 10 08  2305   52555   83100  0  3.19e+02  1.64e+01  0  1.13e+02  2.23e+01  1.52e+00  4.33e-01  1.41e-01   0.00
2002 10 08  2310   52555   83400  0  2.71e+02  1.51e+01  0  4.21e+01  1.88e+01  1.51e+00  3.24e-01  1.86e-01   1.87
2002 10 08  2315   52555   83700  0  3.00e+02  1.33e+01  0  4.11e+01  1.85e+01  1.88e+00  5.12e-01  2.37e-01   2.00
2002 10 08  2320   52555   84000  0  2.68e+02  1.50e+01  0  3.28e+01  1.49e+01  1.78e+00  3.34e-01  4.58e-02   1.87
2002 10 08  2325   52555   84300  0  2.86e+02  1.23e+01  0  2.65e+01  1.51e+01  1.52e+00  2.35e-01  8.59e-02   2.00
2002 10 08  2330   52555   84600  0  3.02e+02  1.41e+01  0  2.11e+01  1.59e+01  2.16e+00  3.53e-01  3.44e-01  -1.00
2002 10 08  2335   52555   84900  0  2.36e+02  1.46e+01  0  2.53e+01  1.72e+01  1.90e+00  3.75e-01  2.08e-01   0.77
2002 10 08  2340   52555   85200  0  3.26e+02  1.63e+01  0  2.77e+01  1.59e+01  2.32e+00  3.23e-01  1.91e-01   2.00
2002 10 08  2345   52555   85500  0  3.08e+02  1.64e+01  0  3.02e+01  1.39e+01  1.94e+00  5.33e-01  3.08e-01   0.69
2002 10 08  2350   52555   85800  0  2.79e+02  1.27e+01  0  3.71e+01  1.65e+01  2.39e+00  3.90e-01  1.72e-01  -1.00
2002 10 08  2355   52555   86100  0  2.78e+02  1.35e+01  0  4.98e+01  1.60e+01  1.82e+00  4.96e-01  2.58e-01   0.98
