:Data_list: 20020713_ace_epam_5m.txt
:Created: 2002 Jul 14 0012 UT
# Prepared by the U.S. Dept. of Commerce, NOAA, Space Environment Center.
# Please send comments and suggestions to sec@sec.noaa.gov 
# 
# Units: Differential Flux particles/cm2-s-ster-MeV
# Units: Anisotropy Index 0.0 - 2.0
# Status(S): 0 = nominal, 4,6,7,8 = bad data, unable to process, 9 = no data
# Missing data values: -1.00e+05, index = -1.00
# Source: ACE Satellite - Electron, Proton, and Alpha Monitor
# Note: 2002 Mar 18: First Proton channel changed from 47-65 to 65-112keV.
#
#                      5-minute averaged Real-time Differential Electron and Proton Flux 
# 
#                Modified Seconds ---------------------------- Differential Flux --------------------------- 
# UT Date   Time  Julian  of the  ----- Electron -----   ------------------- Protons keV -------------------   Anis.
# YR MO DA  HHMM    Day    Day    S    38-53   175-315   S   65-112   112-187   310-580   761-1220 060-1910   Ratio
#-------------------------------------------------------------------------------------------------------------------
2002 07 13  0000   52468       0  0  5.74e+02  2.53e+01  0  1.98e+01  1.56e+01  1.53e+00  4.00e-01  2.59e-01   1.85
2002 07 13  0005   52468     300  0  5.68e+02  2.93e+01  0  1.58e+01  1.39e+01  1.21e+00  6.01e-01  2.36e-01  -1.00
2002 07 13  0010   52468     600  0  5.59e+02  2.53e+01  0  1.92e+01  1.57e+01  1.44e+00  5.39e-01  3.30e-01   1.00
2002 07 13  0015   52468     900  0  6.15e+02  2.57e+01  0  2.26e+01  1.50e+01  1.66e+00  3.98e-01  3.29e-01   0.77
2002 07 13  0020   52468    1200  0  5.69e+02  2.08e+01  0  3.56e+01  1.24e+01  1.69e+00  5.08e-01  1.59e-01   1.30
2002 07 13  0025   52468    1500  0  5.26e+02  2.20e+01  0  5.71e+01  1.86e+01  1.52e+00  5.25e-01  2.44e-01   1.07
2002 07 13  0030   52468    1800  0  5.63e+02  2.35e+01  0  6.23e+01  2.08e+01  2.36e+00  4.46e-01  1.34e-01   0.66
2002 07 13  0035   52468    2100  0  5.52e+02  2.33e+01  0  6.96e+01  2.67e+01  1.50e+00  3.89e-01  7.64e-02   0.70
2002 07 13  0040   52468    2400  0  5.70e+02  2.83e+01  0  4.54e+01  1.83e+01  1.89e+00  4.13e-01  1.15e-01  -1.00
2002 07 13  0045   52468    2700  0  5.67e+02  2.31e+01  0  9.34e+01  2.49e+01  1.31e+00  6.67e-01  2.47e-01   1.15
2002 07 13  0050   52468    3000  0  6.00e+02  2.62e+01  0  2.15e+02  2.97e+01  1.48e+00  5.20e-01  3.21e-01   1.51
2002 07 13  0055   52468    3300  0  5.52e+02  2.60e+01  0  1.86e+02  3.11e+01  1.43e+00  4.42e-01  1.15e-01   1.20
2002 07 13  0100   52468    3600  0  6.03e+02  2.51e+01  0  2.74e+01  1.78e+01  1.40e+00  5.05e-01  2.29e-01   0.08
2002 07 13  0105   52468    3900  0  5.61e+02  2.48e+01  0  2.41e+01  1.23e+01  1.91e+00  7.14e-01  1.35e-01   0.61
2002 07 13  0110   52468    4200  0  4.96e+02  2.54e+01  0  2.26e+01  1.38e+01  1.48e+00  6.01e-01  1.24e-01   0.86
2002 07 13  0115   52468    4500  0  5.51e+02  2.71e+01  0  2.38e+01  1.22e+01  2.18e+00  3.80e-01  2.95e-01  -1.00
2002 07 13  0120   52468    4800  0  5.61e+02  2.66e+01  0  2.74e+01  1.54e+01  7.89e-01  5.05e-01  2.89e-01   1.60
2002 07 13  0125   52468    5100  0  5.75e+02  2.25e+01  0  3.58e+01  1.64e+01  1.37e+00  5.38e-01  2.04e-01   2.00
2002 07 13  0130   52468    5400  0  5.80e+02  2.08e+01  0  5.12e+01  1.62e+01  1.40e+00  2.61e-01  8.33e-02  -1.00
2002 07 13  0135   52468    5700  0  5.91e+02  2.89e+01  0  9.26e+01  2.09e+01  1.48e+00  5.83e-01  1.34e-01   0.63
2002 07 13  0140   52468    6000  0  6.92e+02  2.36e+01  0  1.26e+02  1.95e+01  1.42e+00  5.70e-01  2.42e-01   0.40
2002 07 13  0145   52468    6300  0  4.96e+02  2.21e+01  0  9.79e+01  1.84e+01  1.69e+00  3.99e-01  1.43e-01   1.31
2002 07 13  0150   52468    6600  0  5.72e+02  2.49e+01  0  2.02e+02  2.78e+01  1.70e+00  5.77e-01  5.73e-02  -1.00
2002 07 13  0155   52468    6900  0  5.62e+02  2.27e+01  0  3.52e+01  1.41e+01  1.77e+00  5.26e-01  1.76e-01   0.00
2002 07 13  0200   52468    7200  0  5.70e+02  2.40e+01  0  7.72e+01  1.49e+01  1.53e+00  3.83e-01  1.60e-01   0.69
2002 07 13  0205   52468    7500  0  5.27e+02  2.33e+01  0  2.30e+02  2.69e+01  1.06e+00  5.10e-01  1.99e-01  -1.00
2002 07 13  0210   52468    7800  0  5.48e+02  2.45e+01  0  2.71e+02  3.37e+01  1.66e+00  4.23e-01  1.64e-01  -1.00
2002 07 13  0215   52468    8100  0  5.40e+02  2.71e+01  0  4.05e+02  5.11e+01  1.77e+00  6.26e-01  2.37e-01   1.36
2002 07 13  0220   52468    8400  0  5.42e+02  2.72e+01  0  2.00e+02  3.26e+01  2.32e+00  5.56e-01  2.48e-01   0.91
2002 07 13  0225   52468    8700  0  5.16e+02  2.04e+01  0  1.57e+02  3.00e+01  1.79e+00  5.73e-01  1.53e-01  -1.00
2002 07 13  0230   52468    9000  0  5.60e+02  2.59e+01  0  7.78e+01  1.74e+01  1.44e+00  8.58e-01  3.91e-01   0.44
2002 07 13  0235   52468    9300  0  5.63e+02  2.66e+01  0  6.50e+01  1.38e+01  1.36e+00  4.37e-01  1.99e-01  -1.00
2002 07 13  0240   52468    9600  0  5.54e+02  2.44e+01  0  3.97e+01  1.44e+01  1.23e+00  3.18e-01  2.04e-01   0.67
2002 07 13  0245   52468    9900  0  5.73e+02  2.51e+01  0  4.88e+01  1.80e+01  1.95e+00  6.92e-01  5.09e-02   0.44
2002 07 13  0250   52468   10200  0  5.58e+02  2.39e+01  0  3.66e+01  1.45e+01  1.57e+00  3.87e-01  1.35e-01   0.71
2002 07 13  0255   52468   10500  0  6.21e+02  2.57e+01  0  4.32e+01  1.45e+01  2.07e+00  4.77e-01  2.00e-01   1.26
2002 07 13  0300   52468   10800  0  5.41e+02  2.69e+01  0  4.12e+01  1.71e+01  1.37e+00  6.30e-01  1.99e-01   2.00
2002 07 13  0305   52468   11100  0  6.07e+02  2.70e+01  0  2.06e+01  1.32e+01  1.77e+00  5.52e-01  3.71e-01   0.45
2002 07 13  0310   52468   11400  0  5.61e+02  2.53e+01  0  2.04e+01  1.34e+01  1.29e+00  4.57e-01  2.11e-01   0.59
2002 07 13  0315   52468   11700  0  7.48e+02  2.50e+01  0  1.64e+01  1.48e+01  1.80e+00  6.18e-01  2.70e-01   0.91
2002 07 13  0320   52468   12000  0  5.36e+02  2.86e+01  0  2.87e+01  1.27e+01  1.47e+00  6.34e-01  2.10e-01   0.67
2002 07 13  0325   52468   12300  0  5.91e+02  2.53e+01  0  2.96e+01  1.56e+01  1.66e+00  5.79e-01  6.55e-02   1.67
2002 07 13  0330   52468   12600  0  5.20e+02  2.85e+01  0  3.05e+01  1.25e+01  1.62e+00  5.89e-01  2.76e-01   1.07
2002 07 13  0335   52468   12900  0  5.40e+02  2.09e+01  0  2.69e+01  1.63e+01  1.57e+00  4.16e-01  1.06e-01   2.00
2002 07 13  0340   52468   13200  0  6.19e+02  2.45e+01  0  2.32e+01  1.48e+01  1.74e+00  6.83e-01  1.94e-01   1.03
2002 07 13  0345   52468   13500  0  5.88e+02  2.52e+01  0  2.35e+01  1.55e+01  1.76e+00  5.40e-01  9.16e-02   0.98
2002 07 13  0350   52468   13800  0  5.40e+02  2.40e+01  0  2.14e+01  1.64e+01  1.54e+00  5.52e-01  1.02e-01   0.00
2002 07 13  0355   52468   14100  0  5.51e+02  2.52e+01  0  3.33e+01  1.59e+01  1.57e+00  5.46e-01  1.60e-01  -1.00
2002 07 13  0400   52468   14400  0  5.90e+02  2.28e+01  0  7.22e+01  2.27e+01  1.67e+00  4.68e-01  2.62e-01   1.05
2002 07 13  0405   52468   14700  0  5.42e+02  2.41e+01  0  4.87e+01  2.13e+01  1.87e+00  5.82e-01  1.23e-01   2.00
2002 07 13  0410   52468   15000  0  5.62e+02  2.05e+01  0  9.86e+01  2.39e+01  1.53e+00  3.66e-01  2.52e-01   0.00
2002 07 13  0415   52468   15300  0  5.81e+02  2.59e+01  0  6.95e+01  1.98e+01  1.01e+00  5.44e-01  1.99e-01   2.00
2002 07 13  0420   52468   15600  0  4.92e+02  2.13e+01  0  1.51e+02  3.56e+01  1.59e+00  4.21e-01  1.34e-01   0.62
2002 07 13  0425   52468   15900  0  5.33e+02  2.55e+01  0  7.92e+01  2.21e+01  1.62e+00  5.81e-01  0.00e+00   1.85
2002 07 13  0430   52468   16200  0  5.40e+02  2.43e+01  0  2.24e+01  1.35e+01  1.08e+00  5.36e-01  1.41e-01   0.66
2002 07 13  0435   52468   16500  0  5.75e+02  2.43e+01  0  2.11e+01  1.31e+01  1.53e+00  5.64e-01  8.81e-02   1.58
2002 07 13  0440   52468   16800  0  6.07e+02  2.27e+01  0  2.30e+01  1.25e+01  1.26e+00  3.71e-01  8.33e-02   0.00
2002 07 13  0445   52468   17100  0  5.51e+02  2.78e+01  0  1.66e+01  1.46e+01  1.39e+00  3.35e-01  3.25e-01   2.00
2002 07 13  0450   52468   17400  0  5.82e+02  2.29e+01  0  1.79e+01  1.47e+01  1.28e+00  6.04e-01  3.15e-01   0.63
2002 07 13  0455   52468   17700  0  6.15e+02  2.20e+01  0  2.05e+01  1.42e+01  1.52e+00  5.44e-01  1.53e-01  -1.00
2002 07 13  0500   52468   18000  0  5.33e+02  2.26e+01  0  1.82e+01  1.34e+01  1.52e+00  3.57e-01  2.10e-01   1.33
2002 07 13  0505   52468   18300  0  5.83e+02  2.43e+01  0  2.30e+01  1.55e+01  1.60e+00  6.04e-01  2.65e-01   2.00
2002 07 13  0510   52468   18600  0  5.58e+02  2.07e+01  0  1.73e+01  1.38e+01  1.59e+00  3.75e-01  1.04e-01   0.97
2002 07 13  0515   52468   18900  0  6.00e+02  2.61e+01  0  1.67e+01  1.13e+01  1.91e+00  4.79e-01  4.58e-02   1.85
2002 07 13  0520   52468   19200  0  6.03e+02  2.70e+01  0  2.28e+01  1.54e+01  1.23e+00  4.11e-01  7.64e-02  -1.00
2002 07 13  0525   52468   19500  0  5.01e+02  2.80e+01  0  2.14e+01  1.25e+01  1.42e+00  6.33e-01  1.78e-01   1.15
2002 07 13  0530   52468   19800  0  5.52e+02  2.43e+01  0  2.03e+01  1.24e+01  1.65e+00  5.04e-01  0.00e+00  -1.00
2002 07 13  0535   52468   20100  0  6.24e+02  2.55e+01  0  1.59e+01  1.29e+01  1.55e+00  5.37e-01  1.15e-01   0.67
2002 07 13  0540   52468   20400  0  5.36e+02  2.44e+01  0  1.65e+01  1.57e+01  1.25e+00  4.17e-01  0.00e+00   2.00
2002 07 13  0545   52468   20700  0  5.62e+02  2.23e+01  0  1.74e+01  1.46e+01  1.56e+00  3.74e-01  1.25e-01  -1.00
2002 07 13  0550   52468   21000  0  6.27e+02  2.61e+01  0  1.87e+01  1.41e+01  1.23e+00  4.22e-01  1.72e-01   0.00
2002 07 13  0555   52468   21300  0  6.55e+02  2.19e+01  0  2.07e+01  1.45e+01  1.98e+00  5.70e-01  8.33e-02  -1.00
2002 07 13  0600   52468   21600  0  5.86e+02  2.76e+01  0  2.11e+01  1.42e+01  1.49e+00  4.73e-01  2.94e-01   2.00
2002 07 13  0605   52468   21900  0  5.95e+02  2.37e+01  0  1.80e+01  1.51e+01  1.25e+00  7.01e-01  6.87e-02   0.54
2002 07 13  0610   52468   22200  0  5.93e+02  2.39e+01  0  1.81e+01  1.34e+01  1.24e+00  3.27e-01  2.73e-01  -1.00
2002 07 13  0615   52468   22500  0  6.17e+02  2.08e+01  0  1.72e+01  1.38e+01  1.66e+00  3.47e-01  4.17e-02  -1.00
2002 07 13  0620   52468   22800  0  5.56e+02  2.37e+01  0  1.75e+01  1.38e+01  2.25e+00  3.80e-01  0.00e+00  -1.00
2002 07 13  0625   52468   23100  0  5.32e+02  2.27e+01  0  1.66e+01  1.30e+01  1.27e+00  6.81e-01  8.59e-02   0.35
2002 07 13  0630   52468   23400  0  7.34e+02  2.59e+01  0  2.24e+01  1.24e+01  1.75e+00  3.73e-01  0.00e+00   0.47
2002 07 13  0635   52468   23700  0  5.63e+02  2.22e+01  0  1.84e+01  1.45e+01  1.52e+00  6.19e-01  0.00e+00   1.07
2002 07 13  0640   52468   24000  0  5.78e+02  2.36e+01  0  1.82e+01  1.24e+01  1.59e+00  5.35e-01  5.09e-02   1.07
2002 07 13  0645   52468   24300  0  4.86e+02  2.15e+01  0  1.66e+01  1.64e+01  1.18e+00  5.73e-01  0.00e+00  -1.00
2002 07 13  0650   52468   24600  0  6.08e+02  2.23e+01  0  1.66e+01  1.25e+01  1.32e+00  4.21e-01  9.16e-02   0.00
2002 07 13  0655   52468   24900  0  5.65e+02  2.28e+01  0  1.90e+01  1.53e+01  1.57e+00  4.09e-01  2.73e-01   0.58
2002 07 13  0700   52468   25200  0  6.42e+02  2.02e+01  0  2.31e+01  1.82e+01  1.46e+00  3.83e-01  9.16e-02   1.87
2002 07 13  0705   52468   25500  0  6.25e+02  2.53e+01  0  1.58e+01  1.39e+01  1.30e+00  4.36e-01  2.29e-01  -1.00
2002 07 13  0710   52468   25800  0  6.27e+02  2.75e+01  0  1.70e+01  1.55e+01  1.60e+00  4.51e-01  1.34e-01  -1.00
2002 07 13  0715   52468   26100  0  5.99e+02  2.63e+01  0  1.62e+01  1.17e+01  1.29e+00  5.25e-01  6.25e-02   1.20
2002 07 13  0720   52468   26400  0  6.86e+02  2.30e+01  0  1.96e+01  1.29e+01  1.73e+00  4.14e-01  2.44e-01   0.92
2002 07 13  0725   52468   26700  0  6.61e+02  2.32e+01  0  1.60e+01  1.17e+01  1.32e+00  3.84e-01  2.52e-01   1.41
2002 07 13  0730   52468   27000  0  6.31e+02  2.12e+01  0  2.07e+01  1.52e+01  1.75e+00  3.93e-01  1.83e-01  -1.00
2002 07 13  0735   52468   27300  0  5.64e+02  2.36e+01  0  1.72e+01  1.69e+01  1.08e+00  4.78e-01  3.51e-01   0.38
2002 07 13  0740   52468   27600  0  6.35e+02  2.55e+01  0  1.80e+01  1.36e+01  1.42e+00  5.86e-01  3.13e-01   0.69
2002 07 13  0745   52468   27900  0  6.55e+02  2.34e+01  0  1.94e+01  1.34e+01  7.42e-01  6.53e-01  2.06e-01  -1.00
2002 07 13  0750   52468   28200  0  5.83e+02  2.51e+01  0  1.94e+01  1.42e+01  1.15e+00  4.96e-01  2.62e-01   1.49
2002 07 13  0755   52468   28500  0  6.26e+02  2.02e+01  0  1.19e+01  1.47e+01  1.74e+00  4.69e-01  3.51e-01   1.15
2002 07 13  0800   52468   28800  0  5.40e+02  2.36e+01  0  1.50e+01  1.45e+01  1.18e+00  5.90e-01  8.18e-02   0.69
2002 07 13  0805   52468   29100  0  5.56e+02  2.13e+01  0  1.84e+01  1.64e+01  1.54e+00  4.27e-01  1.27e-01   1.49
2002 07 13  0810   52468   29400  0  5.84e+02  2.46e+01  0  1.65e+01  1.27e+01  1.80e+00  4.79e-01  1.76e-01   1.02
2002 07 13  0815   52468   29700  0  6.04e+02  2.40e+01  0  1.69e+01  1.43e+01  1.22e+00  5.53e-01  1.72e-01   1.03
2002 07 13  0820   52468   30000  0  6.87e+02  2.42e+01  0  2.31e+01  1.30e+01  1.49e+00  5.40e-01  2.44e-01   0.87
2002 07 13  0825   52468   30300  0  5.25e+02  2.14e+01  0  1.97e+01  1.35e+01  2.04e+00  5.84e-01  3.29e-01   0.15
2002 07 13  0830   52468   30600  0  6.27e+02  2.40e+01  0  2.09e+01  1.12e+01  1.39e+00  4.80e-01  3.11e-01   1.89
2002 07 13  0835   52468   30900  0  6.05e+02  2.53e+01  0  1.76e+01  1.49e+01  1.10e+00  4.29e-01  4.17e-02   0.89
2002 07 13  0840   52468   31200  0  5.73e+02  2.04e+01  0  2.43e+01  1.65e+01  1.62e+00  3.98e-01  2.23e-01   1.60
2002 07 13  0845   52468   31500  0  5.88e+02  3.03e+01  0  2.41e+01  1.60e+01  1.27e+00  4.65e-01  1.99e-01  -1.00
2002 07 13  0850   52468   31800  0  6.38e+02  2.27e+01  0  1.93e+01  1.38e+01  1.08e+00  4.39e-01  1.34e-01   1.49
2002 07 13  0855   52468   32100  0  5.95e+02  1.92e+01  0  2.05e+01  1.33e+01  1.55e+00  5.25e-01  2.16e-01   0.00
2002 07 13  0900   52468   32400  0  6.75e+02  1.91e+01  0  2.53e+01  1.63e+01  2.16e+00  5.63e-01  2.52e-01   0.77
2002 07 13  0905   52468   32700  0  6.46e+02  2.32e+01  0  2.01e+01  1.39e+01  1.29e+00  3.31e-01  2.67e-01   1.58
2002 07 13  0910   52468   33000  0  6.37e+02  2.42e+01  0  2.14e+01  1.34e+01  1.44e+00  5.10e-01  2.44e-01   1.22
2002 07 13  0915   52468   33300  0  5.69e+02  2.38e+01  0  2.45e+01  1.39e+01  1.22e+00  5.26e-01  1.53e-01   1.41
2002 07 13  0920   52468   33600  0  6.07e+02  2.07e+01  0  4.31e+01  1.26e+01  1.58e+00  4.27e-01  1.58e-01   0.94
2002 07 13  0925   52468   33900  0  5.95e+02  2.10e+01  0  2.54e+01  1.34e+01  1.80e+00  3.94e-01  3.11e-01   1.14
2002 07 13  0930   52468   34200  0  5.93e+02  2.62e+01  0  3.16e+01  1.54e+01  1.08e+00  6.23e-01  2.29e-01   0.46
2002 07 13  0935   52468   34500  0  6.08e+02  2.38e+01  0  2.93e+01  1.44e+01  1.85e+00  4.84e-01  1.96e-01   0.94
2002 07 13  0940   52468   34800  0  6.42e+02  2.46e+01  0  2.74e+01  1.52e+01  1.50e+00  4.09e-01  1.15e-01   0.28
2002 07 13  0945   52468   35100  0  6.85e+02  2.59e+01  0  4.67e+01  1.49e+01  1.32e+00  3.71e-01  0.00e+00   0.62
2002 07 13  0950   52468   35400  0  6.85e+02  2.42e+01  0  7.26e+01  1.91e+01  1.37e+00  4.22e-01  1.67e-01   0.71
2002 07 13  0955   52468   35700  0  5.48e+02  2.38e+01  0  7.64e+01  1.64e+01  1.70e+00  4.82e-01  6.55e-02  -1.00
2002 07 13  1000   52468   36000  0  6.05e+02  2.64e+01  0  9.45e+01  1.73e+01  1.80e+00  5.44e-01  7.64e-02  -1.00
2002 07 13  1005   52468   36300  0  5.95e+02  2.49e+01  0  1.26e+02  2.29e+01  1.44e+00  5.23e-01  2.05e-01   2.00
2002 07 13  1010   52468   36600  0  6.08e+02  2.24e+01  0  8.50e+01  1.90e+01  1.13e+00  5.11e-01  3.18e-01  -1.00
2002 07 13  1015   52468   36900  0  5.75e+02  2.30e+01  0  5.76e+01  1.60e+01  1.94e+00  5.05e-01  2.29e-01   0.22
2002 07 13  1020   52468   37200  0  5.77e+02  2.33e+01  0  7.45e+01  2.15e+01  8.76e-01  4.29e-01  2.62e-01   1.33
2002 07 13  1025   52468   37500  0  5.92e+02  2.39e+01  0  7.41e+01  2.20e+01  1.68e+00  4.59e-01  2.65e-01   0.62
2002 07 13  1030   52468   37800  0  4.84e+02  2.65e+01  0  7.14e+01  1.79e+01  2.00e+00  2.78e-01  2.37e-01   2.00
2002 07 13  1035   52468   38100  0  5.64e+02  2.47e+01  0  6.62e+01  1.53e+01  1.58e+00  4.29e-01  2.67e-01   1.49
2002 07 13  1040   52468   38400  0  5.82e+02  2.17e+01  0  8.91e+01  2.46e+01  2.08e+00  3.88e-01  2.36e-01   1.41
2002 07 13  1045   52468   38700  0  5.71e+02  2.16e+01  0  1.29e+02  2.98e+01  1.90e+00  5.72e-01  3.36e-01   2.00
2002 07 13  1050   52468   39000  0  6.20e+02  2.19e+01  0  6.71e+01  1.94e+01  1.58e+00  4.33e-01  2.44e-01   0.37
2002 07 13  1055   52468   39300  0  5.95e+02  2.35e+01  0  4.08e+01  1.94e+01  2.16e+00  5.02e-01  2.83e-01   0.36
2002 07 13  1100   52468   39600  0  5.67e+02  2.25e+01  0  4.15e+01  1.76e+01  1.59e+00  5.95e-01  1.96e-01   0.33
2002 07 13  1105   52468   39900  0  5.71e+02  2.37e+01  0  4.10e+01  1.90e+01  1.39e+00  4.43e-01  3.10e-01   1.41
2002 07 13  1110   52468   40200  0  5.45e+02  2.55e+01  0  6.10e+01  1.55e+01  2.18e+00  5.21e-01  1.68e-01   1.85
2002 07 13  1115   52468   40500  0  5.92e+02  2.33e+01  0  2.98e+01  1.42e+01  1.70e+00  6.24e-01  2.08e-01   2.00
2002 07 13  1120   52468   40800  0  6.09e+02  2.42e+01  0  2.37e+01  1.76e+01  1.42e+00  3.34e-01  1.59e-01  -1.00
2002 07 13  1125   52468   41100  0  6.26e+02  2.59e+01  0  2.06e+01  1.11e+01  1.16e+00  4.32e-01  3.05e-01   0.38
2002 07 13  1130   52468   41400  0  5.21e+02  2.28e+01  0  4.20e+01  1.68e+01  1.46e+00  3.83e-01  3.23e-01   0.26
2002 07 13  1135   52468   41700  0  5.72e+02  2.04e+01  0  2.22e+01  1.28e+01  1.52e+00  4.52e-01  2.09e-01   2.00
2002 07 13  1140   52468   42000  0  6.43e+02  2.31e+01  0  1.66e+01  1.33e+01  1.58e+00  4.73e-01  1.04e-01   0.77
2002 07 13  1145   52468   42300  0  5.20e+02  1.98e+01  0  1.83e+01  1.12e+01  1.60e+00  4.76e-01  2.43e-01   1.25
2002 07 13  1150   52468   42600  0  5.91e+02  2.33e+01  0  1.98e+01  1.46e+01  1.31e+00  4.88e-01  5.09e-02  -1.00
2002 07 13  1155   52468   42900  0  6.38e+02  2.59e+01  0  2.37e+01  1.65e+01  2.00e+00  5.36e-01  1.25e-01   0.85
2002 07 13  1200   52468   43200  0  6.53e+02  1.99e+01  0  3.54e+01  1.39e+01  1.44e+00  3.44e-01  2.80e-01   2.00
2002 07 13  1205   52468   43500  0  5.48e+02  2.37e+01  0  2.04e+01  1.32e+01  1.20e+00  5.05e-01  1.96e-01   1.85
2002 07 13  1210   52468   43800  0  5.58e+02  2.23e+01  0  1.98e+01  1.44e+01  1.52e+00  4.52e-01  2.86e-01   0.67
2002 07 13  1215   52468   44100  0  5.50e+02  2.43e+01  0  2.46e+01  1.65e+01  9.61e-01  4.47e-01  2.29e-01   1.87
2002 07 13  1220   52468   44400  0  6.72e+02  2.27e+01  0  2.16e+01  1.23e+01  1.10e+00  4.04e-01  2.29e-01   1.20
2002 07 13  1225   52468   44700  0  4.85e+02  2.29e+01  0  1.63e+01  1.11e+01  2.38e+00  6.21e-01  2.14e-01  -1.00
2002 07 13  1230   52468   45000  0  6.10e+02  2.16e+01  0  1.93e+01  1.36e+01  1.42e+00  3.75e-01  2.47e-01   2.00
2002 07 13  1235   52468   45300  0  5.73e+02  2.10e+01  0  1.62e+01  1.19e+01  1.46e+00  7.32e-01  1.06e-01   1.15
2002 07 13  1240   52468   45600  0  5.53e+02  2.46e+01  0  1.60e+01  1.28e+01  1.94e+00  5.57e-01  1.06e-01   1.19
2002 07 13  1245   52468   45900  0  5.70e+02  2.28e+01  0  1.98e+01  1.35e+01  1.36e+00  5.31e-01  1.25e-01  -1.00
2002 07 13  1250   52468   46200  0  5.91e+02  1.98e+01  0  2.01e+01  1.18e+01  1.35e+00  4.50e-01  1.25e-01  -1.00
2002 07 13  1255   52468   46500  0  6.04e+02  2.57e+01  0  2.03e+01  1.33e+01  1.44e+00  4.22e-01  8.33e-02  -1.00
2002 07 13  1300   52468   46800  0  5.11e+02  2.35e+01  0  1.63e+01  1.17e+01  1.82e+00  4.24e-01  2.10e-01   0.28
2002 07 13  1305   52468   47100  0  5.46e+02  1.93e+01  0  1.66e+01  1.22e+01  1.54e+00  4.78e-01  2.71e-01   1.17
2002 07 13  1310   52468   47400  0  5.13e+02  2.16e+01  0  1.79e+01  1.63e+01  1.46e+00  4.80e-01  2.29e-01   1.22
2002 07 13  1315   52468   47700  0  4.88e+02  2.09e+01  0  1.72e+01  1.12e+01  1.96e+00  3.33e-01  2.20e-01  -1.00
2002 07 13  1320   52468   48000  0  5.24e+02  2.24e+01  0  1.59e+01  1.38e+01  1.91e+00  3.82e-01  1.30e-01  -1.00
2002 07 13  1325   52468   48300  0  5.16e+02  2.45e+01  0  1.63e+01  1.53e+01  1.59e+00  2.49e-01  1.37e-01   1.85
2002 07 13  1330   52468   48600  0  5.41e+02  2.12e+01  0  2.06e+01  1.19e+01  1.44e+00  2.32e-01  6.87e-02   0.77
2002 07 13  1335   52468   48900  0  5.51e+02  2.20e+01  0  1.81e+01  1.38e+01  1.79e+00  3.98e-01  1.49e-01   1.41
2002 07 13  1340   52468   49200  0  5.75e+02  2.87e+01  0  1.60e+01  1.27e+01  1.14e+00  3.85e-01  2.08e-01   0.71
2002 07 13  1345   52468   49500  0  4.87e+02  2.25e+01  0  1.74e+01  1.14e+01  1.06e+00  2.98e-01  2.00e-01   2.00
2002 07 13  1350   52468   49800  0  5.33e+02  1.80e+01  0  1.63e+01  1.27e+01  1.76e+00  4.80e-01  2.39e-01   0.92
2002 07 13  1355   52468   50100  0  5.19e+02  2.22e+01  0  1.72e+01  1.19e+01  1.51e+00  4.28e-01  1.25e-01  -1.00
2002 07 13  1400   52468   50400  0  5.29e+02  1.93e+01  0  1.72e+01  1.38e+01  1.58e+00  3.64e-01  2.43e-01   2.00
2002 07 13  1405   52468   50700  0  4.97e+02  2.31e+01  0  1.59e+01  1.40e+01  1.80e+00  5.06e-01  2.00e-01  -1.00
2002 07 13  1410   52468   51000  0  5.40e+02  2.11e+01  0  1.85e+01  1.38e+01  1.15e+00  3.72e-01  2.08e-01   0.67
2002 07 13  1415   52468   51300  0  5.29e+02  2.08e+01  0  1.82e+01  1.22e+01  1.70e+00  3.94e-01  0.00e+00   0.77
2002 07 13  1420   52468   51600  0  5.32e+02  2.29e+01  0  1.76e+01  1.78e+01  1.69e+00  4.59e-01  6.55e-02   1.41
2002 07 13  1425   52468   51900  0  4.60e+02  1.97e+01  0  1.86e+01  1.15e+01  1.44e+00  3.48e-01  2.16e-01  -1.00
2002 07 13  1430   52468   52200  0  4.22e+02  2.09e+01  0  1.91e+01  1.11e+01  7.21e-01  5.29e-01  1.83e-01   1.85
2002 07 13  1435   52468   52500  0  5.06e+02  2.03e+01  0  2.05e+01  1.37e+01  1.32e+00  5.86e-01  6.55e-02   1.67
2002 07 13  1440   52468   52800  0  5.16e+02  2.25e+01  0  1.58e+01  1.46e+01  1.40e+00  5.16e-01  1.37e-01   0.63
2002 07 13  1445   52468   53100  0  5.08e+02  2.35e+01  0  2.33e+01  1.22e+01  9.24e-01  4.11e-01  1.83e-01   0.85
2002 07 13  1450   52468   53400  0  5.08e+02  2.35e+01  0  1.97e+01  1.05e+01  2.42e+00  3.74e-01  1.41e-01   0.80
2002 07 13  1455   52468   53700  0  4.71e+02  2.33e+01  0  1.92e+01  1.13e+01  1.15e+00  4.98e-01  4.58e-02   0.36
2002 07 13  1500   52468   54000  0  5.08e+02  2.16e+01  0  1.75e+01  1.43e+01  1.73e+00  3.76e-01  2.82e-01   2.00
2002 07 13  1505   52468   54300  0  5.51e+02  2.04e+01  0  1.74e+01  1.40e+01  1.58e+00  4.04e-01  2.67e-01   0.67
2002 07 13  1510   52468   54600  0  5.09e+02  2.30e+01  0  1.80e+01  1.63e+01  1.35e+00  5.47e-01  1.62e-01   1.19
2002 07 13  1515   52468   54900  0  5.22e+02  1.98e+01  0  1.91e+01  1.43e+01  1.32e+00  3.11e-01  6.87e-02   0.67
2002 07 13  1520   52468   55200  0  5.38e+02  2.11e+01  0  2.02e+01  1.42e+01  1.78e+00  3.78e-01  3.51e-01   0.68
2002 07 13  1525   52468   55500  0  5.05e+02  2.51e+01  0  2.08e+01  1.25e+01  1.25e+00  4.46e-01  2.48e-01   0.84
2002 07 13  1530   52468   55800  0  5.52e+02  2.04e+01  0  1.96e+01  1.17e+01  1.37e+00  5.34e-01  2.92e-01   0.89
2002 07 13  1535   52468   56100  0  5.54e+02  2.00e+01  0  1.80e+01  1.37e+01  1.26e+00  4.78e-01  2.14e-01   2.00
2002 07 13  1540   52468   56400  0  5.53e+02  2.30e+01  0  1.84e+01  1.37e+01  1.80e+00  5.35e-01  1.85e-01   1.85
2002 07 13  1545   52468   56700  0  5.22e+02  2.13e+01  0  1.84e+01  1.18e+01  1.62e+00  6.07e-01  2.29e-01   0.00
2002 07 13  1550   52468   57000  0  5.27e+02  2.17e+01  0  1.74e+01  1.09e+01  1.06e+00  5.56e-01  5.09e-02   1.49
2002 07 13  1555   52468   57300  0  5.65e+02  2.57e+01  0  1.48e+01  1.41e+01  1.08e+00  4.38e-01  7.64e-02  -1.00
2002 07 13  1600   52468   57600  0  4.96e+02  2.03e+01  0  1.37e+01  1.20e+01  1.80e+00  5.64e-01  0.00e+00  -1.00
2002 07 13  1605   52468   57900  0  4.94e+02  2.46e+01  0  1.57e+01  1.61e+01  1.85e+00  5.46e-01  1.67e-01  -1.00
2002 07 13  1610   52468   58200  0  5.84e+02  2.47e+01  0  1.89e+01  1.47e+01  1.88e+00  4.56e-01  2.14e-01   1.41
2002 07 13  1615   52468   58500  0  5.28e+02  2.46e+01  0  1.72e+01  1.59e+01  1.88e+00  3.81e-01  2.43e-01  -1.00
2002 07 13  1620   52468   58800  0  5.48e+02  2.39e+01  0  2.09e+01  1.18e+01  1.42e+00  4.93e-01  2.64e-01   0.54
2002 07 13  1625   52468   59100  0  4.92e+02  2.20e+01  0  1.73e+01  1.40e+01  1.40e+00  4.57e-01  1.65e-01   2.00
2002 07 13  1630   52468   59400  0  6.15e+02  2.03e+01  0  1.77e+01  1.21e+01  1.35e+00  3.47e-01  1.72e-01   0.98
2002 07 13  1635   52468   59700  0  5.06e+02  2.32e+01  0  1.99e+01  1.36e+01  1.28e+00  4.40e-01  1.96e-01   1.87
2002 07 13  1640   52468   60000  0  5.43e+02  2.53e+01  0  1.60e+01  1.31e+01  1.36e+00  5.37e-01  2.15e-01   1.85
2002 07 13  1645   52468   60300  0  5.50e+02  2.14e+01  0  2.00e+01  1.47e+01  1.05e+00  3.09e-01  3.82e-01   0.77
2002 07 13  1650   52468   60600  0  5.63e+02  2.29e+01  0  2.17e+01  1.19e+01  1.31e+00  5.08e-01  1.96e-01   0.38
2002 07 13  1655   52468   60900  0  5.49e+02  2.16e+01  0  1.74e+01  1.13e+01  1.28e+00  4.15e-01  2.90e-01   2.00
2002 07 13  1700   52468   61200  0  5.51e+02  2.30e+01  0  1.65e+01  1.39e+01  1.75e+00  6.29e-01  2.11e-01   0.28
2002 07 13  1705   52468   61500  0  4.96e+02  2.19e+01  0  2.13e+01  1.29e+01  1.74e+00  4.95e-01  1.59e-01   1.41
2002 07 13  1710   52468   61800  0  5.08e+02  2.30e+01  0  1.83e+01  1.45e+01  1.29e+00  3.87e-01  2.79e-01   0.40
2002 07 13  1715   52468   62100  0  4.53e+02  2.45e+01  0  1.88e+01  1.31e+01  8.65e-01  5.50e-01  2.56e-01   0.46
2002 07 13  1720   52468   62400  0  5.44e+02  2.28e+01  0  2.38e+01  1.57e+01  1.36e+00  3.62e-01  8.33e-02   1.07
2002 07 13  1725   52468   62700  0  4.12e+02  2.30e+01  0  1.81e+01  1.55e+01  1.55e+00  6.82e-01  6.25e-02  -1.00
2002 07 13  1730   52468   63000  0  6.38e+02  2.30e+01  0  1.78e+01  1.26e+01  1.62e+00  3.62e-01  1.15e-01   0.97
2002 07 13  1735   52468   63300  0  4.91e+02  2.32e+01  0  1.80e+01  1.42e+01  1.27e+00  3.99e-01  2.45e-01   1.85
2002 07 13  1740   52468   63600  0  4.56e+02  2.10e+01  0  2.19e+01  1.41e+01  1.76e+00  2.83e-01  3.03e-01   0.67
2002 07 13  1745   52468   63900  0  4.44e+02  2.21e+01  0  1.60e+01  1.46e+01  1.44e+00  5.31e-01  1.31e-01  -1.00
2002 07 13  1750   52468   64200  0  4.36e+02  2.33e+01  0  2.14e+01  1.38e+01  1.87e+00  4.93e-01  2.29e-01   1.00
2002 07 13  1755   52468   64500  0  4.82e+02  2.07e+01  0  1.83e+01  1.56e+01  1.15e+00  5.04e-01  1.91e-01   0.40
2002 07 13  1800   52468   64800  0  4.74e+02  2.15e+01  0  1.90e+01  1.18e+01  1.49e+00  3.48e-01  2.37e-01  -1.00
2002 07 13  1805   52468   65100  0  4.74e+02  2.20e+01  0  1.65e+01  1.04e+01  1.54e+00  2.97e-01  1.53e-01   2.00
2002 07 13  1810   52468   65400  0  4.51e+02  2.26e+01  0  1.74e+01  1.47e+01  1.46e+00  4.52e-01  0.00e+00   0.57
2002 07 13  1815   52468   65700  0  4.37e+02  2.68e+01  0  2.06e+01  1.43e+01  1.34e+00  3.70e-01  5.73e-02  -1.00
2002 07 13  1820   52468   66000  0  5.13e+02  2.24e+01  0  2.35e+01  1.21e+01  1.85e+00  4.15e-01  1.53e-01  -1.00
2002 07 13  1825   52468   66300  0  4.50e+02  2.30e+01  0  1.85e+01  1.21e+01  1.08e+00  2.92e-01  1.68e-01  -1.00
2002 07 13  1830   52468   66600  0  4.56e+02  2.28e+01  0  1.31e+01  1.35e+01  1.29e+00  4.29e-01  1.80e-01   1.58
2002 07 13  1835   52468   66900  0  4.98e+02  2.40e+01  0  1.62e+01  1.30e+01  1.59e+00  4.43e-01  1.53e-01  -1.00
2002 07 13  1840   52468   67200  0  5.12e+02  2.12e+01  0  1.85e+01  1.32e+01  1.44e+00  3.47e-01  7.05e-02   1.46
2002 07 13  1845   52468   67500  0  4.89e+02  2.31e+01  0  1.48e+01  1.23e+01  1.87e+00  6.17e-01  1.46e-01   1.41
2002 07 13  1850   52468   67800  0  4.55e+02  2.21e+01  0  1.62e+01  1.40e+01  1.36e+00  5.11e-01  1.62e-01   0.91
2002 07 13  1855   52468   68100  0  4.81e+02  2.25e+01  0  1.98e+01  1.27e+01  1.32e+00  4.37e-01  9.16e-02   0.67
2002 07 13  1900   52468   68400  0  4.33e+02  2.20e+01  0  1.82e+01  1.24e+01  1.31e+00  3.36e-01  1.76e-01   0.40
2002 07 13  1905   52468   68700  0  4.86e+02  2.19e+01  0  2.04e+01  1.29e+01  1.23e+00  4.13e-01  3.56e-01   0.67
2002 07 13  1910   52468   69000  0  3.97e+02  2.20e+01  0  2.03e+01  1.36e+01  1.36e+00  4.17e-01  1.83e-01   1.85
2002 07 13  1915   52468   69300  0  4.27e+02  2.36e+01  0  1.83e+01  1.17e+01  2.04e+00  4.13e-01  3.00e-01   1.12
2002 07 13  1920   52468   69600  0  4.51e+02  2.36e+01  0  1.73e+01  1.34e+01  1.60e+00  2.19e-01  1.15e-01   2.00
2002 07 13  1925   52468   69900  0  4.93e+02  2.06e+01  0  1.80e+01  1.32e+01  1.58e+00  4.69e-01  0.00e+00   1.71
2002 07 13  1930   52468   70200  0  4.87e+02  2.75e+01  0  1.60e+01  1.34e+01  1.75e+00  6.64e-01  2.35e-01   0.33
2002 07 13  1935   52468   70500  0  4.98e+02  2.33e+01  0  1.98e+01  1.32e+01  1.47e+00  5.08e-01  1.37e-01   1.87
2002 07 13  1940   52468   70800  0  3.87e+02  2.49e+01  0  1.90e+01  1.75e+01  1.06e+00  4.93e-01  0.00e+00   0.77
2002 07 13  1945   52468   71100  0  4.43e+02  2.34e+01  0  1.66e+01  1.33e+01  1.56e+00  5.01e-01  0.00e+00   0.00
2002 07 13  1950   52468   71400  0  4.56e+02  2.13e+01  0  1.66e+01  1.55e+01  1.30e+00  4.85e-01  1.67e-01   1.71
2002 07 13  1955   52468   71700  0  6.05e+02  2.18e+01  0  1.75e+01  1.28e+01  1.20e+00  6.45e-01  0.00e+00   0.46
2002 07 13  2000   52468   72000  0  4.42e+02  2.06e+01  0  1.80e+01  1.32e+01  1.65e+00  3.54e-01  1.15e-01   2.00
2002 07 13  2005   52468   72300  0  4.19e+02  2.35e+01  0  2.02e+01  1.49e+01  1.53e+00  2.78e-01  2.08e-01   1.14
2002 07 13  2010   52468   72600  0  4.51e+02  2.30e+01  0  2.07e+01  1.19e+01  1.92e+00  3.56e-01  2.08e-01   2.00
2002 07 13  2015   52468   72900  0  4.88e+02  2.07e+01  0  1.84e+01  1.33e+01  2.38e+00  4.39e-01  5.29e-02   1.42
2002 07 13  2020   52468   73200  0  4.59e+02  2.30e+01  0  2.06e+01  1.31e+01  2.16e+00  5.44e-01  1.72e-01  -1.00
2002 07 13  2025   52468   73500  0  4.93e+02  2.32e+01  0  1.54e+01  1.32e+01  1.10e+00  4.19e-01  2.51e-01   1.61
2002 07 13  2030   52468   73800  0  4.99e+02  1.81e+01  0  1.90e+01  1.38e+01  1.12e+00  3.33e-01  2.45e-01  -1.00
2002 07 13  2035   52468   74100  0  4.32e+02  2.24e+01  0  1.66e+01  1.26e+01  1.10e+00  4.35e-01  2.29e-01   1.71
2002 07 13  2040   52468   74400  0  4.64e+02  2.38e+01  0  1.60e+01  1.66e+01  1.76e+00  5.12e-01  7.05e-02   0.67
2002 07 13  2045   52468   74700  0  4.83e+02  2.16e+01  0  1.42e+01  1.44e+01  2.27e+00  4.79e-01  1.25e-01   1.41
2002 07 13  2050   52468   75000  0  5.05e+02  2.09e+01  0  1.77e+01  1.14e+01  1.41e+00  6.70e-01  0.00e+00   0.90
2002 07 13  2055   52468   75300  0  5.06e+02  2.16e+01  0  1.71e+01  1.28e+01  1.95e+00  5.01e-01  1.39e-01  -1.00
2002 07 13  2100   52468   75600  0  4.48e+02  2.47e+01  0  1.50e+01  1.31e+01  1.86e+00  6.17e-01  1.50e-01   1.18
2002 07 13  2105   52468   75900  0  4.82e+02  2.50e+01  0  1.76e+01  1.58e+01  1.68e+00  4.37e-01  1.97e-01   0.38
2002 07 13  2110   52468   76200  0  4.40e+02  2.65e+01  0  1.81e+01  1.17e+01  1.53e+00  6.37e-01  1.88e-01   2.00
2002 07 13  2115   52468   76500  0  5.05e+02  2.25e+01  0  1.89e+01  1.39e+01  1.02e+00  4.59e-01  2.43e-01   0.66
2002 07 13  2120   52468   76800  0  4.64e+02  2.08e+01  0  1.71e+01  1.09e+01  1.71e+00  4.92e-01  1.06e-01   0.59
2002 07 13  2125   52468   77100  0  3.87e+02  2.27e+01  0  1.92e+01  1.29e+01  2.11e+00  3.96e-01  0.00e+00   1.87
2002 07 13  2130   52468   77400  0  4.59e+02  2.06e+01  0  2.30e+01  1.21e+01  1.26e+00  4.52e-01  7.64e-02   1.12
2002 07 13  2135   52468   77700  0  5.04e+02  1.81e+01  0  1.92e+01  1.36e+01  2.13e+00  3.08e-01  2.76e-01   0.69
2002 07 13  2140   52468   78000  0  4.67e+02  2.43e+01  0  1.52e+01  1.36e+01  1.51e+00  3.15e-01  3.08e-01   1.31
2002 07 13  2145   52468   78300  0  4.76e+02  2.12e+01  0  1.91e+01  1.32e+01  1.12e+00  4.60e-01  2.56e-01   1.11
2002 07 13  2150   52468   78600  0  4.91e+02  1.82e+01  0  2.04e+01  1.22e+01  1.76e+00  4.04e-01  1.72e-01  -1.00
2002 07 13  2155   52468   78900  0  4.98e+02  2.22e+01  0  1.90e+01  1.27e+01  1.74e+00  5.51e-01  2.83e-01  -1.00
2002 07 13  2200   52468   79200  0  4.98e+02  2.24e+01  0  1.97e+01  1.12e+01  1.34e+00  4.02e-01  2.98e-01  -1.00
2002 07 13  2205   52468   79500  0  3.88e+02  2.26e+01  0  1.61e+01  1.13e+01  1.37e+00  4.06e-01  2.82e-01   0.80
2002 07 13  2210   52468   79800  0  5.13e+02  2.01e+01  0  1.83e+01  1.25e+01  1.31e+00  6.31e-01  8.81e-02   0.37
2002 07 13  2215   52468   80100  0  4.35e+02  2.10e+01  0  1.76e+01  1.14e+01  1.15e+00  5.29e-01  1.22e-01   1.00
2002 07 13  2220   52468   80400  0  3.97e+02  2.03e+01  0  1.93e+01  1.53e+01  1.52e+00  4.17e-01  0.00e+00   1.12
2002 07 13  2225   52468   80700  0  4.59e+02  2.20e+01  0  1.71e+01  1.40e+01  1.12e+00  4.09e-01  4.58e-02   1.41
2002 07 13  2230   52468   81000  0  4.67e+02  1.68e+01  0  1.85e+01  1.44e+01  1.66e+00  3.88e-01  2.45e-01   1.41
2002 07 13  2235   52468   81300  0  4.66e+02  2.33e+01  0  2.28e+01  1.44e+01  1.33e+00  2.14e-01  2.08e-01  -1.00
2002 07 13  2240   52468   81600  0  3.97e+02  1.65e+01  0  2.05e+01  1.39e+01  1.92e+00  3.54e-01  2.22e-01   1.15
2002 07 13  2245   52468   81900  0  4.99e+02  1.97e+01  0  1.89e+01  1.39e+01  1.36e+00  4.09e-01  1.15e-01   0.00
2002 07 13  2250   52468   82200  0  4.67e+02  2.20e+01  0  1.49e+01  1.16e+01  1.55e+00  6.05e-01  1.59e-01  -1.00
2002 07 13  2255   52468   82500  0  4.72e+02  2.41e+01  0  1.91e+01  1.52e+01  1.35e+00  4.04e-01  2.93e-01   0.82
2002 07 13  2300   52468   82800  0  4.82e+02  2.59e+01  0  1.75e+01  1.24e+01  9.27e-01  3.76e-01  2.90e-01   0.26
2002 07 13  2305   52468   83100  0  4.78e+02  2.09e+01  0  1.88e+01  1.38e+01  1.37e+00  5.78e-01  1.76e-01   0.69
2002 07 13  2310   52468   83400  0  4.25e+02  2.07e+01  0  1.74e+01  1.30e+01  1.23e+00  2.58e-01  3.84e-01   2.00
2002 07 13  2315   52468   83700  0  4.62e+02  2.30e+01  0  1.62e+01  1.32e+01  1.72e+00  5.48e-01  1.72e-01   0.62
2002 07 13  2320   52468   84000  0  5.16e+02  2.23e+01  0  1.72e+01  1.28e+01  1.08e+00  4.44e-01  0.00e+00  -1.00
2002 07 13  2325   52468   84300  0  4.33e+02  2.25e+01  0  1.64e+01  1.25e+01  1.28e+00  2.07e-01  2.90e-01  -1.00
2002 07 13  2330   52468   84600  0  4.63e+02  2.17e+01  0  1.64e+01  1.39e+01  1.33e+00  5.23e-01  3.37e-01  -1.00
2002 07 13  2335   52468   84900  0  4.92e+02  1.90e+01  0  1.57e+01  1.31e+01  1.33e+00  4.57e-01  2.43e-01  -1.00
2002 07 13  2340   52468   85200  0  4.59e+02  2.02e+01  0  1.36e+01  1.68e+01  1.60e+00  2.35e-01  2.61e-01   2.00
2002 07 13  2345   52468   85500  0  4.70e+02  2.14e+01  0  1.79e+01  1.20e+01  1.55e+00  5.58e-01  1.08e-01  -1.00
2002 07 13  2350   52468   85800  0  4.34e+02  2.29e+01  0  1.72e+01  1.20e+01  1.39e+00  6.33e-01  1.72e-01   0.38
2002 07 13  2355   52468   86100  0  4.29e+02  1.95e+01  0  1.96e+01  1.10e+01  1.38e+00  4.12e-01  2.36e-01   0.77
