:Data_list: 20021206_ace_epam_5m.txt
:Created: 2002 Dec 07 0012 UT
# Prepared by the U.S. Dept. of Commerce, NOAA, Space Environment Center.
# Please send comments and suggestions to sec@sec.noaa.gov 
# 
# Units: Differential Flux particles/cm2-s-ster-MeV
# Units: Anisotropy Index 0.0 - 2.0
# Status(S): 0 = nominal, 4,6,7,8 = bad data, unable to process, 9 = no data
# Missing data values: -1.00e+05, index = -1.00
# Source: ACE Satellite - Electron, Proton, and Alpha Monitor
# Note: 2002 Mar 18: First Proton channel changed from 47-65 to 65-112keV.
#
#                      5-minute averaged Real-time Differential Electron and Proton Flux 
# 
#                Modified Seconds ---------------------------- Differential Flux --------------------------- 
# UT Date   Time  Julian  of the  ----- Electron -----   ------------------- Protons keV -------------------   Anis.
# YR MO DA  HHMM    Day    Day    S    38-53   175-315   S   65-112   112-187   310-580   761-1220 060-1910   Ratio
#-------------------------------------------------------------------------------------------------------------------
2002 12 06  0000   52614       0  0  2.35e+02  1.40e+01  0  2.00e+02  1.47e+01  1.38e+00  4.51e-01  4.58e-02  -1.00
2002 12 06  0005   52614     300  0  2.38e+02  1.37e+01  0  2.36e+02  1.36e+01  1.72e+00  4.68e-01  4.17e-02   0.69
2002 12 06  0010   52614     600  0  3.32e+02  1.16e+01  0  2.77e+02  1.64e+01  1.26e+00  3.96e-01  5.73e-02   1.00
2002 12 06  0015   52614     900  0  1.86e+02  1.92e+01  0  1.93e+02  1.48e+01  1.74e+00  5.23e-01  6.55e-02  -1.00
2002 12 06  0020   52614    1200  0  3.52e+02  1.63e+01  0  1.27e+02  1.34e+01  2.28e+00  6.10e-01  0.00e+00   0.71
2002 12 06  0025   52614    1500  0  2.67e+02  1.59e+01  0  8.98e+01  1.48e+01  1.93e+00  6.30e-01  2.29e-01   0.59
2002 12 06  0030   52614    1800  0  2.94e+02  1.54e+01  0  9.12e+01  1.57e+01  1.84e+00  6.96e-01  1.41e-01   1.14
2002 12 06  0035   52614    2100  0  2.81e+02  1.16e+01  0  1.20e+02  1.44e+01  1.46e+00  4.95e-01  2.67e-01   0.17
2002 12 06  0040   52614    2400  0  3.60e+02  2.00e+01  0  1.84e+02  1.46e+01  1.37e+00  6.45e-01  1.02e-01   0.51
2002 12 06  0045   52614    2700  0  2.62e+02  1.45e+01  0  1.81e+02  1.45e+01  1.90e+00  5.81e-01  9.16e-02   1.15
2002 12 06  0050   52614    3000  0  2.38e+02  1.42e+01  0  1.49e+02  1.50e+01  1.95e+00  4.04e-01  1.67e-01  -1.00
2002 12 06  0055   52614    3300  0  2.93e+02  1.64e+01  0  1.26e+02  1.55e+01  1.98e+00  5.14e-01  0.00e+00   0.65
2002 12 06  0100   52614    3600  0  3.00e+02  1.53e+01  0  9.14e+01  1.62e+01  2.15e+00  5.49e-01  1.72e-01   1.87
2002 12 06  0105   52614    3900  0  2.44e+02  1.52e+01  0  1.51e+02  1.66e+01  1.42e+00  7.55e-01  2.14e-01   1.25
2002 12 06  0110   52614    4200  0  3.35e+02  1.48e+01  0  2.01e+02  1.69e+01  2.08e+00  4.91e-01  2.52e-01   2.00
2002 12 06  0115   52614    4500  0  2.63e+02  1.42e+01  0  1.38e+02  1.97e+01  1.75e+00  4.41e-01  2.42e-01   1.41
2002 12 06  0120   52614    4800  0  3.00e+02  1.84e+01  0  1.18e+02  1.09e+01  1.67e+00  7.00e-01  2.11e-01   1.00
2002 12 06  0125   52614    5100  0  2.55e+02  1.49e+01  0  1.63e+02  1.50e+01  1.51e+00  5.11e-01  2.08e-01   0.08
2002 12 06  0130   52614    5400  0  2.83e+02  1.07e+01  0  1.59e+02  1.40e+01  1.54e+00  4.34e-01  1.34e-01   0.98
2002 12 06  0135   52614    5700  0  2.45e+02  1.68e+01  0  1.49e+02  1.50e+01  1.97e+00  3.52e-01  2.11e-01   0.77
2002 12 06  0140   52614    6000  0  2.63e+02  1.53e+01  0  1.54e+02  1.54e+01  1.65e+00  4.97e-01  2.36e-01   2.00
2002 12 06  0145   52614    6300  0  3.49e+02  1.61e+01  0  2.48e+02  1.58e+01  2.35e+00  5.34e-01  1.67e-01  -1.00
2002 12 06  0150   52614    6600  0  3.04e+02  1.69e+01  0  2.52e+02  1.27e+01  1.54e+00  7.24e-01  2.86e-01   0.12
2002 12 06  0155   52614    6900  0  2.92e+02  1.56e+01  0  1.98e+02  9.83e+00  2.13e+00  5.84e-01  3.37e-01   0.29
2002 12 06  0200   52614    7200  0  3.37e+02  1.73e+01  0  1.89e+02  1.47e+01  2.01e+00  5.50e-01  3.12e-01   0.29
2002 12 06  0205   52614    7500  0  2.89e+02  1.82e+01  0  1.50e+02  1.44e+01  1.44e+00  4.87e-01  2.73e-01   1.07
2002 12 06  0210   52614    7800  0  2.54e+02  1.60e+01  0  1.99e+02  1.38e+01  1.62e+00  5.33e-01  1.34e-01   2.00
2002 12 06  0215   52614    8100  0  2.69e+02  1.30e+01  0  2.52e+02  1.52e+01  1.46e+00  4.40e-01  2.75e-01   1.26
2002 12 06  0220   52614    8400  0  3.25e+02  1.43e+01  0  2.35e+02  1.39e+01  1.50e+00  4.74e-01  1.23e-01   0.64
2002 12 06  0225   52614    8700  0  2.67e+02  1.55e+01  0  2.31e+02  1.59e+01  1.25e+00  4.67e-01  1.67e-01   1.87
2002 12 06  0230   52614    9000  0  2.38e+02  1.55e+01  0  2.50e+02  1.65e+01  2.10e+00  4.69e-01  0.00e+00   1.60
2002 12 06  0235   52614    9300  0  2.85e+02  1.74e+01  0  2.30e+02  1.35e+01  1.29e+00  4.24e-01  5.73e-02   2.00
2002 12 06  0240   52614    9600  0  3.30e+02  1.07e+01  0  1.65e+02  1.69e+01  2.08e+00  3.70e-01  0.00e+00   0.94
2002 12 06  0245   52614    9900  0  2.57e+02  1.41e+01  0  2.71e+02  1.69e+01  1.98e+00  6.89e-01  0.00e+00   0.69
2002 12 06  0250   52614   10200  0  2.88e+02  1.40e+01  0  3.31e+02  1.77e+01  1.64e+00  6.44e-01  0.00e+00   0.85
2002 12 06  0255   52614   10500  0  3.13e+02  1.86e+01  0  3.03e+02  1.56e+01  1.80e+00  2.85e-01  5.73e-02  -1.00
2002 12 06  0300   52614   10800  0  2.55e+02  1.56e+01  0  3.22e+02  1.43e+01  1.75e+00  5.54e-01  2.11e-01  -1.00
2002 12 06  0305   52614   11100  0  2.54e+02  1.70e+01  0  2.72e+02  1.30e+01  2.06e+00  4.68e-01  1.76e-01   0.47
2002 12 06  0310   52614   11400  0  2.76e+02  1.73e+01  0  3.19e+02  1.58e+01  1.68e+00  4.42e-01  8.33e-02   0.47
2002 12 06  0315   52614   11700  0  3.00e+02  1.57e+01  0  2.71e+02  1.58e+01  2.38e+00  4.25e-01  1.59e-01   1.67
2002 12 06  0320   52614   12000  0  2.71e+02  1.61e+01  0  1.90e+02  1.47e+01  1.75e+00  6.70e-01  3.15e-01   0.26
2002 12 06  0325   52614   12300  0  3.24e+02  1.50e+01  0  1.86e+02  1.66e+01  1.39e+00  5.32e-01  2.54e-01   1.00
2002 12 06  0330   52614   12600  0  2.90e+02  1.28e+01  0  2.07e+02  1.70e+01  1.58e+00  3.79e-01  4.58e-02   0.89
2002 12 06  0335   52614   12900  0  2.48e+02  1.74e+01  0  5.46e+02  1.50e+01  2.09e+00  5.26e-01  5.09e-02   1.61
2002 12 06  0340   52614   13200  0  3.16e+02  1.63e+01  0  3.44e+02  1.50e+01  2.46e+00  7.32e-01  2.00e-01   0.85
2002 12 06  0345   52614   13500  0  3.27e+02  1.57e+01  0  2.59e+02  1.38e+01  1.41e+00  5.85e-01  2.58e-01   1.00
2002 12 06  0350   52614   13800  0  2.99e+02  1.50e+01  0  2.22e+02  1.38e+01  1.66e+00  5.39e-01  1.31e-01   0.67
2002 12 06  0355   52614   14100  0  2.27e+02  1.86e+01  0  5.07e+02  1.22e+01  1.62e+00  5.88e-01  1.37e-01  -1.00
2002 12 06  0400   52614   14400  0  3.01e+02  1.37e+01  0  6.19e+02  1.39e+01  1.59e+00  5.23e-01  1.15e-01  -1.00
2002 12 06  0405   52614   14700  0  3.03e+02  1.53e+01  0  4.89e+02  1.64e+01  1.55e+00  2.56e-01  2.36e-01   2.00
2002 12 06  0410   52614   15000  0  2.73e+02  1.78e+01  0  4.31e+02  1.64e+01  1.76e+00  3.93e-01  2.13e-01   0.94
2002 12 06  0415   52614   15300  0  2.26e+02  1.57e+01  0  3.52e+02  1.39e+01  1.25e+00  4.15e-01  0.00e+00  -1.00
2002 12 06  0420   52614   15600  0  3.25e+02  1.45e+01  0  2.56e+02  1.43e+01  1.14e+00  4.28e-01  7.64e-02   0.55
2002 12 06  0425   52614   15900  0  2.76e+02  1.37e+01  0  3.01e+02  1.50e+01  1.94e+00  4.35e-01  1.96e-01   0.42
2002 12 06  0430   52614   16200  0  2.67e+02  1.63e+01  0  2.68e+02  1.65e+01  1.93e+00  4.97e-01  2.59e-01  -1.00
2002 12 06  0435   52614   16500  0  3.04e+02  1.34e+01  0  2.82e+02  1.67e+01  1.66e+00  5.51e-01  2.22e-01   1.49
2002 12 06  0440   52614   16800  0  2.48e+02  1.35e+01  0  3.34e+02  1.70e+01  2.09e+00  3.56e-01  2.47e-01  -1.00
2002 12 06  0445   52614   17100  0  2.77e+02  1.78e+01  0  3.42e+02  1.64e+01  1.73e+00  5.12e-01  1.15e-01   2.00
2002 12 06  0450   52614   17400  0  2.65e+02  1.60e+01  0  2.19e+02  1.37e+01  1.70e+00  5.32e-01  0.00e+00   0.62
2002 12 06  0455   52614   17700  0  2.87e+02  1.56e+01  0  1.35e+02  1.29e+01  1.78e+00  4.57e-01  2.29e-01   0.87
2002 12 06  0500   52614   18000  0  2.77e+02  1.24e+01  0  1.50e+02  1.40e+01  1.37e+00  6.81e-01  1.80e-01   0.77
2002 12 06  0505   52614   18300  0  2.73e+02  1.28e+01  0  2.46e+02  1.38e+01  2.52e+00  3.28e-01  1.23e-01   2.00
2002 12 06  0510   52614   18600  0  3.09e+02  1.97e+01  0  2.25e+02  1.62e+01  1.80e+00  5.26e-01  1.99e-01   0.77
2002 12 06  0515   52614   18900  0  2.16e+02  1.87e+01  0  1.98e+02  1.23e+01  1.63e+00  5.45e-01  1.41e-01   0.66
2002 12 06  0520   52614   19200  0  2.58e+02  1.72e+01  0  2.05e+02  1.71e+01  1.17e+00  5.50e-01  1.64e-01   0.52
2002 12 06  0525   52614   19500  0  3.31e+02  1.76e+01  0  2.92e+02  1.46e+01  1.41e+00  3.30e-01  1.76e-01   1.60
2002 12 06  0530   52614   19800  0  3.13e+02  1.43e+01  0  2.88e+02  1.50e+01  2.06e+00  5.60e-01  2.95e-01   1.07
2002 12 06  0535   52614   20100  0  2.73e+02  1.60e+01  0  1.88e+02  1.18e+01  1.85e+00  5.70e-01  1.50e-01  -1.00
2002 12 06  0540   52614   20400  0  2.93e+02  1.57e+01  0  2.15e+02  1.86e+01  2.02e+00  4.14e-01  1.86e-01  -1.00
2002 12 06  0545   52614   20700  0  3.67e+02  1.58e+01  0  1.96e+02  1.86e+01  1.61e+00  4.14e-01  2.21e-01  -1.00
2002 12 06  0550   52614   21000  0  3.08e+02  1.56e+01  0  2.58e+02  1.49e+01  1.57e+00  6.46e-01  2.37e-01   0.77
2002 12 06  0555   52614   21300  0  2.34e+02  1.44e+01  0  2.76e+02  1.41e+01  1.68e+00  5.89e-01  2.82e-01   0.66
2002 12 06  0600   52614   21600  0  3.60e+02  1.51e+01  0  4.43e+02  1.43e+01  2.16e+00  4.78e-01  3.13e-01   0.29
2002 12 06  0605   52614   21900  0  2.56e+02  1.42e+01  0  5.49e+02  1.31e+01  1.20e+00  4.80e-01  1.72e-01   0.94
2002 12 06  0610   52614   22200  0  2.54e+02  1.50e+01  0  3.66e+02  1.82e+01  2.18e+00  3.12e-01  1.34e-01   1.49
2002 12 06  0615   52614   22500  0  3.23e+02  1.40e+01  0  3.80e+02  1.69e+01  1.87e+00  6.13e-01  2.99e-01  -1.00
2002 12 06  0620   52614   22800  0  3.77e+02  1.48e+01  0  3.89e+02  1.40e+01  1.66e+00  5.38e-01  2.75e-01   0.85
2002 12 06  0625   52614   23100  0  2.57e+02  1.50e+01  0  2.52e+02  1.40e+01  1.30e+00  4.62e-01  2.93e-01   0.98
2002 12 06  0630   52614   23400  0  2.84e+02  1.60e+01  0  3.22e+02  1.50e+01  1.58e+00  4.50e-01  1.83e-01   0.17
2002 12 06  0635   52614   23700  0  3.05e+02  1.61e+01  0  3.86e+02  1.50e+01  2.25e+00  4.04e-01  1.96e-01   0.89
2002 12 06  0640   52614   24000  0  2.92e+02  1.22e+01  0  2.63e+02  1.30e+01  1.72e+00  4.87e-01  3.21e-01  -1.00
2002 12 06  0645   52614   24300  0  2.48e+02  1.66e+01  0  2.68e+02  1.78e+01  1.74e+00  4.91e-01  1.39e-01   1.26
2002 12 06  0650   52614   24600  0  2.94e+02  1.64e+01  0  2.58e+02  1.44e+01  2.24e+00  4.93e-01  4.91e-01   1.20
2002 12 06  0655   52614   24900  0  3.59e+02  1.51e+01  0  3.48e+02  1.56e+01  1.33e+00  4.22e-01  9.16e-02   0.77
2002 12 06  0700   52614   25200  0  3.15e+02  1.45e+01  0  2.43e+02  1.48e+01  1.96e+00  6.03e-01  2.59e-01   0.86
2002 12 06  0705   52614   25500  0  2.83e+02  1.48e+01  0  1.66e+02  1.38e+01  1.69e+00  5.65e-01  1.25e-01   0.94
2002 12 06  0710   52614   25800  0  3.32e+02  1.49e+01  0  1.39e+02  1.35e+01  1.44e+00  4.84e-01  1.24e-01   0.88
2002 12 06  0715   52614   26100  0  3.64e+02  1.46e+01  0  2.58e+02  1.23e+01  1.90e+00  6.47e-01  2.67e-01   1.79
2002 12 06  0720   52614   26400  0  3.37e+02  1.28e+01  0  2.86e+02  1.63e+01  1.88e+00  6.02e-01  2.11e-01   0.71
2002 12 06  0725   52614   26700  0  4.52e+02  1.59e+01  0  1.78e+02  1.57e+01  1.80e+00  4.77e-01  2.04e-01   2.00
2002 12 06  0730   52614   27000  0  2.58e+02  1.64e+01  0  1.83e+02  1.37e+01  1.68e+00  5.80e-01  2.94e-01   0.84
2002 12 06  0735   52614   27300  0  3.06e+02  1.80e+01  0  1.87e+02  1.22e+01  2.06e+00  6.10e-01  2.86e-01   0.29
2002 12 06  0740   52614   27600  0  3.18e+02  1.21e+01  0  1.92e+02  1.28e+01  1.61e+00  5.39e-01  2.16e-01   0.40
2002 12 06  0745   52614   27900  0  3.20e+02  1.68e+01  0  2.06e+02  1.62e+01  1.33e+00  7.18e-01  3.05e-01   0.67
2002 12 06  0750   52614   28200  0  2.54e+02  1.30e+01  0  1.86e+02  1.49e+01  1.87e+00  3.99e-01  1.22e-01   0.77
2002 12 06  0755   52614   28500  0  2.49e+02  1.46e+01  0  1.83e+02  1.53e+01  1.24e+00  3.31e-01  2.22e-01   1.15
2002 12 06  0800   52614   28800  0  3.46e+02  1.56e+01  0  2.11e+02  1.64e+01  2.14e+00  5.09e-01  8.33e-02   0.33
2002 12 06  0805   52614   29100  0  2.43e+02  1.66e+01  0  1.60e+02  1.23e+01  1.44e+00  3.99e-01  1.15e-01   1.38
2002 12 06  0810   52614   29400  0  2.63e+02  1.53e+01  0  1.73e+02  1.41e+01  1.48e+00  4.45e-01  9.16e-02  -1.00
2002 12 06  0815   52614   29700  0  2.36e+02  1.34e+01  0  1.83e+02  1.46e+01  2.16e+00  3.33e-01  1.15e-01  -1.00
2002 12 06  0820   52614   30000  0  3.31e+02  1.54e+01  0  1.53e+02  1.37e+01  1.64e+00  3.95e-01  2.45e-01   0.95
2002 12 06  0825   52614   30300  0  2.89e+02  1.81e+01  0  1.81e+02  1.51e+01  1.48e+00  6.51e-01  2.49e-01   0.45
2002 12 06  0830   52614   30600  0  2.46e+02  1.42e+01  0  1.59e+02  1.64e+01  1.58e+00  4.79e-01  2.96e-01  -1.00
2002 12 06  0835   52614   30900  0  3.22e+02  1.56e+01  0  1.50e+02  1.26e+01  1.85e+00  3.87e-01  2.29e-01   1.58
2002 12 06  0840   52614   31200  0  3.12e+02  1.46e+01  0  1.28e+02  1.14e+01  2.06e+00  4.73e-01  3.29e-01   0.77
2002 12 06  0845   52614   31500  0  2.70e+02  1.27e+01  0  2.84e+02  1.32e+01  1.80e+00  3.91e-01  1.83e-01   0.74
2002 12 06  0850   52614   31800  0  2.76e+02  1.70e+01  0  3.45e+02  1.43e+01  1.17e+00  5.43e-01  6.25e-02   0.40
2002 12 06  0855   52614   32100  0  3.13e+02  1.57e+01  0  3.00e+02  1.39e+01  1.46e+00  4.26e-01  1.85e-01   1.41
2002 12 06  0900   52614   32400  0  3.61e+02  1.42e+01  0  2.57e+02  1.35e+01  1.62e+00  5.12e-01  1.07e-01   1.01
2002 12 06  0905   52614   32700  0  2.60e+02  1.65e+01  0  2.50e+02  1.50e+01  1.61e+00  6.41e-01  3.11e-01   0.92
2002 12 06  0910   52614   33000  0  3.02e+02  1.73e+01  0  3.18e+02  1.23e+01  2.61e+00  6.09e-01  2.42e-01   2.00
2002 12 06  0915   52614   33300  0  2.93e+02  1.65e+01  0  2.69e+02  1.63e+01  2.24e+00  3.59e-01  7.05e-02   2.00
2002 12 06  0920   52614   33600  0  2.28e+02  1.54e+01  0  2.19e+02  1.54e+01  1.66e+00  5.46e-01  7.64e-02  -1.00
2002 12 06  0925   52614   33900  0  3.27e+02  1.67e+01  0  2.09e+02  1.24e+01  2.11e+00  5.23e-01  4.17e-02   0.71
2002 12 06  0930   52614   34200  0  2.76e+02  1.72e+01  0  1.72e+02  1.63e+01  1.80e+00  3.66e-01  1.15e-01  -1.00
2002 12 06  0935   52614   34500  0  2.93e+02  1.98e+01  0  1.46e+02  1.11e+01  1.37e+00  6.33e-01  4.58e-02   0.67
2002 12 06  0940   52614   34800  0  2.90e+02  1.82e+01  0  1.71e+02  1.64e+01  1.44e+00  5.33e-01  1.89e-01   2.00
2002 12 06  0945   52614   35100  0  3.55e+02  1.74e+01  0  2.74e+02  1.61e+01  2.27e+00  4.17e-01  1.67e-01   0.89
2002 12 06  0950   52614   35400  0  2.70e+02  1.26e+01  0  2.31e+02  1.28e+01  1.60e+00  5.18e-01  2.43e-01   0.64
2002 12 06  0955   52614   35700  0  2.78e+02  1.38e+01  0  2.44e+02  1.29e+01  1.75e+00  2.19e-01  1.62e-01   2.00
2002 12 06  1000   52614   36000  0  3.15e+02  1.76e+01  0  2.08e+02  1.67e+01  2.13e+00  2.35e-01  1.04e-01  -1.00
2002 12 06  1005   52614   36300  0  4.10e+02  1.39e+01  0  2.01e+02  1.49e+01  1.88e+00  4.90e-01  2.44e-01  -1.00
2002 12 06  1010   52614   36600  0  2.53e+02  1.28e+01  0  2.40e+02  1.49e+01  1.53e+00  4.92e-01  0.00e+00   0.77
2002 12 06  1015   52614   36900  0  3.37e+02  1.35e+01  0  3.36e+02  1.52e+01  1.39e+00  4.22e-01  1.60e-01   0.40
2002 12 06  1020   52614   37200  0  3.77e+02  1.58e+01  0  3.76e+02  1.23e+01  1.59e+00  3.70e-01  2.62e-01   2.00
2002 12 06  1025   52614   37500  0  3.34e+02  1.48e+01  0  3.35e+02  1.63e+01  1.53e+00  4.85e-01  1.15e-01  -1.00
2002 12 06  1030   52614   37800  0  3.15e+02  1.38e+01  0  3.60e+02  1.61e+01  1.51e+00  4.73e-01  2.83e-01   1.41
2002 12 06  1035   52614   38100  0  3.48e+02  1.54e+01  0  3.88e+02  1.53e+01  1.91e+00  4.93e-01  1.89e-01   1.41
2002 12 06  1040   52614   38400  0  2.78e+02  1.44e+01  0  2.92e+02  1.39e+01  1.90e+00  3.43e-01  8.81e-02   0.82
2002 12 06  1045   52614   38700  0  3.23e+02  1.32e+01  0  1.90e+02  1.49e+01  2.23e+00  3.87e-01  0.00e+00   1.41
2002 12 06  1050   52614   39000  0  2.82e+02  1.59e+01  0  2.35e+02  1.38e+01  2.11e+00  5.39e-01  0.00e+00   0.77
2002 12 06  1055   52614   39300  0  2.99e+02  1.86e+01  0  2.03e+02  1.41e+01  1.26e+00  4.99e-01  1.02e-01   1.41
2002 12 06  1100   52614   39600  0  2.46e+02  1.77e+01  0  1.80e+02  1.53e+01  1.52e+00  3.66e-01  0.00e+00   0.77
2002 12 06  1105   52614   39900  0  3.17e+02  1.44e+01  0  1.72e+02  1.50e+01  9.24e-01  5.86e-01  0.00e+00   0.92
2002 12 06  1110   52614   40200  0  3.25e+02  1.35e+01  0  1.56e+02  1.78e+01  1.44e+00  4.25e-01  1.31e-01  -1.00
2002 12 06  1115   52614   40500  0  2.55e+02  1.45e+01  0  1.41e+02  1.68e+01  2.02e+00  4.70e-01  1.91e-01  -1.00
2002 12 06  1120   52614   40800  0  2.72e+02  1.81e+01  0  1.40e+02  1.68e+01  2.00e+00  5.44e-01  3.52e-02  -1.00
2002 12 06  1125   52614   41100  0  3.41e+02  1.65e+01  0  1.67e+02  1.33e+01  1.15e+00  3.51e-01  0.00e+00  -1.00
2002 12 06  1130   52614   41400  0  3.27e+02  1.41e+01  0  1.49e+02  1.57e+01  1.63e+00  4.06e-01  1.83e-01   1.53
2002 12 06  1135   52614   41700  0  2.93e+02  1.59e+01  0  1.90e+02  1.37e+01  2.25e+00  3.92e-01  1.15e-01   1.67
2002 12 06  1140   52614   42000  0  3.14e+02  1.53e+01  0  2.06e+02  1.38e+01  1.59e+00  3.83e-01  1.59e-01   0.36
2002 12 06  1145   52614   42300  0  3.30e+02  1.73e+01  0  2.17e+02  1.73e+01  1.20e+00  4.93e-01  3.15e-01   1.14
2002 12 06  1150   52614   42600  0  3.25e+02  1.44e+01  0  2.23e+02  1.47e+01  2.03e+00  5.81e-01  1.31e-01   1.71
2002 12 06  1155   52614   42900  0  3.15e+02  1.56e+01  0  3.03e+02  1.60e+01  2.18e+00  5.16e-01  1.62e-01   0.38
2002 12 06  1200   52614   43200  0  2.93e+02  1.54e+01  0  2.74e+02  1.60e+01  1.97e+00  2.94e-01  1.62e-01   1.22
2002 12 06  1205   52614   43500  0  3.12e+02  1.50e+01  0  3.68e+02  1.43e+01  1.98e+00  4.70e-01  3.13e-01  -1.00
2002 12 06  1210   52614   43800  0  2.99e+02  1.41e+01  0  3.02e+02  1.25e+01  1.34e+00  3.09e-01  8.81e-02  -1.00
2002 12 06  1215   52614   44100  0  4.11e+02  1.68e+01  0  2.41e+02  1.38e+01  1.60e+00  4.46e-01  0.00e+00   0.77
2002 12 06  1220   52614   44400  0  2.91e+02  1.34e+01  0  3.29e+02  1.34e+01  2.13e+00  5.81e-01  0.00e+00   0.80
2002 12 06  1225   52614   44700  0  3.50e+02  1.68e+01  0  2.88e+02  1.63e+01  1.59e+00  3.66e-01  0.00e+00   1.15
2002 12 06  1230   52614   45000  0  3.33e+02  1.68e+01  0  3.70e+02  1.62e+01  1.46e+00  6.66e-01  4.58e-02   0.42
2002 12 06  1235   52614   45300  0  3.11e+02  1.60e+01  0  5.16e+02  1.26e+01  1.48e+00  4.41e-01  4.17e-02   1.28
2002 12 06  1240   52614   45600  0  3.29e+02  1.37e+01  0  4.82e+02  1.41e+01  1.11e+00  6.27e-01  0.00e+00   1.08
2002 12 06  1245   52614   45900  0  3.12e+02  1.92e+01  0  5.10e+02  1.83e+01  1.91e+00  5.51e-01  2.08e-01   0.49
2002 12 06  1250   52614   46200  0  3.51e+02  1.74e+01  0  3.60e+02  1.45e+01  1.80e+00  4.40e-01  0.00e+00   1.58
2002 12 06  1255   52614   46500  0  2.53e+02  1.34e+01  0  3.21e+02  9.97e+00  1.57e+00  4.52e-01  8.33e-02   0.63
2002 12 06  1300   52614   46800  0  3.16e+02  1.60e+01  0  2.77e+02  1.38e+01  9.82e-01  3.87e-01  0.00e+00   0.98
2002 12 06  1305   52614   47100  0  2.72e+02  1.46e+01  0  2.73e+02  1.35e+01  1.20e+00  2.81e-01  8.33e-02   2.00
2002 12 06  1310   52614   47400  0  3.41e+02  1.57e+01  0  1.54e+02  1.34e+01  1.66e+00  1.66e-01  1.53e-01  -1.00
2002 12 06  1315   52614   47700  0  3.40e+02  1.62e+01  0  1.74e+02  1.56e+01  1.18e+00  4.02e-01  1.62e-01  -1.00
2002 12 06  1320   52614   48000  0  3.03e+02  1.84e+01  0  2.19e+02  1.64e+01  1.96e+00  3.20e-01  8.33e-02   1.58
2002 12 06  1325   52614   48300  0  3.33e+02  1.51e+01  0  3.62e+02  1.25e+01  1.31e+00  3.62e-01  7.64e-02   2.00
2002 12 06  1330   52614   48600  0  3.32e+02  1.31e+01  0  2.16e+02  1.19e+01  1.19e+00  3.38e-01  1.25e-01  -1.00
2002 12 06  1335   52614   48900  0  3.49e+02  1.76e+01  0  3.15e+02  1.29e+01  1.62e+00  3.09e-01  1.85e-01  -1.00
2002 12 06  1340   52614   49200  0  3.34e+02  1.42e+01  0  3.68e+02  1.69e+01  1.52e+00  2.83e-01  7.05e-02  -1.00
2002 12 06  1345   52614   49500  0  3.37e+02  1.58e+01  0  2.62e+02  1.29e+01  1.80e+00  5.93e-01  0.00e+00   1.13
2002 12 06  1350   52614   49800  0  3.02e+02  1.53e+01  0  1.85e+02  1.20e+01  2.04e+00  3.83e-01  1.06e-01   0.26
2002 12 06  1355   52614   50100  0  2.78e+02  1.68e+01  0  2.17e+02  1.58e+01  2.32e+00  4.41e-01  0.00e+00   0.80
2002 12 06  1400   52614   50400  0  3.58e+02  1.46e+01  0  1.84e+02  1.42e+01  1.72e+00  3.78e-01  1.94e-01   0.25
2002 12 06  1405   52614   50700  0  3.03e+02  1.44e+01  0  2.35e+02  1.61e+01  1.24e+00  3.01e-01  2.02e-01   2.00
2002 12 06  1410   52614   51000  0  2.86e+02  1.70e+01  0  3.23e+02  1.84e+01  1.44e+00  5.95e-01  4.17e-02   0.64
2002 12 06  1415   52614   51300  0  2.89e+02  1.72e+01  0  4.34e+02  1.62e+01  1.41e+00  5.86e-01  1.64e-01   0.33
2002 12 06  1420   52614   51600  0  3.14e+02  1.96e+01  0  4.34e+02  1.44e+01  1.51e+00  4.52e-01  6.55e-02   0.59
2002 12 06  1425   52614   51900  0  3.13e+02  1.50e+01  0  3.31e+02  1.36e+01  1.68e+00  5.29e-01  2.47e-01   1.18
2002 12 06  1430   52614   52200  0  2.69e+02  1.34e+01  0  2.86e+02  1.17e+01  1.61e+00  4.64e-01  2.29e-01   0.76
2002 12 06  1435   52614   52500  0  2.98e+02  1.65e+01  0  3.70e+02  1.47e+01  1.10e+00  3.92e-01  1.79e-01   1.36
2002 12 06  1440   52614   52800  0  2.41e+02  1.68e+01  0  3.93e+02  1.27e+01  1.38e+00  3.86e-01  1.25e-01   1.41
2002 12 06  1445   52614   53100  0  3.13e+02  1.66e+01  0  2.70e+02  1.23e+01  2.20e+00  7.05e-01  0.00e+00   1.36
2002 12 06  1450   52614   53400  0  3.54e+02  1.62e+01  0  2.38e+02  1.49e+01  9.61e-01  4.87e-01  9.16e-02  -1.00
2002 12 06  1455   52614   53700  0  2.77e+02  1.42e+01  0  1.90e+02  1.16e+01  2.16e+00  3.24e-01  5.09e-02   0.64
2002 12 06  1500   52614   54000  0  2.87e+02  1.44e+01  0  1.56e+02  1.35e+01  1.66e+00  5.21e-01  1.94e-01   0.71
2002 12 06  1505   52614   54300  0  2.78e+02  1.50e+01  0  1.85e+02  1.45e+01  1.68e+00  3.35e-01  3.93e-01   1.56
2002 12 06  1510   52614   54600  0  3.59e+02  1.56e+01  0  3.31e+02  1.21e+01  1.34e+00  3.78e-01  1.60e-01   0.00
2002 12 06  1515   52614   54900  0  2.92e+02  1.53e+01  0  4.11e+02  1.52e+01  1.77e+00  2.95e-01  4.58e-02   2.00
2002 12 06  1520   52614   55200  0  2.49e+02  1.68e+01  0  3.68e+02  1.45e+01  1.49e+00  3.80e-01  2.04e-01  -1.00
2002 12 06  1525   52614   55500  0  2.81e+02  1.73e+01  0  2.98e+02  1.35e+01  1.68e+00  4.65e-01  1.50e-01  -1.00
2002 12 06  1530   52614   55800  0  2.58e+02  1.36e+01  0  2.03e+02  1.32e+01  1.80e+00  4.21e-01  9.16e-02   0.89
2002 12 06  1535   52614   56100  0  2.64e+02  1.28e+01  0  1.75e+02  1.33e+01  2.00e+00  3.00e-01  0.00e+00  -1.00
2002 12 06  1540   52614   56400  0  3.33e+02  1.28e+01  0  2.09e+02  1.30e+01  1.78e+00  3.89e-01  2.22e-01  -1.00
2002 12 06  1545   52614   56700  0  2.30e+02  1.36e+01  0  4.12e+02  1.30e+01  1.75e+00  1.88e-01  1.76e-01   2.00
2002 12 06  1550   52614   57000  0  2.47e+02  1.27e+01  0  3.42e+02  1.33e+01  1.02e+00  2.82e-01  1.15e-01   0.77
2002 12 06  1555   52614   57300  0  2.68e+02  1.50e+01  0  2.98e+02  1.51e+01  1.63e+00  4.35e-01  1.76e-01   0.77
2002 12 06  1600   52614   57600  0  3.37e+02  1.52e+01  0  4.11e+02  1.52e+01  1.44e+00  4.15e-01  1.25e-01  -1.00
2002 12 06  1605   52614   57900  0  2.71e+02  1.34e+01  0  2.74e+02  1.13e+01  1.62e+00  5.28e-01  1.35e-01   1.85
2002 12 06  1610   52614   58200  0  2.68e+02  1.58e+01  0  4.12e+02  1.32e+01  1.24e+00  4.59e-01  6.55e-02   2.00
2002 12 06  1615   52614   58500  0  2.81e+02  1.72e+01  0  4.34e+02  1.14e+01  1.16e+00  2.81e-01  2.67e-01   2.00
2002 12 06  1620   52614   58800  0  2.42e+02  1.03e+01  0  5.09e+02  1.70e+01  1.36e+00  2.74e-01  0.00e+00  -1.00
2002 12 06  1625   52614   59100  0  2.43e+02  1.68e+01  0  3.22e+02  1.68e+01  1.44e+00  4.94e-01  1.15e-01   0.96
2002 12 06  1630   52614   59400  0  2.82e+02  1.39e+01  0  2.73e+02  1.59e+01  1.58e+00  5.40e-01  2.90e-01   0.62
2002 12 06  1635   52614   59700  0  3.57e+02  1.57e+01  0  3.43e+02  1.44e+01  1.33e+00  5.35e-01  1.53e-01   1.49
2002 12 06  1640   52614   60000  0  2.09e+02  1.80e+01  0  3.43e+02  1.84e+01  1.88e+00  3.27e-01  1.23e-01  -1.00
2002 12 06  1645   52614   60300  0  2.88e+02  1.35e+01  0  3.90e+02  1.46e+01  2.02e+00  2.61e-01  7.05e-02  -1.00
2002 12 06  1650   52614   60600  0  3.58e+02  1.68e+01  0  4.66e+02  1.09e+01  1.38e+00  5.40e-01  1.96e-01  -1.00
2002 12 06  1655   52614   60900  0  2.72e+02  1.88e+01  0  2.81e+02  1.17e+01  1.18e+00  2.98e-01  1.68e-01   2.00
2002 12 06  1700   52614   61200  0  2.26e+02  1.50e+01  0  3.84e+02  1.44e+01  1.30e+00  3.27e-01  7.64e-02  -1.00
2002 12 06  1705   52614   61500  0  3.60e+02  1.56e+01  0  3.49e+02  1.59e+01  8.87e-01  1.41e-01  1.88e-01   2.00
2002 12 06  1710   52614   61800  0  3.04e+02  1.74e+01  0  3.66e+02  1.43e+01  1.18e+00  4.75e-01  0.00e+00   1.08
2002 12 06  1715   52614   62100  0  2.58e+02  1.80e+01  0  3.21e+02  1.33e+01  1.08e+00  3.34e-01  0.00e+00   2.00
2002 12 06  1720   52614   62400  0  2.58e+02  1.25e+01  0  1.86e+02  1.37e+01  1.55e+00  3.49e-01  9.55e-02   1.31
2002 12 06  1725   52614   62700  0  3.57e+02  1.71e+01  0  2.38e+02  1.32e+01  1.60e+00  4.48e-01  6.87e-02   2.00
2002 12 06  1730   52614   63000  0  2.62e+02  1.50e+01  0  1.79e+02  1.58e+01  1.15e+00  1.66e-01  2.20e-01  -1.00
2002 12 06  1735   52614   63300  0  3.37e+02  1.54e+01  0  2.41e+02  1.35e+01  1.72e+00  2.79e-01  3.82e-02   0.98
2002 12 06  1740   52614   63600  0  3.47e+02  1.50e+01  0  2.57e+02  1.54e+01  1.62e+00  2.21e-01  0.00e+00  -1.00
2002 12 06  1745   52614   63900  0  2.52e+02  1.58e+01  0  2.32e+02  1.33e+01  1.28e+00  3.14e-01  0.00e+00   0.46
2002 12 06  1750   52614   64200  0  3.26e+02  1.51e+01  0  2.38e+02  1.24e+01  1.62e+00  3.22e-01  0.00e+00  -1.00
2002 12 06  1755   52614   64500  0  2.82e+02  1.52e+01  0  3.71e+02  1.11e+01  1.37e+00  2.91e-01  8.33e-02  -1.00
2002 12 06  1800   52614   64800  0  3.47e+02  1.52e+01  0  4.71e+02  1.37e+01  1.68e+00  6.30e-01  1.06e-01   1.53
2002 12 06  1805   52614   65100  0  2.78e+02  1.77e+01  0  4.09e+02  1.54e+01  1.48e+00  3.32e-01  1.15e-01   0.77
2002 12 06  1810   52614   65400  0  2.98e+02  1.27e+01  0  4.21e+02  1.71e+01  1.42e+00  1.62e-01  1.34e-01   1.42
2002 12 06  1815   52614   65700  0  2.80e+02  1.25e+01  0  3.59e+02  1.24e+01  8.20e-01  3.11e-01  0.00e+00   0.77
2002 12 06  1820   52614   66000  0  4.12e+02  1.45e+01  0  4.89e+02  1.45e+01  9.69e-01  2.69e-01  2.15e-01   2.00
2002 12 06  1825   52614   66300  0  2.20e+02  1.48e+01  0  4.98e+02  1.32e+01  1.46e+00  4.46e-01  1.94e-01   1.49
2002 12 06  1830   52614   66600  0  3.08e+02  1.53e+01  0  5.68e+02  1.50e+01  1.41e+00  3.78e-01  4.58e-02   0.08
2002 12 06  1835   52614   66900  0  2.58e+02  1.76e+01  0  5.85e+02  1.43e+01  1.33e+00  3.69e-01  6.55e-02   2.00
2002 12 06  1840   52614   67200  0  2.17e+02  1.81e+01  0  4.75e+02  1.51e+01  7.76e-01  2.99e-01  0.00e+00  -1.00
2002 12 06  1845   52614   67500  0  3.17e+02  1.37e+01  0  3.52e+02  1.21e+01  1.26e+00  2.53e-01  0.00e+00   1.85
2002 12 06  1850   52614   67800  0  3.32e+02  1.74e+01  0  5.35e+02  1.08e+01  1.38e+00  3.90e-01  2.29e-01   2.00
2002 12 06  1855   52614   68100  0  3.06e+02  1.83e+01  0  4.88e+02  1.27e+01  1.05e+00  6.93e-01  1.78e-01  -1.00
2002 12 06  1900   52614   68400  0  3.01e+02  1.55e+01  0  4.70e+02  1.32e+01  1.69e+00  4.53e-01  1.91e-01   0.66
2002 12 06  1905   52614   68700  0  3.51e+02  1.07e+01  0  6.12e+02  1.14e+01  9.22e-01  3.53e-01  0.00e+00   1.14
2002 12 06  1910   52614   69000  0  3.03e+02  1.59e+01  0  4.91e+02  1.47e+01  1.16e+00  5.19e-01  0.00e+00   0.65
2002 12 06  1915   52614   69300  0  3.17e+02  1.44e+01  0  4.15e+02  1.33e+01  1.25e+00  2.58e-01  0.00e+00   2.00
2002 12 06  1920   52614   69600  0  3.34e+02  1.89e+01  0  3.13e+02  1.37e+01  1.82e+00  1.74e-01  0.00e+00  -1.00
2002 12 06  1925   52614   69900  0  3.08e+02  1.20e+01  0  4.84e+02  1.40e+01  1.76e+00  3.66e-01  0.00e+00   0.77
2002 12 06  1930   52614   70200  0  2.95e+02  1.78e+01  0  4.63e+02  1.43e+01  1.56e+00  3.56e-01  0.00e+00  -1.00
2002 12 06  1935   52614   70500  0  3.08e+02  1.40e+01  0  4.51e+02  1.45e+01  1.76e+00  2.77e-01  0.00e+00  -1.00
2002 12 06  1940   52614   70800  0  3.08e+02  1.32e+01  0  3.75e+02  1.40e+01  1.44e+00  1.89e-01  1.62e-01   2.00
2002 12 06  1945   52614   71100  0  3.17e+02  1.65e+01  0  2.80e+02  1.32e+01  1.06e+00  3.89e-01  0.00e+00   0.96
2002 12 06  1950   52614   71400  0  2.93e+02  1.66e+01  0  3.41e+02  1.38e+01  9.73e-01  4.60e-01  4.58e-02   1.36
2002 12 06  1955   52614   71700  0  2.65e+02  1.41e+01  0  1.37e+02  1.10e+01  8.29e-01  4.29e-01  9.16e-02   1.41
2002 12 06  2000   52614   72000  0  2.65e+02  1.37e+01  0  1.98e+02  1.42e+01  5.55e-01  3.09e-01  0.00e+00  -1.00
2002 12 06  2005   52614   72300  0  2.61e+02  1.39e+01  0  2.33e+02  1.57e+01  9.01e-01  4.97e-01  4.17e-02   0.00
2002 12 06  2010   52614   72600  0  2.51e+02  1.66e+01  0  4.93e+02  1.16e+01  2.04e+00  3.96e-01  0.00e+00  -1.00
2002 12 06  2015   52614   72900  0  2.68e+02  1.40e+01  0  6.75e+02  1.06e+01  8.41e-01  1.66e-01  0.00e+00   0.67
2002 12 06  2020   52614   73200  0  2.52e+02  1.29e+01  0  4.60e+02  1.24e+01  1.29e+00  4.56e-01  7.64e-02  -1.00
2002 12 06  2025   52614   73500  0  3.15e+02  1.60e+01  0  4.39e+02  1.40e+01  1.25e+00  3.05e-01  2.13e-01   2.00
2002 12 06  2030   52614   73800  0  3.25e+02  1.53e+01  0  6.80e+02  1.22e+01  1.42e+00  1.79e-01  2.29e-01   2.00
2002 12 06  2035   52614   74100  0  3.12e+02  1.56e+01  0  4.97e+02  1.69e+01  1.23e+00  2.72e-01  1.76e-01   0.77
2002 12 06  2040   52614   74400  0  3.00e+02  1.66e+01  0  3.85e+02  1.38e+01  1.08e+00  4.22e-01  0.00e+00   1.41
2002 12 06  2045   52614   74700  0  3.24e+02  1.62e+01  0  3.28e+02  1.07e+01  1.31e+00  3.36e-01  0.00e+00  -1.00
2002 12 06  2050   52614   75000  0  2.91e+02  1.67e+01  0  3.50e+02  1.31e+01  1.71e+00  2.11e-01  2.38e-01   0.28
2002 12 06  2055   52614   75300  0  2.91e+02  1.55e+01  0  2.20e+02  1.59e+01  1.55e+00  3.33e-01  1.98e-01  -1.00
2002 12 06  2100   52614   75600  0  2.95e+02  1.45e+01  0  2.42e+02  1.47e+01  1.23e+00  4.14e-01  1.72e-01   0.67
2002 12 06  2105   52614   75900  0  2.82e+02  9.33e+00  0  2.32e+02  1.08e+01  1.85e+00  1.66e-01  0.00e+00  -1.00
2002 12 06  2110   52614   76200  0  2.50e+02  1.81e+01  0  1.29e+02  1.67e+01  1.67e+00  3.20e-01  0.00e+00   0.95
2002 12 06  2115   52614   76500  0  2.30e+02  1.67e+01  0  1.43e+02  1.63e+01  1.71e+00  3.98e-01  0.00e+00   2.00
2002 12 06  2120   52614   76800  0  2.74e+02  1.01e+01  0  1.09e+02  1.32e+01  1.21e+00  2.55e-01  0.00e+00   1.87
2002 12 06  2125   52614   77100  0  2.28e+02  1.57e+01  0  1.65e+02  1.75e+01  1.52e+00  1.55e-01  0.00e+00   1.85
2002 12 06  2130   52614   77400  0  3.76e+02  1.64e+01  0  1.35e+02  1.60e+01  1.80e+00  4.09e-01  0.00e+00   0.77
2002 12 06  2135   52614   77700  0  3.46e+02  1.24e+01  0  2.19e+02  1.67e+01  1.82e+00  3.39e-01  1.25e-01   2.00
2002 12 06  2140   52614   78000  0  3.39e+02  1.41e+01  0  3.55e+02  1.56e+01  1.53e+00  3.01e-01  0.00e+00   2.00
2002 12 06  2145   52614   78300  0  3.03e+02  1.59e+01  0  2.63e+02  1.59e+01  1.15e+00  2.77e-01  0.00e+00   1.07
2002 12 06  2150   52614   78600  0  3.17e+02  1.62e+01  0  2.36e+02  1.42e+01  1.70e+00  3.17e-01  1.04e-01   0.28
2002 12 06  2155   52614   78900  0  3.21e+02  1.54e+01  0  1.74e+02  1.62e+01  1.31e+00  3.11e-01  1.37e-01   0.40
2002 12 06  2200   52614   79200  0  3.22e+02  1.61e+01  0  2.07e+02  1.38e+01  1.66e+00  3.36e-01  2.86e-01  -1.00
2002 12 06  2205   52614   79500  0  3.02e+02  1.26e+01  0  1.77e+02  1.61e+01  1.08e+00  4.26e-01  0.00e+00  -1.00
2002 12 06  2210   52614   79800  0  2.63e+02  1.62e+01  0  1.75e+02  1.75e+01  1.13e+00  2.97e-01  0.00e+00   0.67
2002 12 06  2215   52614   80100  0  3.27e+02  1.72e+01  0  1.41e+02  1.40e+01  1.34e+00  3.16e-01  1.53e-01  -1.00
2002 12 06  2220   52614   80400  0  2.86e+02  1.35e+01  0  2.55e+02  1.36e+01  1.36e+00  2.73e-01  8.33e-02   2.00
2002 12 06  2225   52614   80700  0  2.78e+02  1.42e+01  0  1.62e+02  1.67e+01  1.22e+00  4.57e-01  6.87e-02   0.29
2002 12 06  2230   52614   81000  0  3.61e+02  1.39e+01  0  1.50e+02  1.63e+01  1.28e+00  2.60e-01  0.00e+00   0.00
2002 12 06  2235   52614   81300  0  2.88e+02  1.29e+01  0  1.56e+02  1.56e+01  1.31e+00  2.94e-01  0.00e+00   1.20
2002 12 06  2240   52614   81600  0  3.00e+02  1.52e+01  0  1.96e+02  1.48e+01  1.22e+00  3.24e-01  1.72e-01   1.13
2002 12 06  2245   52614   81900  0  2.91e+02  1.14e+01  0  2.14e+02  1.69e+01  1.54e+00  2.34e-01  3.52e-02   2.00
2002 12 06  2250   52614   82200  0  3.27e+02  1.50e+01  0  2.08e+02  1.50e+01  2.10e+00  4.70e-01  5.09e-02   1.44
2002 12 06  2255   52614   82500  0  3.37e+02  1.77e+01  0  2.57e+02  1.41e+01  1.73e+00  4.92e-01  0.00e+00   1.15
2002 12 06  2300   52614   82800  0  2.89e+02  1.88e+01  0  3.42e+02  1.61e+01  1.80e+00  4.60e-01  0.00e+00  -1.00
2002 12 06  2305   52614   83100  0  3.70e+02  1.63e+01  0  4.07e+02  1.80e+01  1.10e+00  3.09e-01  0.00e+00  -1.00
2002 12 06  2310   52614   83400  0  2.98e+02  1.98e+01  0  2.41e+02  1.33e+01  2.25e+00  3.34e-01  2.75e-01   1.60
2002 12 06  2315   52614   83700  0  2.91e+02  1.40e+01  0  3.30e+02  1.23e+01  1.44e+00  3.48e-01  3.82e-02   1.85
2002 12 06  2320   52614   84000  0  3.00e+02  1.31e+01  0  2.08e+02  1.38e+01  9.53e-01  4.53e-01  5.73e-02   1.41
2002 12 06  2325   52614   84300  0  3.02e+02  1.37e+01  0  1.30e+02  1.40e+01  1.31e+00  3.18e-01  0.00e+00   0.28
2002 12 06  2330   52614   84600  0  2.95e+02  1.53e+01  0  1.02e+02  1.25e+01  2.04e+00  3.24e-01  8.81e-02   2.00
2002 12 06  2335   52614   84900  0  2.62e+02  1.84e+01  0  3.77e+02  1.69e+01  1.55e+00  2.92e-01  0.00e+00   1.49
2002 12 06  2340   52614   85200  0  3.33e+02  1.60e+01  0  3.40e+02  1.79e+01  1.34e+00  3.38e-01  0.00e+00   1.85
2002 12 06  2345   52614   85500  0  2.78e+02  1.39e+01  0  3.04e+02  1.48e+01  1.04e+00  2.35e-01  0.00e+00   2.00
2002 12 06  2350   52614   85800  0  3.05e+02  1.50e+01  0  2.76e+02  1.37e+01  6.93e-01  1.09e-01  4.17e-02  -1.00
2002 12 06  2355   52614   86100  0  3.65e+02  1.76e+01  0  1.93e+02  1.76e+01  1.38e+00  4.82e-01  0.00e+00  -1.00
