:Data_list: 20020817_ace_epam_5m.txt
:Created: 2002 Aug 18 0012 UT
# Prepared by the U.S. Dept. of Commerce, NOAA, Space Environment Center.
# Please send comments and suggestions to sec@sec.noaa.gov 
# 
# Units: Differential Flux particles/cm2-s-ster-MeV
# Units: Anisotropy Index 0.0 - 2.0
# Status(S): 0 = nominal, 4,6,7,8 = bad data, unable to process, 9 = no data
# Missing data values: -1.00e+05, index = -1.00
# Source: ACE Satellite - Electron, Proton, and Alpha Monitor
# Note: 2002 Mar 18: First Proton channel changed from 47-65 to 65-112keV.
#
#                      5-minute averaged Real-time Differential Electron and Proton Flux 
# 
#                Modified Seconds ---------------------------- Differential Flux --------------------------- 
# UT Date   Time  Julian  of the  ----- Electron -----   ------------------- Protons keV -------------------   Anis.
# YR MO DA  HHMM    Day    Day    S    38-53   175-315   S   65-112   112-187   310-580   761-1220 060-1910   Ratio
#-------------------------------------------------------------------------------------------------------------------
2002 08 17  0000   52503       0  0  1.16e+04  2.28e+02  0  1.90e+03  9.25e+02  7.16e+01  1.69e+01  5.87e+00   0.43
2002 08 17  0005   52503     300  0  1.25e+04  2.50e+02  0  1.98e+03  9.24e+02  8.38e+01  1.68e+01  5.74e+00   0.47
2002 08 17  0010   52503     600  0  1.52e+04  2.94e+02  0  2.05e+03  9.80e+02  9.40e+01  1.97e+01  7.26e+00   0.53
2002 08 17  0015   52503     900  0  1.47e+04  2.59e+02  0  2.04e+03  1.04e+03  8.97e+01  1.69e+01  7.89e+00   0.45
2002 08 17  0020   52503    1200  0  1.58e+04  2.86e+02  0  2.01e+03  1.05e+03  9.77e+01  1.83e+01  8.58e+00   0.54
2002 08 17  0025   52503    1500  0  1.52e+04  2.67e+02  0  2.02e+03  9.88e+02  9.18e+01  1.87e+01  7.07e+00   0.43
2002 08 17  0030   52503    1800  0  1.53e+04  2.80e+02  0  2.16e+03  1.06e+03  9.98e+01  1.99e+01  8.93e+00   0.37
2002 08 17  0035   52503    2100  0  1.47e+04  2.71e+02  0  2.23e+03  1.07e+03  9.40e+01  1.85e+01  7.31e+00   0.40
2002 08 17  0040   52503    2400  0  1.42e+04  2.77e+02  0  2.25e+03  1.09e+03  9.63e+01  2.20e+01  8.79e+00   0.44
2002 08 17  0045   52503    2700  0  1.19e+04  2.68e+02  0  2.19e+03  1.05e+03  9.13e+01  2.02e+01  7.45e+00   0.32
2002 08 17  0050   52503    3000  0  1.24e+04  2.60e+02  0  2.15e+03  1.01e+03  8.95e+01  2.00e+01  7.08e+00   0.41
2002 08 17  0055   52503    3300  0  1.21e+04  2.61e+02  0  2.25e+03  1.05e+03  8.08e+01  1.99e+01  6.05e+00   0.24
2002 08 17  0100   52503    3600  0  1.39e+04  2.85e+02  0  2.05e+03  1.03e+03  9.62e+01  2.07e+01  7.68e+00   0.49
2002 08 17  0105   52503    3900  0  1.46e+04  2.73e+02  0  1.92e+03  9.15e+02  1.10e+02  2.61e+01  1.02e+01   0.55
2002 08 17  0110   52503    4200  0  1.32e+04  2.64e+02  0  2.07e+03  9.95e+02  1.01e+02  2.18e+01  8.09e+00   0.52
2002 08 17  0115   52503    4500  0  1.33e+04  2.59e+02  0  2.10e+03  1.05e+03  1.03e+02  2.29e+01  8.02e+00   0.48
2002 08 17  0120   52503    4800  0  1.46e+04  2.71e+02  0  2.07e+03  1.06e+03  1.15e+02  2.59e+01  8.90e+00   0.52
2002 08 17  0125   52503    5100  0  1.42e+04  2.80e+02  0  2.04e+03  1.03e+03  1.12e+02  2.44e+01  9.88e+00   0.50
2002 08 17  0130   52503    5400  0  1.48e+04  2.78e+02  0  1.98e+03  1.03e+03  1.27e+02  2.52e+01  1.06e+01   0.48
2002 08 17  0135   52503    5700  0  1.49e+04  2.77e+02  0  2.00e+03  1.05e+03  1.39e+02  2.79e+01  1.24e+01   0.52
2002 08 17  0140   52503    6000  0  1.37e+04  2.71e+02  0  2.02e+03  1.04e+03  1.31e+02  2.66e+01  1.04e+01   0.45
2002 08 17  0145   52503    6300  0  1.38e+04  2.72e+02  0  2.05e+03  1.06e+03  1.36e+02  2.86e+01  1.27e+01   0.41
2002 08 17  0150   52503    6600  0  1.68e+04  2.84e+02  0  1.95e+03  1.08e+03  1.64e+02  3.46e+01  1.34e+01   0.39
2002 08 17  0155   52503    6900  0  1.55e+04  2.66e+02  0  2.02e+03  1.10e+03  1.89e+02  3.87e+01  1.58e+01   0.34
2002 08 17  0200   52503    7200  0  1.48e+04  2.58e+02  0  2.06e+03  1.11e+03  2.10e+02  4.46e+01  1.79e+01   0.27
2002 08 17  0205   52503    7500  0  1.33e+04  2.63e+02  0  1.97e+03  1.06e+03  1.85e+02  3.80e+01  1.41e+01   0.25
2002 08 17  0210   52503    7800  0  1.39e+04  2.89e+02  0  2.02e+03  1.07e+03  2.42e+02  4.96e+01  2.12e+01   0.43
2002 08 17  0215   52503    8100  0  1.34e+04  2.60e+02  0  2.07e+03  1.20e+03  3.03e+02  5.97e+01  2.61e+01   0.46
2002 08 17  0220   52503    8400  0  1.65e+04  2.94e+02  0  1.98e+03  1.37e+03  4.40e+02  7.75e+01  3.64e+01   0.43
2002 08 17  0225   52503    8700  0  1.63e+04  2.97e+02  0  1.89e+03  1.30e+03  4.20e+02  7.30e+01  3.38e+01   0.43
2002 08 17  0230   52503    9000  0  1.51e+04  3.02e+02  0  1.89e+03  1.21e+03  3.74e+02  6.73e+01  3.25e+01   0.40
2002 08 17  0235   52503    9300  0  1.50e+04  2.77e+02  0  1.94e+03  1.24e+03  3.30e+02  5.54e+01  2.70e+01   0.40
2002 08 17  0240   52503    9600  0  1.44e+04  2.80e+02  0  1.91e+03  1.14e+03  2.76e+02  5.38e+01  2.61e+01   0.29
2002 08 17  0245   52503    9900  0  1.41e+04  2.64e+02  0  2.04e+03  1.20e+03  2.84e+02  5.57e+01  2.44e+01   0.34
2002 08 17  0250   52503   10200  0  1.39e+04  2.59e+02  0  1.98e+03  1.30e+03  3.55e+02  6.53e+01  3.09e+01   0.44
2002 08 17  0255   52503   10500  0  1.23e+04  2.65e+02  0  1.84e+03  1.19e+03  3.40e+02  6.39e+01  2.87e+01   0.40
2002 08 17  0300   52503   10800  0  1.36e+04  2.85e+02  0  1.87e+03  1.20e+03  3.17e+02  6.67e+01  2.76e+01   0.30
2002 08 17  0305   52503   11100  0  1.24e+04  2.68e+02  0  1.97e+03  1.22e+03  2.84e+02  6.38e+01  2.49e+01   0.30
2002 08 17  0310   52503   11400  0  1.48e+04  2.87e+02  0  2.09e+03  1.63e+03  5.01e+02  7.84e+01  4.49e+01   0.41
2002 08 17  0315   52503   11700  0  1.48e+04  2.71e+02  0  2.19e+03  2.52e+03  8.14e+02  9.75e+01  6.66e+01   0.67
2002 08 17  0320   52503   12000  0  1.53e+04  2.90e+02  0  2.21e+03  2.23e+03  7.20e+02  9.79e+01  5.83e+01   0.69
2002 08 17  0325   52503   12300  0  1.74e+04  2.76e+02  0  2.10e+03  1.69e+03  4.37e+02  6.16e+01  3.12e+01   0.33
2002 08 17  0330   52503   12600  0  1.61e+04  2.87e+02  0  2.06e+03  1.74e+03  4.91e+02  7.20e+01  3.63e+01   0.31
2002 08 17  0335   52503   12900  0  1.72e+04  2.84e+02  0  2.21e+03  2.37e+03  7.43e+02  1.00e+02  5.73e+01   0.44
2002 08 17  0340   52503   13200  0  1.84e+04  2.61e+02  0  2.19e+03  2.20e+03  6.26e+02  8.72e+01  4.65e+01   0.22
2002 08 17  0345   52503   13500  0  1.92e+04  2.60e+02  0  2.24e+03  2.46e+03  6.71e+02  9.78e+01  4.99e+01   0.17
2002 08 17  0350   52503   13800  0  2.13e+04  2.76e+02  0  2.15e+03  2.12e+03  6.03e+02  8.72e+01  4.72e+01   0.04
2002 08 17  0355   52503   14100  0  1.99e+04  2.85e+02  0  2.17e+03  2.11e+03  5.90e+02  9.43e+01  4.77e+01   0.08
2002 08 17  0400   52503   14400  0  1.94e+04  2.81e+02  0  2.25e+03  2.40e+03  6.41e+02  9.95e+01  4.86e+01   0.15
2002 08 17  0405   52503   14700  0  1.76e+04  2.82e+02  0  2.37e+03  2.60e+03  6.44e+02  1.01e+02  5.03e+01   0.16
2002 08 17  0410   52503   15000  0  2.13e+04  2.81e+02  0  2.43e+03  3.05e+03  8.38e+02  1.24e+02  7.12e+01   0.21
2002 08 17  0415   52503   15300  0  1.94e+04  2.71e+02  0  2.31e+03  2.66e+03  7.42e+02  1.10e+02  6.64e+01   0.07
2002 08 17  0420   52503   15600  0  1.75e+04  2.77e+02  0  2.45e+03  2.22e+03  5.07e+02  9.28e+01  4.91e+01   0.32
2002 08 17  0425   52503   15900  0  1.80e+04  2.65e+02  0  2.38e+03  2.71e+03  7.04e+02  9.46e+01  5.67e+01   0.26
2002 08 17  0430   52503   16200  0  1.47e+04  2.64e+02  0  2.25e+03  2.15e+03  5.70e+02  9.30e+01  4.71e+01   0.35
2002 08 17  0435   52503   16500  0  1.55e+04  2.66e+02  0  2.45e+03  1.95e+03  3.87e+02  7.29e+01  3.57e+01   0.17
2002 08 17  0440   52503   16800  0  1.31e+04  2.36e+02  0  2.10e+03  1.58e+03  3.63e+02  6.26e+01  3.04e+01   0.20
2002 08 17  0445   52503   17100  0  1.44e+04  2.86e+02  0  2.18e+03  1.98e+03  4.84e+02  8.53e+01  4.21e+01   0.32
2002 08 17  0450   52503   17400  0  1.49e+04  2.53e+02  0  2.27e+03  2.32e+03  5.51e+02  8.10e+01  4.60e+01   0.37
2002 08 17  0455   52503   17700  0  1.67e+04  2.53e+02  0  2.20e+03  2.01e+03  4.33e+02  7.81e+01  3.94e+01   0.09
2002 08 17  0500   52503   18000  0  1.63e+04  3.00e+02  0  2.21e+03  1.51e+03  3.40e+02  7.62e+01  3.32e+01   0.10
2002 08 17  0505   52503   18300  0  1.21e+04  2.21e+02  0  2.06e+03  1.53e+03  2.64e+02  5.68e+01  2.45e+01   0.24
2002 08 17  0510   52503   18600  0  1.41e+04  2.55e+02  0  1.98e+03  1.47e+03  2.92e+02  6.13e+01  2.64e+01   0.21
2002 08 17  0515   52503   18900  0  1.34e+04  2.36e+02  0  1.96e+03  1.47e+03  3.06e+02  5.91e+01  2.70e+01   0.28
2002 08 17  0520   52503   19200  0  1.50e+04  2.30e+02  0  2.21e+03  2.19e+03  4.57e+02  6.46e+01  3.94e+01   0.32
2002 08 17  0525   52503   19500  0  1.63e+04  2.51e+02  0  2.33e+03  2.32e+03  4.82e+02  6.97e+01  4.13e+01   0.38
2002 08 17  0530   52503   19800  0  1.61e+04  2.49e+02  0  2.39e+03  2.43e+03  4.93e+02  7.32e+01  4.63e+01   0.33
2002 08 17  0535   52503   20100  0  1.66e+04  2.56e+02  0  2.42e+03  2.46e+03  4.98e+02  7.78e+01  4.68e+01   0.33
2002 08 17  0540   52503   20400  0  1.47e+04  2.41e+02  0  2.42e+03  2.58e+03  5.39e+02  7.70e+01  5.09e+01   0.40
2002 08 17  0545   52503   20700  0  1.49e+04  2.19e+02  0  2.61e+03  2.87e+03  5.42e+02  7.73e+01  5.06e+01   0.33
2002 08 17  0550   52503   21000  0  1.68e+04  2.50e+02  0  2.73e+03  3.10e+03  6.38e+02  8.68e+01  5.56e+01   0.37
2002 08 17  0555   52503   21300  0  1.60e+04  2.36e+02  0  2.80e+03  3.12e+03  5.89e+02  8.31e+01  5.28e+01   0.38
2002 08 17  0600   52503   21600  0  1.48e+04  2.25e+02  0  2.89e+03  3.03e+03  5.50e+02  8.45e+01  5.12e+01   0.36
2002 08 17  0605   52503   21900  0  1.38e+04  2.61e+02  0  2.69e+03  2.60e+03  5.29e+02  8.39e+01  5.59e+01   0.40
2002 08 17  0610   52503   22200  0  1.49e+04  2.62e+02  0  2.62e+03  1.98e+03  4.70e+02  8.64e+01  5.19e+01   0.40
2002 08 17  0615   52503   22500  0  1.33e+04  2.38e+02  0  2.64e+03  2.59e+03  4.53e+02  7.92e+01  4.86e+01   0.33
2002 08 17  0620   52503   22800  0  1.70e+04  2.63e+02  0  2.98e+03  3.29e+03  5.97e+02  8.61e+01  5.53e+01   0.42
2002 08 17  0625   52503   23100  0  1.37e+04  2.34e+02  0  2.61e+03  2.66e+03  4.41e+02  6.91e+01  4.17e+01   0.29
2002 08 17  0630   52503   23400  0  1.40e+04  2.21e+02  0  2.56e+03  2.28e+03  3.41e+02  6.13e+01  3.33e+01   0.27
2002 08 17  0635   52503   23700  0  1.50e+04  2.32e+02  0  2.61e+03  2.14e+03  2.99e+02  4.90e+01  2.68e+01   0.19
2002 08 17  0640   52503   24000  0  1.65e+04  2.44e+02  0  2.59e+03  2.12e+03  3.23e+02  5.47e+01  3.12e+01   0.22
2002 08 17  0645   52503   24300  0  1.53e+04  2.23e+02  0  2.68e+03  2.27e+03  3.20e+02  5.40e+01  3.08e+01   0.25
2002 08 17  0650   52503   24600  0  1.65e+04  2.31e+02  0  2.62e+03  2.21e+03  3.22e+02  5.69e+01  3.00e+01   0.26
2002 08 17  0655   52503   24900  0  1.48e+04  2.24e+02  0  2.57e+03  2.00e+03  2.61e+02  5.40e+01  2.78e+01   0.19
2002 08 17  0700   52503   25200  0  1.54e+04  2.22e+02  0  2.80e+03  2.22e+03  2.99e+02  6.12e+01  2.92e+01   0.18
2002 08 17  0705   52503   25500  0  1.49e+04  2.45e+02  0  2.77e+03  2.23e+03  3.37e+02  6.46e+01  3.50e+01   0.27
2002 08 17  0710   52503   25800  0  1.49e+04  2.31e+02  0  2.84e+03  2.71e+03  4.43e+02  7.91e+01  4.37e+01   0.48
2002 08 17  0715   52503   26100  0  1.43e+04  2.18e+02  0  2.86e+03  2.51e+03  3.65e+02  7.52e+01  3.75e+01   0.36
2002 08 17  0720   52503   26400  0  1.53e+04  2.32e+02  0  2.88e+03  2.75e+03  4.51e+02  8.44e+01  4.72e+01   0.42
2002 08 17  0725   52503   26700  0  1.52e+04  2.41e+02  0  2.86e+03  2.78e+03  4.81e+02  8.51e+01  5.41e+01   0.52
2002 08 17  0730   52503   27000  0  1.47e+04  2.26e+02  0  2.99e+03  2.75e+03  4.17e+02  8.23e+01  4.46e+01   0.38
2002 08 17  0735   52503   27300  0  1.42e+04  2.34e+02  0  3.05e+03  2.71e+03  4.33e+02  8.29e+01  4.74e+01   0.38
2002 08 17  0740   52503   27600  0  1.44e+04  2.32e+02  0  3.14e+03  3.14e+03  5.07e+02  8.71e+01  5.57e+01   0.49
2002 08 17  0745   52503   27900  0  1.44e+04  2.38e+02  0  3.08e+03  3.11e+03  4.96e+02  9.13e+01  5.27e+01   0.41
2002 08 17  0750   52503   28200  0  1.37e+04  2.01e+02  0  3.38e+03  3.32e+03  4.41e+02  7.61e+01  4.86e+01   0.43
2002 08 17  0755   52503   28500  0  1.69e+04  2.13e+02  0  3.66e+03  3.62e+03  5.36e+02  8.37e+01  5.60e+01   0.36
2002 08 17  0800   52503   28800  0  1.74e+04  2.37e+02  0  3.53e+03  3.38e+03  5.09e+02  8.95e+01  5.69e+01   0.31
2002 08 17  0805   52503   29100  0  1.68e+04  2.28e+02  0  3.77e+03  3.46e+03  4.63e+02  8.49e+01  5.58e+01   0.30
2002 08 17  0810   52503   29400  0  1.45e+04  2.07e+02  0  3.68e+03  3.47e+03  4.39e+02  8.21e+01  4.90e+01   0.35
2002 08 17  0815   52503   29700  0  1.55e+04  2.24e+02  0  3.61e+03  3.39e+03  4.90e+02  9.75e+01  5.33e+01   0.34
2002 08 17  0820   52503   30000  0  1.54e+04  2.09e+02  0  3.73e+03  3.28e+03  4.17e+02  8.29e+01  4.08e+01   0.19
2002 08 17  0825   52503   30300  0  1.47e+04  2.28e+02  0  3.20e+03  2.26e+03  2.67e+02  8.07e+01  3.27e+01   0.06
2002 08 17  0830   52503   30600  0  1.53e+04  2.19e+02  0  3.08e+03  2.05e+03  2.47e+02  8.07e+01  3.21e+01   0.09
2002 08 17  0835   52503   30900  0  1.42e+04  2.13e+02  0  3.15e+03  2.30e+03  2.63e+02  8.15e+01  3.39e+01   0.10
2002 08 17  0840   52503   31200  0  1.53e+04  2.27e+02  0  3.05e+03  2.38e+03  3.21e+02  8.78e+01  4.07e+01   0.19
2002 08 17  0845   52503   31500  0  1.44e+04  2.18e+02  0  3.31e+03  2.81e+03  3.92e+02  8.45e+01  4.54e+01   0.26
2002 08 17  0850   52503   31800  0  1.38e+04  2.08e+02  0  3.32e+03  2.74e+03  3.45e+02  8.25e+01  4.08e+01   0.23
2002 08 17  0855   52503   32100  0  1.43e+04  2.11e+02  0  3.27e+03  2.50e+03  3.12e+02  8.51e+01  3.66e+01   0.22
2002 08 17  0900   52503   32400  0  1.46e+04  2.09e+02  0  3.32e+03  2.55e+03  3.18e+02  8.37e+01  4.03e+01   0.32
2002 08 17  0905   52503   32700  0  1.69e+04  2.34e+02  0  3.71e+03  2.89e+03  3.78e+02  9.17e+01  4.57e+01   0.31
2002 08 17  0910   52503   33000  0  1.51e+04  2.16e+02  0  4.04e+03  3.23e+03  3.89e+02  8.65e+01  4.68e+01   0.36
2002 08 17  0915   52503   33300  0  1.55e+04  2.11e+02  0  3.92e+03  3.30e+03  4.14e+02  8.88e+01  4.85e+01   0.33
2002 08 17  0920   52503   33600  0  1.49e+04  2.04e+02  0  3.95e+03  3.10e+03  3.71e+02  8.78e+01  4.71e+01   0.33
2002 08 17  0925   52503   33900  0  1.52e+04  2.24e+02  0  3.88e+03  3.07e+03  3.90e+02  9.41e+01  5.15e+01   0.34
2002 08 17  0930   52503   34200  0  1.43e+04  2.04e+02  0  4.00e+03  3.06e+03  3.65e+02  8.68e+01  4.77e+01   0.33
2002 08 17  0935   52503   34500  0  1.53e+04  2.33e+02  0  4.30e+03  3.43e+03  4.40e+02  8.89e+01  5.64e+01   0.49
2002 08 17  0940   52503   34800  0  1.55e+04  2.16e+02  0  4.50e+03  3.70e+03  4.62e+02  9.17e+01  5.85e+01   0.46
2002 08 17  0945   52503   35100  0  1.69e+04  2.39e+02  0  4.57e+03  3.79e+03  5.09e+02  9.54e+01  6.40e+01   0.49
2002 08 17  0950   52503   35400  0  1.66e+04  2.09e+02  0  4.63e+03  3.95e+03  4.81e+02  9.18e+01  5.90e+01   0.46
2002 08 17  0955   52503   35700  0  1.58e+04  2.07e+02  0  4.55e+03  3.80e+03  4.62e+02  9.06e+01  5.73e+01   0.43
2002 08 17  1000   52503   36000  0  1.43e+04  1.98e+02  0  4.55e+03  3.65e+03  4.19e+02  8.47e+01  5.34e+01   0.43
2002 08 17  1005   52503   36300  0  1.49e+04  2.02e+02  0  4.45e+03  3.61e+03  4.46e+02  9.66e+01  5.75e+01   0.44
2002 08 17  1010   52503   36600  0  1.48e+04  1.98e+02  0  4.62e+03  3.91e+03  4.80e+02  9.31e+01  5.99e+01   0.50
2002 08 17  1015   52503   36900  0  1.55e+04  2.13e+02  0  4.60e+03  3.61e+03  4.48e+02  9.50e+01  5.42e+01   0.40
2002 08 17  1020   52503   37200  0  1.52e+04  2.01e+02  0  4.29e+03  3.33e+03  3.73e+02  8.23e+01  4.54e+01   0.32
2002 08 17  1025   52503   37500  0  1.42e+04  2.00e+02  0  3.80e+03  2.63e+03  2.88e+02  7.99e+01  4.19e+01   0.16
2002 08 17  1030   52503   37800  0  1.57e+04  2.11e+02  0  4.72e+03  3.33e+03  3.55e+02  8.04e+01  4.64e+01   0.24
2002 08 17  1035   52503   38100  0  1.58e+04  2.16e+02  0  4.95e+03  3.68e+03  4.03e+02  9.50e+01  5.48e+01   0.31
2002 08 17  1040   52503   38400  0  1.53e+04  2.14e+02  0  4.40e+03  3.02e+03  3.14e+02  8.30e+01  4.36e+01   0.13
2002 08 17  1045   52503   38700  0  1.57e+04  1.90e+02  0  5.15e+03  3.63e+03  3.82e+02  7.33e+01  5.12e+01   0.34
2002 08 17  1050   52503   39000  0  1.60e+04  2.17e+02  0  5.11e+03  3.66e+03  4.00e+02  7.66e+01  5.51e+01   0.34
2002 08 17  1055   52503   39300  0  1.44e+04  1.98e+02  0  4.74e+03  3.46e+03  3.65e+02  8.11e+01  4.87e+01   0.31
2002 08 17  1100   52503   39600  0  1.50e+04  2.05e+02  0  4.70e+03  3.35e+03  3.47e+02  7.66e+01  4.85e+01   0.43
2002 08 17  1105   52503   39900  0  1.68e+04  2.18e+02  0  5.15e+03  3.84e+03  4.20e+02  8.05e+01  5.76e+01   0.41
2002 08 17  1110   52503   40200  0  1.83e+04  2.22e+02  0  5.50e+03  4.23e+03  5.00e+02  8.41e+01  6.61e+01   0.48
2002 08 17  1115   52503   40500  0  1.64e+04  2.02e+02  0  5.36e+03  3.94e+03  4.45e+02  8.65e+01  6.04e+01   0.50
2002 08 17  1120   52503   40800  0  1.40e+04  1.82e+02  0  5.24e+03  3.87e+03  4.06e+02  7.76e+01  6.14e+01   0.55
2002 08 17  1125   52503   41100  0  1.57e+04  2.04e+02  0  5.17e+03  3.55e+03  3.85e+02  8.26e+01  5.36e+01   0.50
2002 08 17  1130   52503   41400  0  1.52e+04  2.05e+02  0  4.89e+03  3.40e+03  3.70e+02  8.51e+01  5.14e+01   0.47
2002 08 17  1135   52503   41700  0  1.50e+04  2.11e+02  0  4.60e+03  3.10e+03  3.53e+02  8.74e+01  5.35e+01   0.46
2002 08 17  1140   52503   42000  0  1.40e+04  1.90e+02  0  3.89e+03  2.66e+03  2.87e+02  8.76e+01  4.91e+01   0.39
2002 08 17  1145   52503   42300  0  1.38e+04  2.00e+02  0  4.10e+03  2.67e+03  2.75e+02  7.95e+01  4.42e+01   0.38
2002 08 17  1150   52503   42600  0  1.28e+04  1.73e+02  0  4.14e+03  2.81e+03  2.66e+02  7.45e+01  4.31e+01   0.43
2002 08 17  1155   52503   42900  0  1.42e+04  2.02e+02  0  4.17e+03  2.82e+03  3.12e+02  9.66e+01  5.24e+01   0.43
2002 08 17  1200   52503   43200  0  1.40e+04  1.99e+02  0  4.54e+03  3.08e+03  3.34e+02  9.38e+01  5.70e+01   0.56
2002 08 17  1205   52503   43500  0  1.50e+04  2.14e+02  0  5.01e+03  3.56e+03  4.24e+02  9.60e+01  7.02e+01   0.72
2002 08 17  1210   52503   43800  0  1.53e+04  2.12e+02  0  5.56e+03  4.07e+03  4.88e+02  9.94e+01  7.39e+01   0.72
2002 08 17  1215   52503   44100  0  1.56e+04  2.17e+02  0  5.75e+03  4.24e+03  5.22e+02  1.12e+02  8.28e+01   0.76
2002 08 17  1220   52503   44400  0  1.63e+04  2.18e+02  0  5.61e+03  4.19e+03  5.17e+02  1.07e+02  8.02e+01   0.76
2002 08 17  1225   52503   44700  0  1.62e+04  1.96e+02  0  6.15e+03  4.54e+03  5.35e+02  1.08e+02  8.58e+01   0.85
2002 08 17  1230   52503   45000  0  1.65e+04  1.95e+02  0  6.40e+03  4.64e+03  5.55e+02  1.06e+02  8.57e+01   0.80
2002 08 17  1235   52503   45300  0  1.65e+04  2.07e+02  0  5.95e+03  4.23e+03  5.07e+02  9.97e+01  7.65e+01   0.72
2002 08 17  1240   52503   45600  0  1.67e+04  2.19e+02  0  6.04e+03  4.28e+03  5.32e+02  1.17e+02  8.44e+01   0.67
2002 08 17  1245   52503   45900  0  1.75e+04  2.07e+02  0  6.46e+03  4.57e+03  5.58e+02  1.34e+02  8.88e+01   0.50
2002 08 17  1250   52503   46200  0  1.56e+04  2.08e+02  0  6.11e+03  4.20e+03  4.87e+02  1.25e+02  7.81e+01   0.39
2002 08 17  1255   52503   46500  0  1.57e+04  2.00e+02  0  5.74e+03  3.98e+03  4.57e+02  1.12e+02  7.37e+01   0.42
2002 08 17  1300   52503   46800  0  1.75e+04  2.28e+02  0  5.85e+03  3.95e+03  4.96e+02  1.19e+02  7.46e+01   0.44
2002 08 17  1305   52503   47100  0  1.56e+04  2.11e+02  0  5.28e+03  3.49e+03  4.10e+02  1.01e+02  6.14e+01   0.48
2002 08 17  1310   52503   47400  0  1.47e+04  2.00e+02  0  4.40e+03  2.95e+03  3.24e+02  1.07e+02  4.93e+01   0.21
2002 08 17  1315   52503   47700  0  1.44e+04  2.10e+02  0  2.56e+03  1.68e+03  2.44e+02  1.57e+02  4.81e+01   0.58
2002 08 17  1320   52503   48000  0  1.36e+04  2.00e+02  0  2.49e+03  1.67e+03  2.31e+02  1.32e+02  4.60e+01   0.52
2002 08 17  1325   52503   48300  0  1.45e+04  1.93e+02  0  2.68e+03  1.81e+03  2.63e+02  1.33e+02  4.75e+01   0.42
2002 08 17  1330   52503   48600  0  1.22e+04  1.73e+02  0  2.42e+03  1.53e+03  1.95e+02  9.10e+01  3.78e+01   0.21
2002 08 17  1335   52503   48900  0  1.36e+04  1.83e+02  0  2.56e+03  1.68e+03  2.32e+02  1.16e+02  4.51e+01   0.47
2002 08 17  1340   52503   49200  0  1.50e+04  1.99e+02  0  2.70e+03  1.96e+03  2.67e+02  1.48e+02  4.91e+01   0.54
2002 08 17  1345   52503   49500  0  1.58e+04  2.13e+02  0  3.01e+03  2.04e+03  2.78e+02  1.62e+02  4.90e+01   0.52
2002 08 17  1350   52503   49800  0  1.40e+04  1.87e+02  0  3.32e+03  2.23e+03  2.65e+02  1.20e+02  4.29e+01   0.28
2002 08 17  1355   52503   50100  0  1.33e+04  1.95e+02  0  3.86e+03  2.46e+03  2.95e+02  1.13e+02  4.90e+01   0.06
2002 08 17  1400   52503   50400  0  1.31e+04  1.89e+02  0  3.84e+03  2.49e+03  2.99e+02  9.38e+01  4.96e+01   0.44
2002 08 17  1405   52503   50700  0  1.29e+04  1.97e+02  0  4.82e+03  3.11e+03  3.58e+02  9.62e+01  6.11e+01   0.57
2002 08 17  1410   52503   51000  0  1.35e+04  1.86e+02  0  5.05e+03  3.20e+03  3.86e+02  1.04e+02  6.09e+01   0.59
2002 08 17  1415   52503   51300  0  1.18e+04  1.75e+02  0  3.63e+03  2.34e+03  2.55e+02  1.13e+02  4.27e+01   0.18
2002 08 17  1420   52503   51600  0  1.23e+04  1.81e+02  0  3.22e+03  2.06e+03  2.37e+02  1.19e+02  4.02e+01   0.44
2002 08 17  1425   52503   51900  0  1.17e+04  1.73e+02  0  3.39e+03  2.10e+03  2.15e+02  1.15e+02  3.56e+01   0.48
2002 08 17  1430   52503   52200  0  1.23e+04  1.79e+02  0  3.24e+03  2.04e+03  2.36e+02  1.16e+02  4.11e+01   0.16
2002 08 17  1435   52503   52500  0  1.13e+04  1.76e+02  0  3.68e+03  2.23e+03  2.45e+02  1.23e+02  4.33e+01   0.06
2002 08 17  1440   52503   52800  0  1.17e+04  1.82e+02  0  3.55e+03  2.20e+03  2.67e+02  1.24e+02  4.64e+01   0.02
2002 08 17  1445   52503   53100  0  1.21e+04  1.77e+02  0  3.43e+03  2.13e+03  2.45e+02  1.14e+02  4.41e+01   0.08
2002 08 17  1450   52503   53400  0  1.31e+04  1.87e+02  0  3.15e+03  2.01e+03  2.54e+02  1.36e+02  4.77e+01   0.27
2002 08 17  1455   52503   53700  0  1.30e+04  1.85e+02  0  3.79e+03  2.40e+03  2.96e+02  1.30e+02  6.12e+01   0.06
2002 08 17  1500   52503   54000  0  1.39e+04  2.17e+02  0  4.44e+03  2.81e+03  3.94e+02  1.64e+02  7.13e+01   0.23
2002 08 17  1505   52503   54300  0  1.26e+04  1.91e+02  0  3.66e+03  2.24e+03  2.69e+02  1.37e+02  4.89e+01   0.01
2002 08 17  1510   52503   54600  0  1.33e+04  1.99e+02  0  4.31e+03  2.73e+03  3.39e+02  1.37e+02  5.65e+01   0.07
2002 08 17  1515   52503   54900  0  1.38e+04  1.92e+02  0  4.66e+03  3.02e+03  3.74e+02  1.48e+02  6.20e+01   0.00
2002 08 17  1520   52503   55200  0  1.33e+04  1.78e+02  0  4.39e+03  2.96e+03  3.76e+02  1.27e+02  5.64e+01   0.07
2002 08 17  1525   52503   55500  0  1.31e+04  1.86e+02  0  4.59e+03  3.17e+03  3.85e+02  1.27e+02  6.31e+01   0.08
2002 08 17  1530   52503   55800  0  1.40e+04  1.92e+02  0  4.41e+03  3.00e+03  3.79e+02  1.45e+02  6.06e+01   0.06
2002 08 17  1535   52503   56100  0  1.49e+04  1.98e+02  0  4.47e+03  3.07e+03  3.96e+02  1.52e+02  6.12e+01   0.13
2002 08 17  1540   52503   56400  0  1.31e+04  1.79e+02  0  4.33e+03  2.79e+03  3.52e+02  1.51e+02  5.79e+01   0.12
2002 08 17  1545   52503   56700  0  1.45e+04  1.95e+02  0  4.97e+03  3.27e+03  4.53e+02  1.60e+02  6.94e+01   0.05
2002 08 17  1550   52503   57000  0  1.46e+04  1.91e+02  0  5.33e+03  3.52e+03  4.57e+02  1.51e+02  7.36e+01   0.10
2002 08 17  1555   52503   57300  0  1.47e+04  1.86e+02  0  5.56e+03  3.72e+03  4.63e+02  1.44e+02  7.15e+01   0.16
2002 08 17  1600   52503   57600  0  1.39e+04  1.98e+02  0  5.38e+03  3.48e+03  4.30e+02  1.41e+02  6.71e+01   0.10
2002 08 17  1605   52503   57900  0  1.40e+04  1.84e+02  0  5.12e+03  3.23e+03  4.16e+02  1.45e+02  6.54e+01   0.05
2002 08 17  1610   52503   58200  0  1.58e+04  1.93e+02  0  5.78e+03  4.03e+03  5.64e+02  1.55e+02  8.27e+01   0.21
2002 08 17  1615   52503   58500  0  1.57e+04  1.98e+02  0  7.10e+03  5.26e+03  7.88e+02  1.91e+02  1.16e+02   0.43
2002 08 17  1620   52503   58800  0  1.59e+04  1.99e+02  0  7.21e+03  5.46e+03  7.75e+02  1.87e+02  1.11e+02   0.39
2002 08 17  1625   52503   59100  0  1.69e+04  1.99e+02  0  7.21e+03  5.30e+03  8.08e+02  2.04e+02  1.22e+02   0.46
2002 08 17  1630   52503   59400  0  1.62e+04  1.95e+02  0  7.19e+03  5.37e+03  8.08e+02  2.06e+02  1.22e+02   0.47
2002 08 17  1635   52503   59700  0  1.62e+04  2.00e+02  0  7.71e+03  5.64e+03  8.27e+02  1.98e+02  1.18e+02   0.51
2002 08 17  1640   52503   60000  0  1.55e+04  1.77e+02  0  7.93e+03  5.95e+03  8.31e+02  1.98e+02  1.15e+02   0.38
2002 08 17  1645   52503   60300  0  1.78e+04  2.10e+02  0  7.26e+03  5.68e+03  8.96e+02  2.13e+02  1.26e+02   0.37
2002 08 17  1650   52503   60600  0  1.60e+04  1.92e+02  0  6.92e+03  4.98e+03  7.57e+02  2.08e+02  1.15e+02   0.39
2002 08 17  1655   52503   60900  0  1.46e+04  1.79e+02  0  6.67e+03  4.84e+03  6.77e+02  1.91e+02  1.05e+02   0.43
2002 08 17  1700   52503   61200  0  1.74e+04  2.15e+02  0  7.20e+03  5.48e+03  9.04e+02  2.26e+02  1.29e+02   0.45
2002 08 17  1705   52503   61500  0  1.83e+04  2.12e+02  0  7.35e+03  5.83e+03  9.73e+02  2.50e+02  1.32e+02   0.40
2002 08 17  1710   52503   61800  0  1.71e+04  2.04e+02  0  7.32e+03  6.10e+03  9.49e+02  2.57e+02  1.26e+02   0.38
2002 08 17  1715   52503   62100  0  1.83e+04  2.16e+02  0  8.12e+03  6.74e+03  1.15e+03  2.94e+02  1.53e+02   0.37
2002 08 17  1720   52503   62400  0  1.71e+04  1.97e+02  0  8.56e+03  7.16e+03  1.07e+03  2.63e+02  1.38e+02   0.44
2002 08 17  1725   52503   62700  0  1.96e+04  2.26e+02  0  8.70e+03  7.31e+03  1.25e+03  3.05e+02  1.62e+02   0.35
2002 08 17  1730   52503   63000  0  1.80e+04  2.13e+02  0  8.76e+03  7.20e+03  1.16e+03  2.76e+02  1.53e+02   0.39
2002 08 17  1735   52503   63300  0  1.90e+04  2.21e+02  0  8.76e+03  7.40e+03  1.23e+03  2.76e+02  1.52e+02   0.34
2002 08 17  1740   52503   63600  9 -1.00e+05 -1.00e+05  9 -1.00e+05 -1.00e+05 -1.00e+05 -1.00e+05 -1.00e+05  -1.00
2002 08 17  1745   52503   63900  9 -1.00e+05 -1.00e+05  9 -1.00e+05 -1.00e+05 -1.00e+05 -1.00e+05 -1.00e+05  -1.00
2002 08 17  1750   52503   64200  9 -1.00e+05 -1.00e+05  9 -1.00e+05 -1.00e+05 -1.00e+05 -1.00e+05 -1.00e+05  -1.00
2002 08 17  1755   52503   64500  9 -1.00e+05 -1.00e+05  9 -1.00e+05 -1.00e+05 -1.00e+05 -1.00e+05 -1.00e+05  -1.00
2002 08 17  1800   52503   64800  9 -1.00e+05 -1.00e+05  9 -1.00e+05 -1.00e+05 -1.00e+05 -1.00e+05 -1.00e+05  -1.00
2002 08 17  1805   52503   65100  0  1.69e+04  1.83e+02  0  9.12e+03  7.26e+03  1.06e+03  2.70e+02  1.38e+02   0.31
2002 08 17  1810   52503   65400  0  1.89e+04  2.16e+02  0  9.22e+03  7.57e+03  1.28e+03  3.16e+02  1.66e+02   0.27
2002 08 17  1815   52503   65700  0  1.83e+04  2.11e+02  0  8.88e+03  7.20e+03  1.20e+03  2.77e+02  1.55e+02   0.33
2002 08 17  1820   52503   66000  0  1.88e+04  2.26e+02  0  8.77e+03  7.12e+03  1.23e+03  3.07e+02  1.59e+02   0.34
2002 08 17  1825   52503   66300  0  1.85e+04  2.17e+02  0  9.07e+03  7.37e+03  1.22e+03  2.99e+02  1.57e+02   0.36
2002 08 17  1830   52503   66600  0  1.82e+04  2.14e+02  0  9.42e+03  7.61e+03  1.34e+03  3.28e+02  1.66e+02   0.32
2002 08 17  1835   52503   66900  0  1.77e+04  1.93e+02  0  9.67e+03  7.94e+03  1.32e+03  3.41e+02  1.74e+02   0.29
2002 08 17  1840   52503   67200  0  1.84e+04  2.03e+02  0  9.39e+03  7.67e+03  1.33e+03  3.38e+02  1.70e+02   0.26
2002 08 17  1845   52503   67500  0  1.68e+04  2.09e+02  0  8.38e+03  6.66e+03  1.09e+03  3.29e+02  1.48e+02   0.24
2002 08 17  1850   52503   67800  0  1.84e+04  2.03e+02  0  9.24e+03  7.34e+03  1.28e+03  3.68e+02  1.70e+02   0.18
2002 08 17  1855   52503   68100  0  1.80e+04  2.17e+02  0  9.35e+03  7.69e+03  1.31e+03  3.70e+02  1.69e+02   0.17
2002 08 17  1900   52503   68400  0  1.84e+04  2.10e+02  0  9.20e+03  7.41e+03  1.32e+03  3.55e+02  1.68e+02   0.19
2002 08 17  1905   52503   68700  0  1.84e+04  1.97e+02  0  9.63e+03  8.01e+03  1.37e+03  3.80e+02  1.75e+02   0.17
2002 08 17  1910   52503   69000  0  1.76e+04  1.99e+02  0  9.81e+03  8.06e+03  1.33e+03  3.70e+02  1.65e+02   0.19
2002 08 17  1915   52503   69300  0  1.94e+04  2.23e+02  0  1.02e+04  8.45e+03  1.49e+03  4.09e+02  1.89e+02   0.17
2002 08 17  1920   52503   69600  0  1.79e+04  2.08e+02  0  9.74e+03  8.16e+03  1.43e+03  3.88e+02  1.80e+02   0.29
2002 08 17  1925   52503   69900  0  1.71e+04  2.08e+02  0  9.12e+03  7.64e+03  1.36e+03  3.84e+02  1.72e+02   0.32
2002 08 17  1930   52503   70200  0  1.77e+04  2.05e+02  0  9.59e+03  7.95e+03  1.42e+03  3.98e+02  1.79e+02   0.25
2002 08 17  1935   52503   70500  0  1.77e+04  2.08e+02  0  9.73e+03  7.93e+03  1.43e+03  3.96e+02  1.83e+02   0.29
2002 08 17  1940   52503   70800  0  1.76e+04  2.11e+02  0  9.97e+03  8.14e+03  1.45e+03  3.87e+02  1.80e+02   0.30
2002 08 17  1945   52503   71100  0  1.72e+04  2.01e+02  0  9.94e+03  8.19e+03  1.43e+03  3.66e+02  1.76e+02   0.36
2002 08 17  1950   52503   71400  0  1.76e+04  2.21e+02  0  9.94e+03  8.16e+03  1.50e+03  3.81e+02  1.86e+02   0.31
2002 08 17  1955   52503   71700  0  1.74e+04  1.95e+02  0  9.73e+03  8.02e+03  1.42e+03  3.94e+02  1.78e+02   0.16
2002 08 17  2000   52503   72000  0  1.64e+04  2.09e+02  0  1.02e+04  8.33e+03  1.38e+03  3.88e+02  1.76e+02   0.18
2002 08 17  2005   52503   72300  0  1.65e+04  1.92e+02  0  1.00e+04  8.39e+03  1.46e+03  3.93e+02  1.75e+02   0.27
2002 08 17  2010   52503   72600  0  1.74e+04  1.99e+02  0  1.06e+04  8.76e+03  1.56e+03  4.20e+02  1.89e+02   0.20
2002 08 17  2015   52503   72900  0  1.83e+04  2.07e+02  0  1.06e+04  8.81e+03  1.60e+03  4.47e+02  1.95e+02   0.16
2002 08 17  2020   52503   73200  0  1.75e+04  1.90e+02  0  1.06e+04  8.73e+03  1.56e+03  4.37e+02  1.92e+02   0.14
2002 08 17  2025   52503   73500  0  1.74e+04  2.09e+02  0  1.07e+04  8.73e+03  1.62e+03  4.27e+02  1.95e+02   0.19
2002 08 17  2030   52503   73800  0  1.46e+04  1.65e+02  0  8.99e+03  7.39e+03  1.16e+03  3.51e+02  1.50e+02   0.36
2002 08 17  2035   52503   74100  0  1.53e+04  2.02e+02  0  8.11e+03  6.80e+03  1.27e+03  3.96e+02  1.67e+02   0.35
2002 08 17  2040   52503   74400  0  1.54e+04  1.90e+02  0  9.56e+03  8.04e+03  1.42e+03  3.87e+02  1.79e+02   0.33
2002 08 17  2045   52503   74700  0  1.66e+04  2.07e+02  0  9.24e+03  7.56e+03  1.43e+03  3.99e+02  1.78e+02   0.35
2002 08 17  2050   52503   75000  0  1.57e+04  1.86e+02  0  8.96e+03  7.41e+03  1.31e+03  3.71e+02  1.63e+02   0.34
2002 08 17  2055   52503   75300  0  1.58e+04  1.86e+02  0  9.46e+03  7.84e+03  1.39e+03  3.77e+02  1.73e+02   0.35
2002 08 17  2100   52503   75600  0  1.50e+04  1.73e+02  0  1.01e+04  8.48e+03  1.43e+03  3.62e+02  1.71e+02   0.35
2002 08 17  2105   52503   75900  0  1.61e+04  1.81e+02  0  9.64e+03  7.87e+03  1.43e+03  3.91e+02  1.75e+02   0.33
2002 08 17  2110   52503   76200  0  1.50e+04  1.88e+02  0  8.98e+03  7.43e+03  1.29e+03  3.68e+02  1.56e+02   0.30
2002 08 17  2115   52503   76500  0  1.70e+04  1.92e+02  0  9.85e+03  8.16e+03  1.54e+03  4.32e+02  1.90e+02   0.31
2002 08 17  2120   52503   76800  0  1.78e+04  2.06e+02  0  1.13e+04  9.60e+03  1.84e+03  4.88e+02  2.14e+02   0.22
2002 08 17  2125   52503   77100  0  1.72e+04  1.94e+02  0  1.18e+04  9.95e+03  1.79e+03  4.53e+02  2.09e+02   0.21
2002 08 17  2130   52503   77400  0  1.67e+04  1.95e+02  0  1.19e+04  9.95e+03  1.80e+03  4.39e+02  2.07e+02   0.27
2002 08 17  2135   52503   77700  0  1.69e+04  1.77e+02  0  1.18e+04  9.78e+03  1.74e+03  4.49e+02  2.00e+02   0.23
2002 08 17  2140   52503   78000  0  1.67e+04  1.76e+02  0  1.17e+04  1.00e+04  1.78e+03  4.47e+02  2.08e+02   0.24
2002 08 17  2145   52503   78300  0  1.68e+04  2.00e+02  0  1.17e+04  9.79e+03  1.77e+03  4.60e+02  2.10e+02   0.20
2002 08 17  2150   52503   78600  0  1.62e+04  1.93e+02  0  1.14e+04  9.59e+03  1.72e+03  4.69e+02  2.00e+02   0.13
2002 08 17  2155   52503   78900  0  1.61e+04  1.81e+02  0  1.15e+04  9.60e+03  1.70e+03  4.62e+02  2.04e+02   0.13
2002 08 17  2200   52503   79200  0  1.66e+04  1.73e+02  0  1.20e+04  1.03e+04  1.86e+03  4.63e+02  2.14e+02   0.12
2002 08 17  2205   52503   79500  0  1.48e+04  1.66e+02  0  1.22e+04  1.02e+04  1.68e+03  4.31e+02  1.92e+02   0.17
2002 08 17  2210   52503   79800  0  1.57e+04  1.72e+02  0  1.23e+04  1.05e+04  1.82e+03  4.64e+02  2.06e+02   0.13
2002 08 17  2215   52503   80100  0  1.78e+04  2.05e+02  0  1.26e+04  1.09e+04  2.18e+03  5.77e+02  2.49e+02   0.20
2002 08 17  2220   52503   80400  0  1.65e+04  1.66e+02  0  1.38e+04  1.25e+04  2.38e+03  5.31e+02  2.60e+02   0.27
2002 08 17  2225   52503   80700  0  1.61e+04  1.81e+02  0  1.25e+04  1.08e+04  2.06e+03  4.62e+02  2.22e+02   0.28
2002 08 17  2230   52503   81000  0  1.65e+04  1.90e+02  0  1.27e+04  1.09e+04  2.09e+03  5.01e+02  2.29e+02   0.24
2002 08 17  2235   52503   81300  0  1.61e+04  1.71e+02  0  1.29e+04  1.10e+04  2.13e+03  5.15e+02  2.35e+02   0.22
2002 08 17  2240   52503   81600  0  1.51e+04  1.71e+02  0  1.32e+04  1.20e+04  2.38e+03  5.78e+02  2.62e+02   0.26
2002 08 17  2245   52503   81900  9 -1.00e+05 -1.00e+05  9 -1.00e+05 -1.00e+05 -1.00e+05 -1.00e+05 -1.00e+05  -1.00
2002 08 17  2250   52503   82200  9 -1.00e+05 -1.00e+05  9 -1.00e+05 -1.00e+05 -1.00e+05 -1.00e+05 -1.00e+05  -1.00
2002 08 17  2255   52503   82500  9 -1.00e+05 -1.00e+05  9 -1.00e+05 -1.00e+05 -1.00e+05 -1.00e+05 -1.00e+05  -1.00
2002 08 17  2300   52503   82800  9 -1.00e+05 -1.00e+05  9 -1.00e+05 -1.00e+05 -1.00e+05 -1.00e+05 -1.00e+05  -1.00
2002 08 17  2305   52503   83100  0  1.50e+04  1.64e+02  0  1.23e+04  1.07e+04  1.93e+03  4.72e+02  2.17e+02   0.46
2002 08 17  2310   52503   83400  0  1.42e+04  1.57e+02  0  1.30e+04  1.13e+04  2.02e+03  4.62e+02  2.16e+02   0.38
2002 08 17  2315   52503   83700  0  1.56e+04  1.77e+02  0  1.24e+04  1.04e+04  1.94e+03  4.57e+02  2.16e+02   0.34
2002 08 17  2320   52503   84000  0  1.42e+04  1.61e+02  0  1.19e+04  1.01e+04  1.84e+03  4.37e+02  2.02e+02   0.34
2002 08 17  2325   52503   84300  0  1.35e+04  1.57e+02  0  1.17e+04  1.01e+04  1.72e+03  4.09e+02  1.85e+02   0.39
2002 08 17  2330   52503   84600  0  1.36e+04  1.53e+02  0  1.22e+04  1.04e+04  1.96e+03  4.81e+02  2.15e+02   0.30
2002 08 17  2335   52503   84900  0  1.51e+04  1.74e+02  0  1.26e+04  1.08e+04  2.08e+03  5.40e+02  2.35e+02   0.18
2002 08 17  2340   52503   85200  0  1.50e+04  1.68e+02  0  1.28e+04  1.10e+04  2.08e+03  5.07e+02  2.27e+02   0.25
2002 08 17  2345   52503   85500  0  1.50e+04  1.68e+02  0  1.28e+04  1.09e+04  2.02e+03  4.78e+02  2.17e+02   0.19
2002 08 17  2350   52503   85800  0  1.45e+04  1.74e+02  0  1.30e+04  1.10e+04  2.04e+03  4.98e+02  2.31e+02   0.31
2002 08 17  2355   52503   86100  0  1.45e+04  1.67e+02  0  1.32e+04  1.13e+04  2.11e+03  5.20e+02  2.30e+02   0.29
