:Data_list: 20020608_ace_epam_5m.txt
:Created: 2002 Jun 09 0012 UT
# Prepared by the U.S. Dept. of Commerce, NOAA, Space Environment Center.
# Please send comments and suggestions to sec@sec.noaa.gov 
# 
# Units: Differential Flux particles/cm2-s-ster-MeV
# Units: Anisotropy Index 0.0 - 2.0
# Status(S): 0 = nominal, 4,6,7,8 = bad data, unable to process, 9 = no data
# Missing data values: -1.00e+05, index = -1.00
# Source: ACE Satellite - Electron, Proton, and Alpha Monitor
# Note: 2002 Mar 18: First Proton channel changed from 47-65 to 65-112keV.
#
#                      5-minute averaged Real-time Differential Electron and Proton Flux 
# 
#                Modified Seconds ---------------------------- Differential Flux --------------------------- 
# UT Date   Time  Julian  of the  ----- Electron -----   ------------------- Protons keV -------------------   Anis.
# YR MO DA  HHMM    Day    Day    S    38-53   175-315   S   65-112   112-187   310-580   761-1220 060-1910   Ratio
#-------------------------------------------------------------------------------------------------------------------
2002 06 08  0000   52433       0  0  1.12e+03  1.79e+01  0  4.64e+02  3.04e+02  3.58e+01  7.48e+00  2.34e+00   0.34
2002 06 08  0005   52433     300  0  1.04e+03  1.68e+01  0  4.62e+02  3.13e+02  3.46e+01  7.41e+00  2.60e+00   0.30
2002 06 08  0010   52433     600  0  1.01e+03  1.67e+01  0  4.65e+02  3.21e+02  4.04e+01  7.09e+00  2.60e+00   0.40
2002 06 08  0015   52433     900  0  1.03e+03  1.80e+01  0  4.64e+02  2.92e+02  3.63e+01  7.25e+00  2.34e+00   0.13
2002 06 08  0020   52433    1200  0  1.09e+03  1.95e+01  0  4.43e+02  3.06e+02  3.57e+01  7.21e+00  2.14e+00   0.26
2002 06 08  0025   52433    1500  0  1.11e+03  1.87e+01  0  4.67e+02  3.10e+02  3.58e+01  7.50e+00  2.94e+00   0.39
2002 06 08  0030   52433    1800  0  1.18e+03  2.21e+01  0  4.33e+02  3.11e+02  3.58e+01  8.16e+00  2.80e+00   0.23
2002 06 08  0035   52433    2100  0  1.10e+03  1.63e+01  0  4.55e+02  2.92e+02  3.47e+01  7.30e+00  2.52e+00   0.32
2002 06 08  0040   52433    2400  0  1.02e+03  2.01e+01  0  4.35e+02  2.86e+02  3.56e+01  7.39e+00  2.33e+00   0.25
2002 06 08  0045   52433    2700  0  1.00e+03  1.48e+01  0  4.39e+02  2.78e+02  3.53e+01  8.03e+00  3.06e+00   0.22
2002 06 08  0050   52433    3000  0  1.05e+03  1.66e+01  0  4.30e+02  2.93e+02  3.59e+01  7.36e+00  2.67e+00   0.36
2002 06 08  0055   52433    3300  0  1.10e+03  1.75e+01  0  4.59e+02  2.94e+02  3.42e+01  8.02e+00  2.66e+00   0.21
2002 06 08  0100   52433    3600  0  1.10e+03  1.68e+01  0  4.53e+02  3.16e+02  3.55e+01  8.43e+00  2.54e+00   0.10
2002 06 08  0105   52433    3900  0  1.08e+03  1.48e+01  0  4.60e+02  3.12e+02  3.67e+01  9.22e+00  2.71e+00   0.16
2002 06 08  0110   52433    4200  0  1.19e+03  1.50e+01  0  4.37e+02  3.05e+02  3.69e+01  8.34e+00  2.80e+00   0.05
2002 06 08  0115   52433    4500  0  1.15e+03  1.53e+01  0  4.32e+02  2.90e+02  3.54e+01  7.74e+00  2.48e+00   0.31
2002 06 08  0120   52433    4800  0  1.14e+03  1.45e+01  0  4.29e+02  2.72e+02  3.37e+01  8.37e+00  2.62e+00   0.21
2002 06 08  0125   52433    5100  0  1.06e+03  1.74e+01  0  4.54e+02  2.86e+02  3.79e+01  7.94e+00  2.50e+00   0.21
2002 06 08  0130   52433    5400  0  1.12e+03  1.68e+01  0  4.23e+02  2.77e+02  3.49e+01  7.50e+00  2.42e+00   0.10
2002 06 08  0135   52433    5700  0  1.08e+03  1.72e+01  0  4.19e+02  2.65e+02  3.31e+01  8.43e+00  2.84e+00   0.22
2002 06 08  0140   52433    6000  0  1.13e+03  1.82e+01  0  4.17e+02  2.81e+02  3.36e+01  7.77e+00  2.90e+00   0.30
2002 06 08  0145   52433    6300  0  1.11e+03  1.39e+01  0  4.05e+02  2.76e+02  3.38e+01  8.42e+00  2.52e+00   0.08
2002 06 08  0150   52433    6600  0  1.11e+03  1.66e+01  0  4.29e+02  2.83e+02  3.08e+01  8.75e+00  2.25e+00   0.08
2002 06 08  0155   52433    6900  0  1.12e+03  1.92e+01  0  4.32e+02  2.99e+02  3.69e+01  8.78e+00  3.09e+00   0.13
2002 06 08  0200   52433    7200  0  1.11e+03  1.61e+01  0  4.59e+02  2.86e+02  3.70e+01  8.40e+00  2.63e+00   0.18
2002 06 08  0205   52433    7500  0  1.07e+03  1.66e+01  0  4.10e+02  2.61e+02  3.23e+01  8.07e+00  1.81e+00   0.06
2002 06 08  0210   52433    7800  0  1.12e+03  1.68e+01  0  4.16e+02  2.67e+02  3.31e+01  7.64e+00  2.27e+00   0.04
2002 06 08  0215   52433    8100  0  1.09e+03  1.69e+01  0  4.06e+02  2.65e+02  3.57e+01  8.16e+00  2.29e+00   0.04
2002 06 08  0220   52433    8400  0  1.06e+03  1.60e+01  0  4.03e+02  2.59e+02  3.22e+01  7.82e+00  2.36e+00   0.07
2002 06 08  0225   52433    8700  0  1.07e+03  1.64e+01  0  4.11e+02  2.65e+02  3.37e+01  7.97e+00  2.75e+00   0.13
2002 06 08  0230   52433    9000  0  9.95e+02  1.93e+01  0  4.12e+02  2.74e+02  3.40e+01  7.74e+00  2.23e+00   0.09
2002 06 08  0235   52433    9300  0  1.10e+03  1.68e+01  0  3.35e+02  2.27e+02  3.05e+01  7.94e+00  2.06e+00   0.08
2002 06 08  0240   52433    9600  0  1.05e+03  1.47e+01  0  2.90e+02  2.00e+02  2.73e+01  6.67e+00  1.99e+00   0.24
2002 06 08  0245   52433    9900  0  9.72e+02  1.50e+01  0  2.95e+02  1.99e+02  2.48e+01  6.98e+00  2.27e+00   0.16
2002 06 08  0250   52433   10200  0  1.13e+03  1.40e+01  0  2.77e+02  1.90e+02  2.56e+01  6.88e+00  2.00e+00   0.09
2002 06 08  0255   52433   10500  0  1.06e+03  1.88e+01  0  2.82e+02  1.95e+02  2.59e+01  7.60e+00  2.40e+00   0.23
2002 06 08  0300   52433   10800  0  9.72e+02  1.56e+01  0  2.90e+02  1.95e+02  2.52e+01  7.28e+00  2.06e+00   0.11
2002 06 08  0305   52433   11100  0  1.01e+03  1.39e+01  0  3.07e+02  2.04e+02  2.85e+01  7.42e+00  2.27e+00   0.11
2002 06 08  0310   52433   11400  0  9.94e+02  1.48e+01  0  2.89e+02  2.02e+02  2.87e+01  7.09e+00  2.56e+00   0.11
2002 06 08  0315   52433   11700  0  1.03e+03  1.76e+01  0  2.85e+02  2.05e+02  2.76e+01  7.63e+00  2.10e+00   0.10
2002 06 08  0320   52433   12000  0  1.10e+03  1.46e+01  0  3.09e+02  2.30e+02  2.99e+01  8.55e+00  2.29e+00   0.08
2002 06 08  0325   52433   12300  0  1.05e+03  1.69e+01  0  3.87e+02  2.65e+02  3.13e+01  8.86e+00  2.19e+00   0.07
2002 06 08  0330   52433   12600  0  1.05e+03  2.28e+01  0  3.74e+02  2.60e+02  2.93e+01  8.96e+00  2.42e+00   0.05
2002 06 08  0335   52433   12900  0  1.06e+03  1.59e+01  0  4.50e+02  3.11e+02  3.51e+01  8.90e+00  2.71e+00   0.02
2002 06 08  0340   52433   13200  0  1.20e+03  1.40e+01  0  4.77e+02  3.10e+02  3.61e+01  9.50e+00  2.60e+00   0.09
2002 06 08  0345   52433   13500  0  1.09e+03  1.62e+01  0  4.45e+02  2.82e+02  3.50e+01  8.35e+00  2.48e+00   0.13
2002 06 08  0350   52433   13800  0  1.11e+03  1.58e+01  0  4.00e+02  2.58e+02  2.95e+01  9.22e+00  2.68e+00   0.18
2002 06 08  0355   52433   14100  0  9.36e+02  1.68e+01  0  2.92e+02  1.89e+02  2.67e+01  6.84e+00  2.08e+00   0.34
2002 06 08  0400   52433   14400  0  9.99e+02  1.91e+01  0  2.67e+02  1.91e+02  2.83e+01  7.05e+00  2.42e+00   0.26
2002 06 08  0405   52433   14700  0  1.02e+03  1.34e+01  0  3.08e+02  1.92e+02  2.72e+01  7.01e+00  1.91e+00   0.14
2002 06 08  0410   52433   15000  0  9.92e+02  1.70e+01  0  3.19e+02  2.08e+02  2.69e+01  7.07e+00  2.12e+00   0.11
2002 06 08  0415   52433   15300  0  1.01e+03  1.68e+01  0  3.09e+02  2.07e+02  2.76e+01  7.47e+00  2.02e+00   0.04
2002 06 08  0420   52433   15600  0  1.07e+03  1.71e+01  0  3.17e+02  1.98e+02  2.61e+01  7.86e+00  2.15e+00   0.05
2002 06 08  0425   52433   15900  0  1.00e+03  1.67e+01  0  4.01e+02  2.63e+02  3.14e+01  8.00e+00  2.85e+00   0.10
2002 06 08  0430   52433   16200  0  1.08e+03  1.45e+01  0  3.74e+02  2.35e+02  2.86e+01  8.46e+00  2.29e+00   0.31
2002 06 08  0435   52433   16500  0  1.07e+03  1.77e+01  0  3.84e+02  2.59e+02  2.94e+01  7.41e+00  2.52e+00   0.35
2002 06 08  0440   52433   16800  0  9.51e+02  1.93e+01  0  3.58e+02  2.43e+02  2.90e+01  7.83e+00  2.20e+00   0.30
2002 06 08  0445   52433   17100  0  9.96e+02  1.78e+01  0  3.65e+02  2.45e+02  2.85e+01  7.75e+00  2.23e+00   0.20
2002 06 08  0450   52433   17400  0  9.84e+02  1.33e+01  0  3.77e+02  2.63e+02  3.03e+01  7.20e+00  2.16e+00   0.12
2002 06 08  0455   52433   17700  0  9.64e+02  1.64e+01  0  3.92e+02  2.46e+02  3.14e+01  7.72e+00  2.44e+00   0.18
2002 06 08  0500   52433   18000  0  9.88e+02  1.94e+01  0  3.89e+02  2.36e+02  3.15e+01  8.31e+00  2.62e+00   0.22
2002 06 08  0505   52433   18300  0  1.09e+03  1.67e+01  0  3.92e+02  2.51e+02  2.83e+01  8.83e+00  2.59e+00   0.24
2002 06 08  0510   52433   18600  0  9.82e+02  2.01e+01  0  3.80e+02  2.47e+02  3.19e+01  8.46e+00  2.31e+00   0.21
2002 06 08  0515   52433   18900  0  9.72e+02  1.88e+01  0  3.76e+02  2.32e+02  2.76e+01  7.46e+00  2.06e+00   0.22
2002 06 08  0520   52433   19200  0  1.03e+03  1.78e+01  0  3.61e+02  2.41e+02  2.66e+01  7.35e+00  2.13e+00   0.25
2002 06 08  0525   52433   19500  0  1.06e+03  1.84e+01  0  3.42e+02  2.17e+02  2.88e+01  6.77e+00  2.04e+00   0.20
2002 06 08  0530   52433   19800  0  9.00e+02  1.41e+01  0  3.40e+02  2.18e+02  2.60e+01  7.28e+00  2.35e+00   0.05
2002 06 08  0535   52433   20100  0  1.07e+03  1.62e+01  0  4.11e+02  2.54e+02  2.66e+01  7.76e+00  2.43e+00   0.06
2002 06 08  0540   52433   20400  0  9.92e+02  1.66e+01  0  3.71e+02  2.45e+02  2.86e+01  6.86e+00  2.33e+00   0.17
2002 06 08  0545   52433   20700  0  9.69e+02  1.73e+01  0  3.33e+02  2.23e+02  2.93e+01  6.46e+00  1.74e+00   0.25
2002 06 08  0550   52433   21000  0  8.70e+02  2.14e+01  0  3.41e+02  2.17e+02  2.72e+01  6.93e+00  1.97e+00   0.13
2002 06 08  0555   52433   21300  0  9.80e+02  1.66e+01  0  3.57e+02  2.34e+02  2.92e+01  6.67e+00  1.72e+00   0.14
2002 06 08  0600   52433   21600  0  1.02e+03  1.52e+01  0  3.59e+02  2.39e+02  2.94e+01  7.62e+00  2.20e+00   0.27
2002 06 08  0605   52433   21900  0  1.02e+03  1.47e+01  0  3.78e+02  2.50e+02  3.19e+01  7.41e+00  2.02e+00   0.06
2002 06 08  0610   52433   22200  0  9.69e+02  1.79e+01  0  3.76e+02  2.56e+02  3.13e+01  7.92e+00  1.89e+00   0.28
2002 06 08  0615   52433   22500  0  1.01e+03  1.76e+01  0  3.45e+02  2.20e+02  3.17e+01  6.84e+00  2.07e+00   0.25
2002 06 08  0620   52433   22800  0  9.74e+02  1.97e+01  0  3.20e+02  2.20e+02  2.47e+01  7.40e+00  1.83e+00   0.26
2002 06 08  0625   52433   23100  0  9.67e+02  1.59e+01  0  3.51e+02  2.25e+02  2.81e+01  6.76e+00  2.50e+00   0.17
2002 06 08  0630   52433   23400  0  1.03e+03  1.88e+01  0  3.29e+02  2.11e+02  2.84e+01  7.28e+00  1.74e+00   0.19
2002 06 08  0635   52433   23700  0  1.15e+03  1.67e+01  0  4.47e+02  2.89e+02  3.19e+01  7.60e+00  2.43e+00   0.20
2002 06 08  0640   52433   24000  0  1.07e+03  1.81e+01  0  4.86e+02  3.03e+02  3.22e+01  8.12e+00  2.77e+00   0.06
2002 06 08  0645   52433   24300  0  1.10e+03  1.57e+01  0  5.50e+02  3.58e+02  3.84e+01  8.46e+00  2.27e+00   0.07
2002 06 08  0650   52433   24600  0  1.14e+03  1.62e+01  0  5.35e+02  3.44e+02  3.94e+01  7.71e+00  2.04e+00   0.05
2002 06 08  0655   52433   24900  0  1.09e+03  1.98e+01  0  5.17e+02  3.31e+02  3.56e+01  8.52e+00  2.77e+00   0.09
2002 06 08  0700   52433   25200  0  1.11e+03  1.82e+01  0  5.13e+02  3.34e+02  3.64e+01  8.71e+00  2.33e+00   0.03
2002 06 08  0705   52433   25500  0  1.15e+03  1.89e+01  0  5.42e+02  3.27e+02  3.64e+01  9.20e+00  2.42e+00   0.17
2002 06 08  0710   52433   25800  0  1.12e+03  1.70e+01  0  5.39e+02  3.35e+02  3.69e+01  9.29e+00  2.81e+00   0.09
2002 06 08  0715   52433   26100  0  1.20e+03  1.65e+01  0  5.40e+02  3.41e+02  3.61e+01  8.23e+00  2.96e+00   0.09
2002 06 08  0720   52433   26400  0  1.12e+03  1.63e+01  0  5.55e+02  3.33e+02  3.91e+01  8.38e+00  2.79e+00   0.18
2002 06 08  0725   52433   26700  0  1.19e+03  1.72e+01  0  4.92e+02  3.29e+02  3.63e+01  8.36e+00  2.85e+00   0.11
2002 06 08  0730   52433   27000  0  1.13e+03  1.70e+01  0  5.52e+02  3.45e+02  3.56e+01  8.57e+00  2.84e+00   0.16
2002 06 08  0735   52433   27300  0  1.15e+03  1.75e+01  0  5.18e+02  3.32e+02  3.85e+01  8.96e+00  1.97e+00   0.18
2002 06 08  0740   52433   27600  0  1.10e+03  1.57e+01  0  5.26e+02  3.12e+02  3.80e+01  8.25e+00  2.42e+00   0.01
2002 06 08  0745   52433   27900  0  1.08e+03  1.73e+01  0  4.55e+02  3.00e+02  3.51e+01  7.23e+00  2.76e+00   0.13
2002 06 08  0750   52433   28200  0  1.09e+03  1.55e+01  0  5.37e+02  3.20e+02  3.72e+01  8.50e+00  2.46e+00   0.06
2002 06 08  0755   52433   28500  0  1.02e+03  2.07e+01  0  5.89e+02  3.37e+02  3.85e+01  8.54e+00  2.81e+00   0.07
2002 06 08  0800   52433   28800  0  1.02e+03  1.88e+01  0  4.99e+02  3.34e+02  3.41e+01  7.97e+00  2.34e+00   0.05
2002 06 08  0805   52433   29100  0  1.09e+03  1.70e+01  0  4.46e+02  2.70e+02  3.21e+01  8.02e+00  2.50e+00   0.11
2002 06 08  0810   52433   29400  0  1.10e+03  1.44e+01  0  3.97e+02  2.70e+02  3.41e+01  6.90e+00  2.44e+00   0.14
2002 06 08  0815   52433   29700  0  1.04e+03  1.93e+01  0  4.25e+02  2.50e+02  3.06e+01  7.86e+00  2.68e+00   0.09
2002 06 08  0820   52433   30000  0  1.07e+03  1.72e+01  0  3.30e+02  2.40e+02  2.90e+01  7.69e+00  2.48e+00   0.25
2002 06 08  0825   52433   30300  0  9.98e+02  1.88e+01  0  3.54e+02  2.46e+02  2.83e+01  7.37e+00  1.85e+00   0.11
2002 06 08  0830   52433   30600  0  1.05e+03  1.82e+01  0  4.10e+02  2.68e+02  3.02e+01  7.65e+00  2.12e+00   0.09
2002 06 08  0835   52433   30900  0  1.05e+03  1.68e+01  0  3.50e+02  2.41e+02  3.05e+01  7.48e+00  2.12e+00   0.26
2002 06 08  0840   52433   31200  0  1.02e+03  1.63e+01  0  3.01e+02  2.13e+02  2.92e+01  7.23e+00  2.47e+00   0.11
2002 06 08  0845   52433   31500  0  9.76e+02  1.88e+01  0  2.83e+02  2.03e+02  2.91e+01  7.21e+00  2.10e+00   0.13
2002 06 08  0850   52433   31800  0  1.04e+03  1.46e+01  0  2.81e+02  2.04e+02  2.90e+01  7.67e+00  1.98e+00   0.12
2002 06 08  0855   52433   32100  0  9.98e+02  1.80e+01  0  3.13e+02  2.13e+02  2.76e+01  6.81e+00  2.08e+00   0.13
2002 06 08  0900   52433   32400  0  1.02e+03  1.68e+01  0  3.13e+02  2.15e+02  2.25e+01  5.86e+00  1.94e+00   0.08
2002 06 08  0905   52433   32700  0  8.17e+02  1.59e+01  0  2.24e+02  1.51e+02  1.93e+01  4.59e+00  1.41e+00   0.32
2002 06 08  0910   52433   33000  0  8.43e+02  1.41e+01  0  2.02e+02  1.33e+02  1.87e+01  4.46e+00  1.53e+00   0.13
2002 06 08  0915   52433   33300  0  7.49e+02  1.82e+01  0  1.86e+02  1.20e+02  1.72e+01  4.84e+00  1.37e+00   0.27
2002 06 08  0920   52433   33600  0  8.86e+02  1.45e+01  0  2.20e+02  1.50e+02  1.82e+01  4.54e+00  1.22e+00   0.08
2002 06 08  0925   52433   33900  0  7.95e+02  1.74e+01  0  2.22e+02  1.45e+02  2.07e+01  5.41e+00  1.74e+00   0.09
2002 06 08  0930   52433   34200  0  8.26e+02  1.75e+01  0  2.91e+02  1.94e+02  2.50e+01  6.90e+00  1.73e+00   0.10
2002 06 08  0935   52433   34500  0  8.43e+02  1.62e+01  0  2.97e+02  2.08e+02  2.72e+01  5.83e+00  2.00e+00   0.10
2002 06 08  0940   52433   34800  0  9.94e+02  1.76e+01  0  3.15e+02  2.25e+02  2.55e+01  6.05e+00  1.66e+00   0.08
2002 06 08  0945   52433   35100  0  8.22e+02  1.74e+01  0  3.24e+02  1.93e+02  2.49e+01  5.70e+00  1.47e+00   0.15
2002 06 08  0950   52433   35400  0  1.02e+03  1.64e+01  0  3.53e+02  2.41e+02  2.53e+01  6.58e+00  1.90e+00   0.27
2002 06 08  0955   52433   35700  0  1.11e+03  1.93e+01  0  4.34e+02  3.06e+02  3.52e+01  7.41e+00  2.05e+00   0.22
2002 06 08  1000   52433   36000  0  1.03e+03  1.68e+01  0  3.54e+02  2.55e+02  3.29e+01  6.75e+00  2.08e+00   0.03
2002 06 08  1005   52433   36300  0  9.45e+02  1.66e+01  0  3.69e+02  2.53e+02  3.08e+01  7.38e+00  2.39e+00   0.02
2002 06 08  1010   52433   36600  0  1.01e+03  1.72e+01  0  3.36e+02  2.32e+02  3.15e+01  6.47e+00  2.41e+00   0.24
2002 06 08  1015   52433   36900  0  1.00e+03  1.96e+01  0  3.41e+02  2.34e+02  3.16e+01  7.20e+00  1.93e+00   0.18
2002 06 08  1020   52433   37200  0  1.02e+03  1.33e+01  0  3.12e+02  2.12e+02  2.99e+01  7.48e+00  2.00e+00   0.10
2002 06 08  1025   52433   37500  0  1.12e+03  1.97e+01  0  4.65e+02  3.32e+02  4.91e+01  9.59e+00  3.12e+00   0.38
2002 06 08  1030   52433   37800  0  1.24e+03  1.68e+01  0  7.40e+02  4.48e+02  4.85e+01  1.06e+01  2.54e+00   0.56
2002 06 08  1035   52433   38100  0  1.41e+03  1.85e+01  0  8.41e+02  5.24e+02  5.61e+01  9.38e+00  2.83e+00   0.35
2002 06 08  1040   52433   38400  0  1.42e+03  1.88e+01  0  8.05e+02  5.07e+02  5.46e+01  9.32e+00  3.42e+00   0.36
2002 06 08  1045   52433   38700  0  1.34e+03  1.43e+01  0  8.34e+02  5.12e+02  5.29e+01  8.75e+00  3.04e+00   0.08
2002 06 08  1050   52433   39000  0  1.37e+03  1.78e+01  0  8.04e+02  5.10e+02  5.45e+01  7.67e+00  3.50e+00   0.16
2002 06 08  1055   52433   39300  0  1.37e+03  2.00e+01  0  8.29e+02  5.52e+02  5.63e+01  8.71e+00  3.31e+00   0.25
2002 06 08  1100   52433   39600  0  1.37e+03  1.70e+01  0  9.10e+02  5.90e+02  6.76e+01  8.58e+00  4.46e+00   0.02
2002 06 08  1105   52433   39900  0  1.33e+03  2.07e+01  0  1.17e+03  7.38e+02  7.52e+01  9.80e+00  4.09e+00   0.10
2002 06 08  1110   52433   40200  0  1.28e+03  1.57e+01  0  1.77e+03  1.01e+03  8.19e+01  1.11e+01  4.12e+00   0.41
2002 06 08  1115   52433   40500  0  1.37e+03  1.61e+01  0  2.71e+03  1.41e+03  1.06e+02  1.36e+01  4.02e+00   0.48
2002 06 08  1120   52433   40800  0  1.27e+03  1.67e+01  0  3.43e+03  1.86e+03  1.27e+02  1.36e+01  4.62e+00   0.49
2002 06 08  1125   52433   41100  0  1.42e+03  2.16e+01  0  3.57e+03  1.93e+03  1.39e+02  1.34e+01  4.21e+00   0.42
2002 06 08  1130   52433   41400  0  1.26e+03  1.70e+01  0  3.83e+03  2.06e+03  1.39e+02  1.33e+01  4.73e+00   0.41
2002 06 08  1135   52433   41700  0  1.25e+03  1.89e+01  0  3.53e+03  1.94e+03  1.40e+02  1.39e+01  4.72e+00   0.38
2002 06 08  1140   52433   42000  0  1.26e+03  1.84e+01  0  3.48e+03  1.90e+03  1.32e+02  1.33e+01  4.16e+00   0.24
2002 06 08  1145   52433   42300  0  1.38e+03  2.08e+01  0  3.18e+03  1.75e+03  1.22e+02  1.25e+01  4.01e+00   0.33
2002 06 08  1150   52433   42600  0  1.29e+03  1.64e+01  0  3.29e+03  1.65e+03  1.09e+02  1.22e+01  3.97e+00   0.35
2002 06 08  1155   52433   42900  0  1.31e+03  1.80e+01  0  2.71e+03  1.40e+03  9.62e+01  1.15e+01  3.52e+00   0.41
2002 06 08  1200   52433   43200  0  1.33e+03  1.68e+01  0  2.52e+03  1.30e+03  9.17e+01  1.15e+01  3.91e+00   0.30
2002 06 08  1205   52433   43500  0  1.29e+03  1.91e+01  0  2.81e+03  1.50e+03  9.69e+01  1.14e+01  3.74e+00   0.31
2002 06 08  1210   52433   43800  0  1.33e+03  1.88e+01  0  2.66e+03  1.36e+03  9.03e+01  1.12e+01  3.44e+00   0.27
2002 06 08  1215   52433   44100  0  1.38e+03  1.54e+01  0  2.51e+03  1.31e+03  8.75e+01  9.57e+00  3.49e+00   0.34
2002 06 08  1220   52433   44400  0  1.39e+03  1.61e+01  0  2.77e+03  1.38e+03  9.07e+01  1.06e+01  3.61e+00   0.32
2002 06 08  1225   52433   44700  0  1.44e+03  1.68e+01  0  2.76e+03  1.32e+03  8.14e+01  9.95e+00  3.28e+00   0.12
2002 06 08  1230   52433   45000  0  1.46e+03  1.60e+01  0  2.51e+03  1.25e+03  8.54e+01  9.25e+00  3.04e+00   0.24
2002 06 08  1235   52433   45300  0  1.58e+03  1.74e+01  0  2.02e+03  9.41e+02  6.60e+01  8.25e+00  2.63e+00   0.26
2002 06 08  1240   52433   45600  0  1.57e+03  1.81e+01  0  1.36e+03  6.53e+02  4.80e+01  7.37e+00  1.95e+00   0.09
2002 06 08  1245   52433   45900  0  1.64e+03  1.80e+01  0  1.70e+03  6.55e+02  4.75e+01  7.23e+00  2.17e+00   0.15
2002 06 08  1250   52433   46200  0  1.76e+03  1.70e+01  0  2.35e+03  8.38e+02  4.68e+01  6.68e+00  2.31e+00   0.18
2002 06 08  1255   52433   46500  0  1.68e+03  1.70e+01  0  1.72e+03  6.95e+02  4.70e+01  7.49e+00  2.59e+00   0.15
2002 06 08  1300   52433   46800  0  1.44e+03  1.64e+01  0  1.60e+03  6.06e+02  3.87e+01  6.69e+00  1.96e+00   0.31
2002 06 08  1305   52433   47100  0  1.29e+03  1.77e+01  0  1.40e+03  5.51e+02  3.87e+01  7.49e+00  1.81e+00   0.56
2002 06 08  1310   52433   47400  0  1.10e+03  1.62e+01  0  9.72e+02  4.08e+02  2.80e+01  6.50e+00  1.55e+00   0.60
2002 06 08  1315   52433   47700  0  1.53e+03  1.70e+01  0  1.72e+03  7.25e+02  4.37e+01  6.63e+00  2.04e+00   0.17
2002 06 08  1320   52433   48000  0  1.61e+03  1.98e+01  0  1.97e+03  8.28e+02  5.03e+01  8.46e+00  2.34e+00   0.11
2002 06 08  1325   52433   48300  0  1.42e+03  1.64e+01  0  8.02e+02  3.73e+02  3.14e+01  6.40e+00  2.35e+00   0.15
2002 06 08  1330   52433   48600  0  1.40e+03  1.41e+01  0  5.90e+02  2.67e+02  2.55e+01  5.88e+00  1.94e+00   0.09
2002 06 08  1335   52433   48900  0  1.47e+03  1.95e+01  0  5.13e+02  2.34e+02  2.61e+01  5.98e+00  1.81e+00   0.23
2002 06 08  1340   52433   49200  0  1.46e+03  1.86e+01  0  5.03e+02  2.40e+02  2.34e+01  5.72e+00  1.96e+00   0.06
2002 06 08  1345   52433   49500  0  1.37e+03  1.63e+01  0  4.77e+02  2.50e+02  2.36e+01  6.26e+00  2.04e+00   0.16
2002 06 08  1350   52433   49800  0  1.47e+03  1.51e+01  0  4.69e+02  2.45e+02  2.60e+01  5.86e+00  2.29e+00   0.15
2002 06 08  1355   52433   50100  0  1.49e+03  1.80e+01  0  4.58e+02  2.34e+02  2.69e+01  6.34e+00  2.44e+00   0.14
2002 06 08  1400   52433   50400  0  1.38e+03  1.70e+01  0  4.14e+02  2.13e+02  2.71e+01  6.79e+00  2.04e+00   0.04
2002 06 08  1405   52433   50700  0  1.46e+03  1.41e+01  0  4.36e+02  2.29e+02  2.54e+01  6.59e+00  2.49e+00   0.15
2002 06 08  1410   52433   51000  0  1.40e+03  1.49e+01  0  4.40e+02  2.23e+02  2.75e+01  6.13e+00  2.50e+00   0.18
2002 06 08  1415   52433   51300  0  1.41e+03  1.60e+01  0  4.22e+02  2.05e+02  2.36e+01  6.74e+00  2.33e+00   0.05
2002 06 08  1420   52433   51600  0  1.40e+03  1.88e+01  0  4.11e+02  2.19e+02  2.14e+01  6.73e+00  1.71e+00   0.04
2002 06 08  1425   52433   51900  0  1.38e+03  1.59e+01  0  4.51e+02  2.24e+02  2.51e+01  6.75e+00  1.97e+00   0.12
2002 06 08  1430   52433   52200  0  1.37e+03  2.04e+01  0  4.32e+02  2.13e+02  2.13e+01  6.76e+00  2.16e+00   0.11
2002 06 08  1435   52433   52500  0  1.38e+03  1.76e+01  0  4.14e+02  1.99e+02  2.14e+01  7.00e+00  2.33e+00   0.09
2002 06 08  1440   52433   52800  0  1.23e+03  1.98e+01  0  3.89e+02  2.05e+02  2.17e+01  6.08e+00  2.16e+00   0.24
2002 06 08  1445   52433   53100  0  1.34e+03  1.76e+01  0  3.49e+02  1.77e+02  2.13e+01  6.61e+00  2.23e+00   0.12
2002 06 08  1450   52433   53400  0  1.32e+03  2.11e+01  0  4.22e+02  2.17e+02  2.17e+01  6.83e+00  2.33e+00   0.08
2002 06 08  1455   52433   53700  0  1.29e+03  1.70e+01  0  4.16e+02  2.00e+02  2.19e+01  7.77e+00  2.27e+00   0.03
2002 06 08  1500   52433   54000  0  1.32e+03  1.80e+01  0  4.34e+02  2.14e+02  2.21e+01  7.32e+00  2.20e+00   0.20
2002 06 08  1505   52433   54300  0  1.29e+03  1.69e+01  0  4.74e+02  2.16e+02  2.52e+01  6.74e+00  2.71e+00   0.07
2002 06 08  1510   52433   54600  0  1.28e+03  1.82e+01  0  4.54e+02  1.93e+02  2.23e+01  7.57e+00  2.06e+00   0.05
2002 06 08  1515   52433   54900  0  1.31e+03  1.77e+01  0  4.06e+02  1.97e+02  2.09e+01  7.07e+00  2.10e+00   0.10
2002 06 08  1520   52433   55200  0  1.34e+03  1.52e+01  0  4.47e+02  1.93e+02  2.18e+01  7.51e+00  2.73e+00   0.17
2002 06 08  1525   52433   55500  0  1.31e+03  1.70e+01  0  4.25e+02  2.01e+02  2.21e+01  7.28e+00  2.27e+00   0.11
2002 06 08  1530   52433   55800  0  1.36e+03  1.75e+01  0  4.36e+02  1.99e+02  1.98e+01  7.59e+00  2.33e+00   0.05
2002 06 08  1535   52433   56100  0  1.29e+03  1.86e+01  0  4.06e+02  1.87e+02  2.23e+01  7.89e+00  2.90e+00   0.05
2002 06 08  1540   52433   56400  0  1.34e+03  2.12e+01  0  3.43e+02  1.67e+02  1.88e+01  8.40e+00  2.20e+00   0.27
2002 06 08  1545   52433   56700  0  1.22e+03  1.50e+01  0  3.19e+02  1.45e+02  2.00e+01  8.39e+00  2.79e+00   0.29
2002 06 08  1550   52433   57000  0  1.10e+03  1.53e+01  0  3.21e+02  1.59e+02  1.93e+01  7.04e+00  2.84e+00   0.45
2002 06 08  1555   52433   57300  0  1.37e+03  1.75e+01  0  3.48e+02  1.53e+02  1.98e+01  7.89e+00  2.75e+00   0.22
2002 06 08  1600   52433   57600  0  1.30e+03  1.45e+01  0  3.31e+02  1.53e+02  1.99e+01  7.90e+00  2.89e+00   0.13
2002 06 08  1605   52433   57900  0  1.18e+03  1.74e+01  0  3.79e+02  1.60e+02  1.95e+01  7.63e+00  2.99e+00   0.18
2002 06 08  1610   52433   58200  0  1.28e+03  1.60e+01  0  3.67e+02  1.70e+02  2.03e+01  7.82e+00  2.57e+00   0.22
2002 06 08  1615   52433   58500  0  1.29e+03  1.87e+01  0  3.75e+02  1.72e+02  2.01e+01  7.59e+00  3.01e+00   0.18
2002 06 08  1620   52433   58800  0  1.30e+03  1.61e+01  0  4.06e+02  1.74e+02  2.06e+01  7.82e+00  2.37e+00   0.18
2002 06 08  1625   52433   59100  0  1.24e+03  1.80e+01  0  3.75e+02  1.62e+02  1.92e+01  8.28e+00  2.85e+00   0.10
2002 06 08  1630   52433   59400  0  1.27e+03  2.05e+01  0  3.45e+02  1.66e+02  2.03e+01  7.30e+00  2.96e+00   0.07
2002 06 08  1635   52433   59700  0  1.26e+03  1.95e+01  0  4.04e+02  1.61e+02  2.20e+01  7.65e+00  2.64e+00   0.17
2002 06 08  1640   52433   60000  0  1.28e+03  1.90e+01  0  4.31e+02  1.83e+02  2.05e+01  7.23e+00  2.01e+00   0.28
2002 06 08  1645   52433   60300  0  1.27e+03  2.00e+01  0  3.67e+02  1.74e+02  2.10e+01  7.36e+00  2.42e+00   0.19
2002 06 08  1650   52433   60600  0  1.16e+03  1.58e+01  0  3.76e+02  1.60e+02  1.84e+01  7.32e+00  2.75e+00   0.19
2002 06 08  1655   52433   60900  0  1.21e+03  1.71e+01  0  3.51e+02  1.64e+02  1.85e+01  7.77e+00  2.73e+00   0.09
2002 06 08  1700   52433   61200  0  1.40e+03  1.60e+01  0  3.96e+02  1.78e+02  2.24e+01  7.37e+00  2.23e+00   0.14
2002 06 08  1705   52433   61500  0  1.42e+03  2.01e+01  0  3.85e+02  1.78e+02  2.18e+01  7.60e+00  2.52e+00   0.08
2002 06 08  1710   52433   61800  0  1.43e+03  1.93e+01  0  4.20e+02  1.77e+02  2.03e+01  7.78e+00  2.83e+00   0.09
2002 06 08  1715   52433   62100  0  1.46e+03  1.65e+01  0  3.60e+02  1.56e+02  2.06e+01  7.36e+00  2.71e+00   0.08
2002 06 08  1720   52433   62400  0  1.38e+03  1.59e+01  0  3.48e+02  1.53e+02  2.10e+01  7.15e+00  3.00e+00   0.13
2002 06 08  1725   52433   62700  0  1.37e+03  1.98e+01  0  3.39e+02  1.54e+02  2.15e+01  7.55e+00  2.75e+00   0.18
2002 06 08  1730   52433   63000  0  1.41e+03  1.70e+01  0  3.45e+02  1.59e+02  2.16e+01  7.61e+00  2.73e+00   0.08
2002 06 08  1735   52433   63300  0  1.39e+03  1.53e+01  0  3.39e+02  1.59e+02  2.00e+01  8.40e+00  2.75e+00   0.04
2002 06 08  1740   52433   63600  0  1.47e+03  1.55e+01  0  3.38e+02  1.50e+02  1.73e+01  8.30e+00  2.52e+00   0.10
2002 06 08  1745   52433   63900  0  1.37e+03  1.72e+01  0  3.48e+02  1.75e+02  2.08e+01  7.72e+00  2.63e+00   0.19
2002 06 08  1750   52433   64200  0  1.33e+03  1.40e+01  0  3.33e+02  1.66e+02  2.07e+01  8.27e+00  2.89e+00   0.02
2002 06 08  1755   52433   64500  0  1.29e+03  1.68e+01  0  3.61e+02  1.66e+02  1.98e+01  7.64e+00  2.73e+00   0.15
2002 06 08  1800   52433   64800  0  1.40e+03  1.46e+01  0  3.51e+02  1.66e+02  2.15e+01  8.86e+00  2.58e+00   0.16
2002 06 08  1805   52433   65100  0  1.43e+03  2.09e+01  0  3.58e+02  1.51e+02  1.79e+01  8.49e+00  2.62e+00   0.16
2002 06 08  1810   52433   65400  0  1.28e+03  1.96e+01  0  3.42e+02  1.53e+02  2.11e+01  8.17e+00  2.66e+00   0.13
2002 06 08  1815   52433   65700  0  1.30e+03  1.82e+01  0  3.19e+02  1.49e+02  1.86e+01  6.69e+00  2.16e+00   0.11
2002 06 08  1820   52433   66000  0  1.39e+03  1.61e+01  0  3.27e+02  1.52e+02  1.98e+01  7.57e+00  2.69e+00   0.14
2002 06 08  1825   52433   66300  0  1.30e+03  1.58e+01  0  3.37e+02  1.54e+02  1.95e+01  7.26e+00  2.43e+00   0.13
2002 06 08  1830   52433   66600  0  1.33e+03  1.66e+01  0  3.30e+02  1.61e+02  2.01e+01  6.96e+00  3.01e+00   0.19
2002 06 08  1835   52433   66900  0  1.33e+03  1.72e+01  0  3.38e+02  1.56e+02  2.06e+01  7.01e+00  2.62e+00   0.09
2002 06 08  1840   52433   67200  0  1.23e+03  2.05e+01  0  3.23e+02  1.59e+02  2.20e+01  6.84e+00  2.47e+00   0.10
2002 06 08  1845   52433   67500  0  1.30e+03  1.57e+01  0  3.40e+02  1.61e+02  1.82e+01  7.30e+00  2.37e+00   0.14
2002 06 08  1850   52433   67800  0  1.20e+03  1.89e+01  0  3.59e+02  1.66e+02  2.18e+01  7.80e+00  3.10e+00   0.12
2002 06 08  1855   52433   68100  0  1.17e+03  1.55e+01  0  3.62e+02  1.46e+02  1.82e+01  6.82e+00  1.96e+00   0.15
2002 06 08  1900   52433   68400  0  1.50e+03  2.04e+01  0  3.20e+02  1.40e+02  1.78e+01  7.07e+00  2.46e+00   0.06
2002 06 08  1905   52433   68700  0  1.63e+03  1.66e+01  0  3.53e+02  1.48e+02  1.90e+01  7.35e+00  2.27e+00   0.09
2002 06 08  1910   52433   69000  0  1.58e+03  1.78e+01  0  3.23e+02  1.48e+02  1.89e+01  6.51e+00  2.35e+00   0.20
2002 06 08  1915   52433   69300  0  1.52e+03  1.80e+01  0  3.38e+02  1.67e+02  1.89e+01  7.34e+00  2.39e+00   0.21
2002 06 08  1920   52433   69600  0  1.44e+03  1.70e+01  0  3.41e+02  1.57e+02  1.84e+01  7.86e+00  2.20e+00   0.17
2002 06 08  1925   52433   69900  0  1.39e+03  1.42e+01  0  3.45e+02  1.50e+02  1.95e+01  6.73e+00  2.63e+00   0.11
2002 06 08  1930   52433   70200  0  1.44e+03  1.70e+01  0  3.38e+02  1.56e+02  1.89e+01  7.57e+00  2.64e+00   0.10
2002 06 08  1935   52433   70500  0  1.34e+03  1.84e+01  0  3.39e+02  1.51e+02  1.95e+01  7.33e+00  2.29e+00   0.18
2002 06 08  1940   52433   70800  0  1.35e+03  1.72e+01  0  3.21e+02  1.51e+02  1.93e+01  6.77e+00  2.67e+00   0.17
2002 06 08  1945   52433   71100  0  1.39e+03  1.85e+01  0  3.15e+02  1.43e+02  1.82e+01  7.13e+00  2.29e+00   0.11
2002 06 08  1950   52433   71400  0  1.34e+03  2.13e+01  0  3.21e+02  1.45e+02  1.78e+01  7.53e+00  2.56e+00   0.08
2002 06 08  1955   52433   71700  0  1.40e+03  1.73e+01  0  3.24e+02  1.62e+02  1.80e+01  6.82e+00  2.12e+00   0.09
2002 06 08  2000   52433   72000  0  1.32e+03  1.90e+01  0  3.25e+02  1.40e+02  1.89e+01  7.41e+00  2.23e+00   0.12
2002 06 08  2005   52433   72300  0  1.34e+03  1.94e+01  0  3.52e+02  1.58e+02  1.81e+01  6.99e+00  2.50e+00   0.19
2002 06 08  2010   52433   72600  0  1.34e+03  1.61e+01  0  3.38e+02  1.62e+02  2.07e+01  7.71e+00  2.08e+00   0.08
2002 06 08  2015   52433   72900  0  1.39e+03  1.81e+01  0  3.65e+02  1.64e+02  1.89e+01  7.07e+00  2.67e+00   0.19
2002 06 08  2020   52433   73200  0  1.32e+03  1.75e+01  0  3.60e+02  1.57e+02  2.13e+01  8.02e+00  2.33e+00   0.08
2002 06 08  2025   52433   73500  0  1.40e+03  1.72e+01  0  3.63e+02  1.55e+02  1.83e+01  7.43e+00  2.63e+00   0.09
2002 06 08  2030   52433   73800  0  1.41e+03  1.56e+01  0  3.41e+02  1.51e+02  1.95e+01  6.84e+00  2.79e+00   0.11
2002 06 08  2035   52433   74100  0  1.34e+03  1.65e+01  0  3.52e+02  1.54e+02  1.86e+01  7.37e+00  2.29e+00   0.13
2002 06 08  2040   52433   74400  0  1.33e+03  1.94e+01  0  3.40e+02  1.55e+02  2.04e+01  7.24e+00  2.31e+00   0.10
2002 06 08  2045   52433   74700  0  1.50e+03  1.88e+01  0  3.62e+02  1.56e+02  2.18e+01  6.32e+00  2.52e+00   0.15
2002 06 08  2050   52433   75000  0  1.43e+03  1.70e+01  0  3.30e+02  1.54e+02  1.84e+01  7.20e+00  2.79e+00   0.08
2002 06 08  2055   52433   75300  0  1.42e+03  1.76e+01  0  3.27e+02  1.59e+02  2.03e+01  7.28e+00  2.41e+00   0.08
2002 06 08  2100   52433   75600  0  1.57e+03  1.48e+01  0  3.30e+02  1.50e+02  1.93e+01  7.90e+00  2.77e+00   0.11
2002 06 08  2105   52433   75900  0  1.43e+03  1.62e+01  0  3.35e+02  1.51e+02  1.91e+01  7.07e+00  2.27e+00   0.06
2002 06 08  2110   52433   76200  0  1.31e+03  1.58e+01  0  3.30e+02  1.64e+02  1.88e+01  7.46e+00  2.41e+00   0.23
2002 06 08  2115   52433   76500  0  1.40e+03  1.60e+01  0  3.17e+02  1.76e+02  2.06e+01  6.92e+00  2.71e+00   0.12
2002 06 08  2120   52433   76800  0  1.45e+03  1.76e+01  0  3.31e+02  1.49e+02  2.01e+01  7.76e+00  2.75e+00   0.06
2002 06 08  2125   52433   77100  0  1.50e+03  1.82e+01  0  3.32e+02  1.60e+02  2.27e+01  6.81e+00  2.58e+00   0.04
2002 06 08  2130   52433   77400  0  1.47e+03  1.81e+01  0  3.37e+02  1.52e+02  2.11e+01  6.44e+00  2.25e+00   0.12
2002 06 08  2135   52433   77700  0  1.40e+03  1.77e+01  0  3.59e+02  1.50e+02  2.10e+01  6.39e+00  2.38e+00   0.06
2002 06 08  2140   52433   78000  0  1.42e+03  1.84e+01  0  3.47e+02  1.60e+02  1.96e+01  7.03e+00  2.83e+00   0.07
2002 06 08  2145   52433   78300  0  1.35e+03  1.62e+01  0  3.48e+02  1.49e+02  2.05e+01  6.61e+00  2.77e+00   0.14
2002 06 08  2150   52433   78600  0  1.38e+03  1.44e+01  0  3.53e+02  1.55e+02  2.01e+01  7.06e+00  3.06e+00   0.08
2002 06 08  2155   52433   78900  0  1.32e+03  1.92e+01  0  3.47e+02  1.43e+02  1.95e+01  7.34e+00  2.83e+00   0.13
2002 06 08  2200   52433   79200  0  1.36e+03  1.47e+01  0  3.44e+02  1.70e+02  2.09e+01  7.88e+00  2.85e+00   0.12
2002 06 08  2205   52433   79500  0  1.42e+03  1.82e+01  0  3.38e+02  1.55e+02  2.19e+01  6.49e+00  2.46e+00   0.10
2002 06 08  2210   52433   79800  0  1.48e+03  1.87e+01  0  3.54e+02  1.51e+02  2.04e+01  7.67e+00  2.69e+00   0.11
2002 06 08  2215   52433   80100  0  1.45e+03  1.95e+01  0  3.40e+02  1.62e+02  2.26e+01  6.79e+00  2.19e+00   0.03
2002 06 08  2220   52433   80400  0  1.43e+03  1.83e+01  0  3.19e+02  1.60e+02  2.02e+01  7.98e+00  2.94e+00   0.05
2002 06 08  2225   52433   80700  0  1.31e+03  1.70e+01  0  3.35e+02  1.58e+02  1.85e+01  7.28e+00  2.75e+00   0.08
2002 06 08  2230   52433   81000  0  1.38e+03  1.56e+01  0  3.77e+02  1.58e+02  2.04e+01  7.28e+00  2.83e+00   0.03
2002 06 08  2235   52433   81300  0  1.33e+03  1.81e+01  0  3.38e+02  1.65e+02  1.78e+01  6.71e+00  2.25e+00   0.03
2002 06 08  2240   52433   81600  0  1.26e+03  1.86e+01  0  3.51e+02  1.60e+02  1.84e+01  7.45e+00  2.45e+00   0.06
2002 06 08  2245   52433   81900  0  1.42e+03  1.53e+01  0  3.30e+02  1.45e+02  1.80e+01  7.34e+00  2.60e+00   0.09
2002 06 08  2250   52433   82200  0  1.45e+03  1.55e+01  0  3.56e+02  1.53e+02  2.06e+01  6.44e+00  2.56e+00   0.11
2002 06 08  2255   52433   82500  0  1.53e+03  1.81e+01  0  3.25e+02  1.53e+02  2.10e+01  7.28e+00  2.92e+00   0.08
2002 06 08  2300   52433   82800  0  1.66e+03  1.85e+01  0  3.18e+02  1.56e+02  1.95e+01  6.90e+00  2.48e+00   0.17
2002 06 08  2305   52433   83100  0  1.61e+03  1.68e+01  0  3.35e+02  1.52e+02  1.84e+01  6.99e+00  3.04e+00   0.07
2002 06 08  2310   52433   83400  0  1.46e+03  1.83e+01  0  3.20e+02  1.49e+02  2.10e+01  7.71e+00  2.42e+00   0.08
2002 06 08  2315   52433   83700  0  1.50e+03  1.70e+01  0  3.28e+02  1.39e+02  2.00e+01  7.20e+00  2.44e+00   0.06
2002 06 08  2320   52433   84000  0  1.45e+03  2.08e+01  0  3.40e+02  1.48e+02  1.97e+01  7.11e+00  2.54e+00   0.07
2002 06 08  2325   52433   84300  0  1.56e+03  1.46e+01  0  3.16e+02  1.50e+02  1.97e+01  7.48e+00  2.47e+00   0.23
2002 06 08  2330   52433   84600  0  1.50e+03  1.48e+01  0  3.26e+02  1.56e+02  2.06e+01  7.87e+00  2.31e+00   0.06
2002 06 08  2335   52433   84900  0  1.44e+03  1.64e+01  0  3.43e+02  1.58e+02  2.23e+01  7.13e+00  2.46e+00   0.19
2002 06 08  2340   52433   85200  0  1.42e+03  1.55e+01  0  3.76e+02  1.65e+02  2.01e+01  7.67e+00  2.31e+00   0.09
2002 06 08  2345   52433   85500  0  1.40e+03  1.77e+01  0  3.97e+02  1.70e+02  2.10e+01  7.40e+00  2.84e+00   0.23
2002 06 08  2350   52433   85800  0  1.42e+03  1.88e+01  0  4.34e+02  1.86e+02  2.17e+01  8.15e+00  3.06e+00   0.10
2002 06 08  2355   52433   86100  0  1.48e+03  2.13e+01  0  4.14e+02  1.94e+02  2.22e+01  7.86e+00  2.35e+00   0.08
