:Data_list: 20021023_ace_sis_5m.txt
:Created: 2002 Oct 24 0011 UT
# Prepared by the U.S. Dept. of Commerce, NOAA, Space Environment Center.
# Please send comments and suggestions to sec@sec.noaa.gov 
# 
# Units: proton flux p/cs2-sec-ster
# Status(S): 0 = nominal data, 1 to 8 = bad data record, 9 = no data
# Missing data values: -1.00e+05
# Source: ACE Satellite - Solar Isotope Spectrometer
#
# 5-minute averaged Real-time Integral Flux of High-energy Solar Protons
# 
#                 Modified Seconds
# UT Date   Time   Julian  of the      ---- Integral Proton Flux ----
# YR MO DA  HHMM     Day     Day       S    > 10 MeV    S    > 30 MeV
#--------------------------------------------------------------------
2002 10 23  0000    52570       0      0    8.21e-01    0    5.70e-01
2002 10 23  0005    52570     300      0    8.11e-01    0    5.62e-01
2002 10 23  0010    52570     600      0    7.96e-01    0    5.53e-01
2002 10 23  0015    52570     900      0    7.97e-01    0    5.57e-01
2002 10 23  0020    52570    1200      0    8.07e-01    0    5.66e-01
2002 10 23  0025    52570    1500      0    8.16e-01    0    5.68e-01
2002 10 23  0030    52570    1800      0    7.96e-01    0    5.55e-01
2002 10 23  0035    52570    2100      0    8.13e-01    0    5.72e-01
2002 10 23  0040    52570    2400      0    8.03e-01    0    5.61e-01
2002 10 23  0045    52570    2700      0    8.33e-01    0    5.81e-01
2002 10 23  0050    52570    3000      0    7.99e-01    0    5.62e-01
2002 10 23  0055    52570    3300      0    8.03e-01    0    5.59e-01
2002 10 23  0100    52570    3600      0    7.89e-01    0    5.49e-01
2002 10 23  0105    52570    3900      0    7.86e-01    0    5.49e-01
2002 10 23  0110    52570    4200      0    8.10e-01    0    5.67e-01
2002 10 23  0115    52570    4500      0    8.11e-01    0    5.63e-01
2002 10 23  0120    52570    4800      0    8.07e-01    0    5.67e-01
2002 10 23  0125    52570    5100      0    7.84e-01    0    5.46e-01
2002 10 23  0130    52570    5400      0    8.21e-01    0    5.77e-01
2002 10 23  0135    52570    5700      0    7.82e-01    0    5.40e-01
2002 10 23  0140    52570    6000      0    7.88e-01    0    5.46e-01
2002 10 23  0145    52570    6300      0    8.14e-01    0    5.69e-01
2002 10 23  0150    52570    6600      0    8.06e-01    0    5.61e-01
2002 10 23  0155    52570    6900      0    8.22e-01    0    5.74e-01
2002 10 23  0200    52570    7200      0    7.88e-01    0    5.54e-01
2002 10 23  0205    52570    7500      0    8.04e-01    0    5.59e-01
2002 10 23  0210    52570    7800      0    7.82e-01    0    5.53e-01
2002 10 23  0215    52570    8100      0    8.18e-01    0    5.75e-01
2002 10 23  0220    52570    8400      0    8.11e-01    0    5.64e-01
2002 10 23  0225    52570    8700      0    8.13e-01    0    5.72e-01
2002 10 23  0230    52570    9000      0    7.97e-01    0    5.60e-01
2002 10 23  0235    52570    9300      0    7.99e-01    0    5.61e-01
2002 10 23  0240    52570    9600      0    8.03e-01    0    5.63e-01
2002 10 23  0245    52570    9900      0    8.00e-01    0    5.62e-01
2002 10 23  0250    52570   10200      0    7.99e-01    0    5.66e-01
2002 10 23  0255    52570   10500      0    7.95e-01    0    5.60e-01
2002 10 23  0300    52570   10800      0    8.02e-01    0    5.67e-01
2002 10 23  0305    52570   11100      0    8.03e-01    0    5.62e-01
2002 10 23  0310    52570   11400      0    7.85e-01    0    5.55e-01
2002 10 23  0315    52570   11700      0    8.07e-01    0    5.64e-01
2002 10 23  0320    52570   12000      0    7.92e-01    0    5.56e-01
2002 10 23  0325    52570   12300      0    7.90e-01    0    5.56e-01
2002 10 23  0330    52570   12600      0    8.10e-01    0    5.63e-01
2002 10 23  0335    52570   12900      0    8.07e-01    0    5.66e-01
2002 10 23  0340    52570   13200      0    8.16e-01    0    5.74e-01
2002 10 23  0345    52570   13500      0    8.07e-01    0    5.59e-01
2002 10 23  0350    52570   13800      0    7.82e-01    0    5.42e-01
2002 10 23  0355    52570   14100      0    8.14e-01    0    5.78e-01
2002 10 23  0400    52570   14400      0    8.30e-01    0    5.90e-01
2002 10 23  0405    52570   14700      0    7.98e-01    0    5.61e-01
2002 10 23  0410    52570   15000      0    8.08e-01    0    5.66e-01
2002 10 23  0415    52570   15300      0    7.88e-01    0    5.49e-01
2002 10 23  0420    52570   15600      0    8.00e-01    0    5.63e-01
2002 10 23  0425    52570   15900      0    7.99e-01    0    5.56e-01
2002 10 23  0430    52570   16200      0    8.13e-01    0    5.72e-01
2002 10 23  0435    52570   16500      0    8.23e-01    0    5.78e-01
2002 10 23  0440    52570   16800      0    8.23e-01    0    5.77e-01
2002 10 23  0445    52570   17100      0    7.74e-01    0    5.40e-01
2002 10 23  0450    52570   17400      0    8.07e-01    0    5.63e-01
2002 10 23  0455    52570   17700      0    8.20e-01    0    5.77e-01
2002 10 23  0500    52570   18000      0    7.94e-01    0    5.54e-01
2002 10 23  0505    52570   18300      0    8.00e-01    0    5.72e-01
2002 10 23  0510    52570   18600      0    7.97e-01    0    5.57e-01
2002 10 23  0515    52570   18900      0    8.04e-01    0    5.63e-01
2002 10 23  0520    52570   19200      0    8.06e-01    0    5.65e-01
2002 10 23  0525    52570   19500      0    8.02e-01    0    5.64e-01
2002 10 23  0530    52570   19800      0    7.79e-01    0    5.51e-01
2002 10 23  0535    52570   20100      0    7.93e-01    0    5.56e-01
2002 10 23  0540    52570   20400      0    8.10e-01    0    5.64e-01
2002 10 23  0545    52570   20700      0    8.14e-01    0    5.74e-01
2002 10 23  0550    52570   21000      0    8.00e-01    0    5.61e-01
2002 10 23  0555    52570   21300      0    8.20e-01    0    5.73e-01
2002 10 23  0600    52570   21600      0    7.99e-01    0    5.60e-01
2002 10 23  0605    52570   21900      0    8.22e-01    0    5.81e-01
2002 10 23  0610    52570   22200      0    8.01e-01    0    5.70e-01
2002 10 23  0615    52570   22500      0    8.14e-01    0    5.70e-01
2002 10 23  0620    52570   22800      0    7.82e-01    0    5.38e-01
2002 10 23  0625    52570   23100      0    8.29e-01    0    5.72e-01
2002 10 23  0630    52570   23400      0    8.24e-01    0    5.76e-01
2002 10 23  0635    52570   23700      0    8.10e-01    0    5.66e-01
2002 10 23  0640    52570   24000      0    8.06e-01    0    5.71e-01
2002 10 23  0645    52570   24300      0    8.19e-01    0    5.67e-01
2002 10 23  0650    52570   24600      0    8.12e-01    0    5.64e-01
2002 10 23  0655    52570   24900      0    8.04e-01    0    5.56e-01
2002 10 23  0700    52570   25200      0    7.99e-01    0    5.51e-01
2002 10 23  0705    52570   25500      0    8.00e-01    0    5.59e-01
2002 10 23  0710    52570   25800      0    8.13e-01    0    5.67e-01
2002 10 23  0715    52570   26100      0    8.24e-01    0    5.79e-01
2002 10 23  0720    52570   26400      0    8.25e-01    0    5.84e-01
2002 10 23  0725    52570   26700      0    8.09e-01    0    5.67e-01
2002 10 23  0730    52570   27000      0    8.19e-01    0    5.81e-01
2002 10 23  0735    52570   27300      0    8.23e-01    0    5.78e-01
2002 10 23  0740    52570   27600      0    7.84e-01    0    5.47e-01
2002 10 23  0745    52570   27900      0    8.04e-01    0    5.63e-01
2002 10 23  0750    52570   28200      0    8.20e-01    0    5.72e-01
2002 10 23  0755    52570   28500      0    8.12e-01    0    5.59e-01
2002 10 23  0800    52570   28800      0    8.18e-01    0    5.77e-01
2002 10 23  0805    52570   29100      0    8.28e-01    0    5.76e-01
2002 10 23  0810    52570   29400      0    8.17e-01    0    5.70e-01
2002 10 23  0815    52570   29700      0    7.98e-01    0    5.65e-01
2002 10 23  0820    52570   30000      0    8.02e-01    0    5.60e-01
2002 10 23  0825    52570   30300      0    8.56e-01    0    5.98e-01
2002 10 23  0830    52570   30600      0    8.01e-01    0    5.63e-01
2002 10 23  0835    52570   30900      0    8.08e-01    0    5.61e-01
2002 10 23  0840    52570   31200      0    8.20e-01    0    5.75e-01
2002 10 23  0845    52570   31500      0    8.04e-01    0    5.68e-01
2002 10 23  0850    52570   31800      0    8.13e-01    0    5.73e-01
2002 10 23  0855    52570   32100      0    8.26e-01    0    5.76e-01
2002 10 23  0900    52570   32400      0    8.37e-01    0    5.88e-01
2002 10 23  0905    52570   32700      0    7.97e-01    0    5.61e-01
2002 10 23  0910    52570   33000      0    8.22e-01    0    5.74e-01
2002 10 23  0915    52570   33300      0    8.22e-01    0    5.77e-01
2002 10 23  0920    52570   33600      0    8.13e-01    0    5.72e-01
2002 10 23  0925    52570   33900      0    8.04e-01    0    5.60e-01
2002 10 23  0930    52570   34200      0    8.53e-01    0    6.00e-01
2002 10 23  0935    52570   34500      0    8.00e-01    0    5.62e-01
2002 10 23  0940    52570   34800      0    8.16e-01    0    5.69e-01
2002 10 23  0945    52570   35100      0    7.99e-01    0    5.66e-01
2002 10 23  0950    52570   35400      0    7.98e-01    0    5.59e-01
2002 10 23  0955    52570   35700      0    7.97e-01    0    5.50e-01
2002 10 23  1000    52570   36000      0    7.96e-01    0    5.50e-01
2002 10 23  1005    52570   36300      0    8.19e-01    0    5.74e-01
2002 10 23  1010    52570   36600      0    8.02e-01    0    5.60e-01
2002 10 23  1015    52570   36900      0    8.01e-01    0    5.61e-01
2002 10 23  1020    52570   37200      0    7.96e-01    0    5.59e-01
2002 10 23  1025    52570   37500      0    8.09e-01    0    5.73e-01
2002 10 23  1030    52570   37800      0    8.29e-01    0    5.87e-01
2002 10 23  1035    52570   38100      0    7.96e-01    0    5.58e-01
2002 10 23  1040    52570   38400      0    7.99e-01    0    5.62e-01
2002 10 23  1045    52570   38700      0    7.84e-01    0    5.46e-01
2002 10 23  1050    52570   39000      0    8.23e-01    0    5.70e-01
2002 10 23  1055    52570   39300      0    8.01e-01    0    5.63e-01
2002 10 23  1100    52570   39600      0    8.12e-01    0    5.69e-01
2002 10 23  1105    52570   39900      0    8.07e-01    0    5.70e-01
2002 10 23  1110    52570   40200      0    8.26e-01    0    5.72e-01
2002 10 23  1115    52570   40500      0    8.20e-01    0    5.72e-01
2002 10 23  1120    52570   40800      0    8.11e-01    0    5.71e-01
2002 10 23  1125    52570   41100      0    8.00e-01    0    5.60e-01
2002 10 23  1130    52570   41400      0    7.91e-01    0    5.53e-01
2002 10 23  1135    52570   41700      0    8.10e-01    0    5.68e-01
2002 10 23  1140    52570   42000      0    8.14e-01    0    5.81e-01
2002 10 23  1145    52570   42300      0    7.98e-01    0    5.61e-01
2002 10 23  1150    52570   42600      0    8.04e-01    0    5.68e-01
2002 10 23  1155    52570   42900      0    8.07e-01    0    5.71e-01
2002 10 23  1200    52570   43200      0    7.91e-01    0    5.50e-01
2002 10 23  1205    52570   43500      0    8.11e-01    0    5.74e-01
2002 10 23  1210    52570   43800      0    8.31e-01    0    5.87e-01
2002 10 23  1215    52570   44100      0    8.08e-01    0    5.67e-01
2002 10 23  1220    52570   44400      0    8.10e-01    0    5.68e-01
2002 10 23  1225    52570   44700      0    8.19e-01    0    5.79e-01
2002 10 23  1230    52570   45000      0    8.13e-01    0    5.70e-01
2002 10 23  1235    52570   45300      0    8.19e-01    0    5.69e-01
2002 10 23  1240    52570   45600      0    8.10e-01    0    5.62e-01
2002 10 23  1245    52570   45900      0    8.12e-01    0    5.71e-01
2002 10 23  1250    52570   46200      0    8.27e-01    0    5.82e-01
2002 10 23  1255    52570   46500      0    8.10e-01    0    5.67e-01
2002 10 23  1300    52570   46800      0    8.09e-01    0    5.64e-01
2002 10 23  1305    52570   47100      0    8.10e-01    0    5.67e-01
2002 10 23  1310    52570   47400      0    8.09e-01    0    5.65e-01
2002 10 23  1315    52570   47700      0    8.01e-01    0    5.63e-01
2002 10 23  1320    52570   48000      0    8.01e-01    0    5.60e-01
2002 10 23  1325    52570   48300      0    8.21e-01    0    5.68e-01
2002 10 23  1330    52570   48600      0    8.13e-01    0    5.70e-01
2002 10 23  1335    52570   48900      0    7.98e-01    0    5.56e-01
2002 10 23  1340    52570   49200      0    8.04e-01    0    5.66e-01
2002 10 23  1345    52570   49500      0    8.26e-01    0    5.82e-01
2002 10 23  1350    52570   49800      0    7.92e-01    0    5.55e-01
2002 10 23  1355    52570   50100      0    8.40e-01    0    5.92e-01
2002 10 23  1400    52570   50400      0    8.25e-01    0    5.73e-01
2002 10 23  1405    52570   50700      0    8.32e-01    0    5.83e-01
2002 10 23  1410    52570   51000      0    7.96e-01    0    5.62e-01
2002 10 23  1415    52570   51300      0    8.42e-01    0    5.84e-01
2002 10 23  1420    52570   51600      0    7.96e-01    0    5.54e-01
2002 10 23  1425    52570   51900      0    8.26e-01    0    5.74e-01
2002 10 23  1430    52570   52200      0    8.17e-01    0    5.74e-01
2002 10 23  1435    52570   52500      0    8.04e-01    0    5.57e-01
2002 10 23  1440    52570   52800      0    8.19e-01    0    5.73e-01
2002 10 23  1445    52570   53100      0    8.41e-01    0    5.87e-01
2002 10 23  1450    52570   53400      0    8.03e-01    0    5.59e-01
2002 10 23  1455    52570   53700      0    8.06e-01    0    5.65e-01
2002 10 23  1500    52570   54000      0    8.26e-01    0    5.70e-01
2002 10 23  1505    52570   54300      0    8.28e-01    0    5.73e-01
2002 10 23  1510    52570   54600      0    8.32e-01    0    5.85e-01
2002 10 23  1515    52570   54900      0    8.00e-01    0    5.62e-01
2002 10 23  1520    52570   55200      0    8.23e-01    0    5.80e-01
2002 10 23  1525    52570   55500      0    8.11e-01    0    5.64e-01
2002 10 23  1530    52570   55800      0    8.06e-01    0    5.63e-01
2002 10 23  1535    52570   56100      0    8.23e-01    0    5.69e-01
2002 10 23  1540    52570   56400      0    8.11e-01    0    5.60e-01
2002 10 23  1545    52570   56700      0    8.20e-01    0    5.79e-01
2002 10 23  1550    52570   57000      0    8.19e-01    0    5.71e-01
2002 10 23  1555    52570   57300      0    8.29e-01    0    5.81e-01
2002 10 23  1600    52570   57600      0    8.02e-01    0    5.63e-01
2002 10 23  1605    52570   57900      0    8.21e-01    0    5.71e-01
2002 10 23  1610    52570   58200      0    8.00e-01    0    5.66e-01
2002 10 23  1615    52570   58500      0    8.07e-01    0    5.69e-01
2002 10 23  1620    52570   58800      0    8.28e-01    0    5.79e-01
2002 10 23  1625    52570   59100      0    8.07e-01    0    5.66e-01
2002 10 23  1630    52570   59400      0    8.14e-01    0    5.69e-01
2002 10 23  1635    52570   59700      0    8.00e-01    0    5.60e-01
2002 10 23  1640    52570   60000      0    8.48e-01    0    5.91e-01
2002 10 23  1645    52570   60300      0    8.00e-01    0    5.60e-01
2002 10 23  1650    52570   60600      0    7.96e-01    0    5.58e-01
2002 10 23  1655    52570   60900      0    8.11e-01    0    5.71e-01
2002 10 23  1700    52570   61200      0    8.08e-01    0    5.69e-01
2002 10 23  1705    52570   61500      0    8.01e-01    0    5.70e-01
2002 10 23  1710    52570   61800      0    8.14e-01    0    5.77e-01
2002 10 23  1715    52570   62100      0    8.11e-01    0    5.70e-01
2002 10 23  1720    52570   62400      0    8.09e-01    0    5.71e-01
2002 10 23  1725    52570   62700      0    8.24e-01    0    5.76e-01
2002 10 23  1730    52570   63000      0    8.02e-01    0    5.56e-01
2002 10 23  1735    52570   63300      0    7.95e-01    0    5.56e-01
2002 10 23  1740    52570   63600      0    8.16e-01    0    5.71e-01
2002 10 23  1745    52570   63900      0    8.11e-01    0    5.70e-01
2002 10 23  1750    52570   64200      0    7.97e-01    0    5.63e-01
2002 10 23  1755    52570   64500      0    7.98e-01    0    5.61e-01
2002 10 23  1800    52570   64800      0    8.12e-01    0    5.69e-01
2002 10 23  1805    52570   65100      0    8.10e-01    0    5.65e-01
2002 10 23  1810    52570   65400      0    8.19e-01    0    5.73e-01
2002 10 23  1815    52570   65700      0    7.94e-01    0    5.58e-01
2002 10 23  1820    52570   66000      0    7.83e-01    0    5.46e-01
2002 10 23  1825    52570   66300      0    8.21e-01    0    5.76e-01
2002 10 23  1830    52570   66600      0    8.14e-01    0    5.78e-01
2002 10 23  1835    52570   66900      0    8.02e-01    0    5.70e-01
2002 10 23  1840    52570   67200      0    8.12e-01    0    5.74e-01
2002 10 23  1845    52570   67500      0    8.15e-01    0    5.68e-01
2002 10 23  1850    52570   67800      0    8.26e-01    0    5.79e-01
2002 10 23  1855    52570   68100      0    8.01e-01    0    5.58e-01
2002 10 23  1900    52570   68400      0    8.19e-01    0    5.76e-01
2002 10 23  1905    52570   68700      0    8.07e-01    0    5.73e-01
2002 10 23  1910    52570   69000      0    8.03e-01    0    5.63e-01
2002 10 23  1915    52570   69300      0    8.24e-01    0    5.82e-01
2002 10 23  1920    52570   69600      0    7.94e-01    0    5.55e-01
2002 10 23  1925    52570   69900      0    7.97e-01    0    5.59e-01
2002 10 23  1930    52570   70200      0    8.06e-01    0    5.57e-01
2002 10 23  1935    52570   70500      0    8.07e-01    0    5.68e-01
2002 10 23  1940    52570   70800      0    8.28e-01    0    5.76e-01
2002 10 23  1945    52570   71100      0    8.04e-01    0    5.58e-01
2002 10 23  1950    52570   71400      0    8.08e-01    0    5.70e-01
2002 10 23  1955    52570   71700      0    8.16e-01    0    5.71e-01
2002 10 23  2000    52570   72000      0    7.98e-01    0    5.59e-01
2002 10 23  2005    52570   72300      0    8.20e-01    0    5.81e-01
2002 10 23  2010    52570   72600      0    8.20e-01    0    5.68e-01
2002 10 23  2015    52570   72900      0    8.13e-01    0    5.62e-01
2002 10 23  2020    52570   73200      0    8.08e-01    0    5.76e-01
2002 10 23  2025    52570   73500      0    7.98e-01    0    5.61e-01
2002 10 23  2030    52570   73800      0    8.11e-01    0    5.61e-01
2002 10 23  2035    52570   74100      0    8.18e-01    0    5.77e-01
2002 10 23  2040    52570   74400      0    8.03e-01    0    5.62e-01
2002 10 23  2045    52570   74700      0    7.89e-01    0    5.52e-01
2002 10 23  2050    52570   75000      0    8.13e-01    0    5.69e-01
2002 10 23  2055    52570   75300      0    8.32e-01    0    5.84e-01
2002 10 23  2100    52570   75600      0    8.21e-01    0    5.76e-01
2002 10 23  2105    52570   75900      0    7.97e-01    0    5.57e-01
2002 10 23  2110    52570   76200      0    8.15e-01    0    5.64e-01
2002 10 23  2115    52570   76500      0    8.10e-01    0    5.68e-01
2002 10 23  2120    52570   76800      0    8.32e-01    0    5.86e-01
2002 10 23  2125    52570   77100      0    8.19e-01    0    5.76e-01
2002 10 23  2130    52570   77400      0    8.08e-01    0    5.69e-01
2002 10 23  2135    52570   77700      0    8.18e-01    0    5.75e-01
2002 10 23  2140    52570   78000      0    8.04e-01    0    5.56e-01
2002 10 23  2145    52570   78300      0    8.06e-01    0    5.67e-01
2002 10 23  2150    52570   78600      0    8.28e-01    0    5.77e-01
2002 10 23  2155    52570   78900      0    8.11e-01    0    5.76e-01
2002 10 23  2200    52570   79200      0    8.09e-01    0    5.62e-01
2002 10 23  2205    52570   79500      0    8.01e-01    0    5.62e-01
2002 10 23  2210    52570   79800      0    8.10e-01    0    5.64e-01
2002 10 23  2215    52570   80100      0    7.96e-01    0    5.48e-01
2002 10 23  2220    52570   80400      0    8.18e-01    0    5.72e-01
2002 10 23  2225    52570   80700      0    8.14e-01    0    5.67e-01
2002 10 23  2230    52570   81000      0    8.09e-01    0    5.66e-01
2002 10 23  2235    52570   81300      0    8.27e-01    0    5.77e-01
2002 10 23  2240    52570   81600      0    8.16e-01    0    5.78e-01
2002 10 23  2245    52570   81900      0    8.27e-01    0    5.78e-01
2002 10 23  2250    52570   82200      0    8.09e-01    0    5.63e-01
2002 10 23  2255    52570   82500      0    8.22e-01    0    5.73e-01
2002 10 23  2300    52570   82800      0    8.26e-01    0    5.79e-01
2002 10 23  2305    52570   83100      0    8.34e-01    0    5.87e-01
2002 10 23  2310    52570   83400      0    7.90e-01    0    5.49e-01
2002 10 23  2315    52570   83700      0    8.06e-01    0    5.59e-01
2002 10 23  2320    52570   84000      0    8.16e-01    0    5.77e-01
2002 10 23  2325    52570   84300      0    8.08e-01    0    5.62e-01
2002 10 23  2330    52570   84600      0    8.21e-01    0    5.73e-01
2002 10 23  2335    52570   84900      0    7.97e-01    0    5.57e-01
2002 10 23  2340    52570   85200      0    8.26e-01    0    5.81e-01
2002 10 23  2345    52570   85500      0    8.10e-01    0    5.67e-01
2002 10 23  2350    52570   85800      0    8.14e-01    0    5.77e-01
2002 10 23  2355    52570   86100      0    8.16e-01    0    5.74e-01
