:Data_list: 20020122_ace_epam_5m.txt
:Created: 2002 Jan 23 0012 UT
# Prepared by the U.S. Dept. of Commerce, NOAA, Space Environment Center.
# Please send comments and suggestions to sec@sec.noaa.gov 
# 
# Units: Differential Flux particles/cm2-s-ster-MeV
# Units: Anisotropy Index 0.0 - 2.0
# Status(S): 0 = nominal data, 1 to 8 = bad data record, 9 = no data
# Missing data values: -1.00e+05, index = -1.00
# Source: ACE Satellite - Electron, Proton, and Alpha Monitor
# Note: 7/26/00 Corrected Differential Flux ranges.
#
#                      5-minute averaged Real-time Differential Electron and Proton Flux 
# 
#                Modified Seconds ---------------------------- Differential Flux --------------------------- 
# UT Date   Time  Julian  of the  ----- Electron -----   ------------------- Protons keV -------------------   Anis.
# YR MO DA  HHMM    Day    Day    S    38-53   175-315   S   47-65    112-187   310-580   761-1220 060-1910   Ratio
#-------------------------------------------------------------------------------------------------------------------
2002 01 22  0000   52296       0  0  6.42e+03  8.95e+01  0  6.97e+04  1.18e+02  5.48e+01  1.27e+01  4.70e+00   0.23
2002 01 22  0005   52296     300  0  6.47e+03  7.97e+01  0  7.12e+04  1.16e+02  4.42e+01  1.34e+01  4.86e+00   0.23
2002 01 22  0010   52296     600  0  6.41e+03  7.42e+01  0  7.72e+04  1.18e+02  4.49e+01  1.44e+01  4.90e+00   0.24
2002 01 22  0015   52296     900  0  6.49e+03  7.90e+01  0  7.31e+04  1.17e+02  5.18e+01  1.31e+01  5.16e+00   0.19
2002 01 22  0020   52296    1200  0  6.35e+03  8.24e+01  0  7.33e+04  1.11e+02  4.75e+01  1.39e+01  4.94e+00   0.25
2002 01 22  0025   52296    1500  0  6.55e+03  8.17e+01  0  7.36e+04  1.24e+02  4.97e+01  1.37e+01  5.39e+00   0.24
2002 01 22  0030   52296    1800  0  6.33e+03  8.18e+01  0  6.18e+04  1.37e+02  4.92e+01  1.37e+01  5.34e+00   0.31
2002 01 22  0035   52296    2100  0  6.51e+03  7.88e+01  0  7.23e+04  1.38e+02  4.90e+01  1.41e+01  5.24e+00   0.17
2002 01 22  0040   52296    2400  0  6.49e+03  8.04e+01  0  7.10e+04  1.40e+02  6.22e+01  1.42e+01  5.55e+00   0.30
2002 01 22  0045   52296    2700  0  6.40e+03  7.91e+01  0  6.30e+04  1.47e+02  5.41e+01  1.36e+01  5.41e+00   0.19
2002 01 22  0050   52296    3000  0  6.43e+03  7.85e+01  0  6.27e+04  1.41e+02  4.39e+01  1.32e+01  5.49e+00   0.17
2002 01 22  0055   52296    3300  0  6.33e+03  7.56e+01  0  6.88e+04  1.45e+02  5.22e+01  1.38e+01  5.22e+00   0.14
2002 01 22  0100   52296    3600  0  6.29e+03  8.24e+01  0  6.99e+04  1.51e+02  5.08e+01  1.47e+01  5.62e+00   0.18
2002 01 22  0105   52296    3900  0  6.30e+03  7.50e+01  0  6.32e+04  1.49e+02  4.51e+01  1.45e+01  5.46e+00   0.16
2002 01 22  0110   52296    4200  0  6.41e+03  7.36e+01  0  6.18e+04  1.40e+02  4.31e+01  1.45e+01  5.00e+00   0.25
2002 01 22  0115   52296    4500  0  6.17e+03  6.90e+01  0  7.08e+04  1.12e+02  4.01e+01  1.23e+01  4.32e+00   0.10
2002 01 22  0120   52296    4800  0  6.22e+03  7.38e+01  0  7.79e+04  1.16e+02  4.02e+01  1.32e+01  4.11e+00   0.08
2002 01 22  0125   52296    5100  0  5.97e+03  7.72e+01  0  8.04e+04  1.09e+02  3.63e+01  1.14e+01  4.08e+00   0.13
2002 01 22  0130   52296    5400  0  6.22e+03  8.12e+01  0  7.50e+04  1.03e+02  3.30e+01  1.15e+01  4.18e+00   0.16
2002 01 22  0135   52296    5700  0  6.08e+03  7.54e+01  0  6.53e+04  1.04e+02  3.54e+01  1.13e+01  4.39e+00   0.10
2002 01 22  0140   52296    6000  0  6.13e+03  7.73e+01  0  6.38e+04  1.08e+02  3.57e+01  1.11e+01  4.59e+00   0.16
2002 01 22  0145   52296    6300  0  6.10e+03  7.03e+01  0  7.87e+04  9.68e+01  3.83e+01  1.12e+01  4.26e+00   0.11
2002 01 22  0150   52296    6600  0  6.41e+03  7.83e+01  0  6.91e+04  1.07e+02  3.53e+01  1.16e+01  4.46e+00   0.12
2002 01 22  0155   52296    6900  0  6.11e+03  7.54e+01  0  5.91e+04  1.09e+02  3.35e+01  1.10e+01  4.33e+00   0.07
2002 01 22  0200   52296    7200  0  6.17e+03  7.36e+01  0  6.87e+04  1.11e+02  3.48e+01  1.27e+01  4.43e+00   0.13
2002 01 22  0205   52296    7500  0  6.15e+03  7.74e+01  0  8.04e+04  1.08e+02  3.98e+01  1.17e+01  3.90e+00   0.13
2002 01 22  0210   52296    7800  0  6.16e+03  7.40e+01  0  7.57e+04  1.09e+02  3.66e+01  1.10e+01  4.12e+00   0.21
2002 01 22  0215   52296    8100  0  6.10e+03  6.98e+01  0  8.65e+04  1.09e+02  4.49e+01  1.09e+01  4.55e+00   0.06
2002 01 22  0220   52296    8400  0  5.96e+03  7.72e+01  0  9.17e+04  1.05e+02  4.29e+01  1.12e+01  4.58e+00   0.13
2002 01 22  0225   52296    8700  0  6.33e+03  7.76e+01  0  8.45e+04  1.04e+02  4.92e+01  1.29e+01  4.26e+00   0.07
2002 01 22  0230   52296    9000  0  6.16e+03  7.54e+01  0  7.64e+04  1.05e+02  4.42e+01  1.08e+01  3.93e+00   0.04
2002 01 22  0235   52296    9300  0  6.01e+03  8.45e+01  0  8.15e+04  1.06e+02  4.93e+01  1.15e+01  3.88e+00   0.12
2002 01 22  0240   52296    9600  0  6.09e+03  7.74e+01  0  8.62e+04  1.14e+02  5.16e+01  1.18e+01  4.25e+00   0.01
2002 01 22  0245   52296    9900  0  6.11e+03  7.40e+01  0  1.10e+05  1.16e+02  5.84e+01  1.14e+01  4.70e+00   0.12
2002 01 22  0250   52296   10200  0  5.86e+03  7.60e+01  0  1.05e+05  1.10e+02  5.81e+01  1.18e+01  4.62e+00   0.01
2002 01 22  0255   52296   10500  0  6.16e+03  7.69e+01  0  1.01e+05  1.11e+02  4.99e+01  1.18e+01  4.54e+00   0.10
2002 01 22  0300   52296   10800  0  6.18e+03  7.44e+01  0  7.69e+04  1.08e+02  4.23e+01  1.14e+01  4.55e+00   0.08
2002 01 22  0305   52296   11100  0  6.11e+03  6.98e+01  0  6.31e+04  1.14e+02  3.94e+01  1.12e+01  4.50e+00   0.20
2002 01 22  0310   52296   11400  0  6.00e+03  7.88e+01  0  5.39e+04  1.13e+02  3.44e+01  1.14e+01  4.64e+00   0.13
2002 01 22  0315   52296   11700  0  5.98e+03  7.33e+01  0  1.09e+05  1.09e+02  4.16e+01  1.15e+01  4.13e+00   0.08
2002 01 22  0320   52296   12000  0  6.04e+03  6.96e+01  0  1.13e+05  1.28e+02  4.10e+01  1.25e+01  4.40e+00   0.13
2002 01 22  0325   52296   12300  0  5.90e+03  7.47e+01  0  1.06e+05  1.18e+02  5.08e+01  1.16e+01  4.84e+00   0.11
2002 01 22  0330   52296   12600  0  6.04e+03  7.94e+01  0  1.09e+05  1.32e+02  4.53e+01  1.25e+01  4.47e+00   0.14
2002 01 22  0335   52296   12900  0  6.08e+03  7.44e+01  0  9.50e+04  1.08e+02  4.43e+01  1.17e+01  4.71e+00   0.16
2002 01 22  0340   52296   13200  0  6.09e+03  7.13e+01  0  9.18e+04  1.14e+02  4.65e+01  1.30e+01  4.35e+00   0.09
2002 01 22  0345   52296   13500  0  5.91e+03  7.56e+01  0  8.43e+04  1.18e+02  4.90e+01  1.20e+01  4.53e+00   0.11
2002 01 22  0350   52296   13800  0  5.75e+03  7.38e+01  0  1.00e+05  1.16e+02  5.48e+01  1.12e+01  4.14e+00   0.13
2002 01 22  0355   52296   14100  0  5.85e+03  7.72e+01  0  7.57e+04  1.08e+02  3.67e+01  1.14e+01  4.55e+00   0.08
2002 01 22  0400   52296   14400  0  5.98e+03  6.73e+01  0  7.50e+04  1.09e+02  4.00e+01  1.11e+01  4.22e+00   0.02
2002 01 22  0405   52296   14700  0  6.11e+03  8.01e+01  0  7.29e+04  1.09e+02  4.96e+01  1.13e+01  4.24e+00   0.04
2002 01 22  0410   52296   15000  0  5.92e+03  6.69e+01  0  6.84e+04  1.12e+02  8.13e+01  1.12e+01  4.14e+00   0.09
2002 01 22  0415   52296   15300  0  5.92e+03  7.40e+01  0  8.24e+04  1.19e+02  6.95e+01  1.10e+01  4.16e+00   0.05
2002 01 22  0420   52296   15600  0  6.12e+03  6.69e+01  0  1.01e+05  1.06e+02  1.08e+02  1.08e+01  4.41e+00   0.05
2002 01 22  0425   52296   15900  0  5.94e+03  6.80e+01  0  9.24e+04  1.14e+02  9.43e+01  1.25e+01  4.33e+00   0.11
2002 01 22  0430   52296   16200  0  5.75e+03  7.40e+01  0  1.22e+05  1.11e+02  8.24e+01  1.19e+01  4.46e+00   0.04
2002 01 22  0435   52296   16500  0  6.03e+03  7.15e+01  0  1.17e+05  1.16e+02  1.41e+02  1.14e+01  4.11e+00   0.06
2002 01 22  0440   52296   16800  0  6.00e+03  7.50e+01  0  1.10e+05  1.08e+02  5.53e+01  1.13e+01  4.10e+00   0.01
2002 01 22  0445   52296   17100  0  5.89e+03  7.76e+01  0  6.78e+04  1.16e+02  4.25e+01  1.22e+01  4.27e+00   0.07
2002 01 22  0450   52296   17400  0  6.11e+03  6.82e+01  0  6.11e+04  1.14e+02  4.04e+01  1.19e+01  4.19e+00   0.06
2002 01 22  0455   52296   17700  0  5.93e+03  7.09e+01  0  8.71e+04  1.16e+02  6.77e+01  1.14e+01  4.69e+00   0.07
2002 01 22  0500   52296   18000  0  5.91e+03  6.48e+01  0  1.15e+05  1.04e+02  5.10e+01  1.15e+01  3.97e+00   0.14
2002 01 22  0505   52296   18300  0  5.90e+03  7.64e+01  0  1.19e+05  1.13e+02  6.37e+01  1.20e+01  4.34e+00   0.05
2002 01 22  0510   52296   18600  0  5.79e+03  7.42e+01  0  9.80e+04  1.09e+02  5.58e+01  1.12e+01  3.93e+00   0.11
2002 01 22  0515   52296   18900  0  5.92e+03  7.03e+01  0  1.27e+05  1.13e+02  7.75e+01  1.07e+01  4.19e+00   0.04
2002 01 22  0520   52296   19200  0  6.04e+03  6.38e+01  0  1.38e+05  1.11e+02  8.09e+01  1.13e+01  3.88e+00   0.13
2002 01 22  0525   52296   19500  0  5.89e+03  7.17e+01  0  1.13e+05  1.16e+02  4.86e+01  1.07e+01  4.30e+00   0.03
2002 01 22  0530   52296   19800  0  5.96e+03  7.25e+01  0  1.02e+05  1.26e+02  4.33e+01  1.12e+01  4.34e+00   0.11
2002 01 22  0535   52296   20100  0  6.00e+03  7.14e+01  0  8.49e+04  1.11e+02  4.08e+01  1.20e+01  4.25e+00   0.10
2002 01 22  0540   52296   20400  0  5.81e+03  7.28e+01  0  9.22e+04  1.13e+02  4.30e+01  1.21e+01  4.40e+00   0.12
2002 01 22  0545   52296   20700  0  5.77e+03  7.32e+01  0  1.10e+05  1.21e+02  4.72e+01  1.31e+01  4.29e+00   0.16
2002 01 22  0550   52296   21000  0  6.04e+03  7.39e+01  0  1.15e+05  1.49e+02  4.17e+01  1.15e+01  4.97e+00   0.22
2002 01 22  0555   52296   21300  0  5.70e+03  6.77e+01  0  1.08e+05  1.35e+02  4.80e+01  1.17e+01  4.49e+00   0.02
2002 01 22  0600   52296   21600  0  5.88e+03  7.03e+01  0  1.09e+05  1.44e+02  5.80e+01  1.19e+01  4.76e+00   0.11
2002 01 22  0605   52296   21900  0  6.06e+03  6.64e+01  0  1.13e+05  1.24e+02  8.66e+01  1.23e+01  4.21e+00   0.08
2002 01 22  0610   52296   22200  0  5.65e+03  7.71e+01  0  1.17e+05  1.15e+02  8.05e+01  1.12e+01  4.30e+00   0.05
2002 01 22  0615   52296   22500  0  5.76e+03  6.84e+01  0  8.85e+04  1.07e+02  7.38e+01  1.21e+01  4.58e+00   0.10
2002 01 22  0620   52296   22800  0  5.77e+03  7.18e+01  0  6.67e+04  1.08e+02  4.73e+01  1.05e+01  4.17e+00   0.10
2002 01 22  0625   52296   23100  0  6.00e+03  7.46e+01  0  7.43e+04  1.13e+02  5.03e+01  1.20e+01  4.13e+00   0.11
2002 01 22  0630   52296   23400  0  5.64e+03  7.79e+01  0  8.46e+04  1.14e+02  5.22e+01  1.15e+01  4.28e+00   0.23
2002 01 22  0635   52296   23700  0  5.70e+03  7.42e+01  0  8.72e+04  1.07e+02  4.49e+01  1.07e+01  4.45e+00   0.17
2002 01 22  0640   52296   24000  0  5.76e+03  6.30e+01  0  9.65e+04  1.12e+02  9.54e+01  1.24e+01  4.07e+00   0.12
2002 01 22  0645   52296   24300  0  5.70e+03  7.33e+01  0  8.20e+04  1.13e+02  9.93e+01  1.07e+01  4.45e+00   0.16
2002 01 22  0650   52296   24600  0  5.69e+03  6.92e+01  0  7.60e+04  9.67e+01  1.47e+02  1.14e+01  4.34e+00   0.15
2002 01 22  0655   52296   24900  0  5.67e+03  7.19e+01  0  8.50e+04  1.14e+02  1.34e+02  1.14e+01  4.11e+00   0.13
2002 01 22  0700   52296   25200  0  5.65e+03  7.16e+01  0  7.84e+04  1.27e+02  8.61e+01  1.07e+01  4.30e+00   0.12
2002 01 22  0705   52296   25500  0  5.57e+03  6.62e+01  0  7.85e+04  1.24e+02  1.55e+02  1.22e+01  4.70e+00   0.14
2002 01 22  0710   52296   25800  0  5.63e+03  7.07e+01  0  7.90e+04  1.07e+02  1.51e+02  1.10e+01  4.11e+00   0.16
2002 01 22  0715   52296   26100  0  5.92e+03  7.07e+01  0  7.21e+04  1.12e+02  1.26e+02  1.20e+01  4.53e+00   0.21
2002 01 22  0720   52296   26400  0  5.68e+03  6.98e+01  0  8.73e+04  1.22e+02  1.04e+02  1.14e+01  4.28e+00   0.19
2002 01 22  0725   52296   26700  0  5.79e+03  7.32e+01  0  8.50e+04  1.19e+02  5.81e+01  1.19e+01  4.45e+00   0.13
2002 01 22  0730   52296   27000  0  5.80e+03  6.82e+01  0  9.69e+04  1.27e+02  6.95e+01  1.08e+01  4.63e+00   0.17
2002 01 22  0735   52296   27300  0  5.79e+03  6.92e+01  0  9.52e+04  1.17e+02  1.38e+02  1.17e+01  4.88e+00   0.16
2002 01 22  0740   52296   27600  0  5.89e+03  7.44e+01  0  7.79e+04  1.27e+02  1.51e+02  1.23e+01  4.95e+00   0.05
2002 01 22  0745   52296   27900  0  5.99e+03  7.07e+01  0  1.05e+05  1.21e+02  1.78e+02  1.10e+01  4.90e+00   0.08
2002 01 22  0750   52296   28200  9 -1.00e+05 -1.00e+05  9 -1.00e+05 -1.00e+05 -1.00e+05 -1.00e+05 -1.00e+05  -1.00
2002 01 22  0755   52296   28500  9 -1.00e+05 -1.00e+05  9 -1.00e+05 -1.00e+05 -1.00e+05 -1.00e+05 -1.00e+05  -1.00
2002 01 22  0800   52296   28800  9 -1.00e+05 -1.00e+05  9 -1.00e+05 -1.00e+05 -1.00e+05 -1.00e+05 -1.00e+05  -1.00
2002 01 22  0805   52296   29100  9 -1.00e+05 -1.00e+05  9 -1.00e+05 -1.00e+05 -1.00e+05 -1.00e+05 -1.00e+05  -1.00
2002 01 22  0810   52296   29400  9 -1.00e+05 -1.00e+05  9 -1.00e+05 -1.00e+05 -1.00e+05 -1.00e+05 -1.00e+05  -1.00
2002 01 22  0815   52296   29700  9 -1.00e+05 -1.00e+05  9 -1.00e+05 -1.00e+05 -1.00e+05 -1.00e+05 -1.00e+05  -1.00
2002 01 22  0820   52296   30000  9 -1.00e+05 -1.00e+05  9 -1.00e+05 -1.00e+05 -1.00e+05 -1.00e+05 -1.00e+05  -1.00
2002 01 22  0825   52296   30300  0  5.54e+03  6.80e+01  0  5.12e+04  1.21e+02  1.38e+02  1.20e+01  3.99e+00   0.05
2002 01 22  0830   52296   30600  0  5.64e+03  6.54e+01  0  7.31e+04  1.16e+02  2.16e+02  1.16e+01  3.70e+00   0.08
2002 01 22  0835   52296   30900  0  5.45e+03  6.66e+01  0  8.68e+04  1.13e+02  1.34e+02  1.20e+01  4.67e+00   0.13
2002 01 22  0840   52296   31200  0  5.62e+03  7.23e+01  0  8.71e+04  1.16e+02  1.96e+02  1.07e+01  4.60e+00   0.17
2002 01 22  0845   52296   31500  0  5.77e+03  7.23e+01  0  7.60e+04  1.15e+02  1.47e+02  1.04e+01  4.27e+00   0.05
2002 01 22  0850   52296   31800  0  5.53e+03  6.92e+01  0  5.60e+04  1.10e+02  1.61e+02  1.08e+01  4.26e+00   0.05
2002 01 22  0855   52296   32100  0  5.62e+03  7.13e+01  0  6.34e+04  1.22e+02  1.62e+02  1.12e+01  4.25e+00   0.06
2002 01 22  0900   52296   32400  0  5.62e+03  7.73e+01  0  6.36e+04  1.20e+02  1.16e+02  1.07e+01  4.09e+00   0.16
2002 01 22  0905   52296   32700  0  5.44e+03  6.88e+01  0  5.97e+04  1.18e+02  7.31e+01  9.75e+00  4.24e+00   0.08
2002 01 22  0910   52296   33000  0  5.45e+03  7.15e+01  0  6.79e+04  1.24e+02  1.02e+02  1.08e+01  4.14e+00   0.02
2002 01 22  0915   52296   33300  0  5.45e+03  7.24e+01  0  8.42e+04  1.10e+02  1.56e+02  1.08e+01  4.02e+00   0.10
2002 01 22  0920   52296   33600  0  5.41e+03  6.84e+01  0  7.85e+04  1.01e+02  1.33e+02  1.09e+01  4.26e+00   0.08
2002 01 22  0925   52296   33900  0  5.56e+03  6.66e+01  0  6.26e+04  1.02e+02  8.92e+01  9.99e+00  4.10e+00   0.11
2002 01 22  0930   52296   34200  0  5.65e+03  7.54e+01  0  6.55e+04  1.07e+02  8.59e+01  1.06e+01  4.23e+00   0.16
2002 01 22  0935   52296   34500  0  5.72e+03  6.59e+01  0  6.35e+04  1.04e+02  1.06e+02  1.06e+01  4.44e+00   0.03
2002 01 22  0940   52296   34800  0  5.56e+03  6.52e+01  0  6.50e+04  1.06e+02  8.33e+01  1.11e+01  4.29e+00   0.25
2002 01 22  0945   52296   35100  0  5.40e+03  7.00e+01  0  7.17e+04  9.98e+01  1.22e+02  1.05e+01  4.47e+00   0.08
2002 01 22  0950   52296   35400  0  5.78e+03  6.80e+01  0  7.39e+04  9.84e+01  1.83e+02  1.11e+01  4.04e+00   0.19
2002 01 22  0955   52296   35700  0  5.52e+03  6.56e+01  0  6.21e+04  1.18e+02  1.70e+02  1.13e+01  4.13e+00   0.09
2002 01 22  1000   52296   36000  0  5.52e+03  6.96e+01  0  6.64e+04  1.15e+02  1.85e+02  1.11e+01  3.98e+00   0.16
2002 01 22  1005   52296   36300  0  5.67e+03  6.87e+01  0  9.55e+04  1.18e+02  7.91e+01  1.14e+01  4.25e+00   0.14
2002 01 22  1010   52296   36600  0  5.63e+03  6.75e+01  0  1.08e+05  1.15e+02  1.33e+02  1.13e+01  4.15e+00   0.11
2002 01 22  1015   52296   36900  0  5.66e+03  7.63e+01  0  1.20e+05  1.08e+02  1.34e+02  1.18e+01  4.19e+00   0.08
2002 01 22  1020   52296   37200  0  5.48e+03  7.03e+01  0  1.03e+05  1.26e+02  1.85e+02  1.09e+01  4.10e+00   0.06
2002 01 22  1025   52296   37500  0  5.33e+03  7.29e+01  0  9.66e+04  1.15e+02  1.17e+02  1.07e+01  4.39e+00   0.18
2002 01 22  1030   52296   37800  0  5.53e+03  6.94e+01  0  1.06e+05  1.11e+02  3.23e+02  1.13e+01  3.87e+00   0.03
2002 01 22  1035   52296   38100  0  5.63e+03  6.73e+01  0  1.03e+05  1.08e+02  8.07e+01  1.15e+01  4.41e+00   0.07
2002 01 22  1040   52296   38400  0  5.60e+03  6.04e+01  0  9.83e+04  1.21e+02  1.17e+02  1.06e+01  4.40e+00   0.05
2002 01 22  1045   52296   38700  0  5.38e+03  7.63e+01  0  9.95e+04  1.19e+02  2.28e+02  1.12e+01  4.28e+00   0.21
2002 01 22  1050   52296   39000  0  5.57e+03  6.86e+01  0  9.66e+04  1.25e+02  1.78e+02  1.03e+01  4.33e+00   0.02
2002 01 22  1055   52296   39300  0  5.51e+03  6.75e+01  0  1.27e+05  1.19e+02  1.48e+02  1.07e+01  4.37e+00   0.08
2002 01 22  1100   52296   39600  0  5.28e+03  7.42e+01  0  1.12e+05  9.93e+01  1.34e+02  1.04e+01  4.26e+00   0.05
2002 01 22  1105   52296   39900  0  5.30e+03  7.29e+01  0  1.10e+05  1.02e+02  1.54e+02  9.81e+00  4.02e+00   0.09
2002 01 22  1110   52296   40200  0  5.40e+03  6.24e+01  0  9.25e+04  1.04e+02  2.05e+02  1.05e+01  4.05e+00   0.18
2002 01 22  1115   52296   40500  0  5.45e+03  6.91e+01  0  1.22e+05  9.93e+01  1.75e+02  1.03e+01  3.72e+00   0.09
2002 01 22  1120   52296   40800  0  5.30e+03  6.80e+01  0  1.31e+05  1.08e+02  4.13e+02  1.08e+01  3.84e+00   0.13
2002 01 22  1125   52296   41100  0  5.20e+03  6.56e+01  0  1.25e+05  9.88e+01  2.48e+02  1.02e+01  3.97e+00   0.03
2002 01 22  1130   52296   41400  0  5.37e+03  6.98e+01  0  9.80e+04  1.04e+02  1.93e+02  9.54e+00  3.82e+00   0.21
2002 01 22  1135   52296   41700  0  5.28e+03  7.23e+01  0  9.33e+04  9.65e+01  2.25e+02  1.01e+01  4.07e+00   0.09
2002 01 22  1140   52296   42000  0  5.15e+03  7.02e+01  0  9.20e+04  9.88e+01  2.28e+02  1.00e+01  4.37e+00   0.14
2002 01 22  1145   52296   42300  0  5.10e+03  6.07e+01  0  9.85e+04  9.51e+01  1.75e+02  1.08e+01  3.70e+00   0.07
2002 01 22  1150   52296   42600  0  5.37e+03  6.03e+01  0  8.94e+04  9.53e+01  2.20e+02  1.01e+01  3.65e+00   0.14
2002 01 22  1155   52296   42900  0  5.49e+03  6.61e+01  0  8.21e+04  9.90e+01  3.66e+02  1.05e+01  3.99e+00   0.13
2002 01 22  1200   52296   43200  0  5.39e+03  6.55e+01  0  8.19e+04  9.49e+01  1.68e+02  1.07e+01  3.92e+00   0.17
2002 01 22  1205   52296   43500  0  5.16e+03  6.97e+01  0  7.63e+04  9.13e+01  1.29e+02  1.10e+01  3.86e+00   0.05
2002 01 22  1210   52296   43800  0  5.34e+03  7.03e+01  0  8.50e+04  9.27e+01  1.28e+02  1.01e+01  3.96e+00   0.24
2002 01 22  1215   52296   44100  0  5.29e+03  7.29e+01  0  8.99e+04  8.99e+01  1.10e+02  1.10e+01  4.14e+00   0.12
2002 01 22  1220   52296   44400  0  5.18e+03  6.74e+01  0  7.83e+04  9.60e+01  1.33e+02  9.96e+00  3.81e+00   0.06
2002 01 22  1225   52296   44700  0  5.36e+03  5.31e+01  0  7.84e+04  9.18e+01  1.02e+02  1.01e+01  3.60e+00   0.17
2002 01 22  1230   52296   45000  0  5.22e+03  6.22e+01  0  8.18e+04  9.98e+01  1.67e+02  1.01e+01  3.86e+00   0.08
2002 01 22  1235   52296   45300  0  5.03e+03  6.44e+01  0  7.20e+04  9.25e+01  1.18e+02  1.04e+01  3.81e+00   0.10
2002 01 22  1240   52296   45600  0  5.29e+03  6.18e+01  0  8.93e+04  1.03e+02  1.67e+02  9.73e+00  4.05e+00   0.11
2002 01 22  1245   52296   45900  0  5.22e+03  6.89e+01  0  6.98e+04  9.73e+01  1.00e+02  1.04e+01  3.86e+00   0.03
2002 01 22  1250   52296   46200  0  5.12e+03  6.32e+01  0  7.18e+04  9.58e+01  9.40e+01  1.04e+01  3.29e+00   0.09
2002 01 22  1255   52296   46500  0  5.20e+03  5.97e+01  0  6.14e+04  9.11e+01  1.22e+02  1.11e+01  3.77e+00   0.06
2002 01 22  1300   52296   46800  0  5.15e+03  6.68e+01  0  6.12e+04  9.71e+01  1.36e+02  9.57e+00  3.82e+00   0.09
2002 01 22  1305   52296   47100  0  5.13e+03  6.68e+01  0  1.00e+05  1.09e+02  1.79e+02  1.00e+01  4.17e+00   0.02
2002 01 22  1310   52296   47400  0  5.22e+03  7.00e+01  0  1.01e+05  1.48e+02  1.80e+02  1.11e+01  4.41e+00   0.16
2002 01 22  1315   52296   47700  0  5.40e+03  5.99e+01  0  9.76e+04  1.16e+02  2.25e+02  1.08e+01  4.25e+00   0.10
2002 01 22  1320   52296   48000  0  5.26e+03  6.82e+01  0  8.51e+04  1.06e+02  1.13e+02  9.53e+00  3.84e+00   0.02
2002 01 22  1325   52296   48300  0  5.19e+03  6.18e+01  0  1.00e+05  1.05e+02  2.76e+02  9.17e+00  3.81e+00   0.05
2002 01 22  1330   52296   48600  0  5.13e+03  6.53e+01  0  8.50e+04  1.08e+02  1.74e+02  9.54e+00  3.84e+00   0.09
2002 01 22  1335   52296   48900  0  5.23e+03  6.82e+01  0  7.73e+04  9.69e+01  1.80e+02  9.81e+00  3.82e+00   0.04
2002 01 22  1340   52296   49200  0  5.04e+03  6.11e+01  0  1.10e+05  1.06e+02  2.96e+02  1.04e+01  3.67e+00   0.06
2002 01 22  1345   52296   49500  0  5.18e+03  6.30e+01  0  8.98e+04  1.00e+02  2.40e+02  1.04e+01  3.89e+00   0.12
2002 01 22  1350   52296   49800  0  5.15e+03  6.31e+01  0  8.99e+04  1.14e+02  1.99e+02  1.07e+01  3.78e+00   0.08
2002 01 22  1355   52296   50100  0  4.97e+03  6.52e+01  0  1.04e+05  1.17e+02  2.23e+02  9.60e+00  3.56e+00   0.09
2002 01 22  1400   52296   50400  0  5.02e+03  6.86e+01  0  7.38e+04  1.14e+02  2.38e+02  9.67e+00  3.82e+00   0.09
2002 01 22  1405   52296   50700  0  4.97e+03  6.28e+01  0  7.07e+04  9.72e+01  3.04e+02  9.71e+00  3.76e+00   0.09
2002 01 22  1410   52296   51000  0  5.04e+03  6.88e+01  0  8.10e+04  9.02e+01  2.64e+02  9.73e+00  3.77e+00   0.05
2002 01 22  1415   52296   51300  0  5.13e+03  5.89e+01  0  7.63e+04  9.84e+01  1.41e+02  1.02e+01  3.83e+00   0.07
2002 01 22  1420   52296   51600  0  4.96e+03  6.48e+01  0  7.63e+04  9.01e+01  8.71e+01  1.03e+01  3.57e+00   0.02
2002 01 22  1425   52296   51900  0  4.81e+03  6.55e+01  0  9.01e+04  9.70e+01  1.46e+02  9.42e+00  3.52e+00   0.05
2002 01 22  1430   52296   52200  0  4.96e+03  6.36e+01  0  8.60e+04  8.47e+01  1.33e+02  9.29e+00  3.37e+00   0.14
2002 01 22  1435   52296   52500  0  5.03e+03  6.69e+01  0  7.70e+04  9.31e+01  1.64e+02  9.67e+00  3.75e+00   0.06
2002 01 22  1440   52296   52800  0  5.06e+03  6.42e+01  0  9.69e+04  9.27e+01  1.42e+02  9.40e+00  3.72e+00   0.08
2002 01 22  1445   52296   53100  0  5.11e+03  6.12e+01  0  7.90e+04  1.05e+02  8.69e+01  1.04e+01  4.04e+00   0.10
2002 01 22  1450   52296   53400  0  5.07e+03  6.59e+01  0  6.67e+04  1.05e+02  7.11e+01  9.76e+00  4.07e+00   0.09
2002 01 22  1455   52296   53700  0  5.09e+03  7.07e+01  0  7.67e+04  1.02e+02  7.66e+01  1.04e+01  3.69e+00   0.10
2002 01 22  1500   52296   54000  0  5.23e+03  6.38e+01  0  7.92e+04  1.19e+02  1.12e+02  1.03e+01  4.07e+00   0.16
2002 01 22  1505   52296   54300  0  4.95e+03  6.57e+01  0  8.17e+04  9.13e+01  1.13e+02  9.67e+00  4.00e+00   0.14
2002 01 22  1510   52296   54600  0  5.04e+03  6.67e+01  0  8.96e+04  9.27e+01  7.17e+01  8.86e+00  3.99e+00   0.19
2002 01 22  1515   52296   54900  0  4.98e+03  6.12e+01  0  7.31e+04  9.25e+01  5.23e+01  9.80e+00  3.62e+00   0.06
2002 01 22  1520   52296   55200  0  5.12e+03  6.47e+01  0  6.69e+04  1.01e+02  6.30e+01  9.06e+00  3.98e+00   0.06
2002 01 22  1525   52296   55500  0  4.86e+03  6.24e+01  0  6.27e+04  8.78e+01  5.53e+01  1.02e+01  3.58e+00   0.02
2002 01 22  1530   52296   55800  0  4.97e+03  6.06e+01  0  7.71e+04  9.19e+01  5.19e+01  9.47e+00  3.35e+00   0.04
2002 01 22  1535   52296   56100  0  4.85e+03  6.15e+01  0  7.95e+04  8.19e+01  1.38e+02  9.27e+00  3.69e+00   0.03
2002 01 22  1540   52296   56400  0  4.72e+03  5.90e+01  0  5.99e+04  8.29e+01  9.38e+01  9.32e+00  3.48e+00   0.03
2002 01 22  1545   52296   56700  0  5.00e+03  5.62e+01  0  8.00e+04  8.96e+01  1.17e+02  9.93e+00  3.86e+00   0.10
2002 01 22  1550   52296   57000  0  4.69e+03  6.34e+01  0  8.01e+04  8.28e+01  1.04e+02  9.27e+00  3.77e+00   0.07
2002 01 22  1555   52296   57300  0  4.88e+03  5.95e+01  0  9.06e+04  8.11e+01  1.61e+02  8.90e+00  3.51e+00   0.06
2002 01 22  1600   52296   57600  0  4.90e+03  6.66e+01  0  1.03e+05  8.57e+01  1.06e+02  9.70e+00  3.57e+00   0.04
2002 01 22  1605   52296   57900  0  5.07e+03  6.18e+01  0  1.05e+05  8.07e+01  1.68e+02  9.55e+00  3.46e+00   0.12
2002 01 22  1610   52296   58200  0  4.97e+03  5.93e+01  0  8.02e+04  8.78e+01  1.28e+02  9.42e+00  3.56e+00   0.04
2002 01 22  1615   52296   58500  0  4.85e+03  6.29e+01  0  8.18e+04  7.81e+01  1.16e+02  9.53e+00  3.31e+00   0.11
2002 01 22  1620   52296   58800  0  4.85e+03  5.90e+01  0  7.51e+04  9.13e+01  1.18e+02  9.13e+00  3.59e+00   0.08
2002 01 22  1625   52296   59100  0  4.76e+03  6.15e+01  0  8.22e+04  8.66e+01  4.28e+01  1.02e+01  4.04e+00   0.16
2002 01 22  1630   52296   59400  0  4.99e+03  5.63e+01  0  7.86e+04  9.58e+01  2.26e+01  9.55e+00  3.64e+00   0.10
2002 01 22  1635   52296   59700  0  4.93e+03  6.43e+01  0  7.88e+04  8.89e+01  2.12e+01  8.94e+00  3.60e+00   0.11
2002 01 22  1640   52296   60000  0  4.85e+03  6.22e+01  0  7.00e+04  9.68e+01  2.39e+01  9.85e+00  3.17e+00   0.06
2002 01 22  1645   52296   60300  0  4.90e+03  6.34e+01  0  6.91e+04  1.03e+02  4.32e+01  9.78e+00  3.54e+00   0.08
2002 01 22  1650   52296   60600  0  4.95e+03  6.71e+01  0  7.60e+04  7.65e+01  5.72e+01  9.19e+00  3.53e+00   0.08
2002 01 22  1655   52296   60900  0  4.85e+03  6.92e+01  0  7.97e+04  9.01e+01  4.69e+01  8.88e+00  3.59e+00   0.08
2002 01 22  1700   52296   61200  0  4.68e+03  6.75e+01  0  7.10e+04  8.73e+01  7.64e+01  9.38e+00  3.88e+00   0.04
2002 01 22  1705   52296   61500  0  4.67e+03  5.89e+01  0  9.96e+04  7.91e+01  1.11e+02  9.98e+00  3.60e+00   0.04
2002 01 22  1710   52296   61800  0  4.85e+03  6.42e+01  0  9.64e+04  8.05e+01  1.54e+02  9.69e+00  3.29e+00   0.07
2002 01 22  1715   52296   62100  0  4.73e+03  6.02e+01  0  9.25e+04  8.49e+01  1.62e+02  9.71e+00  3.77e+00   0.05
2002 01 22  1720   52296   62400  0  4.71e+03  6.42e+01  0  7.92e+04  8.87e+01  1.47e+02  9.15e+00  3.40e+00   0.06
2002 01 22  1725   52296   62700  0  4.87e+03  5.63e+01  0  9.47e+04  9.14e+01  8.95e+01  9.27e+00  3.55e+00   0.09
2002 01 22  1730   52296   63000  0  5.07e+03  6.78e+01  0  1.01e+05  9.25e+01  7.28e+01  9.50e+00  3.26e+00   0.14
2002 01 22  1735   52296   63300  0  4.74e+03  6.74e+01  0  1.16e+05  7.98e+01  5.08e+01  9.77e+00  3.51e+00   0.04
2002 01 22  1740   52296   63600  0  4.65e+03  5.84e+01  0  1.08e+05  7.99e+01  7.33e+01  9.92e+00  3.35e+00   0.03
2002 01 22  1745   52296   63900  0  4.67e+03  6.61e+01  0  9.98e+04  8.07e+01  1.18e+02  9.56e+00  3.51e+00   0.08
2002 01 22  1750   52296   64200  0  4.86e+03  6.61e+01  0  9.30e+04  8.45e+01  9.23e+01  9.27e+00  3.26e+00   0.11
2002 01 22  1755   52296   64500  0  4.82e+03  6.07e+01  0  7.32e+04  8.19e+01  6.03e+01  1.06e+01  3.40e+00   0.13
2002 01 22  1800   52296   64800  0  4.68e+03  6.30e+01  0  5.77e+04  7.81e+01  4.70e+01  8.58e+00  3.73e+00   0.21
2002 01 22  1805   52296   65100  0  4.64e+03  6.55e+01  0  8.28e+04  9.43e+01  5.39e+01  9.57e+00  3.64e+00   0.12
2002 01 22  1810   52296   65400  0  4.65e+03  6.84e+01  0  7.93e+04  8.78e+01  4.90e+01  9.72e+00  3.50e+00   0.17
2002 01 22  1815   52296   65700  0  4.68e+03  6.45e+01  0  8.46e+04  7.91e+01  5.72e+01  1.01e+01  3.59e+00   0.14
2002 01 22  1820   52296   66000  0  4.71e+03  5.76e+01  0  5.48e+04  8.12e+01  3.66e+01  8.68e+00  3.21e+00   0.09
2002 01 22  1825   52296   66300  0  4.75e+03  6.48e+01  0  5.56e+04  8.52e+01  3.86e+01  8.46e+00  3.42e+00   0.20
2002 01 22  1830   52296   66600  0  4.66e+03  6.20e+01  0  5.58e+04  7.93e+01  3.79e+01  9.52e+00  3.30e+00   0.11
2002 01 22  1835   52296   66900  0  4.64e+03  6.04e+01  0  6.21e+04  7.03e+01  3.26e+01  9.89e+00  3.46e+00   0.07
2002 01 22  1840   52296   67200  0  4.69e+03  5.99e+01  0  6.59e+04  7.29e+01  4.96e+01  9.34e+00  3.24e+00   0.05
2002 01 22  1845   52296   67500  0  4.86e+03  6.29e+01  0  5.87e+04  8.09e+01  6.02e+01  9.90e+00  3.32e+00   0.18
2002 01 22  1850   52296   67800  0  4.63e+03  6.47e+01  0  5.89e+04  8.07e+01  4.42e+01  8.88e+00  3.37e+00   0.06
2002 01 22  1855   52296   68100  0  4.63e+03  6.70e+01  0  7.70e+04  7.42e+01  8.27e+01  9.49e+00  3.17e+00   0.25
2002 01 22  1900   52296   68400  0  4.83e+03  6.57e+01  0  6.82e+04  8.00e+01  1.76e+02  9.55e+00  3.54e+00   0.12
2002 01 22  1905   52296   68700  0  4.82e+03  5.86e+01  0  7.81e+04  7.53e+01  1.64e+02  1.04e+01  3.47e+00   0.20
2002 01 22  1910   52296   69000  0  4.76e+03  6.32e+01  0  9.43e+04  7.87e+01  1.27e+02  8.94e+00  3.16e+00   0.14
2002 01 22  1915   52296   69300  0  4.72e+03  6.25e+01  0  5.15e+04  8.55e+01  7.94e+01  9.36e+00  3.65e+00   0.19
2002 01 22  1920   52296   69600  0  4.82e+03  5.86e+01  0  6.10e+04  8.02e+01  5.38e+01  9.16e+00  3.47e+00   0.13
2002 01 22  1925   52296   69900  0  4.85e+03  5.81e+01  0  6.20e+04  7.81e+01  5.86e+01  9.04e+00  3.58e+00   0.15
2002 01 22  1930   52296   70200  0  4.77e+03  5.14e+01  0  4.97e+04  8.50e+01  5.41e+01  9.77e+00  3.56e+00   0.13
2002 01 22  1935   52296   70500  0  4.87e+03  5.89e+01  0  7.20e+04  7.60e+01  9.94e+01  9.98e+00  3.37e+00   0.08
2002 01 22  1940   52296   70800  0  4.87e+03  5.95e+01  0  8.00e+04  8.95e+01  9.11e+01  9.87e+00  3.69e+00   0.24
2002 01 22  1945   52296   71100  0  4.88e+03  6.26e+01  0  7.22e+04  7.95e+01  1.12e+02  9.02e+00  3.40e+00   0.18
2002 01 22  1950   52296   71400  0  4.72e+03  6.51e+01  0  5.32e+04  9.07e+01  6.40e+01  9.74e+00  3.62e+00   0.15
2002 01 22  1955   52296   71700  0  4.71e+03  5.95e+01  0  5.00e+04  8.77e+01  7.46e+01  9.66e+00  3.33e+00   0.08
2002 01 22  2000   52296   72000  0  4.95e+03  5.88e+01  0  4.96e+04  9.01e+01  8.29e+01  9.77e+00  3.47e+00   0.13
2002 01 22  2005   52296   72300  0  4.80e+03  6.36e+01  0  4.68e+04  8.61e+01  4.34e+01  9.23e+00  3.89e+00   0.09
2002 01 22  2010   52296   72600  0  4.71e+03  6.74e+01  0  7.26e+04  8.28e+01  1.11e+02  9.27e+00  3.56e+00   0.05
2002 01 22  2015   52296   72900  0  4.75e+03  7.11e+01  0  7.39e+04  8.99e+01  1.18e+02  9.69e+00  3.80e+00   0.11
2002 01 22  2020   52296   73200  0  4.82e+03  5.99e+01  0  5.44e+04  7.91e+01  1.01e+02  8.74e+00  3.41e+00   0.09
2002 01 22  2025   52296   73500  0  4.62e+03  6.45e+01  0  7.05e+04  7.99e+01  1.04e+02  8.65e+00  3.84e+00   0.10
2002 01 22  2030   52296   73800  0  4.92e+03  6.26e+01  0  1.02e+05  8.73e+01  1.71e+02  9.19e+00  3.37e+00   0.12
2002 01 22  2035   52296   74100  0  4.84e+03  6.43e+01  0  1.35e+05  8.67e+01  1.90e+02  9.90e+00  3.77e+00   0.09
2002 01 22  2040   52296   74400  0  4.74e+03  6.47e+01  0  1.19e+05  8.45e+01  2.15e+02  9.96e+00  3.76e+00   0.09
2002 01 22  2045   52296   74700  0  4.72e+03  5.86e+01  0  1.01e+05  8.03e+01  2.33e+02  9.49e+00  3.83e+00   0.05
2002 01 22  2050   52296   75000  0  4.79e+03  6.68e+01  0  1.07e+05  9.73e+01  1.18e+02  9.62e+00  3.90e+00   0.17
2002 01 22  2055   52296   75300  0  4.86e+03  6.38e+01  0  1.04e+05  8.94e+01  1.22e+02  9.00e+00  3.67e+00   0.30
2002 01 22  2100   52296   75600  0  4.63e+03  6.43e+01  0  1.06e+05  8.85e+01  1.33e+02  8.63e+00  3.67e+00   0.06
2002 01 22  2105   52296   75900  0  4.85e+03  6.38e+01  0  9.96e+04  9.54e+01  1.37e+02  1.00e+01  3.99e+00   0.15
2002 01 22  2110   52296   76200  0  4.79e+03  6.34e+01  0  1.10e+05  9.63e+01  2.19e+02  1.05e+01  3.86e+00   0.10
2002 01 22  2115   52296   76500  0  4.82e+03  6.31e+01  0  1.01e+05  9.65e+01  1.50e+02  9.68e+00  3.66e+00   0.06
2002 01 22  2120   52296   76800  0  4.63e+03  6.48e+01  0  1.09e+05  9.65e+01  2.09e+02  1.00e+01  3.75e+00   0.23
2002 01 22  2125   52296   77100  0  4.56e+03  6.94e+01  0  1.02e+05  8.94e+01  1.52e+02  9.93e+00  3.77e+00   0.29
2002 01 22  2130   52296   77400  0  4.78e+03  5.70e+01  0  1.10e+05  9.34e+01  2.80e+02  1.13e+01  3.91e+00   0.17
2002 01 22  2135   52296   77700  0  4.86e+03  6.73e+01  0  8.10e+04  9.15e+01  1.06e+02  1.02e+01  3.97e+00   0.14
2002 01 22  2140   52296   78000  0  4.52e+03  6.36e+01  0  6.82e+04  9.63e+01  9.49e+01  9.79e+00  3.70e+00   0.19
2002 01 22  2145   52296   78300  0  4.70e+03  6.53e+01  0  4.60e+04  1.01e+02  9.91e+01  1.07e+01  3.61e+00   0.16
2002 01 22  2150   52296   78600  0  4.75e+03  6.38e+01  0  7.07e+04  9.32e+01  1.76e+02  1.04e+01  3.95e+00   0.26
2002 01 22  2155   52296   78900  0  4.67e+03  6.61e+01  0  6.45e+04  9.02e+01  1.26e+02  1.06e+01  3.76e+00   0.14
2002 01 22  2200   52296   79200  0  4.80e+03  6.96e+01  0  7.27e+04  8.83e+01  1.71e+02  1.05e+01  3.74e+00   0.25
2002 01 22  2205   52296   79500  0  4.66e+03  6.49e+01  0  8.79e+04  9.01e+01  1.72e+02  1.04e+01  3.65e+00   0.20
2002 01 22  2210   52296   79800  0  4.72e+03  6.69e+01  0  1.10e+05  8.09e+01  2.44e+02  1.05e+01  4.07e+00   0.28
2002 01 22  2215   52296   80100  0  4.86e+03  6.44e+01  0  1.10e+05  8.14e+01  2.42e+02  9.87e+00  3.79e+00   0.21
2002 01 22  2220   52296   80400  0  4.51e+03  5.99e+01  0  8.59e+04  8.25e+01  2.14e+02  1.01e+01  3.94e+00   0.29
2002 01 22  2225   52296   80700  0  4.78e+03  5.68e+01  0  8.97e+04  8.50e+01  1.84e+02  9.58e+00  3.65e+00   0.16
2002 01 22  2230   52296   81000  0  4.60e+03  6.22e+01  0  8.54e+04  8.47e+01  1.53e+02  9.17e+00  3.54e+00   0.17
2002 01 22  2235   52296   81300  0  4.53e+03  6.56e+01  0  6.70e+04  9.01e+01  7.93e+01  1.03e+01  3.51e+00   0.18
2002 01 22  2240   52296   81600  0  4.59e+03  6.44e+01  0  5.39e+04  9.58e+01  9.98e+01  9.71e+00  3.71e+00   0.23
2002 01 22  2245   52296   81900  0  4.49e+03  6.25e+01  0  5.86e+04  9.13e+01  1.16e+02  1.02e+01  3.47e+00   0.32
2002 01 22  2250   52296   82200  0  4.46e+03  6.57e+01  0  6.02e+04  8.33e+01  1.19e+02  9.94e+00  3.71e+00   0.17
2002 01 22  2255   52296   82500  0  4.79e+03  6.82e+01  0  6.69e+04  8.66e+01  1.09e+02  9.33e+00  3.83e+00   0.12
2002 01 22  2300   52296   82800  0  4.46e+03  5.66e+01  0  8.09e+04  8.11e+01  2.04e+02  9.73e+00  3.66e+00   0.10
2002 01 22  2305   52296   83100  0  4.64e+03  6.16e+01  0  8.35e+04  9.69e+01  3.62e+02  1.00e+01  3.44e+00   0.28
2002 01 22  2310   52296   83400  0  4.70e+03  6.32e+01  0  6.43e+04  1.06e+02  1.91e+02  1.03e+01  3.63e+00   0.32
2002 01 22  2315   52296   83700  0  4.55e+03  6.62e+01  0  6.58e+04  9.46e+01  3.03e+02  9.53e+00  4.11e+00   0.17
2002 01 22  2320   52296   84000  0  4.58e+03  7.05e+01  0  8.73e+04  9.27e+01  3.21e+02  9.58e+00  3.84e+00   0.05
2002 01 22  2325   52296   84300  0  4.49e+03  5.83e+01  0  9.33e+04  9.32e+01  2.06e+02  1.08e+01  3.52e+00   0.24
2002 01 22  2330   52296   84600  0  4.82e+03  6.54e+01  0  8.43e+04  9.41e+01  1.82e+02  9.49e+00  3.79e+00   0.28
2002 01 22  2335   52296   84900  0  4.65e+03  6.47e+01  0  9.64e+04  1.03e+02  2.06e+02  1.01e+01  3.89e+00   0.18
2002 01 22  2340   52296   85200  0  4.60e+03  7.30e+01  0  8.88e+04  1.04e+02  2.28e+02  9.53e+00  4.07e+00   0.13
2002 01 22  2345   52296   85500  0  4.68e+03  6.11e+01  0  8.76e+04  9.19e+01  1.66e+02  9.38e+00  3.64e+00   0.20
2002 01 22  2350   52296   85800  0  4.72e+03  5.88e+01  0  8.78e+04  9.77e+01  1.75e+02  9.48e+00  3.71e+00   0.21
2002 01 22  2355   52296   86100  0  4.69e+03  5.74e+01  0  7.94e+04  9.58e+01  1.49e+02  9.41e+00  3.87e+00   0.20
