:Data_list: 20020720_ace_sis_5m.txt
:Created: 2002 Jul 21 0011 UT
# Prepared by the U.S. Dept. of Commerce, NOAA, Space Environment Center.
# Please send comments and suggestions to sec@sec.noaa.gov 
# 
# Units: proton flux p/cs2-sec-ster
# Status(S): 0 = nominal data, 1 to 8 = bad data record, 9 = no data
# Missing data values: -1.00e+05
# Source: ACE Satellite - Solar Isotope Spectrometer
#
# 5-minute averaged Real-time Integral Flux of High-energy Solar Protons
# 
#                 Modified Seconds
# UT Date   Time   Julian  of the      ---- Integral Proton Flux ----
# YR MO DA  HHMM     Day     Day       S    > 10 MeV    S    > 30 MeV
#--------------------------------------------------------------------
2002 07 20  0000    52475       0      0    3.06e+00    0    1.08e+00
2002 07 20  0005    52475     300      0    3.12e+00    0    1.09e+00
2002 07 20  0010    52475     600      0    3.14e+00    0    1.07e+00
2002 07 20  0015    52475     900      0    3.17e+00    0    1.12e+00
2002 07 20  0020    52475    1200      0    3.31e+00    0    1.12e+00
2002 07 20  0025    52475    1500      0    3.35e+00    0    1.10e+00
2002 07 20  0030    52475    1800      0    3.42e+00    0    1.13e+00
2002 07 20  0035    52475    2100      0    3.45e+00    0    1.13e+00
2002 07 20  0040    52475    2400      0    3.02e+00    0    1.10e+00
2002 07 20  0045    52475    2700      0    2.77e+00    0    1.07e+00
2002 07 20  0050    52475    3000      0    2.64e+00    0    1.01e+00
2002 07 20  0055    52475    3300      0    2.51e+00    0    1.02e+00
2002 07 20  0100    52475    3600      0    2.42e+00    0    1.02e+00
2002 07 20  0105    52475    3900      0    2.56e+00    0    1.02e+00
2002 07 20  0110    52475    4200      0    2.56e+00    0    1.05e+00
2002 07 20  0115    52475    4500      0    2.49e+00    0    1.04e+00
2002 07 20  0120    52475    4800      0    2.54e+00    0    1.05e+00
2002 07 20  0125    52475    5100      0    2.51e+00    0    1.00e+00
2002 07 20  0130    52475    5400      0    2.55e+00    0    1.03e+00
2002 07 20  0135    52475    5700      0    2.53e+00    0    1.02e+00
2002 07 20  0140    52475    6000      0    2.48e+00    0    1.02e+00
2002 07 20  0145    52475    6300      0    2.52e+00    0    1.01e+00
2002 07 20  0150    52475    6600      0    2.52e+00    0    1.00e+00
2002 07 20  0155    52475    6900      0    2.51e+00    0    9.92e-01
2002 07 20  0200    52475    7200      0    2.44e+00    0    1.02e+00
2002 07 20  0205    52475    7500      0    2.19e+00    0    9.47e-01
2002 07 20  0210    52475    7800      0    2.49e+00    0    1.01e+00
2002 07 20  0215    52475    8100      0    2.55e+00    0    1.00e+00
2002 07 20  0220    52475    8400      0    2.33e+00    0    9.62e-01
2002 07 20  0225    52475    8700      0    2.24e+00    0    9.52e-01
2002 07 20  0230    52475    9000      0    2.22e+00    0    9.33e-01
2002 07 20  0235    52475    9300      0    2.18e+00    0    9.21e-01
2002 07 20  0240    52475    9600      0    2.08e+00    0    9.47e-01
2002 07 20  0245    52475    9900      0    2.09e+00    0    9.56e-01
2002 07 20  0250    52475   10200      0    2.08e+00    0    9.37e-01
2002 07 20  0255    52475   10500      0    2.03e+00    0    9.24e-01
2002 07 20  0300    52475   10800      0    2.10e+00    0    9.56e-01
2002 07 20  0305    52475   11100      0    2.06e+00    0    9.50e-01
2002 07 20  0310    52475   11400      0    2.07e+00    0    9.51e-01
2002 07 20  0315    52475   11700      0    2.08e+00    0    9.66e-01
2002 07 20  0320    52475   12000      0    2.04e+00    0    9.36e-01
2002 07 20  0325    52475   12300      0    2.05e+00    0    9.45e-01
2002 07 20  0330    52475   12600      0    2.09e+00    0    9.66e-01
2002 07 20  0335    52475   12900      0    2.05e+00    0    9.46e-01
2002 07 20  0340    52475   13200      0    2.05e+00    0    9.50e-01
2002 07 20  0345    52475   13500      0    2.03e+00    0    9.27e-01
2002 07 20  0350    52475   13800      0    2.07e+00    0    9.69e-01
2002 07 20  0355    52475   14100      0    2.07e+00    0    9.38e-01
2002 07 20  0400    52475   14400      0    2.08e+00    0    9.47e-01
2002 07 20  0405    52475   14700      0    2.10e+00    0    9.32e-01
2002 07 20  0410    52475   15000      0    2.06e+00    0    9.48e-01
2002 07 20  0415    52475   15300      0    2.05e+00    0    9.31e-01
2002 07 20  0420    52475   15600      0    2.05e+00    0    9.24e-01
2002 07 20  0425    52475   15900      0    2.05e+00    0    9.47e-01
2002 07 20  0430    52475   16200      0    2.10e+00    0    9.51e-01
2002 07 20  0435    52475   16500      0    2.07e+00    0    9.50e-01
2002 07 20  0440    52475   16800      0    2.07e+00    0    9.27e-01
2002 07 20  0445    52475   17100      0    2.10e+00    0    9.63e-01
2002 07 20  0450    52475   17400      0    2.09e+00    0    9.72e-01
2002 07 20  0455    52475   17700      0    2.04e+00    0    9.24e-01
2002 07 20  0500    52475   18000      0    2.07e+00    0    9.38e-01
2002 07 20  0505    52475   18300      0    2.07e+00    0    9.47e-01
2002 07 20  0510    52475   18600      0    2.08e+00    0    9.47e-01
2002 07 20  0515    52475   18900      0    2.06e+00    0    9.43e-01
2002 07 20  0520    52475   19200      0    2.13e+00    0    9.79e-01
2002 07 20  0525    52475   19500      0    2.10e+00    0    9.65e-01
2002 07 20  0530    52475   19800      0    2.16e+00    0    9.93e-01
2002 07 20  0535    52475   20100      0    2.08e+00    0    9.42e-01
2002 07 20  0540    52475   20400      0    2.02e+00    0    9.35e-01
2002 07 20  0545    52475   20700      0    2.07e+00    0    9.67e-01
2002 07 20  0550    52475   21000      0    2.07e+00    0    9.61e-01
2002 07 20  0555    52475   21300      0    2.10e+00    0    9.70e-01
2002 07 20  0600    52475   21600      0    2.05e+00    0    9.49e-01
2002 07 20  0605    52475   21900      0    2.06e+00    0    9.47e-01
2002 07 20  0610    52475   22200      0    2.09e+00    0    9.70e-01
2002 07 20  0615    52475   22500      0    2.15e+00    0    9.96e-01
2002 07 20  0620    52475   22800      0    2.11e+00    0    9.65e-01
2002 07 20  0625    52475   23100      0    2.07e+00    0    9.33e-01
2002 07 20  0630    52475   23400      0    2.08e+00    0    9.43e-01
2002 07 20  0635    52475   23700      0    2.08e+00    0    9.46e-01
2002 07 20  0640    52475   24000      0    2.00e+00    0    9.23e-01
2002 07 20  0645    52475   24300      0    2.09e+00    0    9.68e-01
2002 07 20  0650    52475   24600      0    2.04e+00    0    9.28e-01
2002 07 20  0655    52475   24900      0    2.05e+00    0    9.58e-01
2002 07 20  0700    52475   25200      0    2.07e+00    0    9.50e-01
2002 07 20  0705    52475   25500      0    2.08e+00    0    9.53e-01
2002 07 20  0710    52475   25800      0    2.09e+00    0    9.68e-01
2002 07 20  0715    52475   26100      0    2.06e+00    0    9.48e-01
2002 07 20  0720    52475   26400      0    2.07e+00    0    9.52e-01
2002 07 20  0725    52475   26700      0    2.08e+00    0    9.49e-01
2002 07 20  0730    52475   27000      0    2.12e+00    0    9.67e-01
2002 07 20  0735    52475   27300      0    2.13e+00    0    9.70e-01
2002 07 20  0740    52475   27600      0    2.10e+00    0    9.99e-01
2002 07 20  0745    52475   27900      0    2.09e+00    0    9.42e-01
2002 07 20  0750    52475   28200      0    2.13e+00    0    9.89e-01
2002 07 20  0755    52475   28500      0    2.09e+00    0    9.64e-01
2002 07 20  0800    52475   28800      0    2.09e+00    0    9.61e-01
2002 07 20  0805    52475   29100      0    2.13e+00    0    9.60e-01
2002 07 20  0810    52475   29400      0    2.15e+00    0    9.83e-01
2002 07 20  0815    52475   29700      0    2.16e+00    0    9.96e-01
2002 07 20  0820    52475   30000      0    2.13e+00    0    9.66e-01
2002 07 20  0825    52475   30300      0    2.16e+00    0    9.74e-01
2002 07 20  0830    52475   30600      0    2.15e+00    0    9.87e-01
2002 07 20  0835    52475   30900      0    2.18e+00    0    9.90e-01
2002 07 20  0840    52475   31200      0    2.22e+00    0    1.01e+00
2002 07 20  0845    52475   31500      0    2.18e+00    0    1.00e+00
2002 07 20  0850    52475   31800      0    2.21e+00    0    1.04e+00
2002 07 20  0855    52475   32100      0    2.21e+00    0    1.01e+00
2002 07 20  0900    52475   32400      0    2.18e+00    0    1.01e+00
2002 07 20  0905    52475   32700      0    2.20e+00    0    1.02e+00
2002 07 20  0910    52475   33000      0    2.23e+00    0    1.01e+00
2002 07 20  0915    52475   33300      0    2.20e+00    0    1.00e+00
2002 07 20  0920    52475   33600      0    2.21e+00    0    1.01e+00
2002 07 20  0925    52475   33900      0    2.21e+00    0    1.01e+00
2002 07 20  0930    52475   34200      0    2.20e+00    0    1.00e+00
2002 07 20  0935    52475   34500      0    2.19e+00    0    1.02e+00
2002 07 20  0940    52475   34800      0    2.21e+00    0    1.01e+00
2002 07 20  0945    52475   35100      0    2.32e+00    0    1.06e+00
2002 07 20  0950    52475   35400      0    2.23e+00    0    1.01e+00
2002 07 20  0955    52475   35700      0    2.36e+00    0    1.06e+00
2002 07 20  1000    52475   36000      0    2.28e+00    0    1.02e+00
2002 07 20  1005    52475   36300      0    2.29e+00    0    1.02e+00
2002 07 20  1010    52475   36600      0    2.34e+00    0    1.08e+00
2002 07 20  1015    52475   36900      0    2.31e+00    0    1.05e+00
2002 07 20  1020    52475   37200      0    2.29e+00    0    1.04e+00
2002 07 20  1025    52475   37500      0    2.30e+00    0    1.05e+00
2002 07 20  1030    52475   37800      0    2.32e+00    0    1.03e+00
2002 07 20  1035    52475   38100      0    2.30e+00    0    1.04e+00
2002 07 20  1040    52475   38400      0    2.29e+00    0    1.05e+00
2002 07 20  1045    52475   38700      0    2.30e+00    0    1.03e+00
2002 07 20  1050    52475   39000      0    2.28e+00    0    1.03e+00
2002 07 20  1055    52475   39300      0    2.27e+00    0    1.01e+00
2002 07 20  1100    52475   39600      0    2.28e+00    0    1.02e+00
2002 07 20  1105    52475   39900      0    2.29e+00    0    1.02e+00
2002 07 20  1110    52475   40200      0    2.30e+00    0    1.05e+00
2002 07 20  1115    52475   40500      0    2.29e+00    0    1.04e+00
2002 07 20  1120    52475   40800      0    2.27e+00    0    1.03e+00
2002 07 20  1125    52475   41100      0    2.36e+00    0    1.07e+00
2002 07 20  1130    52475   41400      0    2.26e+00    0    1.04e+00
2002 07 20  1135    52475   41700      0    2.33e+00    0    1.06e+00
2002 07 20  1140    52475   42000      0    2.32e+00    0    1.06e+00
2002 07 20  1145    52475   42300      0    2.35e+00    0    1.05e+00
2002 07 20  1150    52475   42600      0    2.36e+00    0    1.07e+00
2002 07 20  1155    52475   42900      0    2.35e+00    0    1.06e+00
2002 07 20  1200    52475   43200      0    2.35e+00    0    1.04e+00
2002 07 20  1205    52475   43500      0    2.31e+00    0    1.05e+00
2002 07 20  1210    52475   43800      0    2.36e+00    0    1.08e+00
2002 07 20  1215    52475   44100      0    2.31e+00    0    1.04e+00
2002 07 20  1220    52475   44400      0    2.33e+00    0    1.02e+00
2002 07 20  1225    52475   44700      0    2.26e+00    0    1.02e+00
2002 07 20  1230    52475   45000      0    2.29e+00    0    1.04e+00
2002 07 20  1235    52475   45300      0    2.27e+00    0    1.01e+00
2002 07 20  1240    52475   45600      0    2.29e+00    0    1.04e+00
2002 07 20  1245    52475   45900      0    2.26e+00    0    1.01e+00
2002 07 20  1250    52475   46200      0    2.27e+00    0    1.03e+00
2002 07 20  1255    52475   46500      0    2.24e+00    0    1.00e+00
2002 07 20  1300    52475   46800      0    2.31e+00    0    1.05e+00
2002 07 20  1305    52475   47100      0    2.28e+00    0    1.03e+00
2002 07 20  1310    52475   47400      0    2.24e+00    0    1.02e+00
2002 07 20  1315    52475   47700      0    2.28e+00    0    1.03e+00
2002 07 20  1320    52475   48000      0    2.22e+00    0    1.01e+00
2002 07 20  1325    52475   48300      0    2.24e+00    0    1.01e+00
2002 07 20  1330    52475   48600      0    2.28e+00    0    1.05e+00
2002 07 20  1335    52475   48900      0    2.33e+00    0    1.05e+00
2002 07 20  1340    52475   49200      0    2.29e+00    0    1.03e+00
2002 07 20  1345    52475   49500      0    2.35e+00    0    1.06e+00
2002 07 20  1350    52475   49800      0    2.34e+00    0    1.08e+00
2002 07 20  1355    52475   50100      0    2.32e+00    0    1.04e+00
2002 07 20  1400    52475   50400      0    2.28e+00    0    1.04e+00
2002 07 20  1405    52475   50700      0    2.33e+00    0    1.07e+00
2002 07 20  1410    52475   51000      0    2.28e+00    0    1.02e+00
2002 07 20  1415    52475   51300      0    2.36e+00    0    1.10e+00
2002 07 20  1420    52475   51600      0    2.28e+00    0    1.04e+00
2002 07 20  1425    52475   51900      0    2.27e+00    0    1.05e+00
2002 07 20  1430    52475   52200      0    2.28e+00    0    1.05e+00
2002 07 20  1435    52475   52500      0    2.30e+00    0    1.05e+00
2002 07 20  1440    52475   52800      0    2.32e+00    0    1.05e+00
2002 07 20  1445    52475   53100      0    2.31e+00    0    1.04e+00
2002 07 20  1450    52475   53400      0    2.32e+00    0    1.06e+00
2002 07 20  1455    52475   53700      0    2.31e+00    0    1.06e+00
2002 07 20  1500    52475   54000      0    2.26e+00    0    1.03e+00
2002 07 20  1505    52475   54300      0    2.30e+00    0    1.05e+00
2002 07 20  1510    52475   54600      0    2.30e+00    0    1.05e+00
2002 07 20  1515    52475   54900      0    2.33e+00    0    1.06e+00
2002 07 20  1520    52475   55200      0    2.27e+00    0    1.04e+00
2002 07 20  1525    52475   55500      0    2.29e+00    0    1.05e+00
2002 07 20  1530    52475   55800      0    2.29e+00    0    1.04e+00
2002 07 20  1535    52475   56100      0    2.28e+00    0    1.03e+00
2002 07 20  1540    52475   56400      0    2.26e+00    0    1.01e+00
2002 07 20  1545    52475   56700      0    2.30e+00    0    1.02e+00
2002 07 20  1550    52475   57000      0    2.29e+00    0    1.05e+00
2002 07 20  1555    52475   57300      0    2.25e+00    0    1.03e+00
2002 07 20  1600    52475   57600      0    2.22e+00    0    1.04e+00
2002 07 20  1605    52475   57900      0    2.20e+00    0    1.03e+00
2002 07 20  1610    52475   58200      0    2.29e+00    0    1.03e+00
2002 07 20  1615    52475   58500      0    2.36e+00    0    1.06e+00
2002 07 20  1620    52475   58800      0    2.41e+00    0    1.08e+00
2002 07 20  1625    52475   59100      0    2.41e+00    0    1.09e+00
2002 07 20  1630    52475   59400      0    2.42e+00    0    1.07e+00
2002 07 20  1635    52475   59700      0    2.38e+00    0    1.07e+00
2002 07 20  1640    52475   60000      0    2.34e+00    0    1.03e+00
2002 07 20  1645    52475   60300      0    2.31e+00    0    1.04e+00
2002 07 20  1650    52475   60600      0    2.31e+00    0    1.05e+00
2002 07 20  1655    52475   60900      0    2.29e+00    0    1.06e+00
2002 07 20  1700    52475   61200      0    2.34e+00    0    1.06e+00
2002 07 20  1705    52475   61500      0    2.32e+00    0    1.05e+00
2002 07 20  1710    52475   61800      0    2.29e+00    0    1.01e+00
2002 07 20  1715    52475   62100      0    2.29e+00    0    1.04e+00
2002 07 20  1720    52475   62400      0    2.29e+00    0    1.05e+00
2002 07 20  1725    52475   62700      0    2.27e+00    0    1.03e+00
2002 07 20  1730    52475   63000      0    2.23e+00    0    1.01e+00
2002 07 20  1735    52475   63300      0    2.25e+00    0    1.03e+00
2002 07 20  1740    52475   63600      0    2.23e+00    0    9.97e-01
2002 07 20  1745    52475   63900      0    2.24e+00    0    1.02e+00
2002 07 20  1750    52475   64200      0    2.23e+00    0    1.03e+00
2002 07 20  1755    52475   64500      0    2.27e+00    0    1.03e+00
2002 07 20  1800    52475   64800      0    2.35e+00    0    1.06e+00
2002 07 20  1805    52475   65100      0    2.36e+00    0    1.06e+00
2002 07 20  1810    52475   65400      0    2.35e+00    0    1.07e+00
2002 07 20  1815    52475   65700      0    2.33e+00    0    1.04e+00
2002 07 20  1820    52475   66000      0    2.33e+00    0    1.06e+00
2002 07 20  1825    52475   66300      0    2.30e+00    0    1.03e+00
2002 07 20  1830    52475   66600      0    2.40e+00    0    1.06e+00
2002 07 20  1835    52475   66900      0    2.30e+00    0    1.03e+00
2002 07 20  1840    52475   67200      0    2.32e+00    0    1.05e+00
2002 07 20  1845    52475   67500      0    2.31e+00    0    1.04e+00
2002 07 20  1850    52475   67800      0    2.33e+00    0    1.04e+00
2002 07 20  1855    52475   68100      0    2.33e+00    0    1.02e+00
2002 07 20  1900    52475   68400      0    2.40e+00    0    1.07e+00
2002 07 20  1905    52475   68700      0    2.42e+00    0    1.07e+00
2002 07 20  1910    52475   69000      0    2.41e+00    0    1.06e+00
2002 07 20  1915    52475   69300      0    2.40e+00    0    1.04e+00
2002 07 20  1920    52475   69600      0    2.42e+00    0    1.05e+00
2002 07 20  1925    52475   69900      0    2.44e+00    0    1.08e+00
2002 07 20  1930    52475   70200      0    2.38e+00    0    1.04e+00
2002 07 20  1935    52475   70500      0    2.36e+00    0    1.03e+00
2002 07 20  1940    52475   70800      0    2.40e+00    0    1.08e+00
2002 07 20  1945    52475   71100      0    2.40e+00    0    1.06e+00
2002 07 20  1950    52475   71400      0    2.38e+00    0    1.04e+00
2002 07 20  1955    52475   71700      0    2.39e+00    0    1.07e+00
2002 07 20  2000    52475   72000      0    2.38e+00    0    1.04e+00
2002 07 20  2005    52475   72300      0    2.31e+00    0    1.04e+00
2002 07 20  2010    52475   72600      0    2.35e+00    0    1.04e+00
2002 07 20  2015    52475   72900      0    2.35e+00    0    1.03e+00
2002 07 20  2020    52475   73200      0    2.32e+00    0    1.02e+00
2002 07 20  2025    52475   73500      0    2.34e+00    0    1.05e+00
2002 07 20  2030    52475   73800      0    2.33e+00    0    1.05e+00
2002 07 20  2035    52475   74100      0    2.32e+00    0    1.04e+00
2002 07 20  2040    52475   74400      0    2.31e+00    0    1.01e+00
2002 07 20  2045    52475   74700      0    2.31e+00    0    1.03e+00
2002 07 20  2050    52475   75000      0    2.27e+00    0    1.03e+00
2002 07 20  2055    52475   75300      0    2.30e+00    0    1.03e+00
2002 07 20  2100    52475   75600      0    2.32e+00    0    1.01e+00
2002 07 20  2105    52475   75900      0    2.36e+00    0    1.02e+00
2002 07 20  2110    52475   76200      0    2.39e+00    0    1.07e+00
2002 07 20  2115    52475   76500      0    2.48e+00    0    1.06e+00
2002 07 20  2120    52475   76800      0    2.51e+00    0    1.10e+00
2002 07 20  2125    52475   77100      0    2.43e+00    0    1.06e+00
2002 07 20  2130    52475   77400      0    2.33e+00    0    1.02e+00
2002 07 20  2135    52475   77700      0    2.20e+00    0    9.83e-01
2002 07 20  2140    52475   78000      0    2.31e+00    0    1.03e+00
2002 07 20  2145    52475   78300      0    2.40e+00    0    1.05e+00
2002 07 20  2150    52475   78600      0    2.36e+00    0    1.05e+00
2002 07 20  2155    52475   78900      0    2.37e+00    0    1.05e+00
2002 07 20  2200    52475   79200      0    2.40e+00    0    1.04e+00
2002 07 20  2205    52475   79500      0    2.42e+00    0    1.08e+00
2002 07 20  2210    52475   79800      0    2.40e+00    0    1.06e+00
2002 07 20  2215    52475   80100      0    2.43e+00    0    1.08e+00
2002 07 20  2220    52475   80400      0    2.43e+00    0    1.07e+00
2002 07 20  2225    52475   80700      0    2.45e+00    0    1.08e+00
2002 07 20  2230    52475   81000      0    2.45e+00    0    1.06e+00
2002 07 20  2235    52475   81300      0    2.46e+00    0    1.09e+00
2002 07 20  2240    52475   81600      0    2.45e+00    0    1.08e+00
2002 07 20  2245    52475   81900      0    2.47e+00    0    1.08e+00
2002 07 20  2250    52475   82200      0    2.47e+00    0    1.08e+00
2002 07 20  2255    52475   82500      0    2.48e+00    0    1.08e+00
2002 07 20  2300    52475   82800      0    2.53e+00    0    1.10e+00
2002 07 20  2305    52475   83100      0    2.51e+00    0    1.09e+00
2002 07 20  2310    52475   83400      0    2.48e+00    0    1.07e+00
2002 07 20  2315    52475   83700      0    2.50e+00    0    1.07e+00
2002 07 20  2320    52475   84000      0    2.54e+00    0    1.09e+00
2002 07 20  2325    52475   84300      0    2.52e+00    0    1.11e+00
2002 07 20  2330    52475   84600      0    2.54e+00    0    1.09e+00
2002 07 20  2335    52475   84900      0    2.61e+00    0    1.13e+00
2002 07 20  2340    52475   85200      0    2.58e+00    0    1.11e+00
2002 07 20  2345    52475   85500      0    2.59e+00    0    1.12e+00
2002 07 20  2350    52475   85800      0    2.56e+00    0    1.11e+00
2002 07 20  2355    52475   86100      0    2.47e+00    0    1.07e+00
