:Data_list: 20021022_ace_epam_5m.txt
:Created: 2002 Oct 23 0012 UT
# Prepared by the U.S. Dept. of Commerce, NOAA, Space Environment Center.
# Please send comments and suggestions to sec@sec.noaa.gov 
# 
# Units: Differential Flux particles/cm2-s-ster-MeV
# Units: Anisotropy Index 0.0 - 2.0
# Status(S): 0 = nominal, 4,6,7,8 = bad data, unable to process, 9 = no data
# Missing data values: -1.00e+05, index = -1.00
# Source: ACE Satellite - Electron, Proton, and Alpha Monitor
# Note: 2002 Mar 18: First Proton channel changed from 47-65 to 65-112keV.
#
#                      5-minute averaged Real-time Differential Electron and Proton Flux 
# 
#                Modified Seconds ---------------------------- Differential Flux --------------------------- 
# UT Date   Time  Julian  of the  ----- Electron -----   ------------------- Protons keV -------------------   Anis.
# YR MO DA  HHMM    Day    Day    S    38-53   175-315   S   65-112   112-187   310-580   761-1220 060-1910   Ratio
#-------------------------------------------------------------------------------------------------------------------
2002 10 22  0000   52569       0  0  9.99e+02  1.67e+01  0  1.57e+02  1.24e+02  2.81e+01  7.55e+00  2.56e+00   0.26
2002 10 22  0005   52569     300  0  1.06e+03  1.36e+01  0  2.06e+02  1.63e+02  3.35e+01  8.44e+00  3.37e+00   0.22
2002 10 22  0010   52569     600  0  1.03e+03  1.72e+01  0  2.02e+02  1.83e+02  4.27e+01  8.80e+00  3.32e+00   0.22
2002 10 22  0015   52569     900  0  1.17e+03  2.04e+01  0  2.63e+02  2.30e+02  4.22e+01  1.13e+01  3.71e+00   0.26
2002 10 22  0020   52569    1200  0  1.13e+03  1.77e+01  0  2.10e+02  1.88e+02  3.41e+01  7.87e+00  3.84e+00   0.41
2002 10 22  0025   52569    1500  0  1.14e+03  1.53e+01  0  1.98e+02  1.82e+02  3.64e+01  9.83e+00  3.05e+00   0.24
2002 10 22  0030   52569    1800  0  1.07e+03  1.85e+01  0  1.87e+02  1.59e+02  3.45e+01  8.86e+00  3.44e+00   0.24
2002 10 22  0035   52569    2100  0  1.02e+03  1.59e+01  0  2.22e+02  1.83e+02  3.56e+01  9.74e+00  3.55e+00   0.11
2002 10 22  0040   52569    2400  0  1.06e+03  1.66e+01  0  2.24e+02  1.77e+02  3.97e+01  9.45e+00  3.09e+00   0.10
2002 10 22  0045   52569    2700  0  1.07e+03  1.70e+01  0  1.95e+02  1.61e+02  3.40e+01  9.96e+00  3.23e+00   0.29
2002 10 22  0050   52569    3000  0  9.49e+02  1.74e+01  0  2.37e+02  2.09e+02  3.72e+01  9.34e+00  3.68e+00   0.27
2002 10 22  0055   52569    3300  0  1.04e+03  1.96e+01  0  1.98e+02  1.60e+02  3.19e+01  9.13e+00  3.51e+00   0.29
2002 10 22  0100   52569    3600  0  1.03e+03  1.74e+01  0  1.96e+02  1.45e+02  3.19e+01  9.09e+00  3.00e+00   0.16
2002 10 22  0105   52569    3900  0  1.05e+03  1.97e+01  0  1.75e+02  1.56e+02  3.09e+01  8.71e+00  3.19e+00   0.16
2002 10 22  0110   52569    4200  0  1.03e+03  2.05e+01  0  1.99e+02  1.74e+02  3.50e+01  9.70e+00  3.36e+00   0.32
2002 10 22  0115   52569    4500  0  9.56e+02  2.06e+01  0  1.75e+02  1.50e+02  2.99e+01  8.69e+00  3.26e+00   0.26
2002 10 22  0120   52569    4800  0  1.14e+03  1.70e+01  0  1.83e+02  1.51e+02  3.47e+01  9.56e+00  3.25e+00   0.37
2002 10 22  0125   52569    5100  0  1.07e+03  1.70e+01  0  2.06e+02  1.73e+02  3.48e+01  9.72e+00  3.49e+00   0.39
2002 10 22  0130   52569    5400  0  1.06e+03  2.13e+01  0  2.00e+02  1.66e+02  3.26e+01  8.40e+00  3.26e+00   0.47
2002 10 22  0135   52569    5700  0  9.67e+02  1.68e+01  0  1.99e+02  1.66e+02  3.42e+01  9.75e+00  3.37e+00   0.34
2002 10 22  0140   52569    6000  0  1.01e+03  1.74e+01  0  1.91e+02  1.53e+02  3.17e+01  9.13e+00  3.21e+00   0.35
2002 10 22  0145   52569    6300  0  1.09e+03  1.91e+01  0  1.92e+02  1.45e+02  3.46e+01  9.73e+00  3.14e+00   0.39
2002 10 22  0150   52569    6600  0  1.02e+03  1.83e+01  0  2.12e+02  1.68e+02  3.29e+01  8.36e+00  3.67e+00   0.37
2002 10 22  0155   52569    6900  0  9.38e+02  1.59e+01  0  1.87e+02  1.56e+02  3.12e+01  8.31e+00  2.71e+00   0.42
2002 10 22  0200   52569    7200  0  1.06e+03  1.65e+01  0  1.95e+02  1.56e+02  3.16e+01  8.94e+00  3.37e+00   0.38
2002 10 22  0205   52569    7500  0  1.02e+03  1.88e+01  0  1.57e+02  1.38e+02  2.62e+01  8.34e+00  2.60e+00   0.34
2002 10 22  0210   52569    7800  0  8.76e+02  1.97e+01  0  1.84e+02  1.42e+02  2.70e+01  7.77e+00  2.52e+00   0.25
2002 10 22  0215   52569    8100  0  9.18e+02  1.58e+01  0  1.63e+02  1.38e+02  2.54e+01  8.00e+00  2.75e+00   0.43
2002 10 22  0220   52569    8400  0  9.60e+02  1.63e+01  0  1.59e+02  1.35e+02  2.69e+01  7.58e+00  2.84e+00   0.43
2002 10 22  0225   52569    8700  0  8.67e+02  1.73e+01  0  1.62e+02  1.30e+02  2.25e+01  8.35e+00  2.57e+00   0.25
2002 10 22  0230   52569    9000  0  9.36e+02  1.68e+01  0  1.37e+02  1.02e+02  2.51e+01  7.06e+00  2.52e+00   0.46
2002 10 22  0235   52569    9300  0  9.27e+02  1.80e+01  0  2.09e+02  1.91e+02  3.49e+01  8.44e+00  3.90e+00   0.45
2002 10 22  0240   52569    9600  0  9.02e+02  1.76e+01  0  1.97e+02  1.48e+02  3.36e+01  8.00e+00  2.98e+00   0.46
2002 10 22  0245   52569    9900  0  9.51e+02  1.90e+01  0  2.04e+02  1.65e+02  3.21e+01  8.34e+00  2.87e+00   0.32
2002 10 22  0250   52569   10200  0  1.03e+03  1.64e+01  0  2.23e+02  1.78e+02  3.59e+01  8.58e+00  3.91e+00   0.58
2002 10 22  0255   52569   10500  0  1.10e+03  1.89e+01  0  2.14e+02  1.71e+02  3.11e+01  8.84e+00  3.25e+00   0.41
2002 10 22  0300   52569   10800  0  8.78e+02  2.09e+01  0  2.23e+02  1.76e+02  3.61e+01  9.24e+00  3.17e+00   0.44
2002 10 22  0305   52569   11100  0  8.50e+02  1.46e+01  0  1.90e+02  1.54e+02  2.75e+01  8.10e+00  2.71e+00   0.46
2002 10 22  0310   52569   11400  0  9.38e+02  1.52e+01  0  1.97e+02  1.65e+02  2.92e+01  7.90e+00  2.89e+00   0.39
2002 10 22  0315   52569   11700  0  8.55e+02  1.61e+01  0  2.02e+02  1.60e+02  3.35e+01  8.71e+00  3.55e+00   0.34
2002 10 22  0320   52569   12000  0  8.68e+02  1.56e+01  0  2.20e+02  1.72e+02  3.48e+01  8.16e+00  2.86e+00   0.37
2002 10 22  0325   52569   12300  0  9.87e+02  1.46e+01  0  2.19e+02  1.76e+02  3.46e+01  8.02e+00  3.08e+00   0.22
2002 10 22  0330   52569   12600  0  8.81e+02  1.66e+01  0  2.51e+02  1.98e+02  3.99e+01  9.47e+00  4.08e+00   0.43
2002 10 22  0335   52569   12900  0  9.84e+02  1.96e+01  0  2.27e+02  1.93e+02  3.60e+01  1.01e+01  3.63e+00   0.48
2002 10 22  0340   52569   13200  0  8.71e+02  1.46e+01  0  2.15e+02  1.77e+02  3.44e+01  8.67e+00  3.67e+00   0.37
2002 10 22  0345   52569   13500  0  1.01e+03  1.96e+01  0  2.55e+02  1.83e+02  3.29e+01  8.13e+00  3.16e+00   0.37
2002 10 22  0350   52569   13800  0  1.02e+03  1.70e+01  0  2.46e+02  1.98e+02  3.97e+01  1.01e+01  3.97e+00   0.35
2002 10 22  0355   52569   14100  0  1.06e+03  1.74e+01  0  2.35e+02  2.06e+02  3.89e+01  9.36e+00  4.14e+00   0.23
2002 10 22  0400   52569   14400  0  1.11e+03  1.66e+01  0  2.49e+02  2.08e+02  4.14e+01  1.17e+01  3.81e+00   0.28
2002 10 22  0405   52569   14700  0  1.06e+03  1.90e+01  0  2.55e+02  2.18e+02  4.13e+01  1.09e+01  4.03e+00   0.31
2002 10 22  0410   52569   15000  0  1.11e+03  1.80e+01  0  2.57e+02  1.93e+02  4.01e+01  1.00e+01  3.65e+00   0.10
2002 10 22  0415   52569   15300  0  1.03e+03  1.91e+01  0  2.57e+02  2.07e+02  3.77e+01  9.91e+00  3.87e+00   0.13
2002 10 22  0420   52569   15600  0  1.13e+03  1.88e+01  0  2.62e+02  2.04e+02  4.34e+01  1.09e+01  3.63e+00   0.10
2002 10 22  0425   52569   15900  0  1.04e+03  1.68e+01  0  2.56e+02  2.09e+02  4.07e+01  1.11e+01  3.92e+00   0.23
2002 10 22  0430   52569   16200  0  1.11e+03  1.35e+01  0  2.62e+02  2.10e+02  3.90e+01  1.11e+01  4.08e+00   0.10
2002 10 22  0435   52569   16500  0  1.09e+03  1.41e+01  0  2.60e+02  2.14e+02  3.96e+01  1.07e+01  3.65e+00   0.34
2002 10 22  0440   52569   16800  0  1.03e+03  1.78e+01  0  2.61e+02  2.10e+02  3.74e+01  9.46e+00  3.81e+00   0.23
2002 10 22  0445   52569   17100  0  1.00e+03  1.50e+01  0  2.62e+02  2.17e+02  4.26e+01  1.07e+01  4.06e+00   0.34
2002 10 22  0450   52569   17400  0  9.69e+02  1.48e+01  0  1.99e+02  1.57e+02  3.29e+01  9.22e+00  3.65e+00   0.25
2002 10 22  0455   52569   17700  0  9.16e+02  1.99e+01  0  1.73e+02  1.31e+02  2.80e+01  9.25e+00  2.85e+00   0.42
2002 10 22  0500   52569   18000  0  9.68e+02  1.60e+01  0  1.65e+02  1.34e+02  2.62e+01  9.20e+00  2.56e+00   0.35
2002 10 22  0505   52569   18300  0  9.65e+02  1.42e+01  0  2.18e+02  1.83e+02  3.47e+01  9.98e+00  3.66e+00   0.19
2002 10 22  0510   52569   18600  0  1.01e+03  2.06e+01  0  2.25e+02  1.79e+02  3.65e+01  9.50e+00  3.33e+00   0.15
2002 10 22  0515   52569   18900  0  1.00e+03  1.68e+01  0  1.60e+02  1.27e+02  2.32e+01  8.18e+00  2.66e+00   0.25
2002 10 22  0520   52569   19200  0  9.04e+02  1.67e+01  0  1.42e+02  1.21e+02  2.01e+01  6.98e+00  2.50e+00   0.03
2002 10 22  0525   52569   19500  0  1.12e+03  2.17e+01  0  1.38e+02  1.28e+02  2.37e+01  8.02e+00  2.94e+00   0.03
2002 10 22  0530   52569   19800  0  9.51e+02  1.91e+01  0  1.62e+02  1.26e+02  2.58e+01  9.04e+00  2.59e+00   0.16
2002 10 22  0535   52569   20100  0  8.59e+02  1.87e+01  0  1.82e+02  1.46e+02  2.90e+01  8.98e+00  2.81e+00   0.07
2002 10 22  0540   52569   20400  0  9.26e+02  1.74e+01  0  1.58e+02  1.25e+02  2.96e+01  8.48e+00  2.58e+00   0.12
2002 10 22  0545   52569   20700  0  9.67e+02  1.74e+01  0  2.20e+02  1.77e+02  3.33e+01  9.45e+00  3.57e+00   0.05
2002 10 22  0550   52569   21000  0  9.22e+02  1.64e+01  0  1.56e+02  1.36e+02  2.81e+01  7.86e+00  2.79e+00   0.14
2002 10 22  0555   52569   21300  0  9.23e+02  1.92e+01  0  1.50e+02  1.17e+02  2.68e+01  8.16e+00  2.23e+00   0.07
2002 10 22  0600   52569   21600  0  8.61e+02  1.97e+01  0  1.45e+02  1.25e+02  2.52e+01  8.10e+00  2.46e+00   0.22
2002 10 22  0605   52569   21900  0  7.88e+02  1.62e+01  0  1.30e+02  1.29e+02  2.22e+01  8.45e+00  2.54e+00   0.14
2002 10 22  0610   52569   22200  0  8.80e+02  1.57e+01  0  1.34e+02  1.07e+02  2.33e+01  7.37e+00  2.04e+00   0.15
2002 10 22  0615   52569   22500  0  9.79e+02  1.31e+01  0  1.22e+02  1.15e+02  2.22e+01  6.76e+00  2.25e+00   0.04
2002 10 22  0620   52569   22800  0  8.71e+02  1.63e+01  0  1.22e+02  9.93e+01  2.33e+01  6.23e+00  2.33e+00   0.19
2002 10 22  0625   52569   23100  0  8.75e+02  1.47e+01  0  1.25e+02  1.14e+02  2.13e+01  6.92e+00  2.54e+00   0.23
2002 10 22  0630   52569   23400  0  8.37e+02  1.62e+01  0  1.40e+02  1.07e+02  2.46e+01  6.97e+00  2.46e+00   0.06
2002 10 22  0635   52569   23700  0  9.62e+02  1.51e+01  0  1.42e+02  1.10e+02  2.36e+01  7.60e+00  2.20e+00   0.04
2002 10 22  0640   52569   24000  0  8.73e+02  1.59e+01  0  1.32e+02  1.12e+02  2.26e+01  7.44e+00  2.58e+00   0.04
2002 10 22  0645   52569   24300  0  8.75e+02  1.58e+01  0  1.29e+02  1.14e+02  2.31e+01  8.35e+00  2.44e+00   0.10
2002 10 22  0650   52569   24600  0  8.94e+02  1.92e+01  0  1.30e+02  1.11e+02  2.23e+01  7.76e+00  2.25e+00   0.08
2002 10 22  0655   52569   24900  0  9.34e+02  1.74e+01  0  1.27e+02  1.08e+02  2.20e+01  7.69e+00  2.31e+00   0.06
2002 10 22  0700   52569   25200  0  9.00e+02  1.70e+01  0  1.31e+02  1.13e+02  2.29e+01  7.23e+00  2.81e+00   0.11
2002 10 22  0705   52569   25500  0  9.27e+02  1.41e+01  0  1.36e+02  1.20e+02  2.69e+01  7.34e+00  2.10e+00   0.08
2002 10 22  0710   52569   25800  0  9.00e+02  1.59e+01  0  1.18e+02  1.14e+02  2.62e+01  7.40e+00  2.54e+00   0.13
2002 10 22  0715   52569   26100  0  9.52e+02  1.73e+01  0  1.35e+02  1.20e+02  2.64e+01  7.14e+00  2.43e+00   0.16
2002 10 22  0720   52569   26400  0  9.25e+02  1.56e+01  0  1.20e+02  1.28e+02  2.40e+01  6.71e+00  2.35e+00   0.10
2002 10 22  0725   52569   26700  0  9.07e+02  2.01e+01  0  1.30e+02  1.14e+02  2.32e+01  6.88e+00  2.69e+00   0.11
2002 10 22  0730   52569   27000  0  9.71e+02  1.67e+01  0  1.17e+02  9.90e+01  2.03e+01  6.80e+00  2.16e+00   0.11
2002 10 22  0735   52569   27300  0  8.64e+02  1.41e+01  0  1.22e+02  1.12e+02  2.15e+01  7.07e+00  2.50e+00   0.04
2002 10 22  0740   52569   27600  0  1.04e+03  1.51e+01  0  1.24e+02  1.12e+02  2.45e+01  7.37e+00  2.85e+00   0.17
2002 10 22  0745   52569   27900  0  9.56e+02  1.62e+01  0  1.17e+02  1.18e+02  2.39e+01  7.34e+00  2.06e+00   0.26
2002 10 22  0750   52569   28200  0  9.60e+02  1.52e+01  0  1.27e+02  1.26e+02  2.70e+01  7.40e+00  2.10e+00   0.15
2002 10 22  0755   52569   28500  0  8.88e+02  1.82e+01  0  1.14e+02  1.11e+02  2.53e+01  7.90e+00  1.84e+00   0.10
2002 10 22  0800   52569   28800  0  9.83e+02  1.51e+01  0  1.21e+02  9.95e+01  2.07e+01  6.95e+00  2.41e+00   0.25
2002 10 22  0805   52569   29100  0  8.73e+02  1.74e+01  0  1.02e+02  1.06e+02  1.93e+01  7.50e+00  1.81e+00   0.13
2002 10 22  0810   52569   29400  0  9.54e+02  1.57e+01  0  1.09e+02  1.09e+02  2.01e+01  7.41e+00  1.91e+00   0.14
2002 10 22  0815   52569   29700  0  1.04e+03  1.69e+01  0  1.10e+02  9.53e+01  2.20e+01  7.17e+00  1.98e+00   0.19
2002 10 22  0820   52569   30000  0  9.61e+02  1.81e+01  0  1.19e+02  9.95e+01  2.06e+01  7.76e+00  1.83e+00   0.07
2002 10 22  0825   52569   30300  0  9.95e+02  1.76e+01  0  1.07e+02  1.01e+02  2.50e+01  7.26e+00  2.12e+00   0.22
2002 10 22  0830   52569   30600  0  9.61e+02  1.86e+01  0  1.11e+02  9.91e+01  2.05e+01  6.94e+00  2.12e+00   0.24
2002 10 22  0835   52569   30900  0  9.39e+02  1.79e+01  0  1.12e+02  9.58e+01  2.09e+01  7.15e+00  2.08e+00   0.31
2002 10 22  0840   52569   31200  0  9.39e+02  1.88e+01  0  9.73e+01  9.43e+01  2.18e+01  7.79e+00  2.33e+00   0.29
2002 10 22  0845   52569   31500  0  9.42e+02  1.71e+01  0  1.05e+02  9.44e+01  2.10e+01  6.82e+00  1.87e+00   0.21
2002 10 22  0850   52569   31800  0  9.46e+02  2.01e+01  0  1.13e+02  9.04e+01  1.97e+01  7.53e+00  2.00e+00   0.32
2002 10 22  0855   52569   32100  0  9.94e+02  1.92e+01  0  1.04e+02  9.95e+01  2.23e+01  6.82e+00  1.79e+00   0.27
2002 10 22  0900   52569   32400  0  9.46e+02  1.54e+01  0  1.07e+02  1.01e+02  2.32e+01  7.09e+00  2.01e+00   0.27
2002 10 22  0905   52569   32700  0  9.49e+02  1.46e+01  0  1.31e+02  1.18e+02  2.29e+01  7.63e+00  2.05e+00   0.15
2002 10 22  0910   52569   33000  0  9.36e+02  1.30e+01  0  1.24e+02  1.15e+02  2.69e+01  7.29e+00  2.20e+00   0.24
2002 10 22  0915   52569   33300  0  9.03e+02  1.54e+01  0  1.30e+02  1.18e+02  2.39e+01  6.94e+00  2.23e+00   0.22
2002 10 22  0920   52569   33600  0  1.03e+03  1.86e+01  0  1.33e+02  1.26e+02  2.37e+01  7.50e+00  1.98e+00   0.19
2002 10 22  0925   52569   33900  0  9.21e+02  1.95e+01  0  1.28e+02  1.20e+02  2.46e+01  7.22e+00  2.37e+00   0.30
2002 10 22  0930   52569   34200  0  9.21e+02  1.64e+01  0  1.43e+02  1.21e+02  2.45e+01  7.60e+00  2.27e+00   0.21
2002 10 22  0935   52569   34500  0  8.55e+02  1.52e+01  0  1.42e+02  1.22e+02  2.47e+01  6.67e+00  2.37e+00   0.14
2002 10 22  0940   52569   34800  0  9.72e+02  1.73e+01  0  1.40e+02  1.17e+02  2.39e+01  7.35e+00  2.22e+00   0.32
2002 10 22  0945   52569   35100  0  8.50e+02  1.57e+01  0  1.28e+02  1.16e+02  2.39e+01  7.15e+00  1.75e+00   0.11
2002 10 22  0950   52569   35400  0  8.84e+02  2.01e+01  0  1.56e+02  1.39e+02  2.90e+01  7.65e+00  1.87e+00   0.03
2002 10 22  0955   52569   35700  0  9.69e+02  1.68e+01  0  1.57e+02  1.23e+02  2.73e+01  7.77e+00  2.19e+00   0.15
2002 10 22  1000   52569   36000  0  8.95e+02  1.78e+01  0  1.48e+02  1.28e+02  2.66e+01  8.13e+00  2.19e+00   0.20
2002 10 22  1005   52569   36300  0  9.67e+02  1.47e+01  0  1.54e+02  1.22e+02  2.63e+01  8.04e+00  2.87e+00   0.22
2002 10 22  1010   52569   36600  0  9.42e+02  1.72e+01  0  1.41e+02  1.22e+02  2.33e+01  7.01e+00  2.37e+00   0.51
2002 10 22  1015   52569   36900  0  8.78e+02  1.61e+01  0  1.40e+02  1.14e+02  2.31e+01  7.82e+00  2.10e+00   0.25
2002 10 22  1020   52569   37200  0  8.87e+02  1.25e+01  0  1.46e+02  1.18e+02  2.56e+01  7.46e+00  2.11e+00   0.35
2002 10 22  1025   52569   37500  0  6.85e+02  1.62e+01  0  1.35e+02  1.20e+02  2.26e+01  7.19e+00  2.10e+00   0.24
2002 10 22  1030   52569   37800  0  7.50e+02  1.98e+01  0  1.42e+02  1.28e+02  2.69e+01  7.44e+00  2.35e+00   0.27
2002 10 22  1035   52569   38100  0  8.56e+02  1.63e+01  0  1.41e+02  1.34e+02  2.47e+01  7.78e+00  2.17e+00   0.38
2002 10 22  1040   52569   38400  0  7.90e+02  1.94e+01  0  1.42e+02  1.21e+02  2.60e+01  6.94e+00  2.46e+00   0.27
2002 10 22  1045   52569   38700  0  7.97e+02  1.42e+01  0  1.38e+02  1.31e+02  2.75e+01  7.86e+00  2.46e+00   0.35
2002 10 22  1050   52569   39000  0  9.25e+02  1.53e+01  0  1.44e+02  1.35e+02  2.64e+01  7.70e+00  2.90e+00   0.35
2002 10 22  1055   52569   39300  0  9.60e+02  1.86e+01  0  1.71e+02  1.42e+02  2.74e+01  7.82e+00  2.52e+00   0.27
2002 10 22  1100   52569   39600  0  1.02e+03  1.71e+01  0  1.77e+02  1.57e+02  2.99e+01  8.35e+00  2.25e+00   0.27
2002 10 22  1105   52569   39900  0  1.02e+03  1.74e+01  0  1.65e+02  1.43e+02  3.06e+01  8.84e+00  2.48e+00   0.23
2002 10 22  1110   52569   40200  0  9.13e+02  1.55e+01  0  1.69e+02  1.54e+02  2.91e+01  8.03e+00  2.56e+00   0.31
2002 10 22  1115   52569   40500  0  1.00e+03  1.70e+01  0  1.68e+02  1.44e+02  2.79e+01  9.05e+00  2.42e+00   0.34
2002 10 22  1120   52569   40800  0  8.93e+02  1.52e+01  0  1.38e+02  1.28e+02  2.76e+01  8.22e+00  2.29e+00   0.25
2002 10 22  1125   52569   41100  0  9.06e+02  2.03e+01  0  1.50e+02  1.16e+02  2.68e+01  8.32e+00  2.48e+00   0.36
2002 10 22  1130   52569   41400  0  9.34e+02  1.86e+01  0  1.61e+02  1.38e+02  2.69e+01  8.37e+00  2.16e+00   0.41
2002 10 22  1135   52569   41700  0  9.64e+02  1.74e+01  0  1.44e+02  1.29e+02  2.57e+01  7.68e+00  2.43e+00   0.45
2002 10 22  1140   52569   42000  0  9.44e+02  1.95e+01  0  1.40e+02  1.30e+02  2.76e+01  7.41e+00  2.35e+00   0.40
2002 10 22  1145   52569   42300  0  9.15e+02  1.81e+01  0  1.29e+02  1.18e+02  2.65e+01  7.61e+00  2.52e+00   0.32
2002 10 22  1150   52569   42600  0  9.52e+02  1.70e+01  0  1.33e+02  1.19e+02  2.46e+01  8.09e+00  2.25e+00   0.35
2002 10 22  1155   52569   42900  0  9.08e+02  1.59e+01  0  1.24e+02  1.17e+02  2.06e+01  7.58e+00  1.87e+00   0.12
2002 10 22  1200   52569   43200  0  9.11e+02  1.77e+01  0  1.23e+02  1.03e+02  2.32e+01  6.31e+00  1.75e+00   0.07
2002 10 22  1205   52569   43500  0  8.45e+02  1.58e+01  0  1.17e+02  1.04e+02  1.96e+01  6.49e+00  2.00e+00   0.16
2002 10 22  1210   52569   43800  0  9.42e+02  1.39e+01  0  1.17e+02  9.84e+01  1.97e+01  6.10e+00  1.72e+00   0.09
2002 10 22  1215   52569   44100  0  8.60e+02  1.54e+01  0  1.08e+02  1.14e+02  2.22e+01  6.71e+00  1.83e+00   0.06
2002 10 22  1220   52569   44400  0  8.72e+02  1.35e+01  0  1.15e+02  1.06e+02  2.21e+01  7.16e+00  2.13e+00   0.17
2002 10 22  1225   52569   44700  0  8.80e+02  1.85e+01  0  1.21e+02  1.14e+02  2.22e+01  6.90e+00  2.21e+00   0.17
2002 10 22  1230   52569   45000  0  9.56e+02  1.59e+01  0  1.04e+02  8.78e+01  2.04e+01  6.96e+00  2.35e+00   0.11
2002 10 22  1235   52569   45300  0  8.91e+02  1.72e+01  0  1.05e+02  9.66e+01  2.00e+01  6.42e+00  1.81e+00   0.17
2002 10 22  1240   52569   45600  0  8.71e+02  1.60e+01  0  1.24e+02  1.04e+02  2.33e+01  6.69e+00  1.87e+00   0.32
2002 10 22  1245   52569   45900  0  9.04e+02  1.66e+01  0  1.10e+02  1.05e+02  2.20e+01  6.96e+00  1.87e+00   0.07
2002 10 22  1250   52569   46200  0  9.94e+02  1.82e+01  0  1.09e+02  1.01e+02  1.74e+01  6.23e+00  2.02e+00   0.18
2002 10 22  1255   52569   46500  0  8.68e+02  1.82e+01  0  1.04e+02  8.45e+01  1.87e+01  6.32e+00  1.92e+00   0.15
2002 10 22  1300   52569   46800  0  9.10e+02  1.26e+01  0  9.81e+01  9.42e+01  1.72e+01  6.23e+00  1.67e+00   0.17
2002 10 22  1305   52569   47100  0  8.57e+02  1.58e+01  0  9.98e+01  8.54e+01  1.80e+01  6.49e+00  2.02e+00   0.09
2002 10 22  1310   52569   47400  0  8.91e+02  1.44e+01  0  9.95e+01  8.71e+01  1.82e+01  6.01e+00  1.83e+00   0.10
2002 10 22  1315   52569   47700  0  8.21e+02  1.61e+01  0  9.17e+01  8.51e+01  1.75e+01  5.67e+00  1.66e+00   0.13
2002 10 22  1320   52569   48000  0  8.32e+02  1.92e+01  0  8.88e+01  8.52e+01  1.57e+01  5.51e+00  1.96e+00   0.28
2002 10 22  1325   52569   48300  0  9.38e+02  1.76e+01  0  9.95e+01  8.66e+01  1.57e+01  5.74e+00  1.50e+00   0.14
2002 10 22  1330   52569   48600  0  8.04e+02  1.47e+01  0  1.04e+02  8.35e+01  1.81e+01  5.81e+00  1.60e+00   0.07
2002 10 22  1335   52569   48900  0  9.05e+02  1.68e+01  0  8.76e+01  8.31e+01  1.89e+01  6.43e+00  1.81e+00   0.13
2002 10 22  1340   52569   49200  0  9.14e+02  1.47e+01  0  8.62e+01  8.13e+01  1.78e+01  5.87e+00  1.87e+00   0.08
2002 10 22  1345   52569   49500  0  8.42e+02  1.58e+01  0  8.53e+01  9.13e+01  1.74e+01  6.55e+00  1.66e+00   0.17
2002 10 22  1350   52569   49800  0  8.50e+02  1.73e+01  0  1.01e+02  8.54e+01  1.82e+01  6.73e+00  1.66e+00   0.06
2002 10 22  1355   52569   50100  0  1.00e+03  1.47e+01  0  1.05e+02  9.58e+01  1.90e+01  6.17e+00  1.68e+00   0.31
2002 10 22  1400   52569   50400  0  8.75e+02  1.90e+01  0  1.12e+02  8.96e+01  1.77e+01  6.35e+00  1.60e+00   0.17
2002 10 22  1405   52569   50700  0  9.23e+02  1.45e+01  0  1.11e+02  9.60e+01  1.87e+01  6.24e+00  1.98e+00   0.05
2002 10 22  1410   52569   51000  0  8.85e+02  1.94e+01  0  1.23e+02  1.02e+02  2.21e+01  6.58e+00  1.68e+00   0.08
2002 10 22  1415   52569   51300  0  8.80e+02  1.65e+01  0  1.27e+02  1.23e+02  2.34e+01  6.90e+00  1.91e+00   0.05
2002 10 22  1420   52569   51600  0  8.65e+02  1.57e+01  0  1.30e+02  1.09e+02  2.15e+01  6.82e+00  1.70e+00   0.15
2002 10 22  1425   52569   51900  0  9.34e+02  1.62e+01  0  1.18e+02  1.06e+02  2.13e+01  6.90e+00  1.96e+00   0.12
2002 10 22  1430   52569   52200  0  9.42e+02  1.75e+01  0  1.35e+02  1.18e+02  2.18e+01  6.69e+00  1.97e+00   0.07
2002 10 22  1435   52569   52500  0  8.25e+02  1.83e+01  0  1.29e+02  1.16e+02  2.37e+01  6.78e+00  1.87e+00   0.04
2002 10 22  1440   52569   52800  0  9.31e+02  1.69e+01  0  1.36e+02  1.29e+02  2.53e+01  6.59e+00  1.98e+00   0.20
2002 10 22  1445   52569   53100  0  8.91e+02  1.81e+01  0  1.51e+02  1.24e+02  2.72e+01  7.49e+00  2.30e+00   0.16
2002 10 22  1450   52569   53400  0  9.95e+02  1.55e+01  0  1.52e+02  1.34e+02  2.63e+01  6.71e+00  2.16e+00   0.08
2002 10 22  1455   52569   53700  0  8.75e+02  1.65e+01  0  1.47e+02  1.29e+02  2.77e+01  6.96e+00  2.42e+00   0.11
2002 10 22  1500   52569   54000  0  8.70e+02  1.96e+01  0  1.49e+02  1.29e+02  2.70e+01  6.79e+00  1.97e+00   0.24
2002 10 22  1505   52569   54300  0  9.51e+02  1.72e+01  0  1.44e+02  1.35e+02  2.49e+01  6.92e+00  2.33e+00   0.18
2002 10 22  1510   52569   54600  0  8.87e+02  1.92e+01  0  1.41e+02  1.39e+02  2.36e+01  7.19e+00  2.12e+00   0.23
2002 10 22  1515   52569   54900  0  8.93e+02  1.84e+01  0  1.20e+02  1.12e+02  2.17e+01  5.89e+00  1.78e+00   0.28
2002 10 22  1520   52569   55200  0  9.11e+02  1.98e+01  0  1.13e+02  1.04e+02  2.14e+01  6.57e+00  1.77e+00   0.27
2002 10 22  1525   52569   55500  0  8.57e+02  1.36e+01  0  9.25e+01  8.59e+01  1.76e+01  6.05e+00  1.79e+00   0.15
2002 10 22  1530   52569   55800  0  9.45e+02  1.45e+01  0  1.06e+02  7.69e+01  1.82e+01  5.93e+00  1.85e+00   0.21
2002 10 22  1535   52569   56100  0  8.31e+02  1.54e+01  0  9.28e+01  8.06e+01  1.84e+01  6.65e+00  1.29e+00   0.10
2002 10 22  1540   52569   56400  0  8.79e+02  1.70e+01  0  9.37e+01  8.35e+01  1.54e+01  5.72e+00  1.33e+00   0.16
2002 10 22  1545   52569   56700  0  8.93e+02  1.64e+01  0  9.86e+01  8.90e+01  1.52e+01  5.82e+00  1.42e+00   0.03
2002 10 22  1550   52569   57000  0  8.28e+02  1.32e+01  0  9.31e+01  8.99e+01  1.61e+01  5.83e+00  1.58e+00   0.17
2002 10 22  1555   52569   57300  0  8.85e+02  1.36e+01  0  9.55e+01  8.37e+01  1.83e+01  5.77e+00  1.79e+00   0.05
2002 10 22  1600   52569   57600  0  9.67e+02  1.66e+01  0  9.98e+01  8.64e+01  1.64e+01  5.84e+00  1.21e+00   0.07
2002 10 22  1605   52569   57900  0  9.02e+02  1.72e+01  0  9.03e+01  8.12e+01  1.76e+01  5.99e+00  1.15e+00   0.07
2002 10 22  1610   52569   58200  0  1.04e+03  1.79e+01  0  9.32e+01  7.97e+01  1.61e+01  5.95e+00  1.64e+00   0.13
2002 10 22  1615   52569   58500  0  9.42e+02  1.97e+01  0  1.03e+02  8.28e+01  1.67e+01  6.00e+00  1.68e+00   0.17
2002 10 22  1620   52569   58800  0  8.43e+02  1.64e+01  0  9.26e+01  8.76e+01  1.88e+01  5.91e+00  1.61e+00   0.05
2002 10 22  1625   52569   59100  0  9.49e+02  1.58e+01  0  1.00e+02  7.79e+01  1.70e+01  5.30e+00  1.43e+00   0.28
2002 10 22  1630   52569   59400  0  9.09e+02  1.56e+01  0  1.08e+02  9.11e+01  2.01e+01  6.36e+00  2.02e+00   0.12
2002 10 22  1635   52569   59700  0  9.59e+02  1.86e+01  0  2.02e+02  1.14e+02  2.15e+01  6.55e+00  1.98e+00   0.10
2002 10 22  1640   52569   60000  0  8.94e+02  1.75e+01  0  1.34e+02  1.29e+02  2.30e+01  6.44e+00  2.23e+00   0.13
2002 10 22  1645   52569   60300  0  9.38e+02  1.88e+01  0  1.28e+02  1.01e+02  2.15e+01  6.51e+00  2.08e+00   0.12
2002 10 22  1650   52569   60600  0  9.42e+02  1.82e+01  0  1.17e+02  9.56e+01  1.95e+01  5.93e+00  1.51e+00   0.11
2002 10 22  1655   52569   60900  0  8.83e+02  1.65e+01  0  1.13e+02  1.03e+02  2.29e+01  6.86e+00  1.39e+00   0.23
2002 10 22  1700   52569   61200  0  8.43e+02  1.83e+01  0  1.37e+02  1.14e+02  2.10e+01  6.99e+00  2.21e+00   0.01
2002 10 22  1705   52569   61500  0  8.55e+02  2.07e+01  0  1.33e+02  1.13e+02  2.24e+01  6.67e+00  2.02e+00   0.22
2002 10 22  1710   52569   61800  0  9.18e+02  1.81e+01  0  1.33e+02  1.17e+02  2.26e+01  6.33e+00  1.97e+00   0.25
2002 10 22  1715   52569   62100  0  8.55e+02  1.65e+01  0  1.22e+02  1.11e+02  2.11e+01  5.66e+00  2.05e+00   0.13
2002 10 22  1720   52569   62400  0  8.39e+02  1.47e+01  0  1.26e+02  1.12e+02  1.90e+01  5.55e+00  1.95e+00   0.18
2002 10 22  1725   52569   62700  0  8.83e+02  1.85e+01  0  1.05e+02  9.45e+01  2.03e+01  6.25e+00  1.24e+00   0.17
2002 10 22  1730   52569   63000  0  8.78e+02  1.42e+01  0  9.04e+01  8.13e+01  1.57e+01  5.99e+00  1.64e+00   0.32
2002 10 22  1735   52569   63300  0  7.61e+02  1.87e+01  0  1.09e+02  9.13e+01  2.08e+01  5.95e+00  1.56e+00   0.31
2002 10 22  1740   52569   63600  0  9.72e+02  1.62e+01  0  1.20e+02  9.70e+01  2.07e+01  6.37e+00  1.69e+00   0.33
2002 10 22  1745   52569   63900  0  8.66e+02  1.63e+01  0  9.28e+01  8.87e+01  1.93e+01  6.09e+00  1.60e+00   0.19
2002 10 22  1750   52569   64200  0  8.68e+02  1.46e+01  0  1.05e+02  9.30e+01  1.94e+01  6.30e+00  2.13e+00   0.18
2002 10 22  1755   52569   64500  0  8.60e+02  1.72e+01  0  1.12e+02  8.59e+01  1.64e+01  6.57e+00  1.76e+00   0.27
2002 10 22  1800   52569   64800  0  7.99e+02  1.68e+01  0  1.11e+02  1.01e+02  2.06e+01  6.51e+00  1.96e+00   0.17
2002 10 22  1805   52569   65100  0  8.77e+02  1.44e+01  0  1.43e+02  1.18e+02  2.27e+01  6.98e+00  1.75e+00   0.22
2002 10 22  1810   52569   65400  0  8.72e+02  1.60e+01  0  1.42e+02  1.21e+02  2.36e+01  6.88e+00  2.17e+00   0.28
2002 10 22  1815   52569   65700  0  8.50e+02  1.85e+01  0  1.22e+02  1.14e+02  2.15e+01  6.22e+00  1.73e+00   0.16
2002 10 22  1820   52569   66000  0  8.50e+02  1.60e+01  0  1.10e+02  9.94e+01  2.06e+01  6.82e+00  2.08e+00   0.17
2002 10 22  1825   52569   66300  0  8.69e+02  1.67e+01  0  1.16e+02  9.93e+01  2.37e+01  7.15e+00  2.00e+00   0.17
2002 10 22  1830   52569   66600  0  9.67e+02  1.57e+01  0  1.12e+02  9.51e+01  1.91e+01  6.69e+00  1.96e+00   0.04
2002 10 22  1835   52569   66900  0  1.01e+03  1.90e+01  0  1.03e+02  9.18e+01  1.82e+01  6.35e+00  1.97e+00   0.05
2002 10 22  1840   52569   67200  0  9.43e+02  1.33e+01  0  9.68e+01  8.66e+01  1.74e+01  6.13e+00  1.75e+00   0.18
2002 10 22  1845   52569   67500  0  9.11e+02  1.51e+01  0  9.58e+01  8.61e+01  1.84e+01  5.53e+00  1.67e+00   0.13
2002 10 22  1850   52569   67800  0  9.72e+02  1.67e+01  0  9.71e+01  8.19e+01  1.81e+01  5.96e+00  1.74e+00   0.15
2002 10 22  1855   52569   68100  0  9.47e+02  1.38e+01  0  1.03e+02  8.21e+01  1.67e+01  6.01e+00  1.81e+00   0.17
2002 10 22  1900   52569   68400  0  8.93e+02  1.41e+01  0  9.37e+01  8.46e+01  1.87e+01  6.69e+00  1.78e+00   0.16
2002 10 22  1905   52569   68700  0  9.39e+02  1.83e+01  0  1.02e+02  8.90e+01  1.73e+01  5.18e+00  2.44e+00   0.18
2002 10 22  1910   52569   69000  0  8.91e+02  1.55e+01  0  9.92e+01  8.26e+01  1.67e+01  6.30e+00  1.81e+00   0.10
2002 10 22  1915   52569   69300  0  1.04e+03  1.56e+01  0  9.43e+01  8.50e+01  1.78e+01  6.35e+00  1.55e+00   0.07
2002 10 22  1920   52569   69600  0  1.04e+03  2.07e+01  0  9.99e+01  7.85e+01  1.80e+01  6.08e+00  1.65e+00   0.20
2002 10 22  1925   52569   69900  0  9.81e+02  1.90e+01  0  9.86e+01  8.92e+01  1.84e+01  5.86e+00  2.18e+00   0.08
2002 10 22  1930   52569   70200  0  1.01e+03  1.64e+01  0  1.08e+02  9.41e+01  1.84e+01  6.76e+00  1.68e+00   0.14
2002 10 22  1935   52569   70500  0  9.95e+02  1.57e+01  0  9.99e+01  8.05e+01  1.98e+01  6.66e+00  1.64e+00   0.05
2002 10 22  1940   52569   70800  0  9.16e+02  1.66e+01  0  9.90e+01  8.00e+01  1.84e+01  6.54e+00  1.19e+00   0.04
2002 10 22  1945   52569   71100  0  8.78e+02  1.62e+01  0  1.03e+02  9.65e+01  1.94e+01  6.40e+00  1.54e+00   0.11
2002 10 22  1950   52569   71400  0  9.08e+02  1.59e+01  0  8.64e+01  8.65e+01  2.04e+01  6.14e+00  1.73e+00   0.10
2002 10 22  1955   52569   71700  0  9.59e+02  1.89e+01  0  1.02e+02  8.65e+01  1.91e+01  6.65e+00  1.83e+00   0.07
2002 10 22  2000   52569   72000  0  9.16e+02  1.37e+01  0  9.98e+01  9.63e+01  1.91e+01  6.30e+00  1.92e+00   0.07
2002 10 22  2005   52569   72300  0  8.95e+02  1.68e+01  0  1.12e+02  9.65e+01  2.10e+01  5.95e+00  1.99e+00   0.13
2002 10 22  2010   52569   72600  0  1.01e+03  1.77e+01  0  1.08e+02  1.04e+02  1.86e+01  7.20e+00  1.55e+00   0.06
2002 10 22  2015   52569   72900  0  1.02e+03  1.64e+01  0  1.19e+02  9.09e+01  1.88e+01  6.96e+00  1.35e+00   0.14
2002 10 22  2020   52569   73200  0  9.10e+02  1.41e+01  0  1.17e+02  1.02e+02  2.27e+01  5.95e+00  2.20e+00   0.09
2002 10 22  2025   52569   73500  0  9.90e+02  1.56e+01  0  1.20e+02  1.04e+02  2.14e+01  7.11e+00  1.67e+00   0.09
2002 10 22  2030   52569   73800  0  9.87e+02  1.56e+01  0  1.36e+02  1.16e+02  2.16e+01  6.26e+00  2.21e+00   0.04
2002 10 22  2035   52569   74100  0  9.55e+02  1.70e+01  0  1.21e+02  1.16e+02  2.29e+01  7.32e+00  2.26e+00   0.12
2002 10 22  2040   52569   74400  0  8.80e+02  1.42e+01  0  1.34e+02  1.21e+02  2.28e+01  7.25e+00  2.23e+00   0.12
2002 10 22  2045   52569   74700  0  8.75e+02  1.43e+01  0  1.45e+02  1.14e+02  2.42e+01  5.92e+00  2.17e+00   0.15
2002 10 22  2050   52569   75000  0  8.90e+02  1.51e+01  0  1.36e+02  1.23e+02  2.40e+01  6.54e+00  2.27e+00   0.07
2002 10 22  2055   52569   75300  0  8.98e+02  1.63e+01  0  1.35e+02  1.22e+02  2.26e+01  6.42e+00  1.92e+00   0.14
2002 10 22  2100   52569   75600  0  8.55e+02  1.76e+01  0  1.15e+02  1.11e+02  2.27e+01  6.05e+00  1.94e+00   0.40
2002 10 22  2105   52569   75900  0  9.33e+02  1.77e+01  0  1.16e+02  1.27e+02  2.41e+01  6.78e+00  2.19e+00   0.20
2002 10 22  2110   52569   76200  0  9.34e+02  2.02e+01  0  1.46e+02  1.13e+02  2.32e+01  6.76e+00  1.77e+00   0.06
2002 10 22  2115   52569   76500  0  9.27e+02  1.75e+01  0  1.47e+02  1.19e+02  2.12e+01  6.35e+00  1.96e+00   0.08
2002 10 22  2120   52569   76800  0  9.05e+02  1.80e+01  0  1.41e+02  1.26e+02  2.43e+01  6.60e+00  2.10e+00   0.28
2002 10 22  2125   52569   77100  0  9.11e+02  1.52e+01  0  1.46e+02  1.22e+02  2.32e+01  6.66e+00  2.06e+00   0.25
2002 10 22  2130   52569   77400  0  9.20e+02  2.06e+01  0  1.39e+02  1.32e+02  2.42e+01  6.75e+00  2.01e+00   0.19
2002 10 22  2135   52569   77700  0  8.75e+02  1.97e+01  0  1.77e+02  1.55e+02  2.99e+01  7.21e+00  2.52e+00   0.26
2002 10 22  2140   52569   78000  0  9.41e+02  1.65e+01  0  1.73e+02  1.56e+02  2.86e+01  7.61e+00  2.12e+00   0.21
2002 10 22  2145   52569   78300  0  9.49e+02  1.77e+01  0  1.61e+02  1.45e+02  2.78e+01  7.35e+00  2.31e+00   0.18
2002 10 22  2150   52569   78600  0  9.23e+02  1.67e+01  0  1.69e+02  1.45e+02  2.56e+01  7.86e+00  2.25e+00   0.26
2002 10 22  2155   52569   78900  0  9.31e+02  1.51e+01  0  1.63e+02  1.43e+02  2.89e+01  7.68e+00  2.39e+00   0.33
2002 10 22  2200   52569   79200  0  9.19e+02  1.50e+01  0  1.70e+02  1.38e+02  2.90e+01  7.45e+00  2.12e+00   0.07
2002 10 22  2205   52569   79500  0  1.05e+03  1.46e+01  0  1.44e+02  1.29e+02  2.30e+01  7.19e+00  2.31e+00   0.16
2002 10 22  2210   52569   79800  0  8.95e+02  1.39e+01  0  1.54e+02  1.20e+02  2.19e+01  7.74e+00  1.93e+00   0.10
2002 10 22  2215   52569   80100  0  9.79e+02  1.68e+01  0  1.43e+02  1.18e+02  2.32e+01  7.49e+00  1.76e+00   0.18
2002 10 22  2220   52569   80400  0  9.61e+02  1.43e+01  0  1.28e+02  1.23e+02  2.19e+01  7.18e+00  1.93e+00   0.23
2002 10 22  2225   52569   80700  0  9.99e+02  1.56e+01  0  1.36e+02  1.23e+02  2.23e+01  7.86e+00  2.04e+00   0.24
2002 10 22  2230   52569   81000  0  9.16e+02  1.69e+01  0  1.38e+02  1.18e+02  2.16e+01  7.85e+00  2.14e+00   0.16
2002 10 22  2235   52569   81300  0  9.09e+02  1.90e+01  0  1.68e+02  1.40e+02  2.38e+01  8.21e+00  2.37e+00   0.18
2002 10 22  2240   52569   81600  0  9.04e+02  2.06e+01  0  1.75e+02  1.58e+02  2.65e+01  7.57e+00  2.52e+00   0.17
2002 10 22  2245   52569   81900  0  9.28e+02  1.70e+01  0  1.68e+02  1.44e+02  2.81e+01  7.93e+00  2.54e+00   0.26
2002 10 22  2250   52569   82200  0  9.19e+02  1.74e+01  0  1.81e+02  1.49e+02  3.17e+01  6.97e+00  1.79e+00   0.15
2002 10 22  2255   52569   82500  0  9.05e+02  1.77e+01  0  1.53e+02  1.30e+02  2.41e+01  7.03e+00  2.35e+00   0.25
2002 10 22  2300   52569   82800  0  9.51e+02  1.78e+01  0  1.40e+02  1.13e+02  2.22e+01  7.10e+00  2.01e+00   0.22
2002 10 22  2305   52569   83100  0  8.41e+02  2.17e+01  0  1.42e+02  1.17e+02  2.25e+01  7.34e+00  2.06e+00   0.14
2002 10 22  2310   52569   83400  0  9.13e+02  1.84e+01  0  1.42e+02  1.12e+02  2.10e+01  7.02e+00  1.56e+00   0.26
2002 10 22  2315   52569   83700  0  8.95e+02  1.42e+01  0  1.48e+02  1.20e+02  2.31e+01  7.28e+00  1.69e+00   0.26
2002 10 22  2320   52569   84000  0  1.00e+03  1.91e+01  0  1.47e+02  1.19e+02  2.26e+01  7.65e+00  1.56e+00   0.11
2002 10 22  2325   52569   84300  0  9.40e+02  1.60e+01  0  1.37e+02  1.18e+02  2.22e+01  7.32e+00  2.12e+00   0.21
2002 10 22  2330   52569   84600  0  9.01e+02  1.70e+01  0  1.89e+02  1.52e+02  2.57e+01  7.48e+00  2.84e+00   0.25
2002 10 22  2335   52569   84900  0  9.31e+02  1.45e+01  0  1.68e+02  1.34e+02  2.71e+01  7.15e+00  2.08e+00   0.22
2002 10 22  2340   52569   85200  0  8.55e+02  1.55e+01  0  1.44e+02  1.28e+02  2.37e+01  8.09e+00  2.26e+00   0.22
2002 10 22  2345   52569   85500  0  8.87e+02  1.58e+01  0  1.54e+02  1.20e+02  2.62e+01  7.63e+00  2.19e+00   0.26
2002 10 22  2350   52569   85800  0  9.38e+02  1.74e+01  0  1.51e+02  1.33e+02  2.40e+01  8.46e+00  2.23e+00   0.10
2002 10 22  2355   52569   86100  0  9.36e+02  1.45e+01  0  1.72e+02  1.64e+02  2.89e+01  8.07e+00  2.04e+00   0.19
