:Data_list: 20020123_ace_sis_5m.txt
:Created: 2002 Jan 24 0011 UT
# Prepared by the U.S. Dept. of Commerce, NOAA, Space Environment Center.
# Please send comments and suggestions to sec@sec.noaa.gov 
# 
# Units: proton flux p/cs2-sec-ster
# Status(S): 0 = nominal data, 1 to 8 = bad data record, 9 = no data
# Missing data values: -1.00e+05
# Source: ACE Satellite - Solar Isotope Spectrometer
#
# 5-minute averaged Real-time Integral Flux of High-energy Solar Protons
# 
#                 Modified Seconds
# UT Date   Time   Julian  of the      ---- Integral Proton Flux ----
# YR MO DA  HHMM     Day     Day       S    > 10 MeV    S    > 30 MeV
#--------------------------------------------------------------------
2002 01 23  0000    52297       0      0    1.00e+00    0    5.82e-01
2002 01 23  0005    52297     300      0    1.01e+00    0    5.84e-01
2002 01 23  0010    52297     600      0    9.88e-01    0    5.84e-01
2002 01 23  0015    52297     900      0    1.02e+00    0    6.11e-01
2002 01 23  0020    52297    1200      0    1.04e+00    0    6.06e-01
2002 01 23  0025    52297    1500      0    9.98e-01    0    5.87e-01
2002 01 23  0030    52297    1800      0    9.82e-01    0    5.82e-01
2002 01 23  0035    52297    2100      0    9.99e-01    0    5.90e-01
2002 01 23  0040    52297    2400      0    1.01e+00    0    5.89e-01
2002 01 23  0045    52297    2700      0    1.01e+00    0    5.99e-01
2002 01 23  0050    52297    3000      0    1.06e+00    0    6.28e-01
2002 01 23  0055    52297    3300      0    1.04e+00    0    6.21e-01
2002 01 23  0100    52297    3600      0    1.01e+00    0    5.92e-01
2002 01 23  0105    52297    3900      0    1.00e+00    0    5.85e-01
2002 01 23  0110    52297    4200      0    1.01e+00    0    5.90e-01
2002 01 23  0115    52297    4500      0    1.01e+00    0    6.02e-01
2002 01 23  0120    52297    4800      0    9.85e-01    0    5.85e-01
2002 01 23  0125    52297    5100      0    1.03e+00    0    6.04e-01
2002 01 23  0130    52297    5400      0    9.91e-01    0    5.83e-01
2002 01 23  0135    52297    5700      0    1.01e+00    0    5.89e-01
2002 01 23  0140    52297    6000      0    9.96e-01    0    5.84e-01
2002 01 23  0145    52297    6300      0    1.00e+00    0    5.99e-01
2002 01 23  0150    52297    6600      0    9.92e-01    0    5.89e-01
2002 01 23  0155    52297    6900      0    1.02e+00    0    6.02e-01
2002 01 23  0200    52297    7200      0    1.24e+00    0    7.32e-01
2002 01 23  0205    52297    7500      0    1.09e+00    0    6.42e-01
2002 01 23  0210    52297    7800      0    1.08e+00    0    6.34e-01
2002 01 23  0215    52297    8100      0    1.00e+00    0    5.89e-01
2002 01 23  0220    52297    8400      0    1.00e+00    0    5.89e-01
2002 01 23  0225    52297    8700      0    1.01e+00    0    6.02e-01
2002 01 23  0230    52297    9000      0    9.84e-01    0    5.87e-01
2002 01 23  0235    52297    9300      0    9.52e-01    0    5.60e-01
2002 01 23  0240    52297    9600      0    9.96e-01    0    5.84e-01
2002 01 23  0245    52297    9900      0    1.04e+00    0    6.20e-01
2002 01 23  0250    52297   10200      0    1.15e+00    0    6.74e-01
2002 01 23  0255    52297   10500      0    1.09e+00    0    6.46e-01
2002 01 23  0300    52297   10800      0    1.04e+00    0    6.08e-01
2002 01 23  0305    52297   11100      0    1.03e+00    0    6.05e-01
2002 01 23  0310    52297   11400      0    1.00e+00    0    5.94e-01
2002 01 23  0315    52297   11700      0    1.01e+00    0    5.97e-01
2002 01 23  0320    52297   12000      0    9.91e-01    0    5.81e-01
2002 01 23  0325    52297   12300      0    1.03e+00    0    5.98e-01
2002 01 23  0330    52297   12600      0    1.08e+00    0    6.27e-01
2002 01 23  0335    52297   12900      0    1.02e+00    0    5.97e-01
2002 01 23  0340    52297   13200      0    1.01e+00    0    5.91e-01
2002 01 23  0345    52297   13500      0    1.01e+00    0    5.99e-01
2002 01 23  0350    52297   13800      0    1.01e+00    0    5.91e-01
2002 01 23  0355    52297   14100      0    1.02e+00    0    5.92e-01
2002 01 23  0400    52297   14400      0    1.03e+00    0    6.10e-01
2002 01 23  0405    52297   14700      0    1.04e+00    0    6.11e-01
2002 01 23  0410    52297   15000      0    9.83e-01    0    5.73e-01
2002 01 23  0415    52297   15300      0    1.00e+00    0    5.97e-01
2002 01 23  0420    52297   15600      0    9.97e-01    0    5.89e-01
2002 01 23  0425    52297   15900      0    9.92e-01    0    5.96e-01
2002 01 23  0430    52297   16200      0    9.98e-01    0    5.99e-01
2002 01 23  0435    52297   16500      0    1.00e+00    0    5.93e-01
2002 01 23  0440    52297   16800      0    1.02e+00    0    6.05e-01
2002 01 23  0445    52297   17100      0    1.01e+00    0    5.99e-01
2002 01 23  0450    52297   17400      0    1.00e+00    0    5.91e-01
2002 01 23  0455    52297   17700      0    1.02e+00    0    5.98e-01
2002 01 23  0500    52297   18000      0    9.90e-01    0    5.83e-01
2002 01 23  0505    52297   18300      0    9.92e-01    0    5.90e-01
2002 01 23  0510    52297   18600      0    9.92e-01    0    5.88e-01
2002 01 23  0515    52297   18900      0    1.02e+00    0    6.11e-01
2002 01 23  0520    52297   19200      0    1.01e+00    0    5.93e-01
2002 01 23  0525    52297   19500      0    1.02e+00    0    6.09e-01
2002 01 23  0530    52297   19800      0    1.02e+00    0    6.06e-01
2002 01 23  0535    52297   20100      0    1.00e+00    0    5.86e-01
2002 01 23  0540    52297   20400      0    1.00e+00    0    5.91e-01
2002 01 23  0545    52297   20700      0    1.02e+00    0    5.99e-01
2002 01 23  0550    52297   21000      0    1.03e+00    0    6.13e-01
2002 01 23  0555    52297   21300      0    1.01e+00    0    6.00e-01
2002 01 23  0600    52297   21600      0    1.04e+00    0    6.17e-01
2002 01 23  0605    52297   21900      0    1.01e+00    0    5.96e-01
2002 01 23  0610    52297   22200      0    1.04e+00    0    6.00e-01
2002 01 23  0615    52297   22500      0    1.01e+00    0    5.95e-01
2002 01 23  0620    52297   22800      0    9.84e-01    0    5.90e-01
2002 01 23  0625    52297   23100      0    1.02e+00    0    6.07e-01
2002 01 23  0630    52297   23400      0    1.02e+00    0    5.97e-01
2002 01 23  0635    52297   23700      0    1.04e+00    0    6.07e-01
2002 01 23  0640    52297   24000      0    9.99e-01    0    5.84e-01
2002 01 23  0645    52297   24300      0    9.80e-01    0    5.80e-01
2002 01 23  0650    52297   24600      0    1.01e+00    0    6.04e-01
2002 01 23  0655    52297   24900      0    1.03e+00    0    6.18e-01
2002 01 23  0700    52297   25200      0    1.02e+00    0    6.00e-01
2002 01 23  0705    52297   25500      0    9.98e-01    0    5.94e-01
2002 01 23  0710    52297   25800      0    1.00e+00    0    5.87e-01
2002 01 23  0715    52297   26100      0    1.01e+00    0    6.03e-01
2002 01 23  0720    52297   26400      0    9.94e-01    0    5.82e-01
2002 01 23  0725    52297   26700      0    1.01e+00    0    5.88e-01
2002 01 23  0730    52297   27000      0    9.54e-01    0    5.74e-01
2002 01 23  0735    52297   27300      0    9.97e-01    0    5.86e-01
2002 01 23  0740    52297   27600      0    1.03e+00    0    6.16e-01
2002 01 23  0745    52297   27900      0    1.02e+00    0    5.99e-01
2002 01 23  0750    52297   28200      0    1.02e+00    0    6.04e-01
2002 01 23  0755    52297   28500      0    1.01e+00    0    5.97e-01
2002 01 23  0800    52297   28800      0    1.01e+00    0    5.96e-01
2002 01 23  0805    52297   29100      0    9.74e-01    0    5.73e-01
2002 01 23  0810    52297   29400      0    1.00e+00    0    5.94e-01
2002 01 23  0815    52297   29700      0    1.03e+00    0    5.92e-01
2002 01 23  0820    52297   30000      0    1.00e+00    0    5.90e-01
2002 01 23  0825    52297   30300      0    1.01e+00    0    6.04e-01
2002 01 23  0830    52297   30600      0    1.01e+00    0    5.88e-01
2002 01 23  0835    52297   30900      0    1.00e+00    0    6.01e-01
2002 01 23  0840    52297   31200      0    1.01e+00    0    5.90e-01
2002 01 23  0845    52297   31500      0    1.03e+00    0    6.13e-01
2002 01 23  0850    52297   31800      0    1.02e+00    0    5.98e-01
2002 01 23  0855    52297   32100      0    1.01e+00    0    5.95e-01
2002 01 23  0900    52297   32400      0    1.00e+00    0    5.93e-01
2002 01 23  0905    52297   32700      0    1.02e+00    0    6.00e-01
2002 01 23  0910    52297   33000      0    1.02e+00    0    5.97e-01
2002 01 23  0915    52297   33300      0    9.83e-01    0    5.71e-01
2002 01 23  0920    52297   33600      0    1.01e+00    0    5.92e-01
2002 01 23  0925    52297   33900      0    9.96e-01    0    5.92e-01
2002 01 23  0930    52297   34200      0    1.01e+00    0    5.86e-01
2002 01 23  0935    52297   34500      0    1.02e+00    0    5.94e-01
2002 01 23  0940    52297   34800      0    1.02e+00    0    6.02e-01
2002 01 23  0945    52297   35100      0    1.03e+00    0    6.08e-01
2002 01 23  0950    52297   35400      0    1.03e+00    0    6.02e-01
2002 01 23  0955    52297   35700      0    1.01e+00    0    5.93e-01
2002 01 23  1000    52297   36000      0    9.76e-01    0    5.76e-01
2002 01 23  1005    52297   36300      0    1.01e+00    0    5.96e-01
2002 01 23  1010    52297   36600      0    1.01e+00    0    5.87e-01
2002 01 23  1015    52297   36900      0    9.92e-01    0    5.88e-01
2002 01 23  1020    52297   37200      0    9.88e-01    0    5.74e-01
2002 01 23  1025    52297   37500      0    1.05e+00    0    6.22e-01
2002 01 23  1030    52297   37800      0    1.02e+00    0    5.99e-01
2002 01 23  1035    52297   38100      0    1.02e+00    0    6.00e-01
2002 01 23  1040    52297   38400      0    9.89e-01    0    5.75e-01
2002 01 23  1045    52297   38700      0    1.02e+00    0    6.11e-01
2002 01 23  1050    52297   39000      0    1.06e+00    0    6.29e-01
2002 01 23  1055    52297   39300      0    1.03e+00    0    6.15e-01
2002 01 23  1100    52297   39600      0    1.01e+00    0    5.77e-01
2002 01 23  1105    52297   39900      0    1.03e+00    0    6.00e-01
2002 01 23  1110    52297   40200      0    1.02e+00    0    5.99e-01
2002 01 23  1115    52297   40500      0    1.00e+00    0    5.91e-01
2002 01 23  1120    52297   40800      0    1.00e+00    0    5.89e-01
2002 01 23  1125    52297   41100      0    1.06e+00    0    6.42e-01
2002 01 23  1130    52297   41400      0    1.01e+00    0    5.96e-01
2002 01 23  1135    52297   41700      0    9.95e-01    0    5.92e-01
2002 01 23  1140    52297   42000      0    9.99e-01    0    5.94e-01
2002 01 23  1145    52297   42300      0    9.97e-01    0    5.97e-01
2002 01 23  1150    52297   42600      0    1.02e+00    0    5.99e-01
2002 01 23  1155    52297   42900      0    1.02e+00    0    6.04e-01
2002 01 23  1200    52297   43200      0    9.98e-01    0    5.93e-01
2002 01 23  1205    52297   43500      0    1.02e+00    0    6.09e-01
2002 01 23  1210    52297   43800      0    1.02e+00    0    6.00e-01
2002 01 23  1215    52297   44100      0    1.02e+00    0    6.03e-01
2002 01 23  1220    52297   44400      0    1.11e+00    0    6.63e-01
2002 01 23  1225    52297   44700      0    1.15e+00    0    6.75e-01
2002 01 23  1230    52297   45000      0    1.01e+00    0    5.99e-01
2002 01 23  1235    52297   45300      0    9.89e-01    0    5.83e-01
2002 01 23  1240    52297   45600      0    9.89e-01    0    5.90e-01
2002 01 23  1245    52297   45900      0    1.03e+00    0    6.01e-01
2002 01 23  1250    52297   46200      0    1.04e+00    0    6.16e-01
2002 01 23  1255    52297   46500      0    1.02e+00    0    6.06e-01
2002 01 23  1300    52297   46800      0    9.84e-01    0    5.88e-01
2002 01 23  1305    52297   47100      0    9.76e-01    0    5.77e-01
2002 01 23  1310    52297   47400      0    9.77e-01    0    5.91e-01
2002 01 23  1315    52297   47700      0    9.87e-01    0    5.86e-01
2002 01 23  1320    52297   48000      0    1.03e+00    0    6.17e-01
2002 01 23  1325    52297   48300      0    1.02e+00    0    6.09e-01
2002 01 23  1330    52297   48600      0    9.84e-01    0    5.82e-01
2002 01 23  1335    52297   48900      0    9.88e-01    0    5.85e-01
2002 01 23  1340    52297   49200      0    9.89e-01    0    5.86e-01
2002 01 23  1345    52297   49500      0    1.00e+00    0    5.97e-01
2002 01 23  1350    52297   49800      0    1.00e+00    0    5.97e-01
2002 01 23  1355    52297   50100      0    1.03e+00    0    6.09e-01
2002 01 23  1400    52297   50400      0    1.01e+00    0    6.08e-01
2002 01 23  1405    52297   50700      0    1.01e+00    0    6.01e-01
2002 01 23  1410    52297   51000      0    9.89e-01    0    5.93e-01
2002 01 23  1415    52297   51300      0    9.98e-01    0    5.95e-01
2002 01 23  1420    52297   51600      0    1.00e+00    0    6.09e-01
2002 01 23  1425    52297   51900      0    9.83e-01    0    5.84e-01
2002 01 23  1430    52297   52200      0    9.99e-01    0    5.97e-01
2002 01 23  1435    52297   52500      0    9.90e-01    0    5.97e-01
2002 01 23  1440    52297   52800      0    9.98e-01    0    5.92e-01
2002 01 23  1445    52297   53100      0    1.01e+00    0    6.20e-01
2002 01 23  1450    52297   53400      0    9.93e-01    0    5.92e-01
2002 01 23  1455    52297   53700      0    9.89e-01    0    5.93e-01
2002 01 23  1500    52297   54000      0    1.01e+00    0    6.08e-01
2002 01 23  1505    52297   54300      0    9.89e-01    0    5.98e-01
2002 01 23  1510    52297   54600      0    1.00e+00    0    6.01e-01
2002 01 23  1515    52297   54900      0    1.03e+00    0    6.13e-01
2002 01 23  1520    52297   55200      0    9.87e-01    0    6.03e-01
2002 01 23  1525    52297   55500      0    9.99e-01    0    5.92e-01
2002 01 23  1530    52297   55800      0    9.76e-01    0    5.94e-01
2002 01 23  1535    52297   56100      0    9.85e-01    0    5.95e-01
2002 01 23  1540    52297   56400      0    1.04e+00    0    6.26e-01
2002 01 23  1545    52297   56700      0    1.00e+00    0    5.93e-01
2002 01 23  1550    52297   57000      0    1.01e+00    0    6.03e-01
2002 01 23  1555    52297   57300      0    1.03e+00    0    6.20e-01
2002 01 23  1600    52297   57600      0    9.99e-01    0    5.86e-01
2002 01 23  1605    52297   57900      0    1.00e+00    0    5.91e-01
2002 01 23  1610    52297   58200      0    9.81e-01    0    5.83e-01
2002 01 23  1615    52297   58500      0    9.70e-01    0    5.76e-01
2002 01 23  1620    52297   58800      0    9.79e-01    0    5.80e-01
2002 01 23  1625    52297   59100      0    9.77e-01    0    5.73e-01
2002 01 23  1630    52297   59400      0    9.93e-01    0    5.94e-01
2002 01 23  1635    52297   59700      0    9.82e-01    0    5.89e-01
2002 01 23  1640    52297   60000      0    9.68e-01    0    5.72e-01
2002 01 23  1645    52297   60300      0    9.92e-01    0    5.89e-01
2002 01 23  1650    52297   60600      0    1.02e+00    0    6.09e-01
2002 01 23  1655    52297   60900      0    1.09e+00    0    6.57e-01
2002 01 23  1700    52297   61200      0    1.02e+00    0    6.06e-01
2002 01 23  1705    52297   61500      0    9.89e-01    0    5.87e-01
2002 01 23  1710    52297   61800      0    1.02e+00    0    6.15e-01
2002 01 23  1715    52297   62100      0    9.93e-01    0    5.91e-01
2002 01 23  1720    52297   62400      0    9.99e-01    0    5.89e-01
2002 01 23  1725    52297   62700      0    9.73e-01    0    5.82e-01
2002 01 23  1730    52297   63000      0    9.78e-01    0    5.83e-01
2002 01 23  1735    52297   63300      0    1.02e+00    0    6.20e-01
2002 01 23  1740    52297   63600      0    1.03e+00    0    6.24e-01
2002 01 23  1745    52297   63900      0    9.97e-01    0    5.96e-01
2002 01 23  1750    52297   64200      0    9.91e-01    0    5.86e-01
2002 01 23  1755    52297   64500      0    1.01e+00    0    6.07e-01
2002 01 23  1800    52297   64800      0    9.82e-01    0    5.85e-01
2002 01 23  1805    52297   65100      0    9.81e-01    0    5.96e-01
2002 01 23  1810    52297   65400      0    9.96e-01    0    5.97e-01
2002 01 23  1815    52297   65700      0    9.90e-01    0    5.94e-01
2002 01 23  1820    52297   66000      0    1.03e+00    0    6.30e-01
2002 01 23  1825    52297   66300      0    1.05e+00    0    6.23e-01
2002 01 23  1830    52297   66600      0    1.00e+00    0    5.97e-01
2002 01 23  1835    52297   66900      0    9.69e-01    0    5.88e-01
2002 01 23  1840    52297   67200      0    1.02e+00    0    6.06e-01
2002 01 23  1845    52297   67500      0    9.94e-01    0    6.07e-01
2002 01 23  1850    52297   67800      0    1.00e+00    0    6.04e-01
2002 01 23  1855    52297   68100      0    9.97e-01    0    6.03e-01
2002 01 23  1900    52297   68400      0    1.05e+00    0    6.18e-01
2002 01 23  1905    52297   68700      0    1.02e+00    0    5.97e-01
2002 01 23  1910    52297   69000      0    1.01e+00    0    5.99e-01
2002 01 23  1915    52297   69300      0    1.03e+00    0    6.21e-01
2002 01 23  1920    52297   69600      0    1.04e+00    0    6.22e-01
2002 01 23  1925    52297   69900      0    1.00e+00    0    6.01e-01
2002 01 23  1930    52297   70200      0    9.72e-01    0    5.80e-01
2002 01 23  1935    52297   70500      0    9.64e-01    0    5.78e-01
2002 01 23  1940    52297   70800      0    9.90e-01    0    5.93e-01
2002 01 23  1945    52297   71100      0    1.01e+00    0    6.08e-01
2002 01 23  1950    52297   71400      0    1.01e+00    0    6.06e-01
2002 01 23  1955    52297   71700      0    1.02e+00    0    6.09e-01
2002 01 23  2000    52297   72000      0    1.01e+00    0    6.18e-01
2002 01 23  2005    52297   72300      0    9.62e-01    0    5.73e-01
2002 01 23  2010    52297   72600      0    9.60e-01    0    5.79e-01
2002 01 23  2015    52297   72900      0    1.00e+00    0    5.95e-01
2002 01 23  2020    52297   73200      0    9.90e-01    0    6.02e-01
2002 01 23  2025    52297   73500      0    9.73e-01    0    5.81e-01
2002 01 23  2030    52297   73800      0    1.00e+00    0    5.98e-01
2002 01 23  2035    52297   74100      0    9.81e-01    0    5.88e-01
2002 01 23  2040    52297   74400      0    1.00e+00    0    6.05e-01
2002 01 23  2045    52297   74700      0    9.84e-01    0    5.82e-01
2002 01 23  2050    52297   75000      0    9.93e-01    0    6.07e-01
2002 01 23  2055    52297   75300      0    9.74e-01    0    5.81e-01
2002 01 23  2100    52297   75600      0    1.00e+00    0    6.01e-01
2002 01 23  2105    52297   75900      0    9.75e-01    0    5.91e-01
2002 01 23  2110    52297   76200      0    1.01e+00    0    6.04e-01
2002 01 23  2115    52297   76500      0    1.04e+00    0    6.30e-01
2002 01 23  2120    52297   76800      0    1.20e+00    0    7.23e-01
2002 01 23  2125    52297   77100      0    1.07e+00    0    6.56e-01
2002 01 23  2130    52297   77400      0    1.02e+00    0    6.14e-01
2002 01 23  2135    52297   77700      0    9.99e-01    0    5.96e-01
2002 01 23  2140    52297   78000      0    1.00e+00    0    6.03e-01
2002 01 23  2145    52297   78300      0    9.70e-01    0    5.79e-01
2002 01 23  2150    52297   78600      0    9.99e-01    0    5.99e-01
2002 01 23  2155    52297   78900      0    9.89e-01    0    5.99e-01
2002 01 23  2200    52297   79200      0    9.91e-01    0    5.92e-01
2002 01 23  2205    52297   79500      0    9.58e-01    0    5.72e-01
2002 01 23  2210    52297   79800      0    9.72e-01    0    5.82e-01
2002 01 23  2215    52297   80100      0    9.87e-01    0    5.96e-01
2002 01 23  2220    52297   80400      0    9.83e-01    0    5.92e-01
2002 01 23  2225    52297   80700      0    9.79e-01    0    5.82e-01
2002 01 23  2230    52297   81000      0    1.00e+00    0    5.96e-01
2002 01 23  2235    52297   81300      0    9.87e-01    0    6.02e-01
2002 01 23  2240    52297   81600      0    9.90e-01    0    5.99e-01
2002 01 23  2245    52297   81900      0    9.79e-01    0    5.92e-01
2002 01 23  2250    52297   82200      0    1.02e+00    0    6.13e-01
2002 01 23  2255    52297   82500      0    9.98e-01    0    6.06e-01
2002 01 23  2300    52297   82800      0    9.94e-01    0    6.03e-01
2002 01 23  2305    52297   83100      0    9.73e-01    0    5.89e-01
2002 01 23  2310    52297   83400      0    9.73e-01    0    5.80e-01
2002 01 23  2315    52297   83700      0    9.93e-01    0    5.94e-01
2002 01 23  2320    52297   84000      0    1.06e+00    0    6.41e-01
2002 01 23  2325    52297   84300      0    1.01e+00    0    6.12e-01
2002 01 23  2330    52297   84600      0    9.87e-01    0    5.96e-01
2002 01 23  2335    52297   84900      0    9.78e-01    0    5.91e-01
2002 01 23  2340    52297   85200      0    1.00e+00    0    6.04e-01
2002 01 23  2345    52297   85500      0    9.76e-01    0    5.85e-01
2002 01 23  2350    52297   85800      0    9.79e-01    0    5.97e-01
2002 01 23  2355    52297   86100      0    9.53e-01    0    5.70e-01
