:Data_list: 20020829_ace_epam_5m.txt
:Created: 2002 Aug 30 0012 UT
# Prepared by the U.S. Dept. of Commerce, NOAA, Space Environment Center.
# Please send comments and suggestions to sec@sec.noaa.gov 
# 
# Units: Differential Flux particles/cm2-s-ster-MeV
# Units: Anisotropy Index 0.0 - 2.0
# Status(S): 0 = nominal, 4,6,7,8 = bad data, unable to process, 9 = no data
# Missing data values: -1.00e+05, index = -1.00
# Source: ACE Satellite - Electron, Proton, and Alpha Monitor
# Note: 2002 Mar 18: First Proton channel changed from 47-65 to 65-112keV.
#
#                      5-minute averaged Real-time Differential Electron and Proton Flux 
# 
#                Modified Seconds ---------------------------- Differential Flux --------------------------- 
# UT Date   Time  Julian  of the  ----- Electron -----   ------------------- Protons keV -------------------   Anis.
# YR MO DA  HHMM    Day    Day    S    38-53   175-315   S   65-112   112-187   310-580   761-1220 060-1910   Ratio
#-------------------------------------------------------------------------------------------------------------------
2002 08 29  0000   52515       0  0  1.44e+03  3.90e+01  0  1.25e+03  5.35e+02  3.37e+01  5.84e+00  1.62e+00   0.13
2002 08 29  0005   52515     300  0  1.57e+03  3.73e+01  0  1.31e+03  5.24e+02  3.89e+01  5.88e+00  1.46e+00   0.18
2002 08 29  0010   52515     600  0  1.40e+03  3.99e+01  0  1.30e+03  5.48e+02  3.77e+01  6.13e+00  1.69e+00   0.23
2002 08 29  0015   52515     900  0  1.44e+03  3.86e+01  0  1.35e+03  5.24e+02  3.80e+01  6.15e+00  1.19e+00   0.20
2002 08 29  0020   52515    1200  0  1.43e+03  3.87e+01  0  1.32e+03  5.43e+02  3.92e+01  6.07e+00  1.50e+00   0.06
2002 08 29  0025   52515    1500  0  1.46e+03  3.85e+01  0  1.27e+03  5.25e+02  3.66e+01  5.86e+00  1.81e+00   0.10
2002 08 29  0030   52515    1800  0  1.52e+03  3.54e+01  0  1.31e+03  5.17e+02  3.40e+01  6.82e+00  1.53e+00   0.21
2002 08 29  0035   52515    2100  0  1.51e+03  3.53e+01  0  1.25e+03  5.19e+02  3.64e+01  6.29e+00  1.96e+00   0.06
2002 08 29  0040   52515    2400  0  1.49e+03  4.11e+01  0  1.26e+03  5.20e+02  3.80e+01  6.80e+00  1.71e+00   0.14
2002 08 29  0045   52515    2700  0  1.51e+03  3.36e+01  0  1.30e+03  5.04e+02  3.63e+01  6.44e+00  1.62e+00   0.17
2002 08 29  0050   52515    3000  0  1.46e+03  3.83e+01  0  1.27e+03  5.31e+02  3.63e+01  6.30e+00  1.41e+00   0.32
2002 08 29  0055   52515    3300  0  1.40e+03  3.49e+01  0  1.53e+03  5.98e+02  3.92e+01  6.06e+00  2.04e+00   0.14
2002 08 29  0100   52515    3600  0  1.45e+03  3.61e+01  0  1.35e+03  5.45e+02  3.89e+01  7.01e+00  1.69e+00   0.13
2002 08 29  0105   52515    3900  0  1.45e+03  3.70e+01  0  1.32e+03  5.51e+02  3.70e+01  6.14e+00  1.43e+00   0.07
2002 08 29  0110   52515    4200  0  1.39e+03  3.57e+01  0  1.35e+03  5.19e+02  3.46e+01  6.27e+00  1.62e+00   0.16
2002 08 29  0115   52515    4500  0  1.54e+03  3.49e+01  0  1.29e+03  5.17e+02  3.61e+01  6.45e+00  1.37e+00   0.07
2002 08 29  0120   52515    4800  9 -1.00e+05 -1.00e+05  9 -1.00e+05 -1.00e+05 -1.00e+05 -1.00e+05 -1.00e+05  -1.00
2002 08 29  0125   52515    5100  9 -1.00e+05 -1.00e+05  9 -1.00e+05 -1.00e+05 -1.00e+05 -1.00e+05 -1.00e+05  -1.00
2002 08 29  0130   52515    5400  9 -1.00e+05 -1.00e+05  9 -1.00e+05 -1.00e+05 -1.00e+05 -1.00e+05 -1.00e+05  -1.00
2002 08 29  0135   52515    5700  9 -1.00e+05 -1.00e+05  9 -1.00e+05 -1.00e+05 -1.00e+05 -1.00e+05 -1.00e+05  -1.00
2002 08 29  0140   52515    6000  9 -1.00e+05 -1.00e+05  9 -1.00e+05 -1.00e+05 -1.00e+05 -1.00e+05 -1.00e+05  -1.00
2002 08 29  0145   52515    6300  9 -1.00e+05 -1.00e+05  9 -1.00e+05 -1.00e+05 -1.00e+05 -1.00e+05 -1.00e+05  -1.00
2002 08 29  0150   52515    6600  9 -1.00e+05 -1.00e+05  9 -1.00e+05 -1.00e+05 -1.00e+05 -1.00e+05 -1.00e+05  -1.00
2002 08 29  0155   52515    6900  9 -1.00e+05 -1.00e+05  9 -1.00e+05 -1.00e+05 -1.00e+05 -1.00e+05 -1.00e+05  -1.00
2002 08 29  0200   52515    7200  9 -1.00e+05 -1.00e+05  9 -1.00e+05 -1.00e+05 -1.00e+05 -1.00e+05 -1.00e+05  -1.00
2002 08 29  0205   52515    7500  9 -1.00e+05 -1.00e+05  9 -1.00e+05 -1.00e+05 -1.00e+05 -1.00e+05 -1.00e+05  -1.00
2002 08 29  0210   52515    7800  0  1.44e+03  4.46e+01  0  1.21e+03  4.96e+02  3.46e+01  5.72e+00  1.15e+00   0.23
2002 08 29  0215   52515    8100  0  1.40e+03  3.54e+01  0  1.19e+03  4.98e+02  3.54e+01  6.37e+00  1.29e+00   0.17
2002 08 29  0220   52515    8400  0  1.46e+03  2.94e+01  0  1.16e+03  5.03e+02  3.55e+01  6.49e+00  2.08e+00   0.09
2002 08 29  0225   52515    8700  0  1.44e+03  3.27e+01  0  1.24e+03  5.09e+02  3.71e+01  5.77e+00  1.66e+00   0.09
2002 08 29  0230   52515    9000  0  1.45e+03  3.50e+01  0  1.24e+03  5.08e+02  3.64e+01  6.36e+00  1.52e+00   0.20
2002 08 29  0235   52515    9300  0  1.45e+03  3.65e+01  0  1.28e+03  5.20e+02  3.82e+01  6.72e+00  1.36e+00   0.14
2002 08 29  0240   52515    9600  0  1.44e+03  4.39e+01  0  1.20e+03  4.95e+02  3.60e+01  6.61e+00  1.90e+00   0.09
2002 08 29  0245   52515    9900  0  1.37e+03  3.61e+01  0  1.17e+03  4.86e+02  3.69e+01  6.11e+00  1.58e+00   0.31
2002 08 29  0250   52515   10200  0  1.41e+03  3.70e+01  0  1.12e+03  4.87e+02  3.47e+01  6.38e+00  1.23e+00   0.05
2002 08 29  0255   52515   10500  0  1.44e+03  3.77e+01  0  1.12e+03  4.73e+02  3.59e+01  6.09e+00  1.35e+00   0.24
2002 08 29  0300   52515   10800  0  1.36e+03  3.28e+01  0  1.15e+03  4.83e+02  3.43e+01  6.07e+00  1.61e+00   0.22
2002 08 29  0305   52515   11100  0  1.53e+03  3.61e+01  0  1.42e+03  5.84e+02  4.20e+01  6.77e+00  1.96e+00   0.04
2002 08 29  0310   52515   11400  0  1.35e+03  3.54e+01  0  1.59e+03  6.39e+02  4.47e+01  6.71e+00  2.21e+00   0.20
2002 08 29  0315   52515   11700  0  1.30e+03  3.61e+01  0  1.54e+03  6.36e+02  3.86e+01  6.59e+00  1.95e+00   0.15
2002 08 29  0320   52515   12000  0  1.40e+03  3.45e+01  0  1.40e+03  5.60e+02  4.20e+01  6.78e+00  1.75e+00   0.26
2002 08 29  0325   52515   12300  0  1.40e+03  3.71e+01  0  1.23e+03  5.16e+02  3.80e+01  6.20e+00  1.42e+00   0.25
2002 08 29  0330   52515   12600  0  1.45e+03  3.65e+01  0  1.18e+03  5.20e+02  3.63e+01  5.83e+00  1.55e+00   0.13
2002 08 29  0335   52515   12900  0  1.43e+03  3.33e+01  0  1.22e+03  5.03e+02  3.32e+01  6.17e+00  1.55e+00   0.36
2002 08 29  0340   52515   13200  0  1.36e+03  3.58e+01  0  1.24e+03  5.40e+02  3.54e+01  6.73e+00  1.60e+00   0.17
2002 08 29  0345   52515   13500  0  1.48e+03  3.40e+01  0  1.18e+03  4.75e+02  3.41e+01  6.40e+00  1.26e+00   0.29
2002 08 29  0350   52515   13800  0  1.42e+03  3.45e+01  0  1.21e+03  4.86e+02  3.44e+01  6.94e+00  1.34e+00   0.27
2002 08 29  0355   52515   14100  0  1.34e+03  3.81e+01  0  1.11e+03  4.61e+02  3.34e+01  6.17e+00  1.49e+00   0.07
2002 08 29  0400   52515   14400  0  1.27e+03  4.04e+01  0  1.12e+03  4.60e+02  3.18e+01  6.26e+00  1.42e+00   0.03
2002 08 29  0405   52515   14700  0  1.34e+03  3.70e+01  0  1.21e+03  4.50e+02  3.61e+01  6.63e+00  1.24e+00   0.45
2002 08 29  0410   52515   15000  0  1.39e+03  4.03e+01  0  1.33e+03  5.40e+02  3.89e+01  6.58e+00  1.69e+00   0.19
2002 08 29  0415   52515   15300  0  1.42e+03  3.44e+01  0  1.26e+03  5.23e+02  3.87e+01  6.52e+00  1.67e+00   0.28
2002 08 29  0420   52515   15600  0  1.34e+03  3.74e+01  0  1.14e+03  4.85e+02  3.81e+01  6.95e+00  1.58e+00   0.04
2002 08 29  0425   52515   15900  0  1.40e+03  3.67e+01  0  1.21e+03  5.12e+02  3.47e+01  6.51e+00  1.51e+00   0.30
2002 08 29  0430   52515   16200  0  1.38e+03  3.29e+01  0  1.19e+03  5.09e+02  3.30e+01  5.92e+00  1.81e+00   0.25
2002 08 29  0435   52515   16500  0  1.35e+03  3.56e+01  0  1.24e+03  5.17e+02  3.68e+01  6.00e+00  1.55e+00   0.22
2002 08 29  0440   52515   16800  0  1.41e+03  3.52e+01  0  1.29e+03  5.49e+02  3.77e+01  6.78e+00  1.44e+00   0.10
2002 08 29  0445   52515   17100  0  1.40e+03  3.52e+01  0  1.38e+03  5.65e+02  3.82e+01  6.34e+00  1.42e+00   0.10
2002 08 29  0450   52515   17400  0  1.38e+03  3.70e+01  0  1.14e+03  4.87e+02  3.29e+01  5.09e+00  1.66e+00   0.05
2002 08 29  0455   52515   17700  0  1.39e+03  3.80e+01  0  1.05e+03  4.48e+02  3.27e+01  5.43e+00  1.46e+00   0.13
2002 08 29  0500   52515   18000  0  1.23e+03  3.58e+01  0  1.02e+03  4.14e+02  2.97e+01  5.51e+00  1.44e+00   0.23
2002 08 29  0505   52515   18300  0  1.34e+03  3.58e+01  0  1.02e+03  4.20e+02  3.08e+01  5.45e+00  1.63e+00   0.09
2002 08 29  0510   52515   18600  0  1.43e+03  3.44e+01  0  9.83e+02  4.15e+02  3.17e+01  5.51e+00  1.21e+00   0.20
2002 08 29  0515   52515   18900  0  1.45e+03  3.50e+01  0  9.63e+02  4.09e+02  3.24e+01  5.40e+00  1.44e+00   0.04
2002 08 29  0520   52515   19200  0  1.34e+03  3.71e+01  0  9.36e+02  4.05e+02  3.05e+01  5.78e+00  1.21e+00   0.22
2002 08 29  0525   52515   19500  0  1.32e+03  3.52e+01  0  9.34e+02  4.02e+02  3.18e+01  5.80e+00  1.37e+00   0.08
2002 08 29  0530   52515   19800  0  1.40e+03  3.58e+01  0  1.00e+03  4.28e+02  3.37e+01  5.28e+00  1.43e+00   0.18
2002 08 29  0535   52515   20100  0  1.41e+03  3.63e+01  0  9.51e+02  3.91e+02  2.81e+01  5.51e+00  1.17e+00   0.09
2002 08 29  0540   52515   20400  0  1.40e+03  3.40e+01  0  9.66e+02  3.97e+02  2.92e+01  4.90e+00  1.38e+00   0.07
2002 08 29  0545   52515   20700  0  1.39e+03  3.82e+01  0  9.18e+02  4.04e+02  2.94e+01  5.18e+00  1.19e+00   0.13
2002 08 29  0550   52515   21000  0  1.35e+03  3.45e+01  0  9.16e+02  3.93e+02  2.91e+01  5.01e+00  1.12e+00   0.16
2002 08 29  0555   52515   21300  0  1.36e+03  3.26e+01  0  9.08e+02  3.89e+02  2.83e+01  5.68e+00  1.49e+00   0.07
2002 08 29  0600   52515   21600  0  1.39e+03  3.58e+01  0  9.88e+02  4.02e+02  2.58e+01  5.80e+00  1.35e+00   0.19
2002 08 29  0605   52515   21900  0  1.36e+03  3.21e+01  0  1.05e+03  4.31e+02  3.03e+01  5.17e+00  1.33e+00   0.15
2002 08 29  0610   52515   22200  0  1.38e+03  3.95e+01  0  9.00e+02  3.96e+02  2.63e+01  5.91e+00  1.81e+00   0.18
2002 08 29  0615   52515   22500  0  1.34e+03  3.28e+01  0  8.72e+02  3.76e+02  3.07e+01  5.57e+00  1.32e+00   0.25
2002 08 29  0620   52515   22800  0  1.34e+03  3.73e+01  0  8.48e+02  3.46e+02  2.77e+01  5.76e+00  1.44e+00   0.16
2002 08 29  0625   52515   23100  0  1.36e+03  3.30e+01  0  8.88e+02  3.76e+02  2.96e+01  6.01e+00  1.33e+00   0.11
2002 08 29  0630   52515   23400  0  1.34e+03  3.47e+01  0  9.02e+02  3.96e+02  2.84e+01  5.35e+00  1.29e+00   0.35
2002 08 29  0635   52515   23700  0  1.37e+03  3.61e+01  0  9.17e+02  3.98e+02  2.90e+01  5.74e+00  1.45e+00   0.18
2002 08 29  0640   52515   24000  0  1.22e+03  3.54e+01  0  9.77e+02  4.11e+02  3.11e+01  5.23e+00  1.92e+00   0.22
2002 08 29  0645   52515   24300  0  1.30e+03  3.15e+01  0  8.12e+02  3.55e+02  2.51e+01  5.72e+00  1.30e+00   0.15
2002 08 29  0650   52515   24600  0  1.34e+03  3.53e+01  0  7.78e+02  3.42e+02  2.63e+01  5.05e+00  1.23e+00   0.35
2002 08 29  0655   52515   24900  0  1.34e+03  3.13e+01  0  8.14e+02  3.66e+02  2.82e+01  5.34e+00  1.20e+00   0.23
2002 08 29  0700   52515   25200  0  1.34e+03  3.96e+01  0  8.35e+02  3.62e+02  2.73e+01  5.13e+00  1.30e+00   0.11
2002 08 29  0705   52515   25500  0  1.30e+03  3.22e+01  0  8.28e+02  3.66e+02  2.76e+01  5.14e+00  1.32e+00   0.34
2002 08 29  0710   52515   25800  0  1.40e+03  3.44e+01  0  8.17e+02  3.62e+02  2.68e+01  6.09e+00  1.30e+00   0.40
2002 08 29  0715   52515   26100  0  1.31e+03  3.61e+01  0  8.18e+02  3.74e+02  2.83e+01  5.26e+00  1.43e+00   0.29
2002 08 29  0720   52515   26400  0  1.32e+03  3.67e+01  0  7.73e+02  3.44e+02  2.87e+01  4.61e+00  1.19e+00   0.30
2002 08 29  0725   52515   26700  0  1.34e+03  3.65e+01  0  7.46e+02  3.53e+02  2.40e+01  5.62e+00  1.42e+00   0.28
2002 08 29  0730   52515   27000  0  1.35e+03  3.27e+01  0  6.52e+02  2.93e+02  2.60e+01  5.37e+00  9.80e-01   0.17
2002 08 29  0735   52515   27300  0  1.36e+03  3.23e+01  0  6.49e+02  2.91e+02  2.63e+01  5.17e+00  1.21e+00   0.42
2002 08 29  0740   52515   27600  0  1.34e+03  3.44e+01  0  6.96e+02  3.06e+02  2.39e+01  5.47e+00  1.35e+00   0.28
2002 08 29  0745   52515   27900  0  1.45e+03  3.25e+01  0  6.80e+02  3.09e+02  2.44e+01  4.88e+00  1.17e+00   0.17
2002 08 29  0750   52515   28200  0  1.34e+03  3.94e+01  0  7.32e+02  3.20e+02  2.75e+01  5.01e+00  1.50e+00   0.40
2002 08 29  0755   52515   28500  0  1.30e+03  3.53e+01  0  6.64e+02  3.06e+02  2.52e+01  4.96e+00  1.12e+00   0.21
2002 08 29  0800   52515   28800  0  1.30e+03  3.50e+01  0  5.95e+02  2.80e+02  2.24e+01  4.73e+00  1.12e+00   0.14
2002 08 29  0805   52515   29100  0  1.39e+03  3.15e+01  0  5.81e+02  2.63e+02  2.22e+01  4.81e+00  1.13e+00   0.11
2002 08 29  0810   52515   29400  0  1.26e+03  3.81e+01  0  5.31e+02  2.55e+02  2.00e+01  4.72e+00  9.69e-01   0.36
2002 08 29  0815   52515   29700  0  1.37e+03  3.29e+01  0  5.55e+02  2.80e+02  2.08e+01  5.18e+00  1.17e+00   0.30
2002 08 29  0820   52515   30000  0  1.33e+03  3.62e+01  0  6.26e+02  3.11e+02  2.43e+01  4.37e+00  1.40e+00   0.11
2002 08 29  0825   52515   30300  0  1.31e+03  3.52e+01  0  6.03e+02  2.81e+02  2.26e+01  5.03e+00  1.36e+00   0.17
2002 08 29  0830   52515   30600  0  1.27e+03  3.54e+01  0  5.37e+02  2.46e+02  2.20e+01  4.90e+00  1.31e+00   0.14
2002 08 29  0835   52515   30900  0  1.34e+03  3.28e+01  0  5.54e+02  2.57e+02  1.94e+01  4.23e+00  1.04e+00   0.21
2002 08 29  0840   52515   31200  0  1.38e+03  3.44e+01  0  5.87e+02  2.85e+02  2.10e+01  4.88e+00  1.37e+00   0.16
2002 08 29  0845   52515   31500  0  1.33e+03  2.82e+01  0  5.58e+02  2.43e+02  2.26e+01  5.28e+00  1.17e+00   0.13
2002 08 29  0850   52515   31800  0  1.33e+03  3.75e+01  0  5.50e+02  2.50e+02  2.07e+01  4.49e+00  1.08e+00   0.31
2002 08 29  0855   52515   32100  0  1.31e+03  3.33e+01  0  7.26e+02  3.13e+02  2.39e+01  4.36e+00  9.16e-01   0.30
2002 08 29  0900   52515   32400  0  1.32e+03  3.13e+01  0  5.95e+02  2.63e+02  2.42e+01  4.67e+00  1.33e+00   0.03
2002 08 29  0905   52515   32700  0  1.26e+03  3.09e+01  0  6.01e+02  2.84e+02  2.27e+01  4.84e+00  1.15e+00   0.34
2002 08 29  0910   52515   33000  0  1.37e+03  3.38e+01  0  6.33e+02  3.03e+02  2.49e+01  4.61e+00  1.18e+00   0.03
2002 08 29  0915   52515   33300  0  1.25e+03  3.30e+01  0  5.84e+02  2.86e+02  2.30e+01  4.54e+00  1.07e+00   0.11
2002 08 29  0920   52515   33600  0  1.24e+03  3.19e+01  0  5.84e+02  2.86e+02  2.13e+01  4.50e+00  1.11e+00   0.17
2002 08 29  0925   52515   33900  0  1.29e+03  3.26e+01  0  5.71e+02  2.65e+02  2.16e+01  4.11e+00  1.16e+00   0.20
2002 08 29  0930   52515   34200  0  1.33e+03  3.63e+01  0  9.04e+02  3.89e+02  3.06e+01  4.50e+00  1.52e+00   0.30
2002 08 29  0935   52515   34500  0  1.38e+03  3.13e+01  0  8.86e+02  3.97e+02  3.03e+01  5.06e+00  1.53e+00   0.28
2002 08 29  0940   52515   34800  0  1.35e+03  2.87e+01  0  9.43e+02  4.20e+02  3.37e+01  5.41e+00  1.47e+00   0.21
2002 08 29  0945   52515   35100  0  1.40e+03  3.37e+01  0  9.85e+02  4.53e+02  3.34e+01  5.08e+00  1.37e+00   0.19
2002 08 29  0950   52515   35400  0  1.36e+03  3.23e+01  0  1.01e+03  4.47e+02  3.46e+01  5.05e+00  1.33e+00   0.19
2002 08 29  0955   52515   35700  0  1.44e+03  3.19e+01  0  1.03e+03  4.35e+02  3.46e+01  4.73e+00  1.44e+00   0.06
2002 08 29  1000   52515   36000  0  1.34e+03  3.36e+01  0  9.91e+02  4.34e+02  3.27e+01  4.61e+00  1.42e+00   0.09
2002 08 29  1005   52515   36300  0  1.26e+03  3.46e+01  0  9.25e+02  4.08e+02  3.28e+01  5.08e+00  1.70e+00   0.02
2002 08 29  1010   52515   36600  0  1.33e+03  3.81e+01  0  8.04e+02  3.67e+02  2.55e+01  4.50e+00  1.10e+00   0.17
2002 08 29  1015   52515   36900  0  1.24e+03  3.42e+01  0  8.40e+02  3.91e+02  2.94e+01  4.70e+00  1.33e+00   0.32
2002 08 29  1020   52515   37200  0  1.26e+03  3.23e+01  0  8.25e+02  3.88e+02  2.82e+01  4.63e+00  1.25e+00   0.05
2002 08 29  1025   52515   37500  0  1.25e+03  3.45e+01  0  7.86e+02  3.55e+02  2.72e+01  4.67e+00  1.30e+00   0.11
2002 08 29  1030   52515   37800  0  1.33e+03  3.50e+01  0  7.69e+02  3.59e+02  2.73e+01  4.62e+00  1.25e+00   0.17
2002 08 29  1035   52515   38100  0  1.39e+03  3.81e+01  0  9.14e+02  4.13e+02  3.10e+01  4.74e+00  1.29e+00   0.37
2002 08 29  1040   52515   38400  0  1.33e+03  3.36e+01  0  9.84e+02  4.43e+02  3.15e+01  5.18e+00  1.94e+00   0.11
2002 08 29  1045   52515   38700  0  1.38e+03  3.34e+01  0  9.45e+02  4.21e+02  3.28e+01  5.30e+00  1.42e+00   0.17
2002 08 29  1050   52515   39000  0  1.34e+03  3.50e+01  0  9.13e+02  3.95e+02  2.91e+01  4.63e+00  1.25e+00   0.16
2002 08 29  1055   52515   39300  0  1.30e+03  3.50e+01  0  8.04e+02  3.68e+02  2.82e+01  4.49e+00  1.50e+00   0.16
2002 08 29  1100   52515   39600  0  1.22e+03  3.27e+01  0  7.76e+02  3.40e+02  2.84e+01  4.76e+00  1.35e+00   0.40
2002 08 29  1105   52515   39900  0  1.30e+03  3.27e+01  0  6.32e+02  2.99e+02  2.30e+01  4.71e+00  1.36e+00   0.39
2002 08 29  1110   52515   40200  0  1.25e+03  3.25e+01  0  6.70e+02  3.20e+02  2.37e+01  4.81e+00  1.42e+00   0.21
2002 08 29  1115   52515   40500  0  1.42e+03  3.21e+01  0  5.71e+02  2.70e+02  1.99e+01  4.65e+00  8.76e-01   0.27
2002 08 29  1120   52515   40800  0  1.21e+03  3.21e+01  0  6.21e+02  2.75e+02  2.07e+01  4.84e+00  8.97e-01   0.27
2002 08 29  1125   52515   41100  0  1.32e+03  3.23e+01  0  6.25e+02  2.89e+02  2.45e+01  4.80e+00  1.29e+00   0.31
2002 08 29  1130   52515   41400  0  1.30e+03  3.37e+01  0  6.57e+02  3.28e+02  2.72e+01  4.68e+00  1.21e+00   0.31
2002 08 29  1135   52515   41700  0  1.28e+03  2.97e+01  0  6.23e+02  3.13e+02  2.37e+01  5.00e+00  1.24e+00   0.47
2002 08 29  1140   52515   42000  0  1.33e+03  3.12e+01  0  9.43e+02  4.16e+02  2.90e+01  4.45e+00  1.12e+00   0.14
2002 08 29  1145   52515   42300  0  1.40e+03  3.28e+01  0  1.10e+03  4.50e+02  3.40e+01  5.14e+00  1.55e+00   0.21
2002 08 29  1150   52515   42600  0  1.25e+03  3.15e+01  0  9.18e+02  4.06e+02  3.06e+01  5.05e+00  1.28e+00   0.33
2002 08 29  1155   52515   42900  0  1.30e+03  2.94e+01  0  9.41e+02  4.23e+02  2.79e+01  4.75e+00  1.49e+00   0.19
2002 08 29  1200   52515   43200  0  1.25e+03  3.54e+01  0  8.93e+02  4.11e+02  2.94e+01  5.34e+00  1.27e+00   0.27
2002 08 29  1205   52515   43500  0  1.33e+03  3.15e+01  0  7.25e+02  3.26e+02  2.52e+01  4.63e+00  1.09e+00   0.29
2002 08 29  1210   52515   43800  0  1.23e+03  3.38e+01  0  8.20e+02  3.63e+02  2.72e+01  4.58e+00  1.15e+00   0.41
2002 08 29  1215   52515   44100  0  1.26e+03  3.30e+01  0  6.92e+02  3.24e+02  2.37e+01  4.85e+00  1.20e+00   0.22
2002 08 29  1220   52515   44400  0  1.34e+03  3.61e+01  0  6.50e+02  3.06e+02  2.46e+01  4.27e+00  1.15e+00   0.28
2002 08 29  1225   52515   44700  0  1.28e+03  3.72e+01  0  7.21e+02  3.19e+02  2.47e+01  4.95e+00  1.45e+00   0.23
2002 08 29  1230   52515   45000  0  1.22e+03  3.25e+01  0  5.83e+02  2.65e+02  2.28e+01  4.86e+00  1.27e+00   0.24
2002 08 29  1235   52515   45300  0  1.29e+03  3.83e+01  0  7.88e+02  3.57e+02  2.61e+01  5.13e+00  1.18e+00   0.03
2002 08 29  1240   52515   45600  0  1.28e+03  3.30e+01  0  9.36e+02  4.16e+02  3.00e+01  4.64e+00  1.29e+00   0.25
2002 08 29  1245   52515   45900  0  1.28e+03  3.52e+01  0  8.38e+02  3.66e+02  2.74e+01  5.15e+00  1.42e+00   0.32
2002 08 29  1250   52515   46200  0  1.21e+03  3.56e+01  0  7.02e+02  3.23e+02  2.52e+01  4.38e+00  1.02e+00   0.18
2002 08 29  1255   52515   46500  0  1.22e+03  3.22e+01  0  6.08e+02  2.90e+02  2.26e+01  3.99e+00  9.99e-01   0.25
2002 08 29  1300   52515   46800  0  1.21e+03  3.01e+01  0  5.67e+02  2.78e+02  2.24e+01  3.81e+00  1.18e+00   0.17
2002 08 29  1305   52515   47100  0  1.22e+03  3.68e+01  0  5.77e+02  2.60e+02  2.23e+01  5.02e+00  9.87e-01   0.27
2002 08 29  1310   52515   47400  0  1.19e+03  3.29e+01  0  5.37e+02  2.64e+02  2.04e+01  4.48e+00  1.04e+00   0.07
2002 08 29  1315   52515   47700  0  1.14e+03  2.96e+01  0  5.74e+02  2.52e+02  1.98e+01  4.03e+00  9.90e-01   0.21
2002 08 29  1320   52515   48000  0  1.07e+03  3.19e+01  0  4.96e+02  2.53e+02  2.06e+01  3.61e+00  1.00e+00   0.13
2002 08 29  1325   52515   48300  0  1.32e+03  3.30e+01  0  5.35e+02  2.49e+02  1.97e+01  3.58e+00  9.82e-01   0.29
2002 08 29  1330   52515   48600  0  1.13e+03  2.94e+01  0  5.83e+02  2.54e+02  2.20e+01  4.36e+00  1.19e+00   0.14
2002 08 29  1335   52515   48900  0  1.03e+03  2.96e+01  0  4.64e+02  2.17e+02  1.76e+01  3.19e+00  1.09e+00   0.22
2002 08 29  1340   52515   49200  0  1.16e+03  3.01e+01  0  4.68e+02  1.94e+02  1.79e+01  3.29e+00  9.22e-01   0.30
2002 08 29  1345   52515   49500  0  1.13e+03  3.14e+01  0  4.55e+02  2.02e+02  1.68e+01  3.50e+00  7.91e-01   0.41
2002 08 29  1350   52515   49800  0  1.10e+03  2.74e+01  0  4.18e+02  2.00e+02  1.67e+01  2.69e+00  6.64e-01   0.25
2002 08 29  1355   52515   50100  0  1.16e+03  3.55e+01  0  4.13e+02  2.13e+02  1.68e+01  3.46e+00  1.04e+00   0.15
2002 08 29  1400   52515   50400  0  1.22e+03  3.42e+01  0  4.47e+02  2.14e+02  1.97e+01  3.55e+00  9.96e-01   0.23
2002 08 29  1405   52515   50700  0  1.17e+03  3.52e+01  0  4.76e+02  2.32e+02  1.89e+01  3.90e+00  6.98e-01   0.16
2002 08 29  1410   52515   51000  0  1.10e+03  2.98e+01  0  4.73e+02  2.35e+02  1.77e+01  3.25e+00  8.21e-01   0.25
2002 08 29  1415   52515   51300  0  1.27e+03  2.87e+01  0  5.00e+02  2.25e+02  1.81e+01  3.72e+00  9.54e-01   0.22
2002 08 29  1420   52515   51600  0  1.22e+03  3.32e+01  0  4.63e+02  2.20e+02  1.86e+01  3.70e+00  7.71e-01   0.17
2002 08 29  1425   52515   51900  0  1.09e+03  3.60e+01  0  4.42e+02  2.11e+02  1.70e+01  3.44e+00  1.01e+00   0.12
2002 08 29  1430   52515   52200  0  1.23e+03  3.53e+01  0  4.02e+02  1.94e+02  1.58e+01  3.48e+00  9.89e-01   0.19
2002 08 29  1435   52515   52500  0  1.19e+03  3.19e+01  0  4.04e+02  1.90e+02  1.72e+01  3.04e+00  9.63e-01   0.08
2002 08 29  1440   52515   52800  0  1.14e+03  3.27e+01  0  4.38e+02  1.98e+02  1.74e+01  3.64e+00  8.73e-01   0.46
2002 08 29  1445   52515   53100  0  1.20e+03  3.08e+01  0  5.72e+02  2.45e+02  2.18e+01  4.10e+00  1.43e+00   0.13
2002 08 29  1450   52515   53400  0  1.09e+03  3.03e+01  0  5.03e+02  2.47e+02  1.91e+01  3.28e+00  1.06e+00   0.12
2002 08 29  1455   52515   53700  0  1.24e+03  3.03e+01  0  4.45e+02  2.15e+02  1.91e+01  4.22e+00  9.38e-01   0.06
2002 08 29  1500   52515   54000  0  1.18e+03  3.37e+01  0  4.42e+02  2.09e+02  1.75e+01  3.41e+00  8.54e-01   0.24
2002 08 29  1505   52515   54300  0  1.17e+03  3.47e+01  0  5.24e+02  2.27e+02  1.86e+01  3.83e+00  1.04e+00   0.46
2002 08 29  1510   52515   54600  0  1.17e+03  3.16e+01  0  5.51e+02  2.66e+02  2.04e+01  3.58e+00  1.08e+00   0.35
2002 08 29  1515   52515   54900  0  1.19e+03  3.17e+01  0  5.33e+02  2.34e+02  1.86e+01  3.82e+00  7.37e-01   0.08
2002 08 29  1520   52515   55200  0  1.13e+03  3.21e+01  0  4.27e+02  1.98e+02  1.61e+01  2.99e+00  7.70e-01   0.31
2002 08 29  1525   52515   55500  0  1.18e+03  3.50e+01  0  4.36e+02  1.96e+02  1.90e+01  3.48e+00  8.91e-01   0.18
2002 08 29  1530   52515   55800  0  1.17e+03  3.37e+01  0  4.11e+02  1.81e+02  1.78e+01  2.98e+00  8.28e-01   0.28
2002 08 29  1535   52515   56100  0  1.23e+03  3.25e+01  0  4.03e+02  2.01e+02  1.83e+01  3.13e+00  1.01e+00   0.18
2002 08 29  1540   52515   56400  0  1.20e+03  3.23e+01  0  3.92e+02  1.89e+02  1.51e+01  2.80e+00  1.52e+00   0.12
2002 08 29  1545   52515   56700  0  1.24e+03  3.43e+01  0  4.03e+02  2.00e+02  1.79e+01  3.07e+00  9.71e-01   0.11
2002 08 29  1550   52515   57000  0  1.18e+03  2.74e+01  0  4.04e+02  1.95e+02  1.64e+01  3.26e+00  8.26e-01   0.34
2002 08 29  1555   52515   57300  0  1.20e+03  2.75e+01  0  4.18e+02  2.09e+02  1.88e+01  3.77e+00  1.51e+00   0.28
2002 08 29  1600   52515   57600  0  1.22e+03  3.13e+01  0  4.38e+02  2.07e+02  1.76e+01  3.70e+00  1.08e+00   0.10
2002 08 29  1605   52515   57900  0  1.17e+03  3.56e+01  0  4.10e+02  1.99e+02  1.74e+01  3.53e+00  1.10e+00   0.24
2002 08 29  1610   52515   58200  0  1.17e+03  3.52e+01  0  4.49e+02  2.12e+02  1.84e+01  3.82e+00  1.25e+00   0.12
2002 08 29  1615   52515   58500  0  1.14e+03  3.34e+01  0  4.30e+02  1.96e+02  1.65e+01  3.96e+00  9.82e-01   0.19
2002 08 29  1620   52515   58800  0  1.16e+03  3.34e+01  0  4.71e+02  2.14e+02  1.89e+01  3.60e+00  1.10e+00   0.14
2002 08 29  1625   52515   59100  0  1.08e+03  3.21e+01  0  4.03e+02  1.95e+02  1.62e+01  3.27e+00  8.94e-01   0.26
2002 08 29  1630   52515   59400  0  1.15e+03  3.44e+01  0  4.15e+02  2.00e+02  1.72e+01  3.85e+00  9.45e-01   0.16
2002 08 29  1635   52515   59700  0  1.20e+03  3.06e+01  0  4.28e+02  2.07e+02  1.50e+01  3.46e+00  8.59e-01   0.13
2002 08 29  1640   52515   60000  0  1.14e+03  3.08e+01  0  4.08e+02  1.99e+02  1.48e+01  3.43e+00  1.14e+00   0.15
2002 08 29  1645   52515   60300  0  1.25e+03  3.12e+01  0  3.91e+02  1.98e+02  1.55e+01  3.52e+00  9.37e-01   0.17
2002 08 29  1650   52515   60600  0  1.15e+03  3.26e+01  0  3.73e+02  1.88e+02  1.48e+01  3.37e+00  1.04e+00   0.20
2002 08 29  1655   52515   60900  0  1.14e+03  3.18e+01  0  3.88e+02  1.91e+02  1.69e+01  3.28e+00  8.82e-01   0.18
2002 08 29  1700   52515   61200  0  1.13e+03  3.13e+01  0  3.83e+02  1.85e+02  1.48e+01  3.00e+00  8.34e-01   0.11
2002 08 29  1705   52515   61500  0  1.20e+03  2.98e+01  0  4.22e+02  2.02e+02  1.80e+01  3.68e+00  1.11e+00   0.24
2002 08 29  1710   52515   61800  0  1.13e+03  3.33e+01  0  4.29e+02  2.02e+02  1.84e+01  3.81e+00  1.09e+00   0.35
2002 08 29  1715   52515   62100  0  1.12e+03  2.85e+01  0  4.30e+02  2.00e+02  1.38e+01  3.74e+00  1.02e+00   0.10
2002 08 29  1720   52515   62400  0  1.19e+03  3.32e+01  0  4.28e+02  2.09e+02  1.70e+01  4.06e+00  6.46e-01   0.16
2002 08 29  1725   52515   62700  0  1.12e+03  2.49e+01  0  4.03e+02  1.91e+02  1.62e+01  3.19e+00  9.83e-01   0.29
2002 08 29  1730   52515   63000  0  1.12e+03  2.75e+01  0  3.92e+02  1.87e+02  1.69e+01  3.79e+00  8.59e-01   0.37
2002 08 29  1735   52515   63300  0  1.16e+03  3.46e+01  0  4.16e+02  2.03e+02  1.81e+01  3.44e+00  1.20e+00   0.07
2002 08 29  1740   52515   63600  0  1.16e+03  3.35e+01  0  4.03e+02  1.83e+02  1.61e+01  3.76e+00  8.59e-01   0.26
2002 08 29  1745   52515   63900  0  1.25e+03  3.31e+01  0  4.25e+02  2.00e+02  1.54e+01  3.62e+00  1.04e+00   0.07
2002 08 29  1750   52515   64200  0  1.16e+03  3.09e+01  0  4.42e+02  1.97e+02  1.49e+01  3.49e+00  8.07e-01   0.12
2002 08 29  1755   52515   64500  0  1.14e+03  3.50e+01  0  3.71e+02  1.91e+02  1.51e+01  3.41e+00  8.61e-01   0.31
2002 08 29  1800   52515   64800  0  1.17e+03  2.98e+01  0  3.42e+02  1.72e+02  1.22e+01  3.49e+00  6.80e-01   0.23
2002 08 29  1805   52515   65100  0  1.17e+03  3.23e+01  0  3.54e+02  1.64e+02  1.44e+01  3.49e+00  6.33e-01   0.27
2002 08 29  1810   52515   65400  0  1.21e+03  3.37e+01  0  3.70e+02  1.76e+02  1.44e+01  3.36e+00  8.66e-01   0.22
2002 08 29  1815   52515   65700  0  1.08e+03  3.29e+01  0  3.83e+02  1.83e+02  1.41e+01  3.22e+00  7.20e-01   0.09
2002 08 29  1820   52515   66000  0  1.25e+03  2.51e+01  0  3.61e+02  1.74e+02  1.66e+01  3.28e+00  6.87e-01   0.13
2002 08 29  1825   52515   66300  0  1.13e+03  2.86e+01  0  3.85e+02  1.80e+02  1.30e+01  3.05e+00  1.06e+00   0.38
2002 08 29  1830   52515   66600  0  1.17e+03  3.25e+01  0  3.86e+02  1.81e+02  1.33e+01  3.39e+00  8.75e-01   0.41
2002 08 29  1835   52515   66900  0  1.23e+03  3.29e+01  0  3.83e+02  1.87e+02  1.48e+01  3.11e+00  9.67e-01   0.22
2002 08 29  1840   52515   67200  0  1.26e+03  3.11e+01  0  3.98e+02  1.96e+02  1.48e+01  3.49e+00  7.64e-01   0.35
2002 08 29  1845   52515   67500  0  1.23e+03  2.82e+01  0  3.85e+02  1.89e+02  1.46e+01  3.11e+00  7.50e-01   0.16
2002 08 29  1850   52515   67800  0  1.19e+03  3.16e+01  0  3.87e+02  1.83e+02  1.43e+01  3.75e+00  1.01e+00   0.38
2002 08 29  1855   52515   68100  0  1.14e+03  3.42e+01  0  3.91e+02  1.79e+02  1.45e+01  3.76e+00  7.23e-01   0.16
2002 08 29  1900   52515   68400  0  1.09e+03  2.90e+01  0  3.88e+02  1.80e+02  1.44e+01  3.49e+00  8.65e-01   0.40
2002 08 29  1905   52515   68700  0  1.18e+03  3.07e+01  0  3.99e+02  1.76e+02  1.44e+01  3.85e+00  8.54e-01   0.26
2002 08 29  1910   52515   69000  0  1.09e+03  3.05e+01  0  3.54e+02  1.73e+02  1.47e+01  3.77e+00  9.16e-01   0.32
2002 08 29  1915   52515   69300  0  1.07e+03  3.08e+01  0  3.81e+02  1.79e+02  1.56e+01  3.76e+00  7.04e-01   0.16
2002 08 29  1920   52515   69600  0  1.06e+03  2.69e+01  0  4.08e+02  1.91e+02  1.59e+01  3.90e+00  1.03e+00   0.36
2002 08 29  1925   52515   69900  0  1.20e+03  3.19e+01  0  3.77e+02  1.85e+02  1.49e+01  4.10e+00  8.23e-01   0.26
2002 08 29  1930   52515   70200  0  1.12e+03  2.53e+01  0  3.98e+02  1.89e+02  1.41e+01  3.44e+00  1.34e+00   0.39
2002 08 29  1935   52515   70500  0  1.05e+03  2.79e+01  0  4.13e+02  1.86e+02  1.56e+01  3.77e+00  1.00e+00   0.23
2002 08 29  1940   52515   70800  0  1.11e+03  3.42e+01  0  4.12e+02  1.96e+02  1.74e+01  3.62e+00  9.60e-01   0.46
2002 08 29  1945   52515   71100  0  1.12e+03  3.19e+01  0  3.70e+02  1.86e+02  1.58e+01  3.44e+00  8.40e-01   0.51
2002 08 29  1950   52515   71400  0  1.08e+03  3.31e+01  0  3.77e+02  1.74e+02  1.68e+01  3.69e+00  8.02e-01   0.40
2002 08 29  1955   52515   71700  0  1.21e+03  3.38e+01  0  3.89e+02  1.70e+02  1.45e+01  3.63e+00  9.54e-01   0.18
2002 08 29  2000   52515   72000  0  1.12e+03  3.03e+01  0  3.56e+02  1.79e+02  1.56e+01  3.15e+00  6.47e-01   0.32
2002 08 29  2005   52515   72300  0  1.13e+03  3.26e+01  0  3.82e+02  1.77e+02  1.55e+01  3.52e+00  9.76e-01   0.12
2002 08 29  2010   52515   72600  0  1.03e+03  3.26e+01  0  3.51e+02  1.72e+02  1.33e+01  3.14e+00  7.33e-01   0.20
2002 08 29  2015   52515   72900  0  1.15e+03  3.42e+01  0  3.50e+02  1.73e+02  1.61e+01  3.30e+00  9.38e-01   0.14
2002 08 29  2020   52515   73200  0  1.09e+03  2.87e+01  0  3.80e+02  1.77e+02  1.41e+01  3.46e+00  8.85e-01   0.05
2002 08 29  2025   52515   73500  0  1.12e+03  2.77e+01  0  3.53e+02  1.77e+02  1.27e+01  3.28e+00  6.37e-01   0.08
2002 08 29  2030   52515   73800  0  1.01e+03  2.84e+01  0  3.53e+02  1.69e+02  1.39e+01  3.06e+00  9.42e-01   0.19
2002 08 29  2035   52515   74100  0  1.09e+03  2.96e+01  0  3.34e+02  1.70e+02  1.53e+01  3.44e+00  7.16e-01   0.25
2002 08 29  2040   52515   74400  0  1.10e+03  2.88e+01  0  3.59e+02  1.76e+02  1.35e+01  3.33e+00  6.99e-01   0.19
2002 08 29  2045   52515   74700  0  1.06e+03  3.21e+01  0  3.63e+02  1.73e+02  1.49e+01  3.32e+00  7.29e-01   0.16
2002 08 29  2050   52515   75000  0  1.29e+03  2.98e+01  0  3.69e+02  1.76e+02  1.53e+01  2.75e+00  8.30e-01   0.29
2002 08 29  2055   52515   75300  0  1.07e+03  2.94e+01  0  3.35e+02  1.62e+02  1.39e+01  2.90e+00  7.39e-01   0.24
2002 08 29  2100   52515   75600  0  1.07e+03  2.55e+01  0  3.07e+02  1.49e+02  1.19e+01  2.75e+00  6.45e-01   0.48
2002 08 29  2105   52515   75900  0  1.16e+03  2.86e+01  0  3.04e+02  1.51e+02  1.29e+01  2.68e+00  8.78e-01   0.23
2002 08 29  2110   52515   76200  0  1.07e+03  3.19e+01  0  3.22e+02  1.56e+02  1.30e+01  2.75e+00  6.54e-01   0.43
2002 08 29  2115   52515   76500  0  1.02e+03  3.22e+01  0  3.17e+02  1.52e+02  1.28e+01  2.69e+00  8.69e-01   0.10
2002 08 29  2120   52515   76800  0  1.09e+03  2.98e+01  0  3.11e+02  1.47e+02  1.15e+01  2.60e+00  8.45e-01   0.10
2002 08 29  2125   52515   77100  0  1.04e+03  3.07e+01  0  3.14e+02  1.41e+02  1.17e+01  3.01e+00  9.65e-01   0.07
2002 08 29  2130   52515   77400  0  1.14e+03  2.99e+01  0  3.06e+02  1.40e+02  1.22e+01  3.01e+00  8.06e-01   0.26
2002 08 29  2135   52515   77700  0  9.96e+02  3.05e+01  0  3.07e+02  1.45e+02  1.11e+01  2.47e+00  6.46e-01   0.53
2002 08 29  2140   52515   78000  0  1.12e+03  2.90e+01  0  3.09e+02  1.47e+02  1.30e+01  2.79e+00  7.44e-01   0.19
2002 08 29  2145   52515   78300  0  1.04e+03  3.20e+01  0  3.01e+02  1.40e+02  1.25e+01  2.44e+00  6.17e-01   0.08
2002 08 29  2150   52515   78600  0  9.81e+02  3.34e+01  0  2.96e+02  1.53e+02  1.27e+01  2.74e+00  7.23e-01   0.45
2002 08 29  2155   52515   78900  0  9.92e+02  2.82e+01  0  3.09e+02  1.45e+02  1.21e+01  2.77e+00  6.87e-01   0.26
2002 08 29  2200   52515   79200  0  9.81e+02  3.05e+01  0  2.76e+02  1.34e+02  1.12e+01  2.23e+00  7.76e-01   0.34
2002 08 29  2205   52515   79500  0  9.20e+02  3.07e+01  0  2.91e+02  1.26e+02  9.77e+00  2.38e+00  6.33e-01   0.14
2002 08 29  2210   52515   79800  0  9.31e+02  2.82e+01  0  2.78e+02  1.24e+02  1.19e+01  2.32e+00  6.17e-01   0.11
2002 08 29  2215   52515   80100  0  1.01e+03  2.75e+01  0  2.82e+02  1.39e+02  1.05e+01  2.43e+00  7.20e-01   0.30
2002 08 29  2220   52515   80400  0  9.79e+02  3.21e+01  0  2.50e+02  1.33e+02  1.15e+01  2.34e+00  6.63e-01   0.27
2002 08 29  2225   52515   80700  0  9.47e+02  2.92e+01  0  2.75e+02  1.27e+02  1.20e+01  2.04e+00  6.66e-01   0.64
2002 08 29  2230   52515   81000  0  9.24e+02  3.10e+01  0  2.90e+02  1.25e+02  1.18e+01  2.48e+00  7.77e-01   0.18
2002 08 29  2235   52515   81300  0  1.04e+03  3.08e+01  0  2.76e+02  1.42e+02  1.14e+01  2.83e+00  6.76e-01   0.12
2002 08 29  2240   52515   81600  0  1.05e+03  3.00e+01  0  2.70e+02  1.37e+02  1.11e+01  2.43e+00  7.22e-01   0.29
2002 08 29  2245   52515   81900  0  9.62e+02  2.99e+01  0  2.68e+02  1.42e+02  1.14e+01  2.50e+00  6.54e-01   0.15
2002 08 29  2250   52515   82200  0  1.06e+03  3.28e+01  0  2.71e+02  1.38e+02  1.20e+01  2.42e+00  6.87e-01   0.03
2002 08 29  2255   52515   82500  0  1.10e+03  3.41e+01  0  2.80e+02  1.38e+02  1.18e+01  2.64e+00  6.11e-01   0.16
2002 08 29  2300   52515   82800  0  8.93e+02  3.02e+01  0  2.91e+02  1.23e+02  9.56e+00  1.95e+00  7.12e-01   0.13
2002 08 29  2305   52515   83100  0  9.52e+02  3.35e+01  0  2.83e+02  1.38e+02  1.15e+01  2.11e+00  5.21e-01   0.29
2002 08 29  2310   52515   83400  0  9.70e+02  2.55e+01  0  2.76e+02  1.33e+02  1.03e+01  2.61e+00  7.78e-01   0.04
2002 08 29  2315   52515   83700  0  8.70e+02  2.67e+01  0  2.79e+02  1.29e+02  9.65e+00  2.10e+00  6.97e-01   0.14
2002 08 29  2320   52515   84000  0  9.43e+02  2.94e+01  0  2.76e+02  1.37e+02  1.15e+01  2.30e+00  8.02e-01   0.30
2002 08 29  2325   52515   84300  0  9.90e+02  2.80e+01  0  2.72e+02  1.42e+02  1.18e+01  2.70e+00  9.82e-01   0.17
2002 08 29  2330   52515   84600  0  9.07e+02  2.49e+01  0  2.93e+02  1.41e+02  1.23e+01  2.21e+00  7.70e-01   0.17
2002 08 29  2335   52515   84900  0  8.17e+02  3.09e+01  0  2.93e+02  1.42e+02  1.29e+01  2.26e+00  7.14e-01   0.39
2002 08 29  2340   52515   85200  0  8.50e+02  3.00e+01  0  2.78e+02  1.31e+02  1.08e+01  2.65e+00  8.59e-01   0.39
2002 08 29  2345   52515   85500  0  8.52e+02  2.80e+01  0  2.88e+02  1.30e+02  1.18e+01  2.11e+00  7.91e-01   0.04
2002 08 29  2350   52515   85800  0  8.53e+02  2.76e+01  0  2.82e+02  1.50e+02  1.21e+01  2.11e+00  6.51e-01   0.11
2002 08 29  2355   52515   86100  0  9.26e+02  2.71e+01  0  2.69e+02  1.38e+02  1.14e+01  2.18e+00  8.43e-01   0.30
