:Data_list: 20021130_ace_epam_5m.txt
:Created: 2002 Dec 01 0012 UT
# Prepared by the U.S. Dept. of Commerce, NOAA, Space Environment Center.
# Please send comments and suggestions to sec@sec.noaa.gov 
# 
# Units: Differential Flux particles/cm2-s-ster-MeV
# Units: Anisotropy Index 0.0 - 2.0
# Status(S): 0 = nominal, 4,6,7,8 = bad data, unable to process, 9 = no data
# Missing data values: -1.00e+05, index = -1.00
# Source: ACE Satellite - Electron, Proton, and Alpha Monitor
# Note: 2002 Mar 18: First Proton channel changed from 47-65 to 65-112keV.
#
#                      5-minute averaged Real-time Differential Electron and Proton Flux 
# 
#                Modified Seconds ---------------------------- Differential Flux --------------------------- 
# UT Date   Time  Julian  of the  ----- Electron -----   ------------------- Protons keV -------------------   Anis.
# YR MO DA  HHMM    Day    Day    S    38-53   175-315   S   65-112   112-187   310-580   761-1220 060-1910   Ratio
#-------------------------------------------------------------------------------------------------------------------
2002 11 30  0000   52608       0  0  8.42e+02  1.94e+01  0  9.27e+02  4.62e+02  5.89e+01  1.58e+01  5.08e+00   0.09
2002 11 30  0005   52608     300  0  7.92e+02  1.76e+01  0  8.70e+02  4.32e+02  6.27e+01  1.75e+01  5.02e+00   0.06
2002 11 30  0010   52608     600  0  8.35e+02  2.19e+01  0  7.70e+02  4.09e+02  5.52e+01  1.55e+01  4.20e+00   0.06
2002 11 30  0015   52608     900  0  7.97e+02  1.61e+01  0  7.78e+02  4.23e+02  5.62e+01  1.56e+01  4.69e+00   0.07
2002 11 30  0020   52608    1200  0  7.94e+02  2.02e+01  0  8.22e+02  4.33e+02  5.50e+01  1.63e+01  5.17e+00   0.05
2002 11 30  0025   52608    1500  0  7.69e+02  2.07e+01  0  7.70e+02  4.10e+02  5.39e+01  1.59e+01  5.04e+00   0.05
2002 11 30  0030   52608    1800  0  6.96e+02  1.82e+01  0  7.46e+02  3.79e+02  5.09e+01  1.59e+01  4.83e+00   0.05
2002 11 30  0035   52608    2100  0  7.47e+02  1.89e+01  0  8.17e+02  4.40e+02  5.41e+01  1.53e+01  4.85e+00   0.11
2002 11 30  0040   52608    2400  0  7.72e+02  1.86e+01  0  6.62e+02  3.47e+02  4.89e+01  1.53e+01  5.10e+00   0.16
2002 11 30  0045   52608    2700  0  7.36e+02  1.65e+01  0  6.97e+02  3.49e+02  4.73e+01  1.57e+01  4.62e+00   0.18
2002 11 30  0050   52608    3000  0  7.40e+02  1.67e+01  0  6.99e+02  3.50e+02  4.86e+01  1.43e+01  4.69e+00   0.10
2002 11 30  0055   52608    3300  0  7.47e+02  1.75e+01  0  7.27e+02  3.92e+02  5.47e+01  1.55e+01  4.60e+00   0.05
2002 11 30  0100   52608    3600  0  7.52e+02  1.65e+01  0  6.94e+02  3.81e+02  4.80e+01  1.50e+01  4.75e+00   0.09
2002 11 30  0105   52608    3900  0  7.59e+02  1.58e+01  0  6.98e+02  3.60e+02  4.90e+01  1.44e+01  4.46e+00   0.10
2002 11 30  0110   52608    4200  0  7.59e+02  1.63e+01  0  6.80e+02  3.47e+02  4.75e+01  1.43e+01  4.08e+00   0.02
2002 11 30  0115   52608    4500  0  7.97e+02  1.95e+01  0  6.85e+02  3.38e+02  4.75e+01  1.44e+01  4.39e+00   0.08
2002 11 30  0120   52608    4800  0  7.43e+02  2.02e+01  0  6.75e+02  3.61e+02  4.94e+01  1.32e+01  4.41e+00   0.19
2002 11 30  0125   52608    5100  0  7.48e+02  1.54e+01  0  6.88e+02  3.52e+02  5.11e+01  1.35e+01  4.56e+00   0.05
2002 11 30  0130   52608    5400  0  7.00e+02  1.80e+01  0  6.45e+02  3.54e+02  4.69e+01  1.50e+01  4.31e+00   0.08
2002 11 30  0135   52608    5700  0  7.50e+02  1.86e+01  0  7.21e+02  3.62e+02  5.15e+01  1.53e+01  4.94e+00   0.08
2002 11 30  0140   52608    6000  0  7.88e+02  1.66e+01  0  7.79e+02  4.01e+02  5.35e+01  1.53e+01  4.62e+00   0.12
2002 11 30  0145   52608    6300  0  7.14e+02  2.09e+01  0  6.10e+02  3.07e+02  4.60e+01  1.37e+01  4.50e+00   0.13
2002 11 30  0150   52608    6600  0  8.39e+02  1.70e+01  0  5.88e+02  3.21e+02  4.64e+01  1.43e+01  4.16e+00   0.09
2002 11 30  0155   52608    6900  0  7.31e+02  1.96e+01  0  5.97e+02  3.23e+02  4.78e+01  1.48e+01  4.28e+00   0.04
2002 11 30  0200   52608    7200  0  7.81e+02  1.83e+01  0  5.95e+02  3.24e+02  4.68e+01  1.42e+01  4.39e+00   0.09
2002 11 30  0205   52608    7500  0  7.17e+02  1.91e+01  0  6.56e+02  3.46e+02  4.64e+01  1.36e+01  4.14e+00   0.02
2002 11 30  0210   52608    7800  0  7.97e+02  1.42e+01  0  6.46e+02  3.29e+02  4.69e+01  1.37e+01  4.56e+00   0.08
2002 11 30  0215   52608    8100  0  6.57e+02  2.10e+01  0  7.56e+02  3.64e+02  4.90e+01  1.40e+01  4.69e+00   0.13
2002 11 30  0220   52608    8400  0  7.34e+02  1.52e+01  0  8.58e+02  3.93e+02  4.79e+01  1.43e+01  3.70e+00   0.10
2002 11 30  0225   52608    8700  0  7.34e+02  1.71e+01  0  8.25e+02  3.63e+02  5.02e+01  1.44e+01  4.41e+00   0.10
2002 11 30  0230   52608    9000  0  6.75e+02  1.70e+01  0  6.51e+02  3.24e+02  4.45e+01  1.38e+01  3.81e+00   0.06
2002 11 30  0235   52608    9300  0  7.31e+02  1.72e+01  0  7.08e+02  3.55e+02  5.00e+01  1.38e+01  3.82e+00   0.09
2002 11 30  0240   52608    9600  0  7.83e+02  1.90e+01  0  5.70e+02  3.12e+02  4.71e+01  1.24e+01  4.29e+00   0.05
2002 11 30  0245   52608    9900  0  7.52e+02  1.86e+01  0  6.34e+02  3.29e+02  4.13e+01  1.26e+01  4.41e+00   0.03
2002 11 30  0250   52608   10200  0  7.01e+02  1.94e+01  0  6.35e+02  3.15e+02  4.25e+01  1.24e+01  3.74e+00   0.06
2002 11 30  0255   52608   10500  0  7.38e+02  1.86e+01  0  6.21e+02  3.18e+02  4.16e+01  1.22e+01  3.89e+00   0.09
2002 11 30  0300   52608   10800  0  6.91e+02  1.67e+01  0  7.43e+02  3.21e+02  4.42e+01  1.27e+01  4.49e+00   0.19
2002 11 30  0305   52608   11100  0  7.56e+02  1.65e+01  0  1.02e+03  3.97e+02  4.64e+01  1.23e+01  4.05e+00   0.08
2002 11 30  0310   52608   11400  0  7.59e+02  1.56e+01  0  9.93e+02  3.41e+02  4.35e+01  1.14e+01  3.39e+00   0.09
2002 11 30  0315   52608   11700  0  7.59e+02  1.63e+01  0  8.36e+02  3.29e+02  4.28e+01  1.27e+01  3.87e+00   0.07
2002 11 30  0320   52608   12000  0  7.51e+02  2.00e+01  0  8.88e+02  3.64e+02  4.11e+01  1.21e+01  4.03e+00   0.17
2002 11 30  0325   52608   12300  0  7.49e+02  1.74e+01  0  8.25e+02  3.33e+02  4.57e+01  1.31e+01  3.44e+00   0.09
2002 11 30  0330   52608   12600  0  7.36e+02  1.87e+01  0  9.93e+02  3.71e+02  4.51e+01  1.27e+01  3.79e+00   0.05
2002 11 30  0335   52608   12900  0  6.91e+02  1.44e+01  0  1.12e+03  3.89e+02  4.59e+01  1.20e+01  4.08e+00   0.11
2002 11 30  0340   52608   13200  0  7.75e+02  2.05e+01  0  1.03e+03  3.61e+02  4.53e+01  1.29e+01  4.08e+00   0.05
2002 11 30  0345   52608   13500  0  7.56e+02  2.07e+01  0  9.75e+02  3.15e+02  4.06e+01  1.23e+01  4.21e+00   0.11
2002 11 30  0350   52608   13800  0  7.09e+02  1.80e+01  0  8.21e+02  2.93e+02  3.86e+01  1.23e+01  3.65e+00   0.14
2002 11 30  0355   52608   14100  0  7.19e+02  1.84e+01  0  7.08e+02  2.83e+02  4.15e+01  1.30e+01  4.01e+00   0.13
2002 11 30  0400   52608   14400  0  7.12e+02  1.51e+01  0  9.03e+02  3.34e+02  4.32e+01  1.27e+01  3.64e+00   0.01
2002 11 30  0405   52608   14700  0  7.48e+02  1.84e+01  0  7.34e+02  2.97e+02  4.09e+01  1.22e+01  3.75e+00   0.04
2002 11 30  0410   52608   15000  0  7.45e+02  2.01e+01  0  8.28e+02  3.30e+02  4.48e+01  1.21e+01  4.29e+00   0.05
2002 11 30  0415   52608   15300  0  7.49e+02  1.76e+01  0  7.49e+02  2.56e+02  3.51e+01  1.23e+01  3.33e+00   0.21
2002 11 30  0420   52608   15600  0  6.67e+02  1.64e+01  0  8.67e+02  2.73e+02  3.76e+01  1.11e+01  3.35e+00   0.08
2002 11 30  0425   52608   15900  0  6.98e+02  2.06e+01  0  7.42e+02  2.40e+02  3.45e+01  1.18e+01  3.23e+00   0.23
2002 11 30  0430   52608   16200  0  7.02e+02  2.26e+01  0  7.41e+02  2.38e+02  3.57e+01  1.07e+01  2.94e+00   0.18
2002 11 30  0435   52608   16500  0  7.02e+02  1.99e+01  0  8.06e+02  2.43e+02  3.42e+01  1.08e+01  3.22e+00   0.05
2002 11 30  0440   52608   16800  0  7.09e+02  1.78e+01  0  7.78e+02  2.60e+02  3.87e+01  1.13e+01  4.02e+00   0.10
2002 11 30  0445   52608   17100  0  6.68e+02  1.77e+01  0  6.22e+02  2.79e+02  3.79e+01  1.13e+01  3.52e+00   0.12
2002 11 30  0450   52608   17400  0  6.57e+02  2.01e+01  0  6.52e+02  3.06e+02  4.26e+01  1.10e+01  4.27e+00   0.14
2002 11 30  0455   52608   17700  0  7.02e+02  1.59e+01  0  6.90e+02  2.94e+02  4.25e+01  1.16e+01  3.85e+00   0.08
2002 11 30  0500   52608   18000  0  6.72e+02  1.78e+01  0  6.83e+02  2.79e+02  3.86e+01  1.10e+01  3.42e+00   0.06
2002 11 30  0505   52608   18300  0  7.09e+02  1.81e+01  0  6.04e+02  2.37e+02  3.51e+01  1.02e+01  3.08e+00   0.05
2002 11 30  0510   52608   18600  0  6.94e+02  1.71e+01  0  5.74e+02  2.32e+02  3.52e+01  9.94e+00  3.44e+00   0.09
2002 11 30  0515   52608   18900  0  6.73e+02  1.83e+01  0  6.49e+02  2.38e+02  3.34e+01  1.07e+01  2.96e+00   0.12
2002 11 30  0520   52608   19200  0  7.09e+02  1.58e+01  0  6.26e+02  2.46e+02  3.15e+01  1.07e+01  2.85e+00   0.13
2002 11 30  0525   52608   19500  0  6.83e+02  1.81e+01  0  7.23e+02  2.71e+02  3.64e+01  1.05e+01  3.17e+00   0.05
2002 11 30  0530   52608   19800  0  7.44e+02  1.39e+01  0  4.95e+02  2.19e+02  3.11e+01  9.91e+00  3.30e+00   0.19
2002 11 30  0535   52608   20100  0  6.30e+02  1.71e+01  0  5.12e+02  2.23e+02  3.35e+01  9.83e+00  2.83e+00   0.05
2002 11 30  0540   52608   20400  0  6.60e+02  1.58e+01  0  5.59e+02  2.12e+02  3.37e+01  8.80e+00  3.26e+00   0.18
2002 11 30  0545   52608   20700  0  6.42e+02  1.76e+01  0  5.00e+02  2.16e+02  3.13e+01  1.00e+01  3.44e+00   0.07
2002 11 30  0550   52608   21000  0  6.76e+02  2.00e+01  0  4.75e+02  2.06e+02  2.82e+01  1.04e+01  2.67e+00   0.01
2002 11 30  0555   52608   21300  0  6.03e+02  1.82e+01  0  4.12e+02  1.94e+02  2.93e+01  9.51e+00  2.88e+00   0.05
2002 11 30  0600   52608   21600  0  6.13e+02  1.83e+01  0  4.39e+02  2.20e+02  3.03e+01  9.51e+00  3.17e+00   0.15
2002 11 30  0605   52608   21900  0  6.65e+02  1.91e+01  0  4.22e+02  2.14e+02  3.26e+01  9.42e+00  3.21e+00   0.19
2002 11 30  0610   52608   22200  0  7.02e+02  1.92e+01  0  3.95e+02  1.89e+02  2.94e+01  9.23e+00  2.85e+00   0.10
2002 11 30  0615   52608   22500  0  6.35e+02  1.76e+01  0  4.16e+02  1.96e+02  2.95e+01  9.47e+00  2.44e+00   0.17
2002 11 30  0620   52608   22800  0  6.93e+02  1.64e+01  0  4.66e+02  1.92e+02  2.90e+01  9.32e+00  2.46e+00   0.21
2002 11 30  0625   52608   23100  0  6.60e+02  1.74e+01  0  5.41e+02  2.06e+02  2.98e+01  1.02e+01  2.94e+00   0.23
2002 11 30  0630   52608   23400  0  6.28e+02  1.81e+01  0  4.64e+02  1.92e+02  2.94e+01  8.71e+00  2.67e+00   0.13
2002 11 30  0635   52608   23700  0  6.65e+02  1.93e+01  0  4.65e+02  1.86e+02  2.85e+01  9.01e+00  3.28e+00   0.11
2002 11 30  0640   52608   24000  0  6.28e+02  2.01e+01  0  5.17e+02  1.93e+02  2.87e+01  8.94e+00  2.42e+00   0.15
2002 11 30  0645   52608   24300  0  6.27e+02  1.65e+01  0  4.79e+02  1.92e+02  2.83e+01  9.20e+00  2.75e+00   0.21
2002 11 30  0650   52608   24600  0  6.10e+02  1.91e+01  0  4.40e+02  1.81e+02  2.79e+01  9.15e+00  2.82e+00   0.17
2002 11 30  0655   52608   24900  0  5.83e+02  1.88e+01  0  4.34e+02  2.02e+02  3.16e+01  9.50e+00  2.96e+00   0.08
2002 11 30  0700   52608   25200  0  6.97e+02  1.99e+01  0  4.20e+02  1.99e+02  2.90e+01  9.73e+00  2.82e+00   0.16
2002 11 30  0705   52608   25500  0  6.75e+02  2.04e+01  0  4.20e+02  1.94e+02  3.17e+01  9.21e+00  2.98e+00   0.24
2002 11 30  0710   52608   25800  0  6.51e+02  1.96e+01  0  4.03e+02  2.07e+02  3.08e+01  9.28e+00  2.40e+00   0.07
2002 11 30  0715   52608   26100  0  7.23e+02  1.73e+01  0  3.97e+02  1.94e+02  2.90e+01  9.02e+00  2.89e+00   0.11
2002 11 30  0720   52608   26400  0  6.26e+02  1.76e+01  0  4.25e+02  1.94e+02  2.78e+01  9.04e+00  2.60e+00   0.04
2002 11 30  0725   52608   26700  0  6.46e+02  1.82e+01  0  3.63e+02  1.68e+02  2.68e+01  8.60e+00  2.63e+00   0.12
2002 11 30  0730   52608   27000  0  6.49e+02  1.66e+01  0  2.91e+02  1.49e+02  2.46e+01  8.21e+00  2.62e+00   0.08
2002 11 30  0735   52608   27300  0  6.31e+02  1.70e+01  0  3.82e+02  2.07e+02  3.13e+01  9.58e+00  3.29e+00   0.07
2002 11 30  0740   52608   27600  0  6.32e+02  1.60e+01  0  3.61e+02  1.86e+02  2.96e+01  8.53e+00  3.01e+00   0.07
2002 11 30  0745   52608   27900  0  6.89e+02  2.18e+01  0  3.33e+02  1.59e+02  2.55e+01  7.46e+00  2.58e+00   0.04
2002 11 30  0750   52608   28200  0  6.37e+02  1.70e+01  0  3.31e+02  1.50e+02  2.35e+01  8.83e+00  1.92e+00   0.20
2002 11 30  0755   52608   28500  0  6.32e+02  1.70e+01  0  3.37e+02  1.41e+02  2.34e+01  8.28e+00  2.47e+00   0.15
2002 11 30  0800   52608   28800  0  6.22e+02  1.67e+01  0  3.28e+02  1.52e+02  2.31e+01  7.25e+00  2.33e+00   0.09
2002 11 30  0805   52608   29100  9 -1.00e+05 -1.00e+05  9 -1.00e+05 -1.00e+05 -1.00e+05 -1.00e+05 -1.00e+05  -1.00
2002 11 30  0810   52608   29400  9 -1.00e+05 -1.00e+05  9 -1.00e+05 -1.00e+05 -1.00e+05 -1.00e+05 -1.00e+05  -1.00
2002 11 30  0815   52608   29700  9 -1.00e+05 -1.00e+05  9 -1.00e+05 -1.00e+05 -1.00e+05 -1.00e+05 -1.00e+05  -1.00
2002 11 30  0820   52608   30000  0  6.30e+02  1.90e+01  0  3.28e+02  1.44e+02  2.46e+01  7.18e+00  2.09e+00   0.15
2002 11 30  0825   52608   30300  0  6.70e+02  1.76e+01  0  3.50e+02  1.45e+02  2.31e+01  7.53e+00  2.37e+00   0.12
2002 11 30  0830   52608   30600  0  6.26e+02  1.96e+01  0  3.40e+02  1.44e+02  2.27e+01  7.50e+00  2.08e+00   0.21
2002 11 30  0835   52608   30900  0  6.60e+02  1.55e+01  0  3.35e+02  1.40e+02  2.01e+01  6.58e+00  2.35e+00   0.10
2002 11 30  0840   52608   31200  0  6.85e+02  1.81e+01  0  3.31e+02  1.34e+02  1.93e+01  7.01e+00  2.57e+00   0.08
2002 11 30  0845   52608   31500  0  6.78e+02  1.64e+01  0  3.03e+02  1.19e+02  1.89e+01  6.75e+00  2.35e+00   0.15
2002 11 30  0850   52608   31800  0  5.90e+02  1.64e+01  0  2.90e+02  1.31e+02  2.07e+01  7.77e+00  2.73e+00   0.11
2002 11 30  0855   52608   32100  0  6.65e+02  2.06e+01  0  3.26e+02  1.44e+02  2.22e+01  7.30e+00  2.33e+00   0.18
2002 11 30  0900   52608   32400  0  6.50e+02  1.90e+01  0  3.59e+02  1.43e+02  2.31e+01  6.78e+00  2.16e+00   0.03
2002 11 30  0905   52608   32700  0  6.01e+02  1.70e+01  0  4.16e+02  1.58e+02  2.39e+01  7.44e+00  2.69e+00   0.19
2002 11 30  0910   52608   33000  0  6.45e+02  1.99e+01  0  3.89e+02  1.52e+02  2.32e+01  7.22e+00  2.71e+00   0.12
2002 11 30  0915   52608   33300  0  6.65e+02  1.64e+01  0  4.09e+02  1.60e+02  2.48e+01  7.32e+00  2.90e+00   0.17
2002 11 30  0920   52608   33600  0  6.13e+02  1.60e+01  0  3.91e+02  1.36e+02  2.31e+01  7.57e+00  2.52e+00   0.05
2002 11 30  0925   52608   33900  0  5.69e+02  1.82e+01  0  3.43e+02  1.26e+02  2.04e+01  7.04e+00  2.47e+00   0.13
2002 11 30  0930   52608   34200  0  6.71e+02  1.57e+01  0  3.63e+02  1.12e+02  2.03e+01  7.17e+00  2.23e+00   0.11
2002 11 30  0935   52608   34500  0  5.83e+02  1.67e+01  0  4.38e+02  1.11e+02  1.80e+01  7.05e+00  2.19e+00   0.15
2002 11 30  0940   52608   34800  0  6.35e+02  1.79e+01  0  3.78e+02  1.21e+02  1.84e+01  7.11e+00  2.49e+00   0.13
2002 11 30  0945   52608   35100  9 -1.00e+05 -1.00e+05  9 -1.00e+05 -1.00e+05 -1.00e+05 -1.00e+05 -1.00e+05  -1.00
2002 11 30  0950   52608   35400  9 -1.00e+05 -1.00e+05  9 -1.00e+05 -1.00e+05 -1.00e+05 -1.00e+05 -1.00e+05  -1.00
2002 11 30  0955   52608   35700  9 -1.00e+05 -1.00e+05  9 -1.00e+05 -1.00e+05 -1.00e+05 -1.00e+05 -1.00e+05  -1.00
2002 11 30  1000   52608   36000  9 -1.00e+05 -1.00e+05  9 -1.00e+05 -1.00e+05 -1.00e+05 -1.00e+05 -1.00e+05  -1.00
2002 11 30  1005   52608   36300  9 -1.00e+05 -1.00e+05  9 -1.00e+05 -1.00e+05 -1.00e+05 -1.00e+05 -1.00e+05  -1.00
2002 11 30  1010   52608   36600  9 -1.00e+05 -1.00e+05  9 -1.00e+05 -1.00e+05 -1.00e+05 -1.00e+05 -1.00e+05  -1.00
2002 11 30  1015   52608   36900  9 -1.00e+05 -1.00e+05  9 -1.00e+05 -1.00e+05 -1.00e+05 -1.00e+05 -1.00e+05  -1.00
2002 11 30  1020   52608   37200  9 -1.00e+05 -1.00e+05  9 -1.00e+05 -1.00e+05 -1.00e+05 -1.00e+05 -1.00e+05  -1.00
2002 11 30  1025   52608   37500  9 -1.00e+05 -1.00e+05  9 -1.00e+05 -1.00e+05 -1.00e+05 -1.00e+05 -1.00e+05  -1.00
2002 11 30  1030   52608   37800  9 -1.00e+05 -1.00e+05  9 -1.00e+05 -1.00e+05 -1.00e+05 -1.00e+05 -1.00e+05  -1.00
2002 11 30  1035   52608   38100  9 -1.00e+05 -1.00e+05  9 -1.00e+05 -1.00e+05 -1.00e+05 -1.00e+05 -1.00e+05  -1.00
2002 11 30  1040   52608   38400  9 -1.00e+05 -1.00e+05  9 -1.00e+05 -1.00e+05 -1.00e+05 -1.00e+05 -1.00e+05  -1.00
2002 11 30  1045   52608   38700  9 -1.00e+05 -1.00e+05  9 -1.00e+05 -1.00e+05 -1.00e+05 -1.00e+05 -1.00e+05  -1.00
2002 11 30  1050   52608   39000  9 -1.00e+05 -1.00e+05  9 -1.00e+05 -1.00e+05 -1.00e+05 -1.00e+05 -1.00e+05  -1.00
2002 11 30  1055   52608   39300  9 -1.00e+05 -1.00e+05  9 -1.00e+05 -1.00e+05 -1.00e+05 -1.00e+05 -1.00e+05  -1.00
2002 11 30  1100   52608   39600  9 -1.00e+05 -1.00e+05  9 -1.00e+05 -1.00e+05 -1.00e+05 -1.00e+05 -1.00e+05  -1.00
2002 11 30  1105   52608   39900  9 -1.00e+05 -1.00e+05  9 -1.00e+05 -1.00e+05 -1.00e+05 -1.00e+05 -1.00e+05  -1.00
2002 11 30  1110   52608   40200  9 -1.00e+05 -1.00e+05  9 -1.00e+05 -1.00e+05 -1.00e+05 -1.00e+05 -1.00e+05  -1.00
2002 11 30  1115   52608   40500  9 -1.00e+05 -1.00e+05  9 -1.00e+05 -1.00e+05 -1.00e+05 -1.00e+05 -1.00e+05  -1.00
2002 11 30  1120   52608   40800  9 -1.00e+05 -1.00e+05  9 -1.00e+05 -1.00e+05 -1.00e+05 -1.00e+05 -1.00e+05  -1.00
2002 11 30  1125   52608   41100  9 -1.00e+05 -1.00e+05  9 -1.00e+05 -1.00e+05 -1.00e+05 -1.00e+05 -1.00e+05  -1.00
2002 11 30  1130   52608   41400  9 -1.00e+05 -1.00e+05  9 -1.00e+05 -1.00e+05 -1.00e+05 -1.00e+05 -1.00e+05  -1.00
2002 11 30  1135   52608   41700  9 -1.00e+05 -1.00e+05  9 -1.00e+05 -1.00e+05 -1.00e+05 -1.00e+05 -1.00e+05  -1.00
2002 11 30  1140   52608   42000  9 -1.00e+05 -1.00e+05  9 -1.00e+05 -1.00e+05 -1.00e+05 -1.00e+05 -1.00e+05  -1.00
2002 11 30  1145   52608   42300  9 -1.00e+05 -1.00e+05  9 -1.00e+05 -1.00e+05 -1.00e+05 -1.00e+05 -1.00e+05  -1.00
2002 11 30  1150   52608   42600  9 -1.00e+05 -1.00e+05  9 -1.00e+05 -1.00e+05 -1.00e+05 -1.00e+05 -1.00e+05  -1.00
2002 11 30  1155   52608   42900  9 -1.00e+05 -1.00e+05  9 -1.00e+05 -1.00e+05 -1.00e+05 -1.00e+05 -1.00e+05  -1.00
2002 11 30  1200   52608   43200  9 -1.00e+05 -1.00e+05  9 -1.00e+05 -1.00e+05 -1.00e+05 -1.00e+05 -1.00e+05  -1.00
2002 11 30  1205   52608   43500  9 -1.00e+05 -1.00e+05  9 -1.00e+05 -1.00e+05 -1.00e+05 -1.00e+05 -1.00e+05  -1.00
2002 11 30  1210   52608   43800  9 -1.00e+05 -1.00e+05  9 -1.00e+05 -1.00e+05 -1.00e+05 -1.00e+05 -1.00e+05  -1.00
2002 11 30  1215   52608   44100  9 -1.00e+05 -1.00e+05  9 -1.00e+05 -1.00e+05 -1.00e+05 -1.00e+05 -1.00e+05  -1.00
2002 11 30  1220   52608   44400  9 -1.00e+05 -1.00e+05  9 -1.00e+05 -1.00e+05 -1.00e+05 -1.00e+05 -1.00e+05  -1.00
2002 11 30  1225   52608   44700  9 -1.00e+05 -1.00e+05  9 -1.00e+05 -1.00e+05 -1.00e+05 -1.00e+05 -1.00e+05  -1.00
2002 11 30  1230   52608   45000  9 -1.00e+05 -1.00e+05  9 -1.00e+05 -1.00e+05 -1.00e+05 -1.00e+05 -1.00e+05  -1.00
2002 11 30  1235   52608   45300  9 -1.00e+05 -1.00e+05  9 -1.00e+05 -1.00e+05 -1.00e+05 -1.00e+05 -1.00e+05  -1.00
2002 11 30  1240   52608   45600  9 -1.00e+05 -1.00e+05  9 -1.00e+05 -1.00e+05 -1.00e+05 -1.00e+05 -1.00e+05  -1.00
2002 11 30  1245   52608   45900  9 -1.00e+05 -1.00e+05  9 -1.00e+05 -1.00e+05 -1.00e+05 -1.00e+05 -1.00e+05  -1.00
2002 11 30  1250   52608   46200  9 -1.00e+05 -1.00e+05  9 -1.00e+05 -1.00e+05 -1.00e+05 -1.00e+05 -1.00e+05  -1.00
2002 11 30  1255   52608   46500  0  6.45e+02  1.67e+01  0  2.60e+02  1.22e+02  2.00e+01  6.17e+00  2.29e+00   0.11
2002 11 30  1300   52608   46800  0  6.48e+02  1.89e+01  0  3.09e+02  1.28e+02  2.18e+01  5.92e+00  2.57e+00   0.24
2002 11 30  1305   52608   47100  0  6.57e+02  2.00e+01  0  3.19e+02  1.19e+02  2.02e+01  6.38e+00  2.17e+00   0.07
2002 11 30  1310   52608   47400  0  6.20e+02  1.86e+01  0  2.63e+02  1.12e+02  1.92e+01  6.67e+00  2.60e+00   0.18
2002 11 30  1315   52608   47700  0  6.81e+02  1.82e+01  0  2.80e+02  1.16e+02  1.99e+01  6.58e+00  2.33e+00   0.24
2002 11 30  1320   52608   48000  0  5.75e+02  1.94e+01  0  2.23e+02  1.04e+02  1.70e+01  5.67e+00  1.96e+00   0.08
2002 11 30  1325   52608   48300  0  6.04e+02  1.69e+01  0  2.48e+02  1.12e+02  1.88e+01  6.33e+00  1.85e+00   0.22
2002 11 30  1330   52608   48600  0  6.00e+02  1.85e+01  0  2.31e+02  7.72e+01  1.49e+01  5.15e+00  1.77e+00   0.03
2002 11 30  1335   52608   48900  0  5.65e+02  1.95e+01  0  3.00e+02  8.33e+01  1.55e+01  5.32e+00  1.75e+00   0.16
2002 11 30  1340   52608   49200  0  5.62e+02  1.59e+01  0  2.63e+02  8.52e+01  1.56e+01  5.85e+00  1.85e+00   0.12
2002 11 30  1345   52608   49500  0  5.90e+02  1.51e+01  0  2.93e+02  9.54e+01  1.68e+01  5.28e+00  1.97e+00   0.13
2002 11 30  1350   52608   49800  0  6.17e+02  1.47e+01  0  2.47e+02  9.68e+01  1.78e+01  5.88e+00  2.35e+00   0.19
2002 11 30  1355   52608   50100  0  6.71e+02  1.76e+01  0  2.17e+02  1.01e+02  1.72e+01  6.02e+00  2.01e+00   0.33
2002 11 30  1400   52608   50400  0  6.56e+02  1.86e+01  0  2.92e+02  1.13e+02  1.80e+01  6.18e+00  2.20e+00   0.16
2002 11 30  1405   52608   50700  0  6.99e+02  1.64e+01  0  2.85e+02  9.60e+01  1.61e+01  5.68e+00  1.81e+00   0.05
2002 11 30  1410   52608   51000  0  6.35e+02  1.78e+01  0  2.82e+02  9.82e+01  1.75e+01  5.81e+00  1.96e+00   0.23
2002 11 30  1415   52608   51300  0  6.42e+02  1.88e+01  0  2.53e+02  9.39e+01  1.85e+01  6.00e+00  1.95e+00   0.12
2002 11 30  1420   52608   51600  0  6.27e+02  1.77e+01  0  2.50e+02  8.31e+01  1.79e+01  5.49e+00  1.70e+00   0.02
2002 11 30  1425   52608   51900  0  5.72e+02  2.03e+01  0  2.09e+02  8.26e+01  1.34e+01  5.03e+00  2.04e+00   0.10
2002 11 30  1430   52608   52200  0  6.58e+02  1.75e+01  0  2.34e+02  7.85e+01  1.71e+01  5.27e+00  1.44e+00   0.10
2002 11 30  1435   52608   52500  0  6.45e+02  1.53e+01  0  2.86e+02  8.74e+01  1.54e+01  5.14e+00  1.99e+00   0.16
2002 11 30  1440   52608   52800  0  6.01e+02  1.53e+01  0  2.22e+02  9.56e+01  1.80e+01  5.78e+00  1.90e+00   0.14
2002 11 30  1445   52608   53100  0  5.65e+02  2.02e+01  0  2.19e+02  9.78e+01  1.79e+01  5.56e+00  2.01e+00   0.17
2002 11 30  1450   52608   53400  0  6.39e+02  1.76e+01  0  2.12e+02  8.31e+01  1.52e+01  5.36e+00  1.77e+00   0.31
2002 11 30  1455   52608   53700  0  5.50e+02  1.74e+01  0  2.50e+02  7.74e+01  1.49e+01  5.19e+00  1.71e+00   0.05
2002 11 30  1500   52608   54000  0  5.69e+02  1.63e+01  0  3.12e+02  8.39e+01  1.61e+01  4.89e+00  1.58e+00   0.12
2002 11 30  1505   52608   54300  0  5.38e+02  1.79e+01  0  2.48e+02  8.00e+01  1.36e+01  5.03e+00  1.92e+00   0.14
2002 11 30  1510   52608   54600  0  5.88e+02  1.76e+01  0  3.42e+02  8.09e+01  1.60e+01  5.28e+00  1.92e+00   0.12
2002 11 30  1515   52608   54900  0  5.85e+02  1.67e+01  0  2.95e+02  8.01e+01  1.47e+01  5.10e+00  1.97e+00   0.14
2002 11 30  1520   52608   55200  0  5.57e+02  2.03e+01  0  3.21e+02  8.54e+01  1.59e+01  5.61e+00  1.90e+00   0.10
2002 11 30  1525   52608   55500  0  5.59e+02  1.67e+01  0  2.92e+02  8.13e+01  1.64e+01  4.98e+00  1.73e+00   0.28
2002 11 30  1530   52608   55800  0  6.08e+02  1.75e+01  0  2.07e+02  7.27e+01  1.34e+01  4.69e+00  1.56e+00   0.06
2002 11 30  1535   52608   56100  0  5.77e+02  1.57e+01  0  2.22e+02  8.02e+01  1.57e+01  5.49e+00  1.92e+00   0.11
2002 11 30  1540   52608   56400  0  6.17e+02  1.60e+01  0  2.79e+02  8.53e+01  1.70e+01  4.85e+00  1.81e+00   0.10
2002 11 30  1545   52608   56700  0  5.72e+02  1.65e+01  0  2.84e+02  8.68e+01  1.57e+01  5.32e+00  1.69e+00   0.13
2002 11 30  1550   52608   57000  0  6.08e+02  1.55e+01  0  2.27e+02  8.05e+01  1.23e+01  5.07e+00  1.71e+00   0.16
2002 11 30  1555   52608   57300  0  5.25e+02  1.63e+01  0  1.65e+02  7.85e+01  1.44e+01  4.77e+00  1.41e+00   0.04
2002 11 30  1600   52608   57600  0  5.68e+02  1.66e+01  0  1.71e+02  7.25e+01  1.69e+01  4.67e+00  1.67e+00   0.05
2002 11 30  1605   52608   57900  0  6.08e+02  2.01e+01  0  2.10e+02  8.16e+01  1.35e+01  4.71e+00  2.00e+00   0.22
2002 11 30  1610   52608   58200  0  5.49e+02  2.12e+01  0  2.09e+02  6.97e+01  1.41e+01  5.26e+00  1.43e+00   0.14
2002 11 30  1615   52608   58500  0  5.88e+02  2.00e+01  0  2.14e+02  7.50e+01  1.47e+01  4.74e+00  1.27e+00   0.12
2002 11 30  1620   52608   58800  0  6.46e+02  1.88e+01  0  2.35e+02  7.85e+01  1.35e+01  4.92e+00  1.53e+00   0.21
2002 11 30  1625   52608   59100  0  5.49e+02  1.55e+01  0  2.55e+02  7.90e+01  1.52e+01  5.20e+00  1.70e+00   0.08
2002 11 30  1630   52608   59400  0  6.06e+02  1.79e+01  0  2.39e+02  8.88e+01  1.61e+01  5.13e+00  1.70e+00   0.24
2002 11 30  1635   52608   59700  0  6.12e+02  1.43e+01  0  2.79e+02  8.93e+01  1.47e+01  4.63e+00  1.78e+00   0.21
2002 11 30  1640   52608   60000  0  5.89e+02  1.71e+01  0  2.78e+02  8.35e+01  1.21e+01  5.36e+00  2.02e+00   0.04
2002 11 30  1645   52608   60300  0  6.13e+02  1.56e+01  0  2.78e+02  8.48e+01  1.62e+01  5.58e+00  1.66e+00   0.02
2002 11 30  1650   52608   60600  0  5.93e+02  1.71e+01  0  2.72e+02  8.97e+01  1.48e+01  5.42e+00  1.58e+00   0.07
2002 11 30  1655   52608   60900  0  5.54e+02  1.77e+01  0  2.08e+02  8.16e+01  1.17e+01  5.53e+00  1.78e+00   0.12
2002 11 30  1700   52608   61200  0  5.87e+02  1.65e+01  0  2.51e+02  8.16e+01  1.37e+01  4.50e+00  1.71e+00   0.11
2002 11 30  1705   52608   61500  0  5.09e+02  1.63e+01  0  1.09e+03  4.44e+02  1.64e+01  5.55e+00  1.85e+00   0.02
2002 11 30  1710   52608   61800  0  6.76e+02  1.88e+01  0  4.96e+02  1.24e+02  1.72e+01  5.18e+00  2.04e+00   0.31
2002 11 30  1715   52608   62100  0  6.25e+02  1.75e+01  0  3.19e+02  1.04e+02  1.33e+01  5.24e+00  1.85e+00   0.09
2002 11 30  1720   52608   62400  0  6.19e+02  1.64e+01  0  2.50e+02  9.06e+01  1.27e+01  5.17e+00  2.02e+00   0.07
2002 11 30  1725   52608   62700  0  5.89e+02  1.53e+01  0  2.92e+02  8.83e+01  1.57e+01  5.28e+00  1.85e+00   0.30
2002 11 30  1730   52608   63000  0  5.68e+02  2.02e+01  0  3.79e+02  8.92e+01  1.42e+01  5.13e+00  1.71e+00   0.09
2002 11 30  1735   52608   63300  0  5.74e+02  1.63e+01  0  2.21e+02  7.81e+01  1.45e+01  4.57e+00  1.54e+00   0.06
2002 11 30  1740   52608   63600  0  5.74e+02  1.72e+01  0  3.17e+02  9.85e+01  1.53e+01  5.38e+00  1.85e+00   0.28
2002 11 30  1745   52608   63900  0  6.15e+02  1.70e+01  0  4.11e+02  9.37e+01  1.40e+01  4.74e+00  2.08e+00   0.07
2002 11 30  1750   52608   64200  0  4.76e+02  1.72e+01  0  1.92e+02  7.32e+01  1.36e+01  5.53e+00  1.85e+00   0.11
2002 11 30  1755   52608   64500  0  5.42e+02  2.08e+01  0  1.85e+02  7.73e+01  1.30e+01  4.82e+00  1.73e+00   0.15
2002 11 30  1800   52608   64800  0  5.70e+02  1.71e+01  0  2.48e+02  8.54e+01  1.66e+01  5.16e+00  1.92e+00   0.07
2002 11 30  1805   52608   65100  0  5.74e+02  1.80e+01  0  1.80e+02  7.65e+01  1.33e+01  4.49e+00  1.25e+00   0.06
2002 11 30  1810   52608   65400  0  5.05e+02  2.05e+01  0  1.89e+02  7.95e+01  1.59e+01  5.35e+00  1.80e+00   0.24
2002 11 30  1815   52608   65700  0  5.20e+02  1.82e+01  0  2.01e+02  1.27e+02  1.51e+01  5.01e+00  1.75e+00   0.06
2002 11 30  1820   52608   66000  0  6.23e+02  1.62e+01  0  2.76e+02  1.32e+02  1.48e+01  4.83e+00  1.71e+00   0.23
2002 11 30  1825   52608   66300  0  5.70e+02  1.74e+01  0  2.05e+02  8.24e+01  1.42e+01  5.22e+00  1.40e+00   0.19
2002 11 30  1830   52608   66600  0  5.34e+02  1.80e+01  0  2.05e+02  9.06e+01  1.25e+01  5.42e+00  1.73e+00   0.35
2002 11 30  1835   52608   66900  0  5.97e+02  1.84e+01  0  6.18e+02  2.44e+02  1.59e+01  4.71e+00  1.85e+00   0.02
2002 11 30  1840   52608   67200  0  5.28e+02  1.84e+01  0  1.29e+03  3.49e+02  1.97e+01  5.52e+00  1.65e+00   0.06
2002 11 30  1845   52608   67500  0  5.57e+02  1.66e+01  0  7.56e+02  1.73e+02  1.47e+01  4.49e+00  1.55e+00   0.26
2002 11 30  1850   52608   67800  0  5.65e+02  1.70e+01  0  4.59e+02  1.46e+02  1.58e+01  5.62e+00  1.55e+00   0.13
2002 11 30  1855   52608   68100  0  6.10e+02  1.97e+01  0  3.53e+02  1.19e+02  1.80e+01  4.88e+00  2.00e+00   0.22
2002 11 30  1900   52608   68400  0  6.05e+02  1.73e+01  0  2.31e+02  8.57e+01  1.63e+01  5.12e+00  2.02e+00   0.35
2002 11 30  1905   52608   68700  0  5.62e+02  1.76e+01  0  2.48e+02  8.57e+01  1.51e+01  4.42e+00  1.57e+00   0.17
2002 11 30  1910   52608   69000  0  6.08e+02  1.91e+01  0  2.65e+02  8.05e+01  1.39e+01  4.65e+00  1.83e+00   0.14
2002 11 30  1915   52608   69300  0  5.51e+02  1.47e+01  0  3.03e+02  8.98e+01  1.62e+01  5.12e+00  1.87e+00   0.32
2002 11 30  1920   52608   69600  0  5.62e+02  1.80e+01  0  3.02e+02  8.16e+01  1.47e+01  4.85e+00  1.76e+00   0.25
2002 11 30  1925   52608   69900  0  5.90e+02  1.65e+01  0  3.14e+02  1.04e+02  1.31e+01  4.88e+00  1.45e+00   0.07
2002 11 30  1930   52608   70200  0  6.48e+02  1.49e+01  0  1.73e+02  6.63e+01  1.15e+01  4.32e+00  1.25e+00   0.09
2002 11 30  1935   52608   70500  0  5.82e+02  1.56e+01  0  2.32e+02  7.59e+01  1.39e+01  4.32e+00  1.45e+00   0.27
2002 11 30  1940   52608   70800  0  5.46e+02  2.06e+01  0  2.10e+02  8.35e+01  1.39e+01  5.47e+00  1.57e+00   0.06
2002 11 30  1945   52608   71100  0  5.84e+02  1.64e+01  0  2.31e+02  8.78e+01  1.36e+01  4.84e+00  1.62e+00   0.16
2002 11 30  1950   52608   71400  0  6.55e+02  1.88e+01  0  1.77e+02  8.54e+01  1.41e+01  4.74e+00  1.73e+00   0.14
2002 11 30  1955   52608   71700  0  5.99e+02  1.83e+01  0  2.05e+02  8.20e+01  1.13e+01  4.74e+00  1.68e+00   0.29
2002 11 30  2000   52608   72000  0  6.10e+02  1.80e+01  0  1.82e+02  8.35e+01  1.31e+01  4.43e+00  1.37e+00   0.09
2002 11 30  2005   52608   72300  0  6.24e+02  1.72e+01  0  1.77e+02  7.33e+01  1.20e+01  4.93e+00  1.67e+00   0.10
2002 11 30  2010   52608   72600  0  5.59e+02  1.90e+01  0  2.00e+02  7.76e+01  1.32e+01  4.94e+00  1.56e+00   0.02
2002 11 30  2015   52608   72900  0  5.86e+02  1.18e+01  0  2.39e+02  8.00e+01  1.25e+01  4.58e+00  1.79e+00   0.39
2002 11 30  2020   52608   73200  0  6.49e+02  1.91e+01  0  2.26e+02  7.03e+01  1.13e+01  4.54e+00  1.89e+00   0.23
2002 11 30  2025   52608   73500  0  4.94e+02  1.53e+01  0  2.15e+02  7.41e+01  1.36e+01  4.41e+00  1.92e+00   0.19
2002 11 30  2030   52608   73800  0  5.39e+02  2.02e+01  0  2.40e+02  6.63e+01  1.25e+01  4.86e+00  1.15e+00   0.10
2002 11 30  2035   52608   74100  0  5.42e+02  1.61e+01  0  1.94e+02  7.37e+01  1.13e+01  5.07e+00  1.37e+00   0.25
2002 11 30  2040   52608   74400  0  5.32e+02  1.76e+01  0  1.73e+02  7.50e+01  1.35e+01  5.26e+00  1.19e+00   0.12
2002 11 30  2045   52608   74700  0  5.62e+02  1.46e+01  0  1.75e+02  7.05e+01  1.35e+01  4.39e+00  1.60e+00   0.08
2002 11 30  2050   52608   75000  0  5.81e+02  1.50e+01  0  1.52e+02  6.63e+01  1.29e+01  3.99e+00  1.69e+00   0.14
2002 11 30  2055   52608   75300  0  5.79e+02  1.68e+01  0  1.36e+02  6.56e+01  1.23e+01  4.95e+00  1.52e+00   0.12
2002 11 30  2100   52608   75600  0  5.36e+02  1.38e+01  0  1.48e+02  7.41e+01  1.32e+01  4.56e+00  1.59e+00   0.17
2002 11 30  2105   52608   75900  0  5.21e+02  1.91e+01  0  2.11e+02  6.75e+01  1.25e+01  4.53e+00  1.40e+00   0.10
2002 11 30  2110   52608   76200  0  5.41e+02  1.71e+01  0  2.53e+02  6.47e+01  1.32e+01  4.61e+00  1.50e+00   0.21
2002 11 30  2115   52608   76500  0  5.65e+02  1.76e+01  0  2.34e+02  7.49e+01  1.18e+01  4.45e+00  1.57e+00   0.19
2002 11 30  2120   52608   76800  0  6.62e+02  1.54e+01  0  1.87e+02  6.94e+01  1.20e+01  4.86e+00  1.20e+00   0.06
2002 11 30  2125   52608   77100  0  5.92e+02  1.72e+01  0  1.70e+02  7.57e+01  1.28e+01  4.65e+00  1.53e+00   0.14
2002 11 30  2130   52608   77400  0  5.75e+02  1.81e+01  0  1.64e+02  6.30e+01  1.05e+01  4.35e+00  1.48e+00   0.19
2002 11 30  2135   52608   77700  0  5.25e+02  1.64e+01  0  1.77e+02  6.25e+01  1.21e+01  4.32e+00  1.44e+00   0.15
2002 11 30  2140   52608   78000  0  5.92e+02  2.05e+01  0  2.32e+02  6.36e+01  1.09e+01  4.40e+00  1.68e+00   0.00
2002 11 30  2145   52608   78300  0  5.99e+02  1.95e+01  0  2.27e+02  6.10e+01  1.09e+01  3.99e+00  1.37e+00   0.20
2002 11 30  2150   52608   78600  0  5.70e+02  1.42e+01  0  1.86e+02  5.92e+01  1.07e+01  4.35e+00  1.69e+00   0.21
2002 11 30  2155   52608   78900  0  5.77e+02  1.52e+01  0  1.63e+02  5.69e+01  1.20e+01  4.13e+00  1.51e+00   0.07
2002 11 30  2200   52608   79200  0  6.22e+02  1.43e+01  0  1.65e+02  6.36e+01  1.38e+01  4.85e+00  1.39e+00   0.10
2002 11 30  2205   52608   79500  0  6.81e+02  1.49e+01  0  1.46e+02  6.60e+01  1.29e+01  4.25e+00  1.60e+00   0.10
2002 11 30  2210   52608   79800  0  5.57e+02  1.92e+01  0  1.69e+02  6.28e+01  1.11e+01  4.50e+00  1.48e+00   0.10
2002 11 30  2215   52608   80100  0  5.51e+02  1.72e+01  0  1.63e+02  5.78e+01  1.10e+01  4.33e+00  1.50e+00   0.07
2002 11 30  2220   52608   80400  0  5.85e+02  1.84e+01  0  1.71e+02  5.88e+01  1.24e+01  4.59e+00  1.41e+00   0.19
2002 11 30  2225   52608   80700  0  6.01e+02  1.90e+01  0  1.35e+02  6.70e+01  1.20e+01  3.60e+00  1.46e+00   0.25
2002 11 30  2230   52608   81000  0  5.84e+02  1.37e+01  0  1.87e+02  5.62e+01  9.98e+00  3.56e+00  1.47e+00   0.04
2002 11 30  2235   52608   81300  0  6.37e+02  1.91e+01  0  1.79e+02  5.43e+01  1.13e+01  4.10e+00  1.32e+00   0.19
2002 11 30  2240   52608   81600  0  6.21e+02  1.79e+01  0  1.87e+02  6.07e+01  1.17e+01  4.50e+00  1.22e+00   0.06
2002 11 30  2245   52608   81900  0  5.37e+02  1.69e+01  0  1.54e+02  6.21e+01  1.09e+01  4.15e+00  1.55e+00   0.24
2002 11 30  2250   52608   82200  0  6.39e+02  1.74e+01  0  1.77e+02  5.66e+01  9.90e+00  3.90e+00  1.23e+00   0.15
2002 11 30  2255   52608   82500  0  6.29e+02  1.89e+01  0  1.89e+02  6.01e+01  1.06e+01  3.85e+00  1.60e+00   0.15
2002 11 30  2300   52608   82800  0  6.81e+02  1.82e+01  0  1.81e+02  6.43e+01  8.99e+00  3.98e+00  1.41e+00   0.15
2002 11 30  2305   52608   83100  0  5.45e+02  1.62e+01  0  1.74e+02  5.88e+01  9.70e+00  4.21e+00  1.24e+00   0.18
2002 11 30  2310   52608   83400  0  5.83e+02  1.68e+01  0  1.87e+02  5.24e+01  1.03e+01  4.04e+00  1.67e+00   0.06
2002 11 30  2315   52608   83700  0  5.92e+02  1.63e+01  0  2.01e+02  5.43e+01  1.09e+01  4.10e+00  1.52e+00   0.13
2002 11 30  2320   52608   84000  0  5.39e+02  1.81e+01  0  1.64e+02  6.04e+01  1.03e+01  3.66e+00  1.29e+00   0.10
2002 11 30  2325   52608   84300  0  6.52e+02  1.40e+01  0  2.08e+02  5.53e+01  1.00e+01  3.48e+00  1.15e+00   0.17
2002 11 30  2330   52608   84600  0  5.83e+02  1.72e+01  0  1.92e+02  6.44e+01  1.05e+01  3.85e+00  1.71e+00   0.01
2002 11 30  2335   52608   84900  0  5.41e+02  1.88e+01  0  2.17e+02  6.28e+01  1.02e+01  3.89e+00  1.65e+00   0.28
2002 11 30  2340   52608   85200  0  6.01e+02  1.64e+01  0  1.77e+02  5.23e+01  1.04e+01  4.10e+00  1.15e+00   0.04
2002 11 30  2345   52608   85500  0  6.42e+02  1.89e+01  0  1.61e+02  6.04e+01  8.65e+00  3.66e+00  1.27e+00   0.13
2002 11 30  2350   52608   85800  0  5.72e+02  1.65e+01  0  1.78e+02  5.97e+01  1.21e+01  4.43e+00  1.43e+00   0.12
2002 11 30  2355   52608   86100  0  5.57e+02  1.62e+01  0  2.03e+02  6.19e+01  9.43e+00  4.15e+00  1.41e+00   0.07
