:Data_list: 20021224_ace_epam_5m.txt
:Created: 2002 Dec 25 0012 UT
# Prepared by the U.S. Dept. of Commerce, NOAA, Space Environment Center.
# Please send comments and suggestions to sec@sec.noaa.gov 
# 
# Units: Differential Flux particles/cm2-s-ster-MeV
# Units: Anisotropy Index 0.0 - 2.0
# Status(S): 0 = nominal, 4,6,7,8 = bad data, unable to process, 9 = no data
# Missing data values: -1.00e+05, index = -1.00
# Source: ACE Satellite - Electron, Proton, and Alpha Monitor
# Note: 2002 Mar 18: First Proton channel changed from 47-65 to 65-112keV.
#
#                      5-minute averaged Real-time Differential Electron and Proton Flux 
# 
#                Modified Seconds ---------------------------- Differential Flux --------------------------- 
# UT Date   Time  Julian  of the  ----- Electron -----   ------------------- Protons keV -------------------   Anis.
# YR MO DA  HHMM    Day    Day    S    38-53   175-315   S   65-112   112-187   310-580   761-1220 060-1910   Ratio
#-------------------------------------------------------------------------------------------------------------------
2002 12 24  0000   52632       0  0  4.35e+02  1.58e+01  0  1.36e+03  3.20e+02  2.11e+01  3.26e+00  9.35e-01   0.13
2002 12 24  0005   52632     300  0  5.36e+02  1.44e+01  0  1.24e+03  2.89e+02  2.37e+01  3.22e+00  8.97e-01   0.06
2002 12 24  0010   52632     600  0  5.42e+02  1.22e+01  0  1.29e+03  2.54e+02  1.86e+01  3.18e+00  1.07e+00   0.22
2002 12 24  0015   52632     900  0  5.05e+02  1.34e+01  0  1.32e+03  2.17e+02  1.53e+01  3.00e+00  1.05e+00   0.13
2002 12 24  0020   52632    1200  0  4.66e+02  1.76e+01  0  1.21e+03  2.30e+02  1.93e+01  2.55e+00  8.64e-01   0.07
2002 12 24  0025   52632    1500  0  4.96e+02  1.37e+01  0  1.42e+03  2.23e+02  1.59e+01  2.81e+00  9.01e-01   0.11
2002 12 24  0030   52632    1800  0  5.23e+02  1.40e+01  0  1.17e+03  2.20e+02  1.54e+01  2.91e+00  9.82e-01   0.27
2002 12 24  0035   52632    2100  0  4.58e+02  1.51e+01  0  1.05e+03  2.23e+02  1.65e+01  2.62e+00  9.10e-01   0.16
2002 12 24  0040   52632    2400  0  5.37e+02  1.43e+01  0  1.05e+03  2.36e+02  1.94e+01  2.71e+00  1.04e+00   0.05
2002 12 24  0045   52632    2700  0  4.25e+02  1.26e+01  0  9.53e+02  2.37e+02  1.99e+01  2.75e+00  8.76e-01   0.10
2002 12 24  0050   52632    3000  0  4.89e+02  1.82e+01  0  9.43e+02  2.44e+02  1.84e+01  2.25e+00  1.05e+00   0.09
2002 12 24  0055   52632    3300  0  4.41e+02  1.50e+01  0  8.02e+02  2.30e+02  1.91e+01  2.74e+00  1.06e+00   0.13
2002 12 24  0100   52632    3600  0  4.73e+02  1.64e+01  0  8.20e+02  2.26e+02  1.77e+01  2.63e+00  6.68e-01   0.25
2002 12 24  0105   52632    3900  0  5.09e+02  1.60e+01  0  8.67e+02  2.15e+02  1.74e+01  2.54e+00  8.71e-01   0.17
2002 12 24  0110   52632    4200  0  4.53e+02  1.68e+01  0  1.00e+03  2.47e+02  1.89e+01  2.96e+00  8.17e-01   0.20
2002 12 24  0115   52632    4500  0  5.28e+02  1.29e+01  0  1.25e+03  2.47e+02  1.93e+01  3.09e+00  9.60e-01   0.02
2002 12 24  0120   52632    4800  0  4.76e+02  1.66e+01  0  1.13e+03  2.29e+02  1.78e+01  2.06e+00  8.53e-01   0.04
2002 12 24  0125   52632    5100  0  4.52e+02  1.72e+01  0  8.61e+02  2.36e+02  1.89e+01  2.68e+00  7.57e-01   0.18
2002 12 24  0130   52632    5400  0  4.83e+02  1.18e+01  0  1.16e+03  2.69e+02  2.18e+01  3.01e+00  1.02e+00   0.24
2002 12 24  0135   52632    5700  0  5.17e+02  1.28e+01  0  1.59e+03  2.79e+02  2.14e+01  2.81e+00  1.03e+00   0.28
2002 12 24  0140   52632    6000  0  4.64e+02  1.60e+01  0  1.58e+03  3.00e+02  2.38e+01  2.97e+00  9.16e-01   0.28
2002 12 24  0145   52632    6300  0  4.33e+02  1.38e+01  0  1.41e+03  3.03e+02  2.57e+01  2.42e+00  9.38e-01   0.21
2002 12 24  0150   52632    6600  0  5.36e+02  1.33e+01  0  1.32e+03  2.86e+02  2.16e+01  2.83e+00  1.19e+00   0.07
2002 12 24  0155   52632    6900  0  4.78e+02  1.59e+01  0  1.16e+03  2.78e+02  2.03e+01  2.72e+00  1.11e+00   0.11
2002 12 24  0200   52632    7200  0  4.60e+02  1.80e+01  0  1.09e+03  2.65e+02  1.94e+01  2.59e+00  7.79e-01   0.05
2002 12 24  0205   52632    7500  0  4.70e+02  1.55e+01  0  1.26e+03  2.77e+02  2.19e+01  2.81e+00  8.75e-01   0.15
2002 12 24  0210   52632    7800  0  5.03e+02  1.55e+01  0  1.27e+03  2.83e+02  2.17e+01  2.85e+00  1.20e+00   0.23
2002 12 24  0215   52632    8100  0  4.65e+02  1.41e+01  0  1.11e+03  2.90e+02  2.11e+01  2.68e+00  9.16e-01   0.11
2002 12 24  0220   52632    8400  0  4.47e+02  1.69e+01  0  1.19e+03  2.86e+02  2.19e+01  2.85e+00  9.71e-01   0.16
2002 12 24  0225   52632    8700  0  5.70e+02  1.46e+01  0  1.15e+03  2.80e+02  2.20e+01  2.95e+00  7.91e-01   0.17
2002 12 24  0230   52632    9000  0  4.61e+02  9.96e+00  0  1.13e+03  2.75e+02  1.90e+01  2.84e+00  8.56e-01   0.15
2002 12 24  0235   52632    9300  0  4.65e+02  1.68e+01  0  1.52e+03  2.85e+02  2.11e+01  3.28e+00  9.93e-01   0.13
2002 12 24  0240   52632    9600  0  5.57e+02  1.18e+01  0  1.49e+03  3.11e+02  2.02e+01  2.91e+00  9.16e-01   0.18
2002 12 24  0245   52632    9900  0  4.40e+02  1.21e+01  0  1.07e+03  2.61e+02  1.75e+01  3.00e+00  7.55e-01   0.23
2002 12 24  0250   52632   10200  0  4.51e+02  1.50e+01  0  9.88e+02  2.51e+02  1.73e+01  2.55e+00  8.30e-01   0.23
2002 12 24  0255   52632   10500  0  4.38e+02  1.65e+01  0  9.08e+02  2.67e+02  1.82e+01  2.54e+00  1.01e+00   0.47
2002 12 24  0300   52632   10800  0  4.60e+02  1.55e+01  0  9.27e+02  2.82e+02  1.86e+01  2.33e+00  8.29e-01   0.19
2002 12 24  0305   52632   11100  0  4.63e+02  1.40e+01  0  9.00e+02  2.86e+02  2.16e+01  2.98e+00  1.16e+00   0.02
2002 12 24  0310   52632   11400  0  4.40e+02  1.51e+01  0  9.41e+02  2.66e+02  1.91e+01  2.40e+00  9.94e-01   0.19
2002 12 24  0315   52632   11700  0  4.60e+02  1.64e+01  0  8.77e+02  2.18e+02  1.59e+01  2.43e+00  8.89e-01   0.43
2002 12 24  0320   52632   12000  0  4.00e+02  1.35e+01  0  1.08e+03  2.73e+02  1.89e+01  2.54e+00  1.07e+00   0.15
2002 12 24  0325   52632   12300  0  4.86e+02  1.53e+01  0  1.13e+03  2.64e+02  1.71e+01  2.55e+00  8.70e-01   0.26
2002 12 24  0330   52632   12600  0  4.46e+02  1.21e+01  0  1.33e+03  2.49e+02  1.88e+01  2.72e+00  9.44e-01   0.28
2002 12 24  0335   52632   12900  0  4.75e+02  1.29e+01  0  1.21e+03  2.68e+02  1.81e+01  2.47e+00  8.40e-01   0.35
2002 12 24  0340   52632   13200  0  4.32e+02  1.36e+01  0  1.05e+03  2.80e+02  1.77e+01  2.69e+00  8.59e-01   0.13
2002 12 24  0345   52632   13500  0  4.42e+02  1.70e+01  0  1.02e+03  2.74e+02  1.67e+01  3.12e+00  7.42e-01   0.33
2002 12 24  0350   52632   13800  0  4.93e+02  1.35e+01  0  1.23e+03  3.05e+02  1.92e+01  2.60e+00  9.62e-01   0.30
2002 12 24  0355   52632   14100  0  4.17e+02  1.51e+01  0  1.47e+03  2.78e+02  1.79e+01  2.69e+00  1.15e+00   0.27
2002 12 24  0400   52632   14400  0  4.46e+02  1.48e+01  0  1.22e+03  2.97e+02  1.93e+01  2.41e+00  8.70e-01   0.18
2002 12 24  0405   52632   14700  0  4.86e+02  1.74e+01  0  1.19e+03  2.75e+02  1.84e+01  2.81e+00  7.08e-01   0.12
2002 12 24  0410   52632   15000  0  4.69e+02  1.39e+01  0  1.23e+03  2.96e+02  2.01e+01  2.65e+00  1.10e+00   0.17
2002 12 24  0415   52632   15300  0  4.27e+02  1.54e+01  0  1.16e+03  2.73e+02  1.78e+01  2.53e+00  8.23e-01   0.35
2002 12 24  0420   52632   15600  0  4.09e+02  1.46e+01  0  1.32e+03  2.73e+02  1.96e+01  2.61e+00  5.68e-01   0.13
2002 12 24  0425   52632   15900  0  4.18e+02  1.70e+01  0  1.35e+03  2.86e+02  1.81e+01  2.48e+00  8.68e-01   0.11
2002 12 24  0430   52632   16200  0  4.10e+02  1.77e+01  0  1.38e+03  3.01e+02  1.88e+01  2.40e+00  8.71e-01   0.46
2002 12 24  0435   52632   16500  0  4.29e+02  1.27e+01  0  1.20e+03  2.70e+02  2.03e+01  2.25e+00  8.80e-01   0.09
2002 12 24  0440   52632   16800  0  5.01e+02  1.60e+01  0  1.13e+03  2.73e+02  1.95e+01  2.69e+00  7.09e-01   0.13
2002 12 24  0445   52632   17100  0  4.33e+02  1.31e+01  0  1.22e+03  2.77e+02  1.93e+01  2.37e+00  8.76e-01   0.29
2002 12 24  0450   52632   17400  0  4.78e+02  1.29e+01  0  1.26e+03  2.83e+02  1.92e+01  2.18e+00  8.89e-01   0.12
2002 12 24  0455   52632   17700  0  4.33e+02  1.34e+01  0  1.17e+03  2.89e+02  1.83e+01  2.43e+00  8.95e-01   0.10
2002 12 24  0500   52632   18000  0  4.35e+02  1.38e+01  0  1.30e+03  2.64e+02  1.69e+01  2.68e+00  1.19e+00   0.40
2002 12 24  0505   52632   18300  0  3.72e+02  1.18e+01  0  1.49e+03  2.69e+02  1.86e+01  2.77e+00  8.14e-01   0.28
2002 12 24  0510   52632   18600  0  4.18e+02  1.47e+01  0  1.38e+03  2.66e+02  1.69e+01  2.25e+00  8.53e-01   0.17
2002 12 24  0515   52632   18900  0  4.65e+02  1.16e+01  0  1.41e+03  2.69e+02  1.83e+01  2.71e+00  8.45e-01   0.33
2002 12 24  0520   52632   19200  0  4.26e+02  1.13e+01  0  1.58e+03  2.73e+02  1.72e+01  3.07e+00  7.20e-01   0.10
2002 12 24  0525   52632   19500  0  4.32e+02  1.71e+01  0  1.38e+03  2.55e+02  1.76e+01  2.49e+00  9.10e-01   0.42
2002 12 24  0530   52632   19800  0  4.80e+02  1.28e+01  0  1.27e+03  2.80e+02  1.98e+01  2.39e+00  8.26e-01   0.09
2002 12 24  0535   52632   20100  0  3.69e+02  1.43e+01  0  1.20e+03  2.63e+02  1.82e+01  2.14e+00  8.89e-01   0.47
2002 12 24  0540   52632   20400  0  4.00e+02  1.16e+01  0  1.48e+03  2.54e+02  1.78e+01  2.72e+00  7.08e-01   0.41
2002 12 24  0545   52632   20700  0  4.38e+02  1.32e+01  0  1.54e+03  2.69e+02  1.69e+01  2.42e+00  7.04e-01   0.38
2002 12 24  0550   52632   21000  0  5.14e+02  1.46e+01  0  1.43e+03  2.73e+02  1.74e+01  2.48e+00  6.57e-01   0.31
2002 12 24  0555   52632   21300  0  4.05e+02  1.38e+01  0  1.30e+03  2.76e+02  1.57e+01  2.25e+00  9.16e-01   0.12
2002 12 24  0600   52632   21600  0  3.64e+02  1.33e+01  0  1.11e+03  2.64e+02  1.54e+01  2.46e+00  8.59e-01   0.48
2002 12 24  0605   52632   21900  0  3.89e+02  1.13e+01  0  1.03e+03  2.67e+02  1.63e+01  2.62e+00  7.42e-01   0.13
2002 12 24  0610   52632   22200  0  4.27e+02  1.40e+01  0  1.02e+03  2.57e+02  1.65e+01  2.21e+00  7.88e-01   0.27
2002 12 24  0615   52632   22500  0  4.05e+02  1.23e+01  0  1.04e+03  2.64e+02  1.76e+01  2.41e+00  8.40e-01   0.10
2002 12 24  0620   52632   22800  0  3.79e+02  1.93e+01  0  9.78e+02  2.60e+02  1.70e+01  2.18e+00  7.63e-01   0.08
2002 12 24  0625   52632   23100  0  4.42e+02  1.42e+01  0  1.00e+03  2.74e+02  1.89e+01  2.13e+00  6.64e-01   0.19
2002 12 24  0630   52632   23400  0  4.21e+02  1.30e+01  0  9.44e+02  2.39e+02  1.57e+01  2.36e+00  7.34e-01   0.11
2002 12 24  0635   52632   23700  0  4.64e+02  1.34e+01  0  9.45e+02  2.56e+02  1.64e+01  2.43e+00  6.51e-01   0.17
2002 12 24  0640   52632   24000  0  3.99e+02  1.46e+01  0  1.10e+03  2.50e+02  1.47e+01  2.49e+00  5.79e-01   0.13
2002 12 24  0645   52632   24300  0  4.00e+02  1.28e+01  0  1.28e+03  2.75e+02  1.74e+01  2.05e+00  6.59e-01   0.13
2002 12 24  0650   52632   24600  0  4.28e+02  1.22e+01  0  1.12e+03  2.42e+02  1.44e+01  2.33e+00  7.85e-01   0.27
2002 12 24  0655   52632   24900  0  4.00e+02  1.53e+01  0  8.09e+02  2.46e+02  1.74e+01  2.27e+00  7.39e-01   0.28
2002 12 24  0700   52632   25200  0  4.18e+02  1.54e+01  0  8.50e+02  2.44e+02  1.78e+01  2.65e+00  6.92e-01   0.18
2002 12 24  0705   52632   25500  0  3.26e+02  1.28e+01  0  7.75e+02  2.47e+02  1.46e+01  2.51e+00  7.06e-01   0.36
2002 12 24  0710   52632   25800  0  4.18e+02  1.55e+01  0  8.20e+02  2.51e+02  1.78e+01  2.54e+00  7.60e-01   0.14
2002 12 24  0715   52632   26100  0  4.80e+02  1.37e+01  0  9.75e+02  2.71e+02  1.65e+01  2.32e+00  5.15e-01   0.38
2002 12 24  0720   52632   26400  0  4.49e+02  1.37e+01  0  1.07e+03  2.98e+02  1.59e+01  2.18e+00  9.39e-01   0.40
2002 12 24  0725   52632   26700  0  4.34e+02  1.43e+01  0  1.30e+03  3.37e+02  2.01e+01  2.53e+00  6.02e-01   0.34
2002 12 24  0730   52632   27000  0  4.46e+02  1.30e+01  0  1.16e+03  2.91e+02  1.81e+01  2.42e+00  7.83e-01   0.27
2002 12 24  0735   52632   27300  0  3.97e+02  1.34e+01  0  1.02e+03  2.75e+02  2.06e+01  2.29e+00  6.98e-01   0.13
2002 12 24  0740   52632   27600  0  3.57e+02  2.13e+01  0  1.09e+03  2.62e+02  1.95e+01  1.57e+00  4.58e-01  -1.00
2002 12 24  0745   52632   27900  0  3.95e+02  2.00e+01  0  1.20e+03  2.67e+02  1.95e+01  1.94e+00  6.11e-01  -1.00
2002 12 24  0750   52632   28200  0  4.37e+02  1.60e+01  0  1.04e+03  2.64e+02  1.92e+01  1.90e+00  6.30e-01   0.24
2002 12 24  0755   52632   28500  0  3.46e+02  1.42e+01  0  8.51e+02  2.54e+02  1.56e+01  2.09e+00  9.52e-01   0.05
2002 12 24  0800   52632   28800  0  4.22e+02  1.31e+01  0  8.84e+02  2.40e+02  1.48e+01  2.35e+00  7.89e-01   0.02
2002 12 24  0805   52632   29100  0  4.13e+02  1.67e+01  0  8.17e+02  2.55e+02  1.75e+01  2.19e+00  7.25e-01   0.30
2002 12 24  0810   52632   29400  0  4.51e+02  1.69e+01  0  8.17e+02  2.67e+02  1.66e+01  2.09e+00  7.47e-01   0.26
2002 12 24  0815   52632   29700  0  4.15e+02  1.54e+01  0  9.19e+02  2.53e+02  1.62e+01  1.87e+00  8.02e-01   0.40
2002 12 24  0820   52632   30000  0  4.14e+02  1.78e+01  0  1.06e+03  2.74e+02  1.66e+01  1.93e+00  8.02e-01   0.07
2002 12 24  0825   52632   30300  0  5.11e+02  1.55e+01  0  1.17e+03  2.85e+02  1.49e+01  2.27e+00  8.18e-01   0.24
2002 12 24  0830   52632   30600  0  3.94e+02  1.50e+01  0  1.83e+03  3.94e+02  1.94e+01  2.30e+00  5.83e-01   0.14
2002 12 24  0835   52632   30900  0  3.88e+02  1.52e+01  0  1.95e+03  3.94e+02  1.94e+01  2.19e+00  9.89e-01   0.16
2002 12 24  0840   52632   31200  0  4.07e+02  1.35e+01  0  1.51e+03  3.53e+02  2.06e+01  2.19e+00  7.85e-01   0.28
2002 12 24  0845   52632   31500  0  3.77e+02  1.47e+01  0  1.51e+03  3.28e+02  1.92e+01  2.09e+00  6.45e-01   0.22
2002 12 24  0850   52632   31800  0  4.00e+02  1.64e+01  0  1.20e+03  2.53e+02  1.62e+01  1.53e+00  7.53e-01   0.04
2002 12 24  0855   52632   32100  0  4.12e+02  1.41e+01  0  1.53e+03  3.11e+02  1.76e+01  1.72e+00  6.24e-01   0.15
2002 12 24  0900   52632   32400  0  4.98e+02  1.42e+01  0  2.15e+03  3.93e+02  1.87e+01  2.11e+00  6.25e-01   0.23
2002 12 24  0905   52632   32700  0  3.66e+02  1.56e+01  0  1.38e+03  3.26e+02  1.83e+01  2.21e+00  7.87e-01   0.07
2002 12 24  0910   52632   33000  0  4.23e+02  1.62e+01  0  1.30e+03  2.95e+02  1.54e+01  2.39e+00  6.70e-01   0.14
2002 12 24  0915   52632   33300  0  4.09e+02  1.18e+01  0  1.13e+03  2.62e+02  1.50e+01  2.22e+00  8.44e-01   0.15
2002 12 24  0920   52632   33600  0  3.84e+02  1.21e+01  0  9.42e+02  2.50e+02  1.55e+01  2.00e+00  8.14e-01   0.13
2002 12 24  0925   52632   33900  0  3.42e+02  1.42e+01  0  9.96e+02  2.50e+02  1.50e+01  1.86e+00  8.92e-01   0.45
2002 12 24  0930   52632   34200  0  3.81e+02  1.12e+01  0  9.40e+02  2.54e+02  1.43e+01  2.12e+00  4.58e-01   0.10
2002 12 24  0935   52632   34500  0  3.82e+02  1.64e+01  0  1.16e+03  2.66e+02  1.52e+01  1.57e+00  4.98e-01   0.27
2002 12 24  0940   52632   34800  0  3.42e+02  1.30e+01  0  1.09e+03  2.63e+02  1.42e+01  1.97e+00  6.77e-01   0.15
2002 12 24  0945   52632   35100  0  4.21e+02  2.07e+01  0  9.42e+02  2.45e+02  1.26e+01  1.89e+00  8.80e-01   0.39
2002 12 24  0950   52632   35400  0  3.91e+02  1.42e+01  0  1.09e+03  2.61e+02  1.36e+01  1.87e+00  5.73e-01   0.12
2002 12 24  0955   52632   35700  0  4.13e+02  1.32e+01  0  1.07e+03  2.57e+02  1.48e+01  1.90e+00  7.64e-01   0.04
2002 12 24  1000   52632   36000  0  3.69e+02  1.17e+01  0  1.08e+03  2.63e+02  1.50e+01  2.09e+00  7.47e-01   0.39
2002 12 24  1005   52632   36300  0  3.85e+02  1.23e+01  0  1.31e+03  2.66e+02  1.54e+01  1.93e+00  7.25e-01   0.23
2002 12 24  1010   52632   36600  0  3.82e+02  1.54e+01  0  1.06e+03  2.40e+02  1.48e+01  1.66e+00  8.14e-01   0.20
2002 12 24  1015   52632   36900  0  3.84e+02  1.35e+01  0  1.30e+03  2.46e+02  1.55e+01  2.16e+00  8.62e-01   0.15
2002 12 24  1020   52632   37200  0  4.24e+02  1.35e+01  0  1.04e+03  2.42e+02  1.35e+01  2.31e+00  7.24e-01   0.13
2002 12 24  1025   52632   37500  0  3.48e+02  1.69e+01  0  9.92e+02  2.52e+02  1.48e+01  1.80e+00  7.63e-01   0.35
2002 12 24  1030   52632   37800  0  3.98e+02  1.46e+01  0  1.08e+03  2.54e+02  1.40e+01  1.71e+00  6.47e-01   0.35
2002 12 24  1035   52632   38100  0  3.89e+02  1.35e+01  0  1.03e+03  2.54e+02  1.31e+01  2.04e+00  6.36e-01   0.09
2002 12 24  1040   52632   38400  0  4.21e+02  1.46e+01  0  1.17e+03  2.45e+02  1.43e+01  2.02e+00  5.73e-01   0.17
2002 12 24  1045   52632   38700  0  3.79e+02  1.07e+01  0  1.23e+03  2.50e+02  1.17e+01  2.06e+00  7.20e-01   0.05
2002 12 24  1050   52632   39000  0  3.55e+02  1.43e+01  0  1.13e+03  2.44e+02  1.38e+01  1.81e+00  6.77e-01   0.39
2002 12 24  1055   52632   39300  0  4.23e+02  1.31e+01  0  9.80e+02  2.40e+02  1.51e+01  2.17e+00  9.22e-01   0.39
2002 12 24  1100   52632   39600  0  4.08e+02  1.55e+01  0  1.09e+03  2.42e+02  1.45e+01  1.85e+00  6.46e-01   0.29
2002 12 24  1105   52632   39900  0  3.79e+02  1.27e+01  0  1.14e+03  2.53e+02  1.36e+01  2.15e+00  5.47e-01   0.17
2002 12 24  1110   52632   40200  0  3.82e+02  1.38e+01  0  1.16e+03  2.52e+02  1.14e+01  1.80e+00  5.55e-01   0.32
2002 12 24  1115   52632   40500  0  4.48e+02  1.13e+01  0  1.50e+03  2.86e+02  1.25e+01  1.94e+00  7.75e-01   0.14
2002 12 24  1120   52632   40800  0  3.47e+02  1.34e+01  0  1.48e+03  2.97e+02  1.72e+01  2.00e+00  7.83e-01   0.45
2002 12 24  1125   52632   41100  0  3.57e+02  1.45e+01  0  1.49e+03  2.66e+02  1.56e+01  1.77e+00  5.73e-01   0.52
2002 12 24  1130   52632   41400  0  4.38e+02  1.28e+01  0  1.43e+03  3.02e+02  1.51e+01  2.06e+00  6.87e-01   0.65
2002 12 24  1135   52632   41700  0  3.85e+02  1.66e+01  0  1.71e+03  3.50e+02  1.48e+01  2.20e+00  5.45e-01   0.10
2002 12 24  1140   52632   42000  0  3.82e+02  1.30e+01  0  7.54e+03  1.74e+03  5.07e+01  1.93e+00  9.36e-01   0.48
2002 12 24  1145   52632   42300  0  3.88e+02  1.50e+01  0  1.58e+04  2.79e+03  6.02e+01  2.33e+00  9.16e-01   0.29
2002 12 24  1150   52632   42600  0  4.26e+02  1.28e+01  0  4.39e+03  8.02e+02  2.67e+01  1.86e+00  9.11e-01   0.35
2002 12 24  1155   52632   42900  0  3.54e+02  1.51e+01  0  1.18e+03  3.10e+02  1.61e+01  2.04e+00  6.24e-01   0.17
2002 12 24  1200   52632   43200  0  3.70e+02  1.42e+01  0  1.16e+03  2.88e+02  1.45e+01  2.12e+00  8.51e-01   0.39
2002 12 24  1205   52632   43500  0  3.70e+02  1.23e+01  0  6.35e+03  1.17e+03  3.11e+01  2.18e+00  6.37e-01   0.14
2002 12 24  1210   52632   43800  0  4.33e+02  1.00e+01  0  1.24e+04  1.56e+03  2.83e+01  1.90e+00  6.13e-01   0.20
2002 12 24  1215   52632   44100  0  3.86e+02  1.30e+01  0  1.68e+03  3.76e+02  1.69e+01  1.78e+00  4.34e-01   0.81
2002 12 24  1220   52632   44400  0  4.33e+02  1.51e+01  0  2.94e+03  5.82e+02  1.76e+01  1.65e+00  7.40e-01   0.18
2002 12 24  1225   52632   44700  0  3.86e+02  1.66e+01  0  2.31e+03  4.35e+02  1.74e+01  1.81e+00  9.39e-01   0.15
2002 12 24  1230   52632   45000  0  3.72e+02  1.14e+01  0  1.17e+03  2.35e+02  1.39e+01  1.72e+00  5.15e-01   0.38
2002 12 24  1235   52632   45300  0  4.55e+02  1.32e+01  0  9.09e+02  2.34e+02  1.23e+01  1.86e+00  7.25e-01   0.31
2002 12 24  1240   52632   45600  0  4.33e+02  1.58e+01  0  9.99e+02  2.37e+02  1.44e+01  1.79e+00  5.04e-01   0.34
2002 12 24  1245   52632   45900  0  3.95e+02  1.32e+01  0  1.04e+03  2.24e+02  1.16e+01  2.04e+00  6.14e-01   0.59
2002 12 24  1250   52632   46200  0  3.97e+02  1.22e+01  0  9.16e+02  2.34e+02  1.34e+01  1.99e+00  5.30e-01   0.42
2002 12 24  1255   52632   46500  0  3.94e+02  1.25e+01  0  9.95e+02  2.39e+02  1.43e+01  1.98e+00  7.88e-01   0.30
2002 12 24  1300   52632   46800  0  3.77e+02  1.30e+01  0  1.32e+03  2.17e+02  1.31e+01  2.03e+00  6.11e-01   0.13
2002 12 24  1305   52632   47100  0  3.81e+02  1.29e+01  0  1.50e+03  2.36e+02  1.36e+01  1.91e+00  5.24e-01   0.20
2002 12 24  1310   52632   47400  0  3.65e+02  1.25e+01  0  1.29e+03  1.98e+02  1.35e+01  2.27e+00  4.95e-01   0.13
2002 12 24  1315   52632   47700  0  3.88e+02  1.21e+01  0  1.20e+03  1.66e+02  8.83e+00  2.05e+00  4.66e-01   0.35
2002 12 24  1320   52632   48000  0  3.81e+02  1.15e+01  0  1.19e+03  1.72e+02  1.30e+01  1.67e+00  5.06e-01   0.52
2002 12 24  1325   52632   48300  0  3.72e+02  1.16e+01  0  1.20e+03  1.74e+02  1.03e+01  1.60e+00  5.30e-01   0.61
2002 12 24  1330   52632   48600  0  3.98e+02  1.76e+01  0  7.84e+02  1.34e+02  9.62e+00  1.49e+00  5.50e-01   0.23
2002 12 24  1335   52632   48900  0  3.70e+02  1.34e+01  0  8.03e+02  1.37e+02  8.39e+00  1.23e+00  4.94e-01   0.64
2002 12 24  1340   52632   49200  0  3.39e+02  1.45e+01  0  7.60e+02  1.26e+02  1.03e+01  1.49e+00  5.85e-01   0.19
2002 12 24  1345   52632   49500  0  3.43e+02  1.54e+01  0  7.90e+02  1.22e+02  9.37e+00  1.51e+00  5.67e-01   0.23
2002 12 24  1350   52632   49800  0  2.86e+02  9.07e+00  0  8.13e+02  1.13e+02  9.20e+00  1.32e+00  4.76e-01   0.49
2002 12 24  1355   52632   50100  0  3.73e+02  1.58e+01  0  9.02e+02  9.84e+01  7.34e+00  1.40e+00  3.37e-01   0.52
2002 12 24  1400   52632   50400  0  3.19e+02  1.27e+01  0  6.65e+02  9.54e+01  7.71e+00  1.30e+00  6.94e-01   0.73
2002 12 24  1405   52632   50700  0  3.79e+02  1.39e+01  0  7.09e+02  9.39e+01  7.27e+00  1.34e+00  5.34e-01   0.21
2002 12 24  1410   52632   51000  0  3.75e+02  1.69e+01  0  6.87e+02  8.87e+01  6.95e+00  1.26e+00  5.34e-01   0.67
2002 12 24  1415   52632   51300  0  3.59e+02  1.06e+01  0  5.59e+02  7.25e+01  6.08e+00  1.10e+00  4.51e-01   0.22
2002 12 24  1420   52632   51600  0  3.90e+02  1.28e+01  0  7.23e+02  7.57e+01  6.31e+00  9.67e-01  3.60e-01   0.40
2002 12 24  1425   52632   51900  0  3.39e+02  1.48e+01  0  5.42e+02  8.68e+01  8.59e+00  1.15e+00  4.35e-01   0.31
2002 12 24  1430   52632   52200  0  4.28e+02  1.61e+01  0  6.81e+02  1.07e+02  7.27e+00  1.45e+00  4.88e-01   0.41
2002 12 24  1435   52632   52500  0  3.77e+02  1.37e+01  0  6.01e+02  6.96e+01  6.23e+00  1.28e+00  5.34e-01   0.41
2002 12 24  1440   52632   52800  0  3.40e+02  1.51e+01  0  7.08e+02  6.87e+01  6.01e+00  1.05e+00  4.01e-01   0.44
2002 12 24  1445   52632   53100  0  3.74e+02  1.43e+01  0  6.64e+02  7.77e+01  5.71e+00  1.12e+00  4.98e-01   1.30
2002 12 24  1450   52632   53400  0  3.23e+02  1.86e+01  0  6.66e+02  7.95e+01  5.70e+00  1.37e+00  5.25e-01   0.41
2002 12 24  1455   52632   53700  0  4.18e+02  1.52e+01  0  4.72e+02  8.33e+01  5.51e+00  1.16e+00  3.75e-01   0.50
2002 12 24  1500   52632   54000  0  3.69e+02  1.36e+01  0  7.50e+02  8.33e+01  6.43e+00  1.19e+00  3.50e-01   0.59
2002 12 24  1505   52632   54300  0  3.99e+02  1.40e+01  0  7.01e+02  9.84e+01  6.16e+00  1.32e+00  5.32e-01   0.27
2002 12 24  1510   52632   54600  0  3.95e+02  1.11e+01  0  6.50e+02  9.30e+01  8.32e+00  1.54e+00  3.33e-01   0.18
2002 12 24  1515   52632   54900  0  3.77e+02  1.59e+01  0  5.60e+02  8.05e+01  6.16e+00  1.38e+00  3.62e-01   0.19
2002 12 24  1520   52632   55200  0  3.95e+02  1.52e+01  0  6.68e+02  7.22e+01  5.77e+00  9.68e-01  5.08e-01   0.04
2002 12 24  1525   52632   55500  0  3.77e+02  1.30e+01  0  7.68e+02  8.97e+01  5.94e+00  1.28e+00  4.01e-01   0.33
2002 12 24  1530   52632   55800  0  4.36e+02  1.36e+01  0  9.38e+02  7.62e+01  6.82e+00  1.19e+00  2.56e-01   0.22
2002 12 24  1535   52632   56100  0  3.75e+02  1.15e+01  0  7.52e+02  9.35e+01  6.75e+00  1.00e+00  3.72e-01   0.26
2002 12 24  1540   52632   56400  0  4.40e+02  1.46e+01  0  7.55e+02  8.53e+01  6.10e+00  1.09e+00  4.82e-01   0.47
2002 12 24  1545   52632   56700  0  3.94e+02  1.50e+01  0  7.09e+02  8.07e+01  4.79e+00  1.20e+00  4.33e-01   0.24
2002 12 24  1550   52632   57000  0  3.51e+02  1.52e+01  0  5.16e+02  6.92e+01  5.83e+00  1.34e+00  3.50e-01   0.25
2002 12 24  1555   52632   57300  0  3.66e+02  1.56e+01  0  3.48e+02  6.36e+01  4.70e+00  1.04e+00  5.15e-01   0.74
2002 12 24  1600   52632   57600  0  3.97e+02  1.66e+01  0  4.71e+02  7.69e+01  6.60e+00  1.02e+00  3.17e-01   0.62
2002 12 24  1605   52632   57900  0  3.95e+02  1.42e+01  0  6.94e+02  1.31e+02  7.33e+00  8.94e-01  3.55e-01   0.50
2002 12 24  1610   52632   58200  0  4.66e+02  1.34e+01  0  7.94e+02  1.20e+02  7.03e+00  1.16e+00  4.08e-01   0.36
2002 12 24  1615   52632   58500  0  4.62e+02  1.35e+01  0  7.46e+02  8.12e+01  6.10e+00  1.20e+00  4.66e-01   1.38
2002 12 24  1620   52632   58800  0  3.81e+02  1.55e+01  0  5.11e+02  7.66e+01  4.81e+00  1.36e+00  4.43e-01   0.10
2002 12 24  1625   52632   59100  0  3.55e+02  1.36e+01  0  5.51e+02  6.88e+01  6.43e+00  1.21e+00  5.79e-01   0.59
2002 12 24  1630   52632   59400  0  3.64e+02  1.43e+01  0  7.83e+02  6.49e+01  4.81e+00  1.22e+00  5.10e-01   0.80
2002 12 24  1635   52632   59700  0  3.91e+02  1.35e+01  0  7.93e+02  6.18e+01  5.57e+00  1.07e+00  4.11e-01   0.49
2002 12 24  1640   52632   60000  0  4.07e+02  1.26e+01  0  7.70e+02  6.12e+01  5.35e+00  9.87e-01  3.29e-01   0.50
2002 12 24  1645   52632   60300  0  3.68e+02  1.47e+01  0  7.15e+02  6.10e+01  5.23e+00  9.69e-01  3.62e-01   1.19
2002 12 24  1650   52632   60600  0  3.39e+02  1.38e+01  0  7.32e+02  6.44e+01  5.97e+00  1.03e+00  7.34e-01   0.46
2002 12 24  1655   52632   60900  0  4.12e+02  1.63e+01  0  5.91e+02  6.25e+01  6.25e+00  1.35e+00  3.98e-01   0.35
2002 12 24  1700   52632   61200  0  3.82e+02  1.31e+01  0  4.73e+02  6.14e+01  5.77e+00  8.90e-01  4.06e-01   0.86
2002 12 24  1705   52632   61500  0  3.64e+02  1.78e+01  0  6.27e+02  6.14e+01  5.05e+00  9.12e-01  4.58e-01   0.59
2002 12 24  1710   52632   61800  0  4.28e+02  1.29e+01  0  6.39e+02  6.45e+01  4.47e+00  9.00e-01  2.98e-01  -1.00
2002 12 24  1715   52632   62100  0  3.37e+02  1.30e+01  0  6.19e+02  6.14e+01  4.79e+00  8.92e-01  4.04e-01   0.89
2002 12 24  1720   52632   62400  0  3.67e+02  1.56e+01  0  6.12e+02  6.30e+01  4.72e+00  7.09e-01  3.64e-01   0.67
2002 12 24  1725   52632   62700  0  3.93e+02  1.37e+01  0  4.74e+02  5.73e+01  6.16e+00  1.26e+00  4.33e-01   0.20
2002 12 24  1730   52632   63000  0  4.78e+02  1.62e+01  0  4.42e+02  6.28e+01  4.98e+00  1.11e+00  2.13e-01   0.77
2002 12 24  1735   52632   63300  0  3.47e+02  1.27e+01  0  4.32e+02  6.49e+01  5.51e+00  1.08e+00  3.82e-01   0.20
2002 12 24  1740   52632   63600  0  4.02e+02  1.43e+01  0  4.57e+02  6.11e+01  4.02e+00  1.23e+00  2.86e-01   0.11
2002 12 24  1745   52632   63900  0  4.13e+02  1.78e+01  0  3.74e+02  6.04e+01  5.22e+00  8.46e-01  4.01e-01   0.84
2002 12 24  1750   52632   64200  0  4.09e+02  1.24e+01  0  4.10e+02  6.85e+01  4.94e+00  7.67e-01  2.96e-01   0.22
2002 12 24  1755   52632   64500  0  4.42e+02  1.32e+01  0  4.30e+02  6.49e+01  4.67e+00  1.05e+00  4.84e-01   0.46
2002 12 24  1800   52632   64800  0  3.97e+02  1.33e+01  0  6.71e+02  1.45e+02  5.05e+00  1.14e+00  3.72e-01   0.48
2002 12 24  1805   52632   65100  0  3.84e+02  1.37e+01  0  6.19e+02  1.23e+02  4.55e+00  9.52e-01  4.04e-01   1.60
2002 12 24  1810   52632   65400  0  4.01e+02  1.21e+01  0  5.57e+02  1.14e+02  4.85e+00  1.02e+00  5.24e-01   0.06
2002 12 24  1815   52632   65700  0  3.32e+02  1.49e+01  0  9.62e+02  2.45e+02  6.49e+00  9.37e-01  4.33e-01   0.22
2002 12 24  1820   52632   66000  0  3.69e+02  1.49e+01  0  2.39e+03  6.68e+02  9.54e+00  8.35e-01  2.92e-01   1.12
2002 12 24  1825   52632   66300  0  3.70e+02  1.32e+01  0  4.16e+03  7.93e+02  1.35e+01  8.90e-01  4.33e-01   0.63
2002 12 24  1830   52632   66600  0  4.07e+02  1.51e+01  0  1.01e+03  2.52e+02  6.67e+00  1.07e+00  3.52e-01   0.01
2002 12 24  1835   52632   66900  0  3.70e+02  1.24e+01  0  5.70e+02  1.26e+02  5.41e+00  1.00e+00  2.96e-01   0.91
2002 12 24  1840   52632   67200  0  4.19e+02  1.32e+01  0  5.55e+02  1.45e+02  5.51e+00  1.15e+00  5.05e-01   0.44
2002 12 24  1845   52632   67500  0  3.77e+02  1.34e+01  0  1.03e+03  3.32e+02  8.35e+00  1.11e+00  4.72e-01   0.11
2002 12 24  1850   52632   67800  0  3.95e+02  1.60e+01  0  5.91e+02  1.40e+02  5.17e+00  1.20e+00  3.84e-01   0.10
2002 12 24  1855   52632   68100  0  3.95e+02  1.08e+01  0  9.15e+02  2.29e+02  6.16e+00  1.19e+00  3.52e-01   0.63
2002 12 24  1900   52632   68400  0  3.44e+02  1.79e+01  0  7.58e+02  1.52e+02  5.35e+00  9.98e-01  4.28e-01   0.59
2002 12 24  1905   52632   68700  0  4.09e+02  9.92e+00  0  9.00e+02  1.79e+02  4.57e+00  9.46e-01  3.64e-01   0.94
2002 12 24  1910   52632   69000  0  4.72e+02  1.39e+01  0  8.63e+02  1.52e+02  6.16e+00  1.12e+00  3.31e-01   0.62
2002 12 24  1915   52632   69300  0  3.53e+02  1.28e+01  0  8.74e+02  1.81e+02  6.03e+00  1.17e+00  4.38e-01   1.01
2002 12 24  1920   52632   69600  0  3.90e+02  1.35e+01  0  6.49e+02  1.48e+02  5.59e+00  1.20e+00  5.93e-01   0.06
2002 12 24  1925   52632   69900  0  4.07e+02  1.25e+01  0  7.74e+02  1.44e+02  6.79e+00  1.10e+00  3.79e-01   0.44
2002 12 24  1930   52632   70200  0  4.28e+02  1.37e+01  0  8.13e+02  1.64e+02  6.82e+00  1.21e+00  2.49e-01   0.14
2002 12 24  1935   52632   70500  0  3.53e+02  1.18e+01  0  9.79e+02  2.16e+02  6.85e+00  1.15e+00  3.10e-01   0.17
2002 12 24  1940   52632   70800  0  3.46e+02  1.63e+01  0  6.95e+02  1.34e+02  7.33e+00  8.62e-01  4.01e-01   0.51
2002 12 24  1945   52632   71100  0  4.21e+02  1.30e+01  0  7.55e+02  1.52e+02  7.15e+00  1.08e+00  5.57e-01   0.68
2002 12 24  1950   52632   71400  0  3.55e+02  1.35e+01  0  6.85e+02  1.35e+02  5.16e+00  1.00e+00  5.00e-01   0.76
2002 12 24  1955   52632   71700  0  4.84e+02  1.32e+01  0  5.70e+02  1.06e+02  5.60e+00  1.05e+00  3.84e-01   0.16
2002 12 24  2000   52632   72000  0  4.30e+02  1.32e+01  0  6.08e+02  1.08e+02  5.15e+00  1.12e+00  5.44e-01   0.59
2002 12 24  2005   52632   72300  0  3.70e+02  1.26e+01  0  6.18e+02  9.76e+01  5.80e+00  9.54e-01  4.24e-01   0.44
2002 12 24  2010   52632   72600  0  4.36e+02  1.92e+01  0  5.14e+02  9.56e+01  5.90e+00  7.87e-01  3.44e-01   1.87
2002 12 24  2015   52632   72900  0  4.51e+02  1.41e+01  0  4.92e+02  1.01e+02  5.18e+00  1.51e+00  3.35e-01   0.29
2002 12 24  2020   52632   73200  0  3.97e+02  1.39e+01  0  5.19e+02  9.31e+01  7.49e+00  8.81e-01  4.75e-01   0.25
2002 12 24  2025   52632   73500  0  4.27e+02  1.45e+01  0  6.67e+02  1.20e+02  5.12e+00  8.03e-01  3.97e-01   0.85
2002 12 24  2030   52632   73800  0  3.83e+02  1.28e+01  0  5.76e+02  9.87e+01  5.66e+00  9.15e-01  2.29e-01   0.74
2002 12 24  2035   52632   74100  0  4.12e+02  1.44e+01  0  5.87e+02  9.23e+01  4.98e+00  8.18e-01  1.25e-01   0.43
2002 12 24  2040   52632   74400  0  3.54e+02  1.42e+01  0  4.82e+02  8.24e+01  5.38e+00  8.10e-01  4.51e-01   1.12
2002 12 24  2045   52632   74700  0  3.93e+02  1.54e+01  0  8.78e+02  1.59e+02  5.99e+00  1.04e+00  2.75e-01   0.59
2002 12 24  2050   52632   75000  0  4.41e+02  1.52e+01  0  6.71e+02  9.82e+01  5.87e+00  8.57e-01  4.25e-01   0.36
2002 12 24  2055   52632   75300  0  4.39e+02  1.21e+01  0  9.89e+02  1.18e+02  5.01e+00  8.03e-01  4.29e-01   0.52
2002 12 24  2100   52632   75600  0  3.57e+02  1.52e+01  0  7.36e+02  1.09e+02  5.66e+00  7.54e-01  2.47e-01   0.89
2002 12 24  2105   52632   75900  0  3.52e+02  1.52e+01  0  7.17e+02  1.05e+02  5.49e+00  7.31e-01  3.13e-01   0.39
2002 12 24  2110   52632   76200  0  4.17e+02  1.47e+01  0  6.28e+02  8.31e+01  5.05e+00  7.87e-01  3.32e-01   0.98
2002 12 24  2115   52632   76500  0  3.85e+02  1.19e+01  0  6.58e+02  9.37e+01  5.41e+00  9.17e-01  3.78e-01   0.67
2002 12 24  2120   52632   76800  0  2.83e+02  1.43e+01  0  6.85e+02  7.72e+01  5.05e+00  9.50e-01  2.70e-01   0.39
2002 12 24  2125   52632   77100  0  3.49e+02  1.55e+01  0  6.48e+02  7.96e+01  5.28e+00  9.58e-01  2.82e-01   0.39
2002 12 24  2130   52632   77400  0  3.80e+02  1.40e+01  0  4.45e+02  6.36e+01  5.55e+00  1.17e+00  2.50e-01   0.28
2002 12 24  2135   52632   77700  0  3.34e+02  1.29e+01  0  4.64e+02  6.88e+01  4.88e+00  5.22e-01  3.05e-01   2.00
2002 12 24  2140   52632   78000  0  3.22e+02  1.22e+01  0  4.96e+02  7.12e+01  4.45e+00  1.13e+00  3.03e-01   0.71
2002 12 24  2145   52632   78300  0  4.11e+02  1.38e+01  0  3.63e+02  4.95e+01  4.21e+00  7.05e-01  2.20e-01   0.77
2002 12 24  2150   52632   78600  0  3.35e+02  1.20e+01  0  4.08e+02  4.24e+01  3.88e+00  9.27e-01  2.52e-01   1.61
2002 12 24  2155   52632   78900  0  4.05e+02  1.40e+01  0  3.67e+02  4.20e+01  3.62e+00  7.79e-01  2.62e-01   0.62
2002 12 24  2200   52632   79200  0  4.10e+02  1.40e+01  0  3.37e+02  3.79e+01  3.88e+00  9.52e-01  1.53e-01   0.14
2002 12 24  2205   52632   79500  0  4.19e+02  1.70e+01  0  4.62e+02  4.25e+01  3.07e+00  9.96e-01  2.65e-01   0.88
2002 12 24  2210   52632   79800  0  3.51e+02  1.56e+01  0  5.36e+02  4.65e+01  5.11e+00  8.34e-01  1.53e-01   0.66
2002 12 24  2215   52632   80100  0  3.73e+02  1.40e+01  0  5.85e+02  6.12e+01  4.51e+00  8.25e-01  3.69e-01   0.59
2002 12 24  2220   52632   80400  0  4.27e+02  1.82e+01  0  5.29e+02  5.93e+01  5.17e+00  9.18e-01  2.49e-01   0.37
2002 12 24  2225   52632   80700  0  3.90e+02  1.52e+01  0  3.96e+02  5.33e+01  4.06e+00  9.99e-01  4.11e-01   0.63
2002 12 24  2230   52632   81000  0  3.73e+02  1.28e+01  0  4.19e+02  5.39e+01  4.77e+00  1.03e+00  2.29e-01   0.35
2002 12 24  2235   52632   81300  0  4.08e+02  1.10e+01  0  3.90e+02  6.30e+01  4.59e+00  8.82e-01  2.83e-01   0.79
2002 12 24  2240   52632   81600  0  3.57e+02  1.48e+01  0  3.99e+02  5.66e+01  3.61e+00  8.93e-01  3.52e-01   0.90
2002 12 24  2245   52632   81900  0  3.71e+02  1.38e+01  0  2.60e+02  5.13e+01  4.83e+00  7.47e-01  4.31e-01   0.83
2002 12 24  2250   52632   82200  0  3.77e+02  1.54e+01  0  2.71e+02  5.17e+01  3.28e+00  9.83e-01  2.83e-01   1.00
2002 12 24  2255   52632   82500  0  3.59e+02  1.52e+01  0  3.05e+02  5.88e+01  3.80e+00  9.92e-01  2.78e-01   0.79
2002 12 24  2300   52632   82800  0  4.11e+02  1.29e+01  0  3.17e+02  5.37e+01  3.76e+00  6.34e-01  5.19e-01   0.41
2002 12 24  2305   52632   83100  0  3.42e+02  1.20e+01  0  3.60e+02  4.84e+01  3.80e+00  8.59e-01  3.29e-01   0.18
2002 12 24  2310   52632   83400  0  4.08e+02  1.53e+01  0  4.20e+02  6.05e+01  4.73e+00  6.13e-01  3.66e-01   0.69
2002 12 24  2315   52632   83700  0  3.84e+02  1.72e+01  0  3.89e+02  7.20e+01  5.51e+00  1.00e+00  2.47e-01   0.90
2002 12 24  2320   52632   84000  0  3.89e+02  1.54e+01  0  3.23e+02  5.90e+01  4.33e+00  8.05e-01  3.75e-01   0.88
2002 12 24  2325   52632   84300  0  3.72e+02  1.59e+01  0  4.09e+02  6.51e+01  4.93e+00  7.73e-01  3.75e-01   0.37
2002 12 24  2330   52632   84600  0  4.08e+02  1.37e+01  0  3.79e+02  5.81e+01  4.59e+00  8.25e-01  3.22e-01   0.21
2002 12 24  2335   52632   84900  0  3.70e+02  1.20e+01  0  3.76e+02  6.42e+01  4.65e+00  9.83e-01  3.63e-01   0.33
2002 12 24  2340   52632   85200  0  4.54e+02  1.25e+01  0  5.52e+02  6.85e+01  5.33e+00  9.49e-01  2.72e-01   0.63
2002 12 24  2345   52632   85500  0  3.57e+02  1.51e+01  0  5.66e+02  7.10e+01  4.65e+00  9.91e-01  4.51e-01   0.94
2002 12 24  2350   52632   85800  0  3.93e+02  1.40e+01  0  4.49e+02  7.90e+01  6.13e+00  8.93e-01  2.86e-01   0.35
2002 12 24  2355   52632   86100  0  3.00e+02  1.52e+01  0  4.20e+02  7.68e+01  5.11e+00  8.96e-01  3.50e-01   0.21
