:Data_list: 20021120_ace_epam_5m.txt
:Created: 2002 Nov 21 0012 UT
# Prepared by the U.S. Dept. of Commerce, NOAA, Space Environment Center.
# Please send comments and suggestions to sec@sec.noaa.gov 
# 
# Units: Differential Flux particles/cm2-s-ster-MeV
# Units: Anisotropy Index 0.0 - 2.0
# Status(S): 0 = nominal, 4,6,7,8 = bad data, unable to process, 9 = no data
# Missing data values: -1.00e+05, index = -1.00
# Source: ACE Satellite - Electron, Proton, and Alpha Monitor
# Note: 2002 Mar 18: First Proton channel changed from 47-65 to 65-112keV.
#
#                      5-minute averaged Real-time Differential Electron and Proton Flux 
# 
#                Modified Seconds ---------------------------- Differential Flux --------------------------- 
# UT Date   Time  Julian  of the  ----- Electron -----   ------------------- Protons keV -------------------   Anis.
# YR MO DA  HHMM    Day    Day    S    38-53   175-315   S   65-112   112-187   310-580   761-1220 060-1910   Ratio
#-------------------------------------------------------------------------------------------------------------------
2002 11 20  0000   52598       0  0  5.75e+02  1.66e+01  0  3.05e+02  1.33e+02  8.92e+00  1.40e+00  5.32e-01   0.65
2002 11 20  0005   52598     300  0  5.90e+02  1.70e+01  0  3.46e+02  1.34e+02  8.65e+00  1.37e+00  4.47e-01   0.41
2002 11 20  0010   52598     600  0  5.69e+02  1.88e+01  0  3.12e+02  1.23e+02  8.71e+00  1.29e+00  4.80e-01   0.20
2002 11 20  0015   52598     900  0  5.40e+02  1.88e+01  0  2.84e+02  1.19e+02  8.52e+00  1.83e+00  3.97e-01   0.09
2002 11 20  0020   52598    1200  0  6.11e+02  1.56e+01  0  3.33e+02  1.21e+02  9.26e+00  1.19e+00  5.73e-01   0.48
2002 11 20  0025   52598    1500  0  6.15e+02  1.66e+01  0  3.21e+02  1.23e+02  8.59e+00  1.35e+00  3.28e-01   0.18
2002 11 20  0030   52598    1800  0  5.78e+02  1.68e+01  0  2.91e+02  1.22e+02  9.51e+00  1.04e+00  4.58e-01   0.57
2002 11 20  0035   52598    2100  0  5.90e+02  1.79e+01  0  2.95e+02  1.31e+02  7.99e+00  1.49e+00  5.50e-01   0.33
2002 11 20  0040   52598    2400  0  6.25e+02  1.70e+01  0  2.72e+02  1.12e+02  8.11e+00  1.56e+00  3.74e-01   0.65
2002 11 20  0045   52598    2700  0  5.26e+02  1.66e+01  0  2.78e+02  1.22e+02  7.69e+00  1.16e+00  2.93e-01   0.72
2002 11 20  0050   52598    3000  0  5.48e+02  1.90e+01  0  2.84e+02  1.18e+02  8.39e+00  1.72e+00  3.51e-01   0.21
2002 11 20  0055   52598    3300  0  5.57e+02  1.80e+01  0  3.02e+02  1.16e+02  7.69e+00  1.74e+00  2.98e-01   0.26
2002 11 20  0100   52598    3600  0  5.90e+02  1.71e+01  0  2.87e+02  1.19e+02  9.56e+00  1.28e+00  4.75e-01   0.57
2002 11 20  0105   52598    3900  0  4.92e+02  1.85e+01  0  2.90e+02  1.29e+02  7.67e+00  1.25e+00  3.51e-01   0.39
2002 11 20  0110   52598    4200  0  5.63e+02  1.68e+01  0  3.22e+02  1.28e+02  7.39e+00  1.52e+00  3.08e-01   0.26
2002 11 20  0115   52598    4500  0  5.37e+02  1.90e+01  0  3.05e+02  1.20e+02  8.23e+00  1.31e+00  3.55e-01   0.37
2002 11 20  0120   52598    4800  0  5.57e+02  1.54e+01  0  3.03e+02  1.15e+02  8.13e+00  1.46e+00  5.32e-01   0.21
2002 11 20  0125   52598    5100  0  5.77e+02  1.45e+01  0  2.86e+02  1.13e+02  8.10e+00  1.36e+00  4.92e-01   0.11
2002 11 20  0130   52598    5400  0  5.62e+02  1.76e+01  0  2.73e+02  1.28e+02  8.98e+00  1.66e+00  5.09e-01   0.21
2002 11 20  0135   52598    5700  0  5.42e+02  1.56e+01  0  2.65e+02  1.20e+02  8.04e+00  1.35e+00  3.76e-01   0.53
2002 11 20  0140   52598    6000  0  5.48e+02  1.66e+01  0  2.64e+02  1.15e+02  7.82e+00  1.56e+00  3.98e-01   0.04
2002 11 20  0145   52598    6300  0  6.02e+02  1.35e+01  0  2.69e+02  1.17e+02  7.67e+00  1.33e+00  3.65e-01   0.59
2002 11 20  0150   52598    6600  0  5.99e+02  1.95e+01  0  2.64e+02  1.10e+02  7.80e+00  1.41e+00  4.35e-01   0.27
2002 11 20  0155   52598    6900  0  5.70e+02  2.05e+01  0  2.66e+02  1.16e+02  6.49e+00  1.39e+00  4.27e-01   0.26
2002 11 20  0200   52598    7200  0  5.52e+02  1.76e+01  0  2.46e+02  1.04e+02  7.28e+00  1.25e+00  3.36e-01  -1.00
2002 11 20  0205   52598    7500  0  5.56e+02  1.80e+01  0  2.32e+02  1.00e+02  8.88e+00  1.60e+00  3.63e-01   0.30
2002 11 20  0210   52598    7800  0  5.67e+02  1.58e+01  0  2.44e+02  1.13e+02  5.70e+00  1.07e+00  3.82e-01   0.33
2002 11 20  0215   52598    8100  0  5.50e+02  1.94e+01  0  2.24e+02  1.11e+02  6.95e+00  1.21e+00  2.95e-01   0.76
2002 11 20  0220   52598    8400  0  5.98e+02  1.67e+01  0  2.32e+02  1.11e+02  8.38e+00  1.33e+00  4.82e-01   0.19
2002 11 20  0225   52598    8700  0  5.52e+02  1.60e+01  0  2.50e+02  1.09e+02  7.67e+00  1.29e+00  5.28e-01   0.44
2002 11 20  0230   52598    9000  0  5.95e+02  1.62e+01  0  2.72e+02  1.19e+02  7.15e+00  1.77e+00  5.41e-01   0.37
2002 11 20  0235   52598    9300  0  6.42e+02  1.80e+01  0  2.95e+02  1.30e+02  9.10e+00  1.03e+00  3.88e-01   0.96
2002 11 20  0240   52598    9600  0  5.46e+02  1.80e+01  0  2.94e+02  1.26e+02  8.52e+00  1.41e+00  5.59e-01   0.24
2002 11 20  0245   52598    9900  0  5.91e+02  1.68e+01  0  2.81e+02  1.17e+02  8.72e+00  1.29e+00  5.10e-01   0.24
2002 11 20  0250   52598   10200  0  5.84e+02  1.41e+01  0  2.72e+02  1.22e+02  8.47e+00  1.02e+00  4.88e-01   0.86
2002 11 20  0255   52598   10500  0  6.01e+02  1.78e+01  0  2.64e+02  1.08e+02  7.61e+00  9.96e-01  5.18e-01   0.47
2002 11 20  0300   52598   10800  0  5.56e+02  1.65e+01  0  2.46e+02  1.09e+02  8.11e+00  1.28e+00  4.70e-01   0.13
2002 11 20  0305   52598   11100  0  5.61e+02  1.87e+01  0  2.68e+02  1.12e+02  6.61e+00  1.17e+00  3.84e-01   0.52
2002 11 20  0310   52598   11400  0  5.39e+02  1.53e+01  0  2.50e+02  1.07e+02  8.33e+00  1.31e+00  4.04e-01   0.82
2002 11 20  0315   52598   11700  0  5.44e+02  1.79e+01  0  2.36e+02  1.10e+02  7.27e+00  1.44e+00  4.01e-01   0.59
2002 11 20  0320   52598   12000  0  5.77e+02  1.45e+01  0  2.51e+02  1.05e+02  7.99e+00  1.41e+00  4.76e-01   0.31
2002 11 20  0325   52598   12300  0  6.08e+02  1.53e+01  0  2.41e+02  1.07e+02  7.33e+00  1.06e+00  5.15e-01   0.66
2002 11 20  0330   52598   12600  0  5.87e+02  1.74e+01  0  2.48e+02  1.09e+02  7.01e+00  1.57e+00  5.34e-01   0.61
2002 11 20  0335   52598   12900  0  5.89e+02  1.80e+01  0  2.59e+02  1.09e+02  7.57e+00  1.40e+00  4.05e-01   0.31
2002 11 20  0340   52598   13200  0  5.57e+02  1.83e+01  0  2.60e+02  1.11e+02  8.09e+00  1.30e+00  4.20e-01   0.42
2002 11 20  0345   52598   13500  0  5.32e+02  1.88e+01  0  2.70e+02  1.19e+02  8.06e+00  1.38e+00  4.77e-01   0.54
2002 11 20  0350   52598   13800  0  5.53e+02  1.75e+01  0  2.69e+02  1.13e+02  8.11e+00  1.51e+00  4.82e-01   0.30
2002 11 20  0355   52598   14100  0  6.35e+02  1.56e+01  0  2.69e+02  1.11e+02  8.11e+00  1.02e+00  3.71e-01   0.89
2002 11 20  0400   52598   14400  0  5.56e+02  1.61e+01  0  2.71e+02  1.12e+02  6.82e+00  1.27e+00  4.26e-01   0.76
2002 11 20  0405   52598   14700  0  5.16e+02  1.85e+01  0  2.54e+02  1.05e+02  7.04e+00  1.37e+00  3.78e-01   0.15
2002 11 20  0410   52598   15000  0  6.45e+02  2.03e+01  0  2.65e+02  1.02e+02  6.62e+00  1.15e+00  3.52e-01   0.24
2002 11 20  0415   52598   15300  0  4.68e+02  1.92e+01  0  2.55e+02  1.06e+02  8.39e+00  1.30e+00  4.41e-01   0.15
2002 11 20  0420   52598   15600  0  5.42e+02  1.80e+01  0  2.56e+02  1.08e+02  6.55e+00  1.39e+00  3.93e-01   0.50
2002 11 20  0425   52598   15900  0  5.57e+02  1.77e+01  0  2.37e+02  1.08e+02  7.41e+00  1.39e+00  4.58e-01   0.35
2002 11 20  0430   52598   16200  0  5.03e+02  1.48e+01  0  2.37e+02  1.07e+02  7.41e+00  1.26e+00  4.71e-01   0.49
2002 11 20  0435   52598   16500  0  6.05e+02  1.57e+01  0  2.63e+02  1.07e+02  7.66e+00  1.56e+00  4.34e-01   0.16
2002 11 20  0440   52598   16800  0  5.28e+02  1.72e+01  0  2.34e+02  1.04e+02  7.15e+00  1.25e+00  3.44e-01   0.20
2002 11 20  0445   52598   17100  0  5.82e+02  1.77e+01  0  2.26e+02  1.01e+02  8.32e+00  1.39e+00  4.87e-01   0.90
2002 11 20  0450   52598   17400  0  5.34e+02  1.54e+01  0  2.81e+02  1.15e+02  8.39e+00  1.06e+00  2.62e-01   0.60
2002 11 20  0455   52598   17700  0  5.19e+02  2.08e+01  0  2.85e+02  1.16e+02  7.34e+00  1.19e+00  3.66e-01   0.37
2002 11 20  0500   52598   18000  0  5.74e+02  1.72e+01  0  2.61e+02  1.11e+02  8.77e+00  1.18e+00  3.72e-01   0.96
2002 11 20  0505   52598   18300  0  4.81e+02  1.38e+01  0  2.62e+02  1.13e+02  8.00e+00  9.97e-01  3.35e-01   1.31
2002 11 20  0510   52598   18600  0  5.81e+02  1.82e+01  0  2.62e+02  1.19e+02  8.33e+00  1.30e+00  3.71e-01   0.57
2002 11 20  0515   52598   18900  0  5.11e+02  1.68e+01  0  2.65e+02  1.09e+02  7.60e+00  1.34e+00  2.29e-01   0.06
2002 11 20  0520   52598   19200  0  5.09e+02  1.45e+01  0  2.57e+02  1.09e+02  7.47e+00  1.09e+00  3.74e-01   0.18
2002 11 20  0525   52598   19500  0  5.22e+02  1.65e+01  0  2.57e+02  1.05e+02  6.61e+00  1.73e+00  2.96e-01   0.18
2002 11 20  0530   52598   19800  0  6.13e+02  1.75e+01  0  2.75e+02  1.11e+02  7.45e+00  1.05e+00  3.79e-01   0.15
2002 11 20  0535   52598   20100  0  5.99e+02  1.31e+01  0  2.87e+02  1.14e+02  7.41e+00  1.25e+00  5.60e-01   0.79
2002 11 20  0540   52598   20400  0  5.60e+02  1.70e+01  0  2.97e+02  1.05e+02  7.36e+00  1.28e+00  3.82e-01   0.08
2002 11 20  0545   52598   20700  0  6.01e+02  1.90e+01  0  2.62e+02  1.24e+02  6.49e+00  1.15e+00  3.69e-01   0.64
2002 11 20  0550   52598   21000  0  5.38e+02  1.47e+01  0  2.79e+02  1.10e+02  7.80e+00  1.16e+00  3.01e-01   0.81
2002 11 20  0555   52598   21300  0  5.11e+02  1.66e+01  0  2.60e+02  1.03e+02  7.45e+00  1.14e+00  4.80e-01   0.19
2002 11 20  0600   52598   21600  0  5.85e+02  1.49e+01  0  2.52e+02  1.13e+02  8.41e+00  1.23e+00  3.84e-01   0.49
2002 11 20  0605   52598   21900  0  5.18e+02  2.19e+01  0  2.54e+02  1.07e+02  6.43e+00  1.20e+00  4.65e-01   0.32
2002 11 20  0610   52598   22200  0  5.48e+02  1.72e+01  0  2.80e+02  1.14e+02  6.75e+00  1.33e+00  4.28e-01   0.29
2002 11 20  0615   52598   22500  0  5.45e+02  1.69e+01  0  2.97e+02  1.12e+02  6.79e+00  1.26e+00  4.36e-01   0.66
2002 11 20  0620   52598   22800  0  5.79e+02  1.45e+01  0  3.44e+02  1.21e+02  6.97e+00  9.25e-01  3.12e-01   0.85
2002 11 20  0625   52598   23100  0  5.49e+02  1.95e+01  0  3.12e+02  1.18e+02  8.06e+00  1.38e+00  2.43e-01   0.33
2002 11 20  0630   52598   23400  0  5.23e+02  1.68e+01  0  2.81e+02  1.11e+02  8.23e+00  1.16e+00  4.34e-01   0.29
2002 11 20  0635   52598   23700  0  5.58e+02  1.54e+01  0  3.05e+02  1.17e+02  7.27e+00  1.07e+00  3.15e-01   0.37
2002 11 20  0640   52598   24000  0  5.39e+02  1.87e+01  0  3.30e+02  1.20e+02  8.06e+00  1.36e+00  4.30e-01   0.37
2002 11 20  0645   52598   24300  0  5.11e+02  1.85e+01  0  3.38e+02  1.23e+02  7.49e+00  1.04e+00  2.17e-01   0.89
2002 11 20  0650   52598   24600  0  4.87e+02  1.91e+01  0  3.36e+02  1.22e+02  7.47e+00  1.19e+00  3.01e-01   0.47
2002 11 20  0655   52598   24900  0  5.83e+02  1.43e+01  0  3.27e+02  1.19e+02  7.93e+00  1.29e+00  4.49e-01   1.00
2002 11 20  0700   52598   25200  0  5.83e+02  1.94e+01  0  3.15e+02  1.23e+02  8.05e+00  1.19e+00  3.16e-01   0.44
2002 11 20  0705   52598   25500  0  6.13e+02  2.06e+01  0  3.04e+02  1.25e+02  7.93e+00  1.02e+00  4.15e-01   0.51
2002 11 20  0710   52598   25800  0  5.46e+02  1.64e+01  0  2.80e+02  1.14e+02  7.87e+00  1.15e+00  2.75e-01   0.34
2002 11 20  0715   52598   26100  0  5.14e+02  1.81e+01  0  2.89e+02  9.80e+01  6.88e+00  1.32e+00  4.64e-01   0.79
2002 11 20  0720   52598   26400  0  5.07e+02  1.79e+01  0  2.78e+02  1.16e+02  7.80e+00  1.25e+00  3.77e-01   0.69
2002 11 20  0725   52598   26700  0  5.75e+02  1.32e+01  0  2.88e+02  1.09e+02  6.66e+00  1.13e+00  3.74e-01   0.71
2002 11 20  0730   52598   27000  0  5.32e+02  1.65e+01  0  2.75e+02  1.14e+02  7.28e+00  1.19e+00  2.62e-01   0.58
2002 11 20  0735   52598   27300  0  5.46e+02  1.42e+01  0  2.52e+02  1.05e+02  6.95e+00  1.31e+00  3.23e-01   0.70
2002 11 20  0740   52598   27600  0  5.36e+02  1.54e+01  0  2.73e+02  1.14e+02  7.99e+00  1.15e+00  4.09e-01   0.53
2002 11 20  0745   52598   27900  0  5.32e+02  1.68e+01  0  2.61e+02  1.13e+02  7.43e+00  1.18e+00  3.93e-01   0.57
2002 11 20  0750   52598   28200  9 -1.00e+05 -1.00e+05  9 -1.00e+05 -1.00e+05 -1.00e+05 -1.00e+05 -1.00e+05  -1.00
2002 11 20  0755   52598   28500  9 -1.00e+05 -1.00e+05  9 -1.00e+05 -1.00e+05 -1.00e+05 -1.00e+05 -1.00e+05  -1.00
2002 11 20  0800   52598   28800  9 -1.00e+05 -1.00e+05  9 -1.00e+05 -1.00e+05 -1.00e+05 -1.00e+05 -1.00e+05  -1.00
2002 11 20  0805   52598   29100  9 -1.00e+05 -1.00e+05  9 -1.00e+05 -1.00e+05 -1.00e+05 -1.00e+05 -1.00e+05  -1.00
2002 11 20  0810   52598   29400  9 -1.00e+05 -1.00e+05  9 -1.00e+05 -1.00e+05 -1.00e+05 -1.00e+05 -1.00e+05  -1.00
2002 11 20  0815   52598   29700  9 -1.00e+05 -1.00e+05  9 -1.00e+05 -1.00e+05 -1.00e+05 -1.00e+05 -1.00e+05  -1.00
2002 11 20  0820   52598   30000  9 -1.00e+05 -1.00e+05  9 -1.00e+05 -1.00e+05 -1.00e+05 -1.00e+05 -1.00e+05  -1.00
2002 11 20  0825   52598   30300  9 -1.00e+05 -1.00e+05  9 -1.00e+05 -1.00e+05 -1.00e+05 -1.00e+05 -1.00e+05  -1.00
2002 11 20  0830   52598   30600  9 -1.00e+05 -1.00e+05  9 -1.00e+05 -1.00e+05 -1.00e+05 -1.00e+05 -1.00e+05  -1.00
2002 11 20  0835   52598   30900  9 -1.00e+05 -1.00e+05  9 -1.00e+05 -1.00e+05 -1.00e+05 -1.00e+05 -1.00e+05  -1.00
2002 11 20  0840   52598   31200  9 -1.00e+05 -1.00e+05  9 -1.00e+05 -1.00e+05 -1.00e+05 -1.00e+05 -1.00e+05  -1.00
2002 11 20  0845   52598   31500  0  5.56e+02  1.90e+01  0  3.39e+02  1.25e+02  7.57e+00  1.18e+00  1.72e-01   0.35
2002 11 20  0850   52598   31800  0  5.62e+02  1.78e+01  0  3.45e+02  1.19e+02  7.21e+00  1.45e+00  3.68e-01   0.25
2002 11 20  0855   52598   32100  0  6.42e+02  1.89e+01  0  3.28e+02  1.15e+02  6.07e+00  1.11e+00  3.66e-01   0.58
2002 11 20  0900   52598   32400  0  6.40e+02  1.90e+01  0  3.16e+02  1.12e+02  5.95e+00  1.07e+00  3.82e-01   0.67
2002 11 20  0905   52598   32700  0  6.55e+02  1.87e+01  0  3.06e+02  1.06e+02  6.49e+00  1.24e+00  3.76e-01   0.20
2002 11 20  0910   52598   33000  0  5.99e+02  2.03e+01  0  3.13e+02  1.24e+02  7.93e+00  1.20e+00  4.71e-01   0.29
2002 11 20  0915   52598   33300  0  5.34e+02  1.87e+01  0  3.34e+02  1.15e+02  7.45e+00  1.27e+00  1.83e-01   0.94
2002 11 20  0920   52598   33600  0  5.03e+02  1.74e+01  0  3.01e+02  1.14e+02  8.72e+00  1.08e+00  3.27e-01   0.52
2002 11 20  0925   52598   33900  0  6.18e+02  1.88e+01  0  3.10e+02  1.15e+02  6.93e+00  1.13e+00  1.02e-01   0.59
2002 11 20  0930   52598   34200  0  5.49e+02  1.92e+01  0  3.39e+02  1.32e+02  6.10e+00  1.08e+00  4.27e-01   0.27
2002 11 20  0935   52598   34500  0  5.07e+02  1.86e+01  0  3.46e+02  1.15e+02  7.28e+00  1.11e+00  3.21e-01   0.37
2002 11 20  0940   52598   34800  0  5.62e+02  2.11e+01  0  3.44e+02  1.22e+02  7.43e+00  8.16e-01  3.79e-01   0.62
2002 11 20  0945   52598   35100  0  5.30e+02  1.60e+01  0  3.41e+02  1.21e+02  7.01e+00  1.08e+00  3.67e-01   0.52
2002 11 20  0950   52598   35400  0  5.43e+02  1.84e+01  0  3.39e+02  1.11e+02  5.97e+00  1.22e+00  4.31e-01   0.19
2002 11 20  0955   52598   35700  0  5.30e+02  1.54e+01  0  3.33e+02  1.07e+02  6.10e+00  1.20e+00  5.28e-01   0.72
2002 11 20  1000   52598   36000  0  6.09e+02  1.84e+01  0  3.15e+02  1.16e+02  6.56e+00  1.11e+00  3.44e-01   0.30
2002 11 20  1005   52598   36300  0  5.38e+02  1.70e+01  0  3.08e+02  1.07e+02  7.43e+00  1.27e+00  3.31e-01   0.67
2002 11 20  1010   52598   36600  0  5.70e+02  1.52e+01  0  3.21e+02  1.14e+02  7.34e+00  1.23e+00  3.30e-01   0.42
2002 11 20  1015   52598   36900  0  5.43e+02  1.28e+01  0  2.69e+02  1.02e+02  5.37e+00  8.62e-01  3.19e-01   0.83
2002 11 20  1020   52598   37200  0  5.47e+02  1.65e+01  0  2.65e+02  9.80e+01  6.05e+00  1.21e+00  3.22e-01   0.27
2002 11 20  1025   52598   37500  0  6.97e+02  1.64e+01  0  2.47e+02  8.45e+01  4.33e+00  1.05e+00  3.59e-01   0.44
2002 11 20  1030   52598   37800  0  5.56e+02  2.11e+01  0  2.66e+02  8.71e+01  5.44e+00  9.61e-01  2.82e-01   0.88
2002 11 20  1035   52598   38100  0  5.60e+02  1.73e+01  0  2.32e+02  8.49e+01  5.21e+00  9.35e-01  3.86e-01   0.18
2002 11 20  1040   52598   38400  0  5.54e+02  1.58e+01  0  2.83e+02  9.77e+01  6.36e+00  9.74e-01  4.64e-01   0.92
2002 11 20  1045   52598   38700  0  5.45e+02  1.59e+01  0  3.33e+02  1.15e+02  5.71e+00  1.04e+00  2.98e-01   0.53
2002 11 20  1050   52598   39000  0  6.22e+02  1.52e+01  0  3.68e+02  1.17e+02  7.33e+00  1.06e+00  3.62e-01   0.17
2002 11 20  1055   52598   39300  0  5.74e+02  1.71e+01  0  3.67e+02  1.29e+02  7.54e+00  1.03e+00  2.86e-01   0.67
2002 11 20  1100   52598   39600  0  5.45e+02  1.36e+01  0  3.46e+02  1.19e+02  8.29e+00  1.02e+00  3.09e-01   0.70
2002 11 20  1105   52598   39900  0  5.58e+02  1.71e+01  0  3.47e+02  1.13e+02  7.03e+00  1.06e+00  3.56e-01   0.40
2002 11 20  1110   52598   40200  0  5.44e+02  1.46e+01  0  3.31e+02  1.11e+02  9.18e+00  1.09e+00  4.24e-01   0.41
2002 11 20  1115   52598   40500  0  6.18e+02  1.80e+01  0  2.93e+02  1.07e+02  6.49e+00  1.18e+00  4.87e-01   0.33
2002 11 20  1120   52598   40800  0  5.84e+02  1.65e+01  0  2.99e+02  1.14e+02  6.37e+00  1.07e+00  4.41e-01   0.31
2002 11 20  1125   52598   41100  0  5.85e+02  1.54e+01  0  3.43e+02  1.17e+02  7.15e+00  1.11e+00  3.68e-01   1.26
2002 11 20  1130   52598   41400  0  5.84e+02  1.86e+01  0  3.32e+02  1.14e+02  6.11e+00  1.07e+00  2.45e-01   0.59
2002 11 20  1135   52598   41700  0  5.62e+02  1.69e+01  0  3.25e+02  1.10e+02  7.15e+00  9.13e-01  4.87e-01   0.65
2002 11 20  1140   52598   42000  0  5.36e+02  1.78e+01  0  3.13e+02  1.03e+02  6.47e+00  9.75e-01  2.93e-01   0.58
2002 11 20  1145   52598   42300  0  5.89e+02  1.80e+01  0  3.28e+02  1.11e+02  4.98e+00  9.85e-01  3.98e-01  -1.00
2002 11 20  1150   52598   42600  0  6.09e+02  1.30e+01  0  2.93e+02  1.07e+02  5.65e+00  1.11e+00  3.51e-01   0.73
2002 11 20  1155   52598   42900  0  5.45e+02  1.68e+01  0  3.36e+02  1.13e+02  5.95e+00  6.65e-01  3.60e-01   0.70
2002 11 20  1200   52598   43200  0  6.15e+02  1.58e+01  0  3.36e+02  1.10e+02  6.29e+00  7.07e-01  2.83e-01   0.46
2002 11 20  1205   52598   43500  0  5.68e+02  1.98e+01  0  3.59e+02  1.08e+02  5.99e+00  1.09e+00  2.29e-01   0.60
2002 11 20  1210   52598   43800  0  4.76e+02  1.85e+01  0  3.34e+02  9.96e+01  5.70e+00  1.02e+00  4.11e-01   0.03
2002 11 20  1215   52598   44100  0  6.31e+02  1.68e+01  0  2.64e+02  9.32e+01  5.43e+00  8.91e-01  3.01e-01   1.22
2002 11 20  1220   52598   44400  0  5.88e+02  1.61e+01  0  2.93e+02  1.03e+02  6.21e+00  1.08e+00  3.33e-01   0.93
2002 11 20  1225   52598   44700  0  4.91e+02  1.62e+01  0  3.06e+02  1.07e+02  6.49e+00  9.69e-01  2.75e-01   0.28
2002 11 20  1230   52598   45000  0  5.89e+02  1.50e+01  0  2.90e+02  9.58e+01  6.72e+00  1.07e+00  3.52e-01   0.65
2002 11 20  1235   52598   45300  0  6.21e+02  1.85e+01  0  2.69e+02  1.02e+02  6.49e+00  8.10e-01  5.47e-01   0.55
2002 11 20  1240   52598   45600  0  5.82e+02  1.74e+01  0  2.36e+02  8.40e+01  5.18e+00  9.66e-01  5.34e-01   0.30
2002 11 20  1245   52598   45900  0  5.27e+02  1.83e+01  0  2.69e+02  1.02e+02  6.40e+00  1.09e+00  3.91e-01  -1.00
2002 11 20  1250   52598   46200  0  5.58e+02  1.63e+01  0  2.96e+02  1.04e+02  4.98e+00  1.10e+00  6.01e-01   0.83
2002 11 20  1255   52598   46500  0  5.69e+02  1.80e+01  0  2.48e+02  1.00e+02  5.97e+00  1.13e+00  4.23e-01   0.69
2002 11 20  1300   52598   46800  0  5.06e+02  1.69e+01  0  2.66e+02  9.56e+01  6.10e+00  1.09e+00  4.90e-01   0.36
2002 11 20  1305   52598   47100  0  5.51e+02  1.52e+01  0  2.45e+02  9.91e+01  7.02e+00  8.00e-01  6.30e-01   0.43
2002 11 20  1310   52598   47400  0  4.96e+02  1.85e+01  0  2.40e+02  1.01e+02  6.36e+00  1.05e+00  4.01e-01   0.53
2002 11 20  1315   52598   47700  0  5.66e+02  1.71e+01  0  2.36e+02  9.60e+01  5.66e+00  9.54e-01  4.48e-01   0.64
2002 11 20  1320   52598   48000  0  6.55e+02  1.67e+01  0  2.54e+02  9.37e+01  6.43e+00  9.41e-01  4.31e-01   0.48
2002 11 20  1325   52598   48300  0  5.54e+02  1.60e+01  0  2.49e+02  1.04e+02  6.43e+00  1.07e+00  4.84e-01   0.55
2002 11 20  1330   52598   48600  0  5.48e+02  1.65e+01  0  2.57e+02  1.01e+02  7.57e+00  1.05e+00  1.47e-01   1.02
2002 11 20  1335   52598   48900  0  5.69e+02  1.57e+01  0  2.28e+02  8.35e+01  5.97e+00  1.12e+00  4.58e-01   0.62
2002 11 20  1340   52598   49200  0  5.31e+02  1.29e+01  0  2.69e+02  1.01e+02  7.15e+00  9.11e-01  3.56e-01   0.55
2002 11 20  1345   52598   49500  0  5.59e+02  1.59e+01  0  2.46e+02  9.32e+01  7.15e+00  1.01e+00  3.98e-01   0.57
2002 11 20  1350   52598   49800  0  5.42e+02  1.76e+01  0  2.47e+02  1.02e+02  6.42e+00  9.02e-01  2.64e-01   0.51
2002 11 20  1355   52598   50100  0  5.38e+02  1.76e+01  0  2.42e+02  9.97e+01  6.61e+00  7.79e-01  3.31e-01   0.18
2002 11 20  1400   52598   50400  0  5.73e+02  1.89e+01  0  2.35e+02  9.80e+01  6.61e+00  1.23e+00  4.41e-01   0.39
2002 11 20  1405   52598   50700  0  5.57e+02  1.59e+01  0  2.36e+02  1.03e+02  5.71e+00  1.13e+00  4.28e-01   0.67
2002 11 20  1410   52598   51000  0  5.32e+02  1.66e+01  0  2.94e+02  9.30e+01  5.77e+00  7.40e-01  4.82e-01   0.37
2002 11 20  1415   52598   51300  0  5.68e+02  1.96e+01  0  2.58e+02  9.76e+01  7.33e+00  1.09e+00  3.18e-01   0.49
2002 11 20  1420   52598   51600  0  5.68e+02  1.52e+01  0  2.32e+02  8.57e+01  6.33e+00  8.20e-01  3.52e-01   0.75
2002 11 20  1425   52598   51900  0  4.10e+02  1.72e+01  0  2.48e+02  9.49e+01  6.35e+00  9.37e-01  3.19e-01   0.55
2002 11 20  1430   52598   52200  0  4.56e+02  1.65e+01  0  2.44e+02  8.11e+01  6.13e+00  9.99e-01  3.91e-01   0.95
2002 11 20  1435   52598   52500  0  4.85e+02  1.70e+01  0  2.07e+02  8.93e+01  5.41e+00  1.03e+00  2.78e-01   0.34
2002 11 20  1440   52598   52800  0  4.96e+02  1.72e+01  0  1.90e+02  8.78e+01  4.00e+00  7.11e-01  3.37e-01   0.98
2002 11 20  1445   52598   53100  0  4.92e+02  1.55e+01  0  1.95e+02  7.21e+01  4.11e+00  1.10e+00  3.61e-01   0.49
2002 11 20  1450   52598   53400  0  6.03e+02  1.96e+01  0  2.08e+02  7.84e+01  5.38e+00  1.08e+00  1.06e-01   0.52
2002 11 20  1455   52598   53700  0  5.09e+02  1.72e+01  0  1.92e+02  8.07e+01  5.77e+00  7.61e-01  4.66e-01   0.38
2002 11 20  1500   52598   54000  0  4.98e+02  1.57e+01  0  1.99e+02  8.39e+01  6.66e+00  9.71e-01  2.35e-01   0.47
2002 11 20  1505   52598   54300  0  5.13e+02  1.76e+01  0  2.10e+02  8.21e+01  6.23e+00  1.22e+00  4.28e-01   0.73
2002 11 20  1510   52598   54600  0  5.63e+02  1.65e+01  0  2.02e+02  8.02e+01  6.23e+00  9.67e-01  2.72e-01   0.09
2002 11 20  1515   52598   54900  0  5.16e+02  1.43e+01  0  2.02e+02  7.53e+01  5.21e+00  1.12e+00  1.76e-01   0.06
2002 11 20  1520   52598   55200  0  5.82e+02  1.78e+01  0  2.14e+02  6.73e+01  5.57e+00  6.89e-01  3.52e-01  -1.00
2002 11 20  1525   52598   55500  0  5.71e+02  1.85e+01  0  2.38e+02  6.35e+01  5.60e+00  1.27e+00  1.22e-01   0.31
2002 11 20  1530   52598   55800  0  4.92e+02  1.68e+01  0  2.00e+02  7.60e+01  5.18e+00  7.38e-01  3.44e-01   0.83
2002 11 20  1535   52598   56100  0  5.71e+02  1.48e+01  0  2.22e+02  6.89e+01  5.57e+00  8.75e-01  1.06e-01   0.50
2002 11 20  1540   52598   56400  0  5.98e+02  1.45e+01  0  2.09e+02  8.01e+01  5.12e+00  8.56e-01  3.22e-01   0.54
2002 11 20  1545   52598   56700  0  4.78e+02  1.68e+01  0  2.52e+02  7.03e+01  5.44e+00  1.12e+00  3.88e-01   0.18
2002 11 20  1550   52598   57000  0  6.19e+02  1.53e+01  0  1.95e+02  7.43e+01  5.22e+00  8.23e-01  3.37e-01   0.31
2002 11 20  1555   52598   57300  0  5.43e+02  1.90e+01  0  2.11e+02  6.63e+01  4.77e+00  6.80e-01  3.21e-01   0.87
2002 11 20  1600   52598   57600  0  5.56e+02  1.32e+01  0  2.41e+02  7.06e+01  4.20e+00  7.55e-01  2.86e-01   0.28
2002 11 20  1605   52598   57900  0  5.52e+02  1.78e+01  0  2.20e+02  6.45e+01  5.11e+00  8.17e-01  8.33e-02   0.20
2002 11 20  1610   52598   58200  0  5.87e+02  1.61e+01  0  2.15e+02  7.25e+01  5.65e+00  7.12e-01  3.63e-01   0.49
2002 11 20  1615   52598   58500  0  6.17e+02  1.71e+01  0  1.83e+02  5.90e+01  4.98e+00  6.65e-01  2.83e-01   0.62
2002 11 20  1620   52598   58800  0  5.58e+02  1.45e+01  0  2.06e+02  6.77e+01  5.11e+00  8.82e-01  2.37e-01   0.37
2002 11 20  1625   52598   59100  0  4.79e+02  2.20e+01  0  1.93e+02  6.67e+01  5.70e+00  8.24e-01  2.86e-01   0.19
2002 11 20  1630   52598   59400  0  6.08e+02  2.04e+01  0  2.08e+02  7.67e+01  7.21e+00  1.14e+00  2.98e-01  -1.00
2002 11 20  1635   52598   59700  0  6.33e+02  2.02e+01  0  1.96e+02  6.73e+01  5.29e+00  8.84e-01  3.93e-01  -1.00
2002 11 20  1640   52598   60000  0  5.80e+02  1.68e+01  0  1.82e+02  6.17e+01  4.51e+00  6.65e-01  3.44e-01   0.59
2002 11 20  1645   52598   60300  0  5.80e+02  1.82e+01  0  1.79e+02  5.93e+01  4.21e+00  6.81e-01  4.29e-01   1.12
2002 11 20  1650   52598   60600  0  6.31e+02  1.60e+01  0  1.63e+02  5.29e+01  3.64e+00  8.16e-01  3.63e-01   0.37
2002 11 20  1655   52598   60900  0  5.83e+02  1.83e+01  0  1.66e+02  5.53e+01  3.85e+00  1.02e+00  3.65e-01   0.57
2002 11 20  1700   52598   61200  0  6.86e+02  2.03e+01  0  1.59e+02  4.65e+01  3.67e+00  1.03e+00  3.59e-01   0.71
2002 11 20  1705   52598   61500  0  5.99e+02  1.66e+01  0  1.56e+02  5.22e+01  4.13e+00  6.83e-01  5.23e-01   1.20
2002 11 20  1710   52598   61800  0  5.94e+02  1.77e+01  0  1.60e+02  5.17e+01  5.14e+00  1.09e+00  4.31e-01   0.13
2002 11 20  1715   52598   62100  0  5.28e+02  1.50e+01  0  1.70e+02  5.75e+01  3.67e+00  5.96e-01  2.47e-01   1.53
2002 11 20  1720   52598   62400  0  6.22e+02  2.02e+01  0  2.08e+02  5.38e+01  3.80e+00  8.62e-01  3.29e-01   1.20
2002 11 20  1725   52598   62700  0  6.57e+02  1.51e+01  0  1.75e+02  5.77e+01  4.10e+00  8.67e-01  2.29e-01   0.53
2002 11 20  1730   52598   63000  0  5.57e+02  1.44e+01  0  1.73e+02  5.31e+01  4.33e+00  6.68e-01  3.74e-01  -1.00
2002 11 20  1735   52598   63300  0  5.64e+02  1.62e+01  0  1.53e+02  4.96e+01  3.67e+00  8.13e-01  5.67e-01   0.60
2002 11 20  1740   52598   63600  0  5.56e+02  2.07e+01  0  1.41e+02  4.89e+01  4.27e+00  9.52e-01  3.12e-01   1.03
2002 11 20  1745   52598   63900  0  6.07e+02  1.62e+01  0  1.29e+02  5.05e+01  4.67e+00  7.14e-01  2.75e-01   0.62
2002 11 20  1750   52598   64200  0  5.98e+02  1.58e+01  0  1.29e+02  4.81e+01  3.45e+00  8.65e-01  2.44e-01   0.85
2002 11 20  1755   52598   64500  0  6.55e+02  1.55e+01  0  1.25e+02  4.43e+01  3.76e+00  9.43e-01  3.25e-01   0.39
2002 11 20  1800   52598   64800  0  6.51e+02  1.47e+01  0  1.40e+02  4.74e+01  3.61e+00  8.92e-01  3.74e-01   0.58
2002 11 20  1805   52598   65100  0  5.93e+02  1.62e+01  0  1.45e+02  5.81e+01  4.55e+00  7.92e-01  2.76e-01   0.57
2002 11 20  1810   52598   65400  0  6.23e+02  1.72e+01  0  1.36e+02  5.81e+01  4.60e+00  9.28e-01  3.72e-01   1.61
2002 11 20  1815   52598   65700  0  6.19e+02  1.98e+01  0  1.25e+02  5.45e+01  4.72e+00  7.85e-01  2.70e-01   0.00
2002 11 20  1820   52598   66000  0  7.12e+02  1.90e+01  0  9.79e+01  4.21e+01  3.43e+00  8.99e-01  3.74e-01   0.64
2002 11 20  1825   52598   66300  0  7.02e+02  1.76e+01  0  9.49e+01  4.13e+01  3.71e+00  6.69e-01  3.67e-01   0.93
2002 11 20  1830   52598   66600  0  6.89e+02  2.15e+01  0  9.16e+01  3.07e+01  3.34e+00  9.79e-01  1.94e-01   0.91
2002 11 20  1835   52598   66900  0  7.28e+02  1.34e+01  0  9.68e+01  3.53e+01  3.24e+00  7.56e-01  0.00e+00   0.12
2002 11 20  1840   52598   67200  0  5.50e+02  2.09e+01  0  1.13e+02  3.07e+01  3.89e+00  8.11e-01  2.77e-01   0.80
2002 11 20  1845   52598   67500  0  7.16e+02  1.85e+01  0  8.92e+01  3.89e+01  2.93e+00  6.65e-01  2.56e-01   0.52
2002 11 20  1850   52598   67800  0  6.80e+02  1.59e+01  0  1.12e+02  4.23e+01  3.51e+00  8.21e-01  3.97e-01   0.00
2002 11 20  1855   52598   68100  0  6.15e+02  1.91e+01  0  1.09e+02  3.68e+01  3.61e+00  8.90e-01  2.05e-01   0.66
2002 11 20  1900   52598   68400  0  6.88e+02  1.81e+01  0  9.18e+01  3.79e+01  3.79e+00  7.04e-01  1.76e-01  -1.00
2002 11 20  1905   52598   68700  0  7.19e+02  1.71e+01  0  1.16e+02  3.95e+01  4.29e+00  8.15e-01  2.86e-01   0.00
2002 11 20  1910   52598   69000  0  6.15e+02  1.66e+01  0  1.21e+02  4.00e+01  3.54e+00  7.64e-01  3.13e-01   2.00
2002 11 20  1915   52598   69300  0  7.11e+02  1.58e+01  0  1.13e+02  4.09e+01  3.59e+00  8.61e-01  1.15e-01   0.64
2002 11 20  1920   52598   69600  0  7.39e+02  1.72e+01  0  1.00e+02  4.20e+01  3.12e+00  7.89e-01  2.53e-01   0.32
2002 11 20  1925   52598   69900  0  8.22e+02  1.92e+01  0  1.04e+02  4.09e+01  3.23e+00  8.70e-01  2.58e-01   0.98
2002 11 20  1930   52598   70200  0  7.74e+02  2.09e+01  0  8.45e+01  4.03e+01  3.80e+00  7.39e-01  7.64e-02  -1.00
2002 11 20  1935   52598   70500  0  7.39e+02  1.88e+01  0  8.53e+01  3.87e+01  4.09e+00  7.48e-01  2.29e-01  -1.00
2002 11 20  1940   52598   70800  0  7.94e+02  1.81e+01  0  8.10e+01  4.08e+01  3.39e+00  6.88e-01  4.58e-02   0.87
2002 11 20  1945   52598   71100  0  8.53e+02  1.66e+01  0  1.11e+02  4.06e+01  2.88e+00  5.95e-01  0.00e+00   0.85
2002 11 20  1950   52598   71400  0  7.34e+02  1.28e+01  0  9.48e+01  4.18e+01  4.15e+00  6.65e-01  2.91e-01   1.20
2002 11 20  1955   52598   71700  0  7.28e+02  1.86e+01  0  9.93e+01  3.61e+01  4.15e+00  8.14e-01  3.56e-01   0.09
2002 11 20  2000   52598   72000  0  7.07e+02  1.82e+01  0  1.03e+02  4.39e+01  3.85e+00  8.36e-01  2.00e-01   0.67
2002 11 20  2005   52598   72300  0  7.20e+02  1.84e+01  0  9.02e+01  3.68e+01  3.95e+00  8.84e-01  2.29e-01   0.29
2002 11 20  2010   52598   72600  0  7.16e+02  2.09e+01  0  9.31e+01  3.73e+01  4.26e+00  6.40e-01  3.01e-01   1.41
2002 11 20  2015   52598   72900  0  8.11e+02  1.79e+01  0  9.37e+01  4.30e+01  3.95e+00  5.76e-01  1.91e-01   0.26
2002 11 20  2020   52598   73200  0  7.68e+02  1.87e+01  0  1.13e+02  4.63e+01  3.77e+00  7.03e-01  3.27e-01   0.71
2002 11 20  2025   52598   73500  0  7.47e+02  2.08e+01  0  1.10e+02  4.04e+01  2.95e+00  8.87e-01  2.67e-01   0.40
2002 11 20  2030   52598   73800  0  7.76e+02  1.66e+01  0  1.10e+02  4.53e+01  4.63e+00  7.06e-01  2.14e-01   0.85
2002 11 20  2035   52598   74100  0  7.41e+02  1.63e+01  0  1.13e+02  4.31e+01  4.11e+00  5.89e-01  2.41e-01   2.00
2002 11 20  2040   52598   74400  0  7.07e+02  2.06e+01  0  1.11e+02  4.78e+01  4.26e+00  6.25e-01  3.75e-01   1.07
2002 11 20  2045   52598   74700  0  7.08e+02  1.32e+01  0  1.09e+02  4.15e+01  3.27e+00  6.16e-01  3.28e-01   0.56
2002 11 20  2050   52598   75000  0  8.86e+02  1.76e+01  0  1.23e+02  4.11e+01  4.04e+00  9.00e-01  3.05e-01   1.60
2002 11 20  2055   52598   75300  0  6.60e+02  1.87e+01  0  1.23e+02  4.46e+01  3.18e+00  7.93e-01  0.00e+00   0.37
2002 11 20  2100   52598   75600  0  7.82e+02  1.82e+01  0  1.65e+02  4.46e+01  3.16e+00  7.94e-01  1.95e-01   0.50
2002 11 20  2105   52598   75900  0  8.14e+02  1.58e+01  0  1.35e+02  4.46e+01  2.36e+00  8.57e-01  1.37e-01   0.61
2002 11 20  2110   52598   76200  0  7.58e+02  1.64e+01  0  1.29e+02  4.15e+01  3.85e+00  7.69e-01  1.77e-01   0.54
2002 11 20  2115   52598   76500  0  7.72e+02  1.77e+01  0  1.03e+02  4.37e+01  4.72e+00  8.97e-01  2.90e-01   0.65
2002 11 20  2120   52598   76800  0  8.36e+02  1.95e+01  0  1.20e+02  4.29e+01  3.61e+00  7.79e-01  2.54e-01   0.97
2002 11 20  2125   52598   77100  0  7.87e+02  1.76e+01  0  1.31e+02  4.93e+01  3.45e+00  7.34e-01  2.74e-01   0.92
2002 11 20  2130   52598   77400  0  7.51e+02  1.94e+01  0  1.09e+02  4.22e+01  3.85e+00  4.17e-01  2.70e-01   0.35
2002 11 20  2135   52598   77700  0  7.65e+02  1.89e+01  0  1.36e+02  4.37e+01  3.80e+00  8.55e-01  2.11e-01  -1.00
2002 11 20  2140   52598   78000  0  7.99e+02  1.95e+01  0  1.38e+02  4.56e+01  3.32e+00  8.83e-01  3.44e-01   0.49
2002 11 20  2145   52598   78300  0  7.74e+02  1.68e+01  0  1.48e+02  4.19e+01  3.34e+00  7.61e-01  2.72e-01   2.00
2002 11 20  2150   52598   78600  0  7.52e+02  1.58e+01  0  1.58e+02  4.37e+01  4.00e+00  6.17e-01  1.47e-01   0.85
2002 11 20  2155   52598   78900  0  7.98e+02  1.77e+01  0  1.61e+02  4.00e+01  3.57e+00  7.36e-01  4.58e-02   0.67
2002 11 20  2200   52598   79200  0  7.99e+02  1.63e+01  0  2.06e+02  4.26e+01  3.00e+00  7.02e-01  3.82e-01   0.26
2002 11 20  2205   52598   79500  0  8.38e+02  1.88e+01  0  1.66e+02  3.98e+01  3.90e+00  8.61e-01  3.58e-01   0.17
2002 11 20  2210   52598   79800  0  8.69e+02  1.62e+01  0  1.36e+02  4.80e+01  4.40e+00  7.59e-01  1.91e-01   1.67
2002 11 20  2215   52598   80100  0  8.25e+02  1.82e+01  0  1.28e+02  4.88e+01  3.32e+00  7.87e-01  1.99e-01   0.71
2002 11 20  2220   52598   80400  0  8.04e+02  1.80e+01  0  1.30e+02  4.44e+01  4.27e+00  8.44e-01  2.99e-01   0.50
2002 11 20  2225   52598   80700  0  8.88e+02  1.70e+01  0  1.66e+02  5.14e+01  3.66e+00  8.88e-01  3.44e-01   0.48
2002 11 20  2230   52598   81000  0  8.93e+02  1.77e+01  0  1.72e+02  4.19e+01  3.76e+00  1.03e+00  3.56e-01   0.62
2002 11 20  2235   52598   81300  0  8.40e+02  1.53e+01  0  1.52e+02  4.98e+01  3.93e+00  8.00e-01  2.70e-01   0.80
2002 11 20  2240   52598   81600  0  8.22e+02  1.75e+01  0  1.68e+02  5.52e+01  4.20e+00  6.32e-01  3.93e-01   0.62
2002 11 20  2245   52598   81900  0  8.93e+02  1.72e+01  0  1.50e+02  5.53e+01  4.67e+00  9.16e-01  2.00e-01   0.31
2002 11 20  2250   52598   82200  0  7.99e+02  1.58e+01  0  1.86e+02  5.73e+01  4.40e+00  1.12e+00  2.29e-01   0.30
2002 11 20  2255   52598   82500  0  7.71e+02  1.72e+01  0  1.64e+02  5.06e+01  4.47e+00  9.27e-01  2.45e-01   0.97
2002 11 20  2300   52598   82800  0  8.20e+02  1.79e+01  0  1.47e+02  6.10e+01  4.87e+00  8.83e-01  3.75e-01   1.05
2002 11 20  2305   52598   83100  0  7.89e+02  2.03e+01  0  1.54e+02  6.37e+01  4.90e+00  8.69e-01  2.86e-01   0.66
2002 11 20  2310   52598   83400  0  8.14e+02  1.94e+01  0  1.73e+02  5.74e+01  4.19e+00  8.47e-01  2.80e-01   0.99
2002 11 20  2315   52598   83700  0  8.55e+02  1.59e+01  0  1.51e+02  5.77e+01  3.99e+00  7.64e-01  2.60e-01   0.73
2002 11 20  2320   52598   84000  0  7.12e+02  1.65e+01  0  1.93e+02  5.73e+01  3.80e+00  8.59e-01  2.83e-01   0.50
2002 11 20  2325   52598   84300  0  7.91e+02  1.91e+01  0  2.07e+02  5.69e+01  3.94e+00  7.62e-01  1.50e-01   0.81
2002 11 20  2330   52598   84600  0  7.56e+02  1.44e+01  0  1.69e+02  5.90e+01  4.46e+00  8.26e-01  3.98e-01   0.57
2002 11 20  2335   52598   84900  0  8.02e+02  1.62e+01  0  1.76e+02  4.84e+01  3.82e+00  9.63e-01  3.51e-01   0.21
2002 11 20  2340   52598   85200  0  7.84e+02  2.05e+01  0  1.41e+02  5.51e+01  3.99e+00  6.61e-01  3.74e-01   0.67
2002 11 20  2345   52598   85500  0  7.59e+02  1.59e+01  0  1.53e+02  5.71e+01  4.58e+00  9.49e-01  1.91e-01   0.17
2002 11 20  2350   52598   85800  0  7.76e+02  2.01e+01  0  1.36e+02  5.64e+01  4.06e+00  6.99e-01  3.17e-01  -1.00
2002 11 20  2355   52598   86100  0  6.80e+02  1.90e+01  0  1.53e+02  4.99e+01  3.98e+00  9.50e-01  2.95e-01   0.50
