:Data_list: 20020311_ace_epam_5m.txt
:Created: 2002 Mar 12 0012 UT
# Prepared by the U.S. Dept. of Commerce, NOAA, Space Environment Center.
# Please send comments and suggestions to sec@sec.noaa.gov 
# 
# Units: Differential Flux particles/cm2-s-ster-MeV
# Units: Anisotropy Index 0.0 - 2.0
# Status(S): 0 = nominal data, 1 to 8 = bad data record, 9 = no data
# Missing data values: -1.00e+05, index = -1.00
# Source: ACE Satellite - Electron, Proton, and Alpha Monitor
# Note: 7/26/00 Corrected Differential Flux ranges.
#
#                      5-minute averaged Real-time Differential Electron and Proton Flux 
# 
#                Modified Seconds ---------------------------- Differential Flux --------------------------- 
# UT Date   Time  Julian  of the  ----- Electron -----   ------------------- Protons keV -------------------   Anis.
# YR MO DA  HHMM    Day    Day    S    38-53   175-315   S   47-65    112-187   310-580   761-1220 060-1910   Ratio
#-------------------------------------------------------------------------------------------------------------------
2002 03 11  0000   52344       0  0  3.10e+03  2.05e+01  0  4.67e+04  6.62e+02  2.52e+02  3.72e+01  1.16e+01   0.04
2002 03 11  0005   52344     300  0  3.27e+03  2.43e+01  0  4.50e+04  6.84e+02  1.98e+02  3.65e+01  1.11e+01   0.05
2002 03 11  0010   52344     600  0  3.10e+03  2.09e+01  0  5.66e+04  6.73e+02  1.66e+02  3.60e+01  1.17e+01   0.07
2002 03 11  0015   52344     900  0  3.00e+03  2.25e+01  0  6.20e+04  5.98e+02  2.35e+02  3.58e+01  1.09e+01   0.05
2002 03 11  0020   52344    1200  0  3.09e+03  2.60e+01  0  5.29e+04  6.04e+02  1.66e+02  3.72e+01  1.15e+01   0.06
2002 03 11  0025   52344    1500  0  3.12e+03  1.99e+01  0  6.17e+04  5.91e+02  1.93e+02  3.56e+01  1.11e+01   0.11
2002 03 11  0030   52344    1800  0  3.23e+03  2.23e+01  0  6.29e+04  6.11e+02  2.10e+02  3.54e+01  1.10e+01   0.08
2002 03 11  0035   52344    2100  0  3.07e+03  2.18e+01  0  6.00e+04  6.06e+02  1.58e+02  3.43e+01  1.07e+01   0.07
2002 03 11  0040   52344    2400  0  3.09e+03  1.98e+01  0  6.02e+04  5.78e+02  1.83e+02  3.57e+01  1.08e+01   0.13
2002 03 11  0045   52344    2700  0  3.13e+03  2.57e+01  0  5.35e+04  6.02e+02  1.64e+02  3.40e+01  1.04e+01   0.06
2002 03 11  0050   52344    3000  0  2.93e+03  1.78e+01  0  5.46e+04  5.90e+02  1.64e+02  3.54e+01  1.13e+01   0.02
2002 03 11  0055   52344    3300  0  3.00e+03  2.02e+01  0  5.56e+04  5.90e+02  1.68e+02  3.64e+01  1.09e+01   0.08
2002 03 11  0100   52344    3600  0  3.12e+03  2.53e+01  0  5.14e+04  5.89e+02  1.34e+02  3.58e+01  1.13e+01   0.15
2002 03 11  0105   52344    3900  0  3.13e+03  2.35e+01  0  4.40e+04  6.11e+02  1.52e+02  3.54e+01  1.09e+01   0.04
2002 03 11  0110   52344    4200  0  2.95e+03  2.09e+01  0  4.64e+04  6.07e+02  1.90e+02  3.37e+01  1.08e+01   0.12
2002 03 11  0115   52344    4500  0  3.06e+03  2.10e+01  0  4.59e+04  6.02e+02  1.59e+02  3.46e+01  1.03e+01   0.13
2002 03 11  0120   52344    4800  0  3.01e+03  2.59e+01  0  4.17e+04  6.06e+02  2.08e+02  3.50e+01  1.05e+01   0.16
2002 03 11  0125   52344    5100  0  2.96e+03  2.26e+01  0  4.46e+04  6.10e+02  1.77e+02  3.59e+01  1.08e+01   0.12
2002 03 11  0130   52344    5400  0  3.08e+03  1.99e+01  0  5.82e+04  6.07e+02  1.85e+02  3.34e+01  1.14e+01   0.08
2002 03 11  0135   52344    5700  0  3.15e+03  2.18e+01  0  5.86e+04  5.98e+02  1.49e+02  3.61e+01  1.08e+01   0.05
2002 03 11  0140   52344    6000  0  3.09e+03  2.34e+01  0  5.13e+04  6.12e+02  1.85e+02  3.54e+01  1.07e+01   0.07
2002 03 11  0145   52344    6300  0  2.99e+03  2.20e+01  0  4.76e+04  6.26e+02  1.59e+02  3.38e+01  1.02e+01   0.13
2002 03 11  0150   52344    6600  0  2.82e+03  2.41e+01  0  4.69e+04  5.85e+02  1.85e+02  3.58e+01  1.11e+01   0.15
2002 03 11  0155   52344    6900  0  2.99e+03  1.85e+01  0  3.41e+04  5.88e+02  1.73e+02  3.39e+01  1.10e+01   0.13
2002 03 11  0200   52344    7200  0  2.88e+03  1.86e+01  0  4.65e+04  6.03e+02  1.74e+02  3.39e+01  9.90e+00   0.21
2002 03 11  0205   52344    7500  0  2.58e+03  2.30e+01  0  4.20e+04  6.01e+02  1.81e+02  3.30e+01  1.02e+01   0.18
2002 03 11  0210   52344    7800  0  2.65e+03  2.34e+01  0  4.20e+04  7.37e+02  1.34e+02  3.37e+01  1.02e+01   0.13
2002 03 11  0215   52344    8100  0  2.54e+03  2.03e+01  0  4.07e+04  7.80e+02  1.30e+02  3.50e+01  1.03e+01   0.25
2002 03 11  0220   52344    8400  0  2.45e+03  2.24e+01  0  4.55e+04  7.52e+02  1.72e+02  3.48e+01  1.07e+01   0.25
2002 03 11  0225   52344    8700  0  2.53e+03  2.14e+01  0  5.05e+04  8.39e+02  2.58e+02  3.49e+01  1.07e+01   0.26
2002 03 11  0230   52344    9000  0  2.37e+03  1.83e+01  0  5.73e+04  7.60e+02  1.88e+02  3.61e+01  1.14e+01   0.21
2002 03 11  0235   52344    9300  0  2.60e+03  2.02e+01  0  6.17e+04  6.85e+02  2.03e+02  3.38e+01  1.03e+01   0.14
2002 03 11  0240   52344    9600  0  2.53e+03  1.84e+01  0  5.66e+04  6.91e+02  1.95e+02  3.29e+01  1.03e+01   0.24
2002 03 11  0245   52344    9900  0  2.79e+03  1.94e+01  0  5.23e+04  6.32e+02  1.15e+02  3.22e+01  1.00e+01   0.14
2002 03 11  0250   52344   10200  0  2.72e+03  2.09e+01  0  6.51e+04  6.78e+02  1.87e+02  3.40e+01  1.01e+01   0.16
2002 03 11  0255   52344   10500  0  2.48e+03  1.74e+01  0  6.72e+04  6.16e+02  1.61e+02  3.06e+01  9.42e+00   0.09
2002 03 11  0300   52344   10800  0  2.71e+03  2.13e+01  0  6.35e+04  6.44e+02  1.40e+02  3.20e+01  1.03e+01   0.15
2002 03 11  0305   52344   11100  0  2.43e+03  1.89e+01  0  5.92e+04  6.28e+02  1.65e+02  3.19e+01  9.04e+00   0.06
2002 03 11  0310   52344   11400  0  2.68e+03  1.92e+01  0  6.09e+04  5.58e+02  2.02e+02  3.07e+01  9.98e+00   0.08
2002 03 11  0315   52344   11700  0  2.85e+03  2.25e+01  0  5.95e+04  5.89e+02  2.14e+02  3.22e+01  9.56e+00   0.13
2002 03 11  0320   52344   12000  0  2.71e+03  2.18e+01  0  6.26e+04  6.23e+02  1.72e+02  3.28e+01  9.99e+00   0.11
2002 03 11  0325   52344   12300  0  2.65e+03  2.14e+01  0  6.25e+04  6.54e+02  1.82e+02  3.15e+01  9.57e+00   0.14
2002 03 11  0330   52344   12600  0  2.67e+03  2.28e+01  0  7.56e+04  7.02e+02  1.79e+02  3.43e+01  9.68e+00   0.19
2002 03 11  0335   52344   12900  0  2.65e+03  2.01e+01  0  7.53e+04  6.44e+02  1.34e+02  3.34e+01  9.56e+00   0.22
2002 03 11  0340   52344   13200  0  2.56e+03  2.23e+01  0  8.13e+04  7.17e+02  1.89e+02  3.36e+01  9.78e+00   0.18
2002 03 11  0345   52344   13500  0  2.30e+03  1.95e+01  0  8.19e+04  6.16e+02  1.32e+02  3.12e+01  9.08e+00   0.12
2002 03 11  0350   52344   13800  0  2.16e+03  2.12e+01  0  6.74e+04  5.98e+02  1.77e+02  2.80e+01  8.74e+00   0.13
2002 03 11  0355   52344   14100  0  2.23e+03  2.06e+01  0  5.31e+04  6.23e+02  1.84e+02  2.81e+01  8.60e+00   0.08
2002 03 11  0400   52344   14400  0  2.24e+03  2.37e+01  0  8.19e+04  5.72e+02  1.84e+02  2.86e+01  8.40e+00   0.06
2002 03 11  0405   52344   14700  0  2.32e+03  2.11e+01  0  9.62e+04  5.54e+02  1.70e+02  2.90e+01  9.05e+00   0.01
2002 03 11  0410   52344   15000  0  2.31e+03  2.06e+01  0  8.09e+04  5.86e+02  1.71e+02  2.84e+01  7.95e+00   0.06
2002 03 11  0415   52344   15300  0  2.27e+03  2.20e+01  0  7.01e+04  5.77e+02  1.80e+02  2.73e+01  8.26e+00   0.11
2002 03 11  0420   52344   15600  0  2.43e+03  2.01e+01  0  9.22e+04  6.14e+02  1.91e+02  2.82e+01  8.71e+00   0.05
2002 03 11  0425   52344   15900  0  2.37e+03  2.11e+01  0  1.02e+05  6.19e+02  2.20e+02  3.00e+01  9.02e+00   0.07
2002 03 11  0430   52344   16200  0  2.34e+03  1.79e+01  0  8.84e+04  6.34e+02  2.20e+02  3.01e+01  8.95e+00   0.02
2002 03 11  0435   52344   16500  0  2.39e+03  1.99e+01  0  8.02e+04  6.20e+02  1.36e+02  2.99e+01  9.33e+00   0.07
2002 03 11  0440   52344   16800  0  2.39e+03  2.16e+01  0  9.55e+04  6.18e+02  2.56e+02  2.95e+01  9.60e+00   0.09
2002 03 11  0445   52344   17100  0  2.30e+03  1.95e+01  0  8.68e+04  6.12e+02  2.33e+02  2.85e+01  9.15e+00   0.06
2002 03 11  0450   52344   17400  0  2.16e+03  2.21e+01  0  7.33e+04  6.15e+02  1.78e+02  2.90e+01  8.64e+00   0.03
2002 03 11  0455   52344   17700  0  2.28e+03  1.95e+01  0  7.00e+04  6.15e+02  1.66e+02  2.84e+01  9.31e+00   0.04
2002 03 11  0500   52344   18000  0  2.31e+03  2.18e+01  0  7.10e+04  6.04e+02  2.24e+02  2.93e+01  8.82e+00   0.09
2002 03 11  0505   52344   18300  0  2.43e+03  1.96e+01  0  6.94e+04  5.96e+02  2.33e+02  2.97e+01  9.27e+00   0.07
2002 03 11  0510   52344   18600  0  2.36e+03  1.89e+01  0  6.74e+04  6.23e+02  2.39e+02  2.99e+01  9.02e+00   0.03
2002 03 11  0515   52344   18900  0  2.34e+03  2.13e+01  0  7.42e+04  6.21e+02  1.82e+02  3.02e+01  8.61e+00   0.06
2002 03 11  0520   52344   19200  0  2.29e+03  1.91e+01  0  7.47e+04  6.17e+02  2.29e+02  3.01e+01  8.83e+00   0.05
2002 03 11  0525   52344   19500  0  2.39e+03  2.21e+01  0  7.24e+04  6.13e+02  2.02e+02  2.99e+01  9.04e+00   0.06
2002 03 11  0530   52344   19800  0  2.41e+03  1.92e+01  0  7.72e+04  6.11e+02  1.57e+02  2.94e+01  8.86e+00   0.12
2002 03 11  0535   52344   20100  0  2.35e+03  1.83e+01  0  7.21e+04  6.10e+02  2.58e+02  2.91e+01  8.70e+00   0.07
2002 03 11  0540   52344   20400  0  2.26e+03  1.95e+01  0  6.72e+04  6.03e+02  3.14e+02  3.06e+01  9.26e+00   0.04
2002 03 11  0545   52344   20700  0  2.36e+03  1.76e+01  0  6.27e+04  6.19e+02  1.45e+02  2.93e+01  8.52e+00   0.01
2002 03 11  0550   52344   21000  0  2.27e+03  2.05e+01  0  5.84e+04  5.62e+02  2.48e+02  2.76e+01  7.91e+00   0.03
2002 03 11  0555   52344   21300  0  1.98e+03  2.15e+01  0  5.25e+04  5.48e+02  1.81e+02  2.59e+01  7.55e+00   0.02
2002 03 11  0600   52344   21600  0  2.13e+03  1.91e+01  0  5.60e+04  5.55e+02  3.07e+02  2.58e+01  7.64e+00   0.06
2002 03 11  0605   52344   21900  0  2.15e+03  2.16e+01  0  4.90e+04  5.70e+02  1.97e+02  2.66e+01  8.03e+00   0.09
2002 03 11  0610   52344   22200  0  2.05e+03  2.25e+01  0  4.73e+04  5.13e+02  1.61e+02  2.61e+01  7.91e+00   0.06
2002 03 11  0615   52344   22500  0  2.08e+03  2.19e+01  0  4.74e+04  5.37e+02  1.60e+02  2.74e+01  7.68e+00   0.12
2002 03 11  0620   52344   22800  0  2.05e+03  2.01e+01  0  5.74e+04  5.52e+02  2.12e+02  2.73e+01  8.09e+00   0.03
2002 03 11  0625   52344   23100  0  2.14e+03  1.64e+01  0  5.15e+04  5.39e+02  1.68e+02  2.62e+01  7.51e+00   0.04
2002 03 11  0630   52344   23400  0  2.18e+03  2.16e+01  0  5.54e+04  5.69e+02  2.42e+02  2.75e+01  8.39e+00   0.05
2002 03 11  0635   52344   23700  0  2.14e+03  2.45e+01  0  6.13e+04  6.27e+02  2.07e+02  2.79e+01  8.16e+00   0.05
2002 03 11  0640   52344   24000  0  2.22e+03  2.29e+01  0  6.30e+04  5.77e+02  2.04e+02  2.87e+01  8.80e+00   0.09
2002 03 11  0645   52344   24300  0  2.14e+03  2.11e+01  0  7.36e+04  6.13e+02  1.76e+02  2.95e+01  8.64e+00   0.04
2002 03 11  0650   52344   24600  0  2.30e+03  2.14e+01  0  9.18e+04  6.37e+02  3.86e+02  2.98e+01  8.97e+00   0.11
2002 03 11  0655   52344   24900  0  2.23e+03  2.06e+01  0  9.81e+04  6.11e+02  3.71e+02  2.66e+01  8.78e+00   0.13
2002 03 11  0700   52344   25200  0  2.20e+03  1.72e+01  0  1.01e+05  6.05e+02  2.56e+02  2.81e+01  8.19e+00   0.08
2002 03 11  0705   52344   25500  0  2.14e+03  1.72e+01  0  1.12e+05  6.09e+02  2.23e+02  2.71e+01  8.40e+00   0.07
2002 03 11  0710   52344   25800  0  2.07e+03  2.16e+01  0  1.08e+05  6.05e+02  2.08e+02  2.76e+01  8.15e+00   0.03
2002 03 11  0715   52344   26100  0  1.94e+03  2.27e+01  0  7.82e+04  5.76e+02  1.40e+02  2.93e+01  8.25e+00   0.16
2002 03 11  0720   52344   26400  0  2.17e+03  1.63e+01  0  7.41e+04  6.19e+02  2.16e+02  2.67e+01  8.33e+00   0.07
2002 03 11  0725   52344   26700  0  2.24e+03  1.98e+01  0  7.46e+04  6.51e+02  2.71e+02  2.83e+01  8.27e+00   0.11
2002 03 11  0730   52344   27000  0  2.18e+03  2.89e+01  0  6.83e+04  5.88e+02  1.88e+02  2.86e+01  9.07e+00   0.60
2002 03 11  0735   52344   27300  9 -1.00e+05 -1.00e+05  9 -1.00e+05 -1.00e+05 -1.00e+05 -1.00e+05 -1.00e+05  -1.00
2002 03 11  0740   52344   27600  0  2.28e+03  1.97e+01  0  7.70e+04  5.90e+02  3.32e+02  2.35e+01  8.05e+00   0.22
2002 03 11  0745   52344   27900  0  2.11e+03  2.06e+01  0  7.68e+04  5.84e+02  1.74e+02  2.93e+01  7.61e+00   0.07
2002 03 11  0750   52344   28200  0  2.16e+03  2.44e+01  0  6.81e+04  5.60e+02  1.52e+02  2.80e+01  8.33e+00   0.29
2002 03 11  0755   52344   28500  0  2.04e+03  2.20e+01  0  6.42e+04  5.26e+02  2.27e+02  2.64e+01  7.97e+00   0.02
2002 03 11  0800   52344   28800  0  1.98e+03  2.25e+01  0  5.43e+04  5.20e+02  1.62e+02  2.63e+01  8.15e+00   0.08
2002 03 11  0805   52344   29100  0  2.19e+03  1.99e+01  0  5.52e+04  5.21e+02  2.88e+02  2.67e+01  7.56e+00   0.21
2002 03 11  0810   52344   29400  0  2.01e+03  2.09e+01  0  5.25e+04  5.80e+02  1.55e+02  2.73e+01  8.60e+00   0.12
2002 03 11  0815   52344   29700  0  2.24e+03  1.91e+01  0  5.85e+04  5.92e+02  2.60e+02  2.70e+01  8.06e+00   0.08
2002 03 11  0820   52344   30000  0  2.25e+03  2.23e+01  0  6.31e+04  5.79e+02  1.65e+02  2.78e+01  9.07e+00   0.07
2002 03 11  0825   52344   30300  0  2.10e+03  1.70e+01  0  5.80e+04  5.45e+02  3.20e+02  2.52e+01  8.22e+00   0.13
2002 03 11  0830   52344   30600  0  2.02e+03  2.49e+01  0  6.03e+04  5.61e+02  2.35e+02  2.76e+01  8.58e+00   0.08
2002 03 11  0835   52344   30900  0  2.10e+03  2.16e+01  0  7.31e+04  5.26e+02  1.92e+02  2.64e+01  8.26e+00   0.16
2002 03 11  0840   52344   31200  0  2.14e+03  2.16e+01  0  6.92e+04  5.89e+02  2.73e+02  2.70e+01  7.77e+00   0.18
2002 03 11  0845   52344   31500  0  2.20e+03  1.56e+01  0  7.37e+04  6.53e+02  2.85e+02  2.81e+01  8.91e+00   0.12
2002 03 11  0850   52344   31800  0  2.02e+03  2.04e+01  0  7.40e+04  6.04e+02  2.61e+02  2.75e+01  8.03e+00   0.05
2002 03 11  0855   52344   32100  0  2.16e+03  1.97e+01  0  7.48e+04  6.08e+02  1.81e+02  2.81e+01  8.23e+00   0.17
2002 03 11  0900   52344   32400  0  2.07e+03  2.39e+01  0  8.40e+04  5.92e+02  1.82e+02  2.77e+01  8.27e+00   0.04
2002 03 11  0905   52344   32700  0  2.13e+03  2.18e+01  0  9.74e+04  5.49e+02  2.53e+02  2.57e+01  8.37e+00   0.06
2002 03 11  0910   52344   33000  0  2.03e+03  1.88e+01  0  1.08e+05  5.60e+02  2.36e+02  2.59e+01  7.99e+00   0.15
2002 03 11  0915   52344   33300  0  2.22e+03  1.89e+01  0  8.40e+04  5.69e+02  2.48e+02  2.67e+01  8.20e+00   0.10
2002 03 11  0920   52344   33600  0  2.07e+03  2.16e+01  0  8.72e+04  5.36e+02  2.29e+02  2.62e+01  7.98e+00   0.03
2002 03 11  0925   52344   33900  0  1.73e+03  2.76e+01  0  9.74e+04  6.13e+02  1.80e+02  2.44e+01  8.02e+00   0.06
2002 03 11  0930   52344   34200  0  2.01e+03  2.09e+01  0  9.70e+04  5.46e+02  2.08e+02  2.52e+01  7.68e+00   0.03
2002 03 11  0935   52344   34500  0  2.17e+03  1.72e+01  0  9.77e+04  5.40e+02  1.31e+02  2.62e+01  7.64e+00   0.04
2002 03 11  0940   52344   34800  0  2.06e+03  2.01e+01  0  1.02e+05  5.43e+02  2.25e+02  2.44e+01  8.21e+00   0.10
2002 03 11  0945   52344   35100  0  2.07e+03  2.33e+01  0  1.14e+05  5.40e+02  3.51e+02  2.43e+01  8.47e+00   0.04
2002 03 11  0950   52344   35400  0  2.14e+03  2.07e+01  0  1.24e+05  5.41e+02  1.92e+02  2.54e+01  8.02e+00   0.06
2002 03 11  0955   52344   35700  0  2.03e+03  1.99e+01  0  1.11e+05  5.80e+02  2.82e+02  2.57e+01  8.16e+00   0.03
2002 03 11  1000   52344   36000  0  2.05e+03  1.90e+01  0  8.37e+04  5.39e+02  3.86e+02  2.49e+01  7.80e+00   0.11
2002 03 11  1005   52344   36300  0  2.05e+03  2.04e+01  0  8.95e+04  5.50e+02  2.80e+02  2.54e+01  7.71e+00   0.06
2002 03 11  1010   52344   36600  0  1.98e+03  1.83e+01  0  7.19e+04  5.28e+02  2.83e+02  2.41e+01  7.61e+00   0.03
2002 03 11  1015   52344   36900  0  1.99e+03  2.12e+01  0  9.58e+04  5.46e+02  2.40e+02  2.50e+01  7.14e+00   0.10
2002 03 11  1020   52344   37200  0  2.07e+03  2.04e+01  0  1.01e+05  5.17e+02  1.80e+02  2.58e+01  7.38e+00   0.06
2002 03 11  1025   52344   37500  0  2.19e+03  2.03e+01  0  1.01e+05  5.71e+02  2.23e+02  2.53e+01  7.30e+00   0.02
2002 03 11  1030   52344   37800  0  2.03e+03  1.97e+01  0  9.30e+04  5.50e+02  2.24e+02  2.40e+01  7.84e+00   0.03
2002 03 11  1035   52344   38100  0  2.09e+03  2.03e+01  0  8.35e+04  5.31e+02  2.13e+02  2.35e+01  7.76e+00   0.04
2002 03 11  1040   52344   38400  0  2.07e+03  2.08e+01  0  1.03e+05  5.26e+02  2.85e+02  2.52e+01  7.80e+00   0.08
2002 03 11  1045   52344   38700  0  2.04e+03  1.86e+01  0  1.25e+05  5.42e+02  2.26e+02  2.52e+01  8.21e+00   0.11
2002 03 11  1050   52344   39000  0  2.12e+03  2.29e+01  0  1.05e+05  5.31e+02  1.67e+02  2.49e+01  7.18e+00   0.08
2002 03 11  1055   52344   39300  0  2.09e+03  1.82e+01  0  1.27e+05  5.26e+02  2.24e+02  2.48e+01  7.44e+00   0.07
2002 03 11  1100   52344   39600  0  2.01e+03  1.99e+01  0  1.18e+05  5.38e+02  1.46e+02  2.47e+01  7.50e+00   0.06
2002 03 11  1105   52344   39900  0  2.07e+03  1.98e+01  0  1.09e+05  5.40e+02  2.02e+02  2.57e+01  7.66e+00   0.04
2002 03 11  1110   52344   40200  0  2.10e+03  1.93e+01  0  1.06e+05  5.38e+02  2.73e+02  2.57e+01  7.93e+00   0.02
2002 03 11  1115   52344   40500  0  2.09e+03  1.88e+01  0  1.05e+05  5.48e+02  2.69e+02  2.53e+01  8.15e+00   0.05
2002 03 11  1120   52344   40800  0  2.23e+03  1.76e+01  0  9.64e+04  5.57e+02  1.81e+02  2.56e+01  8.20e+00   0.08
2002 03 11  1125   52344   41100  0  2.06e+03  1.72e+01  0  1.00e+05  5.14e+02  2.11e+02  2.44e+01  7.71e+00   0.05
2002 03 11  1130   52344   41400  0  2.12e+03  1.86e+01  0  1.13e+05  5.63e+02  2.21e+02  2.53e+01  7.85e+00   0.01
2002 03 11  1135   52344   41700  0  2.02e+03  2.05e+01  0  9.61e+04  5.39e+02  2.22e+02  2.56e+01  7.28e+00   0.08
2002 03 11  1140   52344   42000  0  2.06e+03  1.89e+01  0  7.91e+04  5.40e+02  2.13e+02  2.46e+01  7.74e+00   0.17
2002 03 11  1145   52344   42300  0  2.11e+03  1.89e+01  0  8.96e+04  5.52e+02  1.87e+02  2.53e+01  7.57e+00   0.02
2002 03 11  1150   52344   42600  0  2.13e+03  2.09e+01  0  8.45e+04  5.57e+02  2.89e+02  2.50e+01  7.60e+00   0.06
2002 03 11  1155   52344   42900  0  1.92e+03  1.80e+01  0  8.96e+04  5.70e+02  2.50e+02  2.54e+01  7.82e+00   0.18
2002 03 11  1200   52344   43200  0  1.90e+03  2.08e+01  0  9.49e+04  5.57e+02  2.43e+02  2.45e+01  8.28e+00   0.03
2002 03 11  1205   52344   43500  0  1.95e+03  1.85e+01  0  9.05e+04  5.69e+02  3.16e+02  2.53e+01  7.64e+00   0.09
2002 03 11  1210   52344   43800  0  2.01e+03  1.88e+01  0  8.41e+04  5.61e+02  3.69e+02  2.48e+01  7.72e+00   0.05
2002 03 11  1215   52344   44100  0  2.01e+03  2.16e+01  0  9.40e+04  5.48e+02  2.07e+02  2.49e+01  7.16e+00   0.06
2002 03 11  1220   52344   44400  0  2.14e+03  1.95e+01  0  1.14e+05  5.53e+02  1.92e+02  2.44e+01  7.65e+00   0.03
2002 03 11  1225   52344   44700  0  2.07e+03  2.34e+01  0  7.85e+04  5.66e+02  3.24e+02  2.55e+01  8.17e+00   0.04
2002 03 11  1230   52344   45000  0  2.01e+03  1.93e+01  0  1.04e+05  5.82e+02  3.19e+02  2.42e+01  8.04e+00   0.05
2002 03 11  1235   52344   45300  0  1.94e+03  1.79e+01  0  1.43e+05  5.43e+02  2.31e+02  2.35e+01  7.64e+00   0.09
2002 03 11  1240   52344   45600  0  2.00e+03  1.56e+01  0  1.70e+05  5.54e+02  2.29e+02  2.34e+01  7.91e+00   0.08
2002 03 11  1245   52344   45900  0  2.04e+03  1.97e+01  0  1.59e+05  5.32e+02  2.90e+02  2.43e+01  7.43e+00   0.10
2002 03 11  1250   52344   46200  0  1.87e+03  2.30e+01  0  1.49e+05  5.17e+02  2.59e+02  2.30e+01  7.38e+00   0.10
2002 03 11  1255   52344   46500  0  1.93e+03  1.63e+01  0  1.68e+05  5.15e+02  2.30e+02  2.34e+01  7.74e+00   0.05
2002 03 11  1300   52344   46800  0  1.95e+03  1.90e+01  0  1.73e+05  5.28e+02  3.66e+02  2.37e+01  7.58e+00   0.05
2002 03 11  1305   52344   47100  0  1.90e+03  1.91e+01  0  1.57e+05  5.39e+02  2.52e+02  2.35e+01  7.92e+00   0.09
2002 03 11  1310   52344   47400  0  1.92e+03  1.91e+01  0  1.49e+05  5.16e+02  1.88e+02  2.42e+01  7.28e+00   0.11
2002 03 11  1315   52344   47700  0  2.03e+03  2.15e+01  0  1.55e+05  5.40e+02  1.91e+02  2.35e+01  7.21e+00   0.02
2002 03 11  1320   52344   48000  0  2.00e+03  2.06e+01  0  1.37e+05  5.57e+02  1.99e+02  2.44e+01  7.51e+00   0.08
2002 03 11  1325   52344   48300  0  2.06e+03  1.95e+01  0  1.33e+05  5.35e+02  1.43e+02  2.52e+01  7.77e+00   0.02
2002 03 11  1330   52344   48600  0  1.80e+03  1.56e+01  0  1.15e+05  5.15e+02  3.01e+02  2.42e+01  7.26e+00   0.06
2002 03 11  1335   52344   48900  0  1.97e+03  2.06e+01  0  9.96e+04  5.19e+02  1.84e+02  2.29e+01  6.98e+00   0.12
2002 03 11  1340   52344   49200  0  1.83e+03  2.19e+01  0  1.01e+05  5.38e+02  2.25e+02  2.39e+01  7.42e+00   0.06
2002 03 11  1345   52344   49500  0  2.04e+03  1.76e+01  0  8.84e+04  5.40e+02  2.29e+02  2.52e+01  7.51e+00   0.04
2002 03 11  1350   52344   49800  0  1.97e+03  1.86e+01  0  8.74e+04  5.28e+02  1.90e+02  2.21e+01  7.31e+00   0.05
2002 03 11  1355   52344   50100  0  2.00e+03  2.14e+01  0  7.26e+04  5.25e+02  2.71e+02  2.10e+01  6.72e+00   0.10
2002 03 11  1400   52344   50400  0  1.90e+03  2.32e+01  0  6.60e+04  4.82e+02  1.22e+02  2.24e+01  6.83e+00   0.06
2002 03 11  1405   52344   50700  0  1.97e+03  2.00e+01  0  8.85e+04  4.89e+02  2.37e+02  2.14e+01  7.25e+00   0.06
2002 03 11  1410   52344   51000  0  1.95e+03  1.78e+01  0  9.63e+04  5.04e+02  2.63e+02  2.26e+01  7.41e+00   0.01
2002 03 11  1415   52344   51300  0  1.77e+03  1.76e+01  0  8.88e+04  5.01e+02  2.64e+02  2.11e+01  7.27e+00   0.07
2002 03 11  1420   52344   51600  0  1.92e+03  2.46e+01  0  8.63e+04  5.01e+02  1.10e+02  2.21e+01  6.78e+00   0.14
2002 03 11  1425   52344   51900  0  1.89e+03  2.15e+01  0  7.90e+04  4.81e+02  1.60e+02  2.28e+01  6.99e+00   0.05
2002 03 11  1430   52344   52200  0  1.77e+03  2.00e+01  0  8.35e+04  4.91e+02  2.19e+02  2.22e+01  6.96e+00   0.05
2002 03 11  1435   52344   52500  0  1.85e+03  1.88e+01  0  8.62e+04  4.87e+02  2.09e+02  2.19e+01  7.05e+00   0.08
2002 03 11  1440   52344   52800  0  1.92e+03  2.04e+01  0  8.28e+04  5.14e+02  1.13e+02  2.14e+01  7.03e+00   0.07
2002 03 11  1445   52344   53100  0  1.94e+03  2.19e+01  0  8.08e+04  4.88e+02  1.37e+02  2.30e+01  7.05e+00   0.04
2002 03 11  1450   52344   53400  0  1.87e+03  1.94e+01  0  7.55e+04  4.94e+02  1.99e+02  2.30e+01  6.88e+00   0.05
2002 03 11  1455   52344   53700  0  1.97e+03  2.08e+01  0  7.84e+04  4.99e+02  1.82e+02  2.00e+01  6.40e+00   0.05
2002 03 11  1500   52344   54000  0  1.77e+03  1.74e+01  0  8.68e+04  4.47e+02  1.53e+02  2.09e+01  6.51e+00   0.10
2002 03 11  1505   52344   54300  0  1.92e+03  2.12e+01  0  9.49e+04  4.68e+02  1.14e+02  2.14e+01  6.81e+00   0.02
2002 03 11  1510   52344   54600  0  1.81e+03  1.89e+01  0  9.27e+04  4.68e+02  1.25e+02  2.00e+01  6.29e+00   0.09
2002 03 11  1515   52344   54900  0  1.75e+03  2.10e+01  0  7.21e+04  4.78e+02  1.25e+02  2.08e+01  5.79e+00   0.11
2002 03 11  1520   52344   55200  0  1.91e+03  1.99e+01  0  7.02e+04  4.71e+02  2.01e+02  2.07e+01  6.25e+00   0.09
2002 03 11  1525   52344   55500  0  1.83e+03  1.82e+01  0  7.55e+04  4.74e+02  1.19e+02  2.05e+01  6.77e+00   0.07
2002 03 11  1530   52344   55800  0  1.85e+03  2.06e+01  0  8.03e+04  5.40e+02  1.11e+02  2.30e+01  7.00e+00   0.07
2002 03 11  1535   52344   56100  0  1.76e+03  1.69e+01  0  5.28e+04  5.25e+02  1.07e+02  2.20e+01  7.06e+00   0.12
2002 03 11  1540   52344   56400  0  1.87e+03  1.81e+01  0  5.28e+04  5.33e+02  1.34e+02  2.22e+01  7.10e+00   0.06
2002 03 11  1545   52344   56700  0  1.81e+03  1.92e+01  0  6.93e+04  5.24e+02  1.12e+02  2.27e+01  6.97e+00   0.07
2002 03 11  1550   52344   57000  0  1.82e+03  2.03e+01  0  7.98e+04  5.09e+02  1.47e+02  2.00e+01  6.01e+00   0.20
2002 03 11  1555   52344   57300  0  1.77e+03  1.98e+01  0  7.70e+04  5.13e+02  1.06e+02  2.15e+01  7.29e+00   0.10
2002 03 11  1600   52344   57600  0  1.86e+03  2.22e+01  0  7.19e+04  5.01e+02  1.88e+02  2.14e+01  6.39e+00   0.07
2002 03 11  1605   52344   57900  0  1.83e+03  1.98e+01  0  7.25e+04  4.88e+02  9.42e+01  1.93e+01  6.20e+00   0.02
2002 03 11  1610   52344   58200  0  1.66e+03  1.98e+01  0  6.99e+04  4.57e+02  1.28e+02  2.03e+01  6.10e+00   0.14
2002 03 11  1615   52344   58500  0  1.73e+03  1.83e+01  0  7.37e+04  4.98e+02  2.06e+02  2.16e+01  6.21e+00   0.08
2002 03 11  1620   52344   58800  0  1.84e+03  2.14e+01  0  7.60e+04  5.37e+02  2.76e+02  2.20e+01  7.12e+00   0.08
2002 03 11  1625   52344   59100  0  1.73e+03  2.06e+01  0  8.38e+04  5.05e+02  1.32e+02  2.02e+01  6.81e+00   0.02
2002 03 11  1630   52344   59400  0  1.78e+03  1.82e+01  0  7.85e+04  5.22e+02  1.44e+02  2.08e+01  6.60e+00   0.11
2002 03 11  1635   52344   59700  0  1.70e+03  1.56e+01  0  6.04e+04  4.48e+02  7.78e+01  1.96e+01  6.22e+00   0.11
2002 03 11  1640   52344   60000  0  1.59e+03  2.22e+01  0  5.76e+04  4.04e+02  1.25e+02  1.81e+01  5.77e+00   0.09
2002 03 11  1645   52344   60300  0  1.74e+03  1.93e+01  0  6.94e+04  4.20e+02  1.87e+02  1.73e+01  5.82e+00   0.13
2002 03 11  1650   52344   60600  0  1.67e+03  1.72e+01  0  7.75e+04  4.72e+02  1.78e+02  1.84e+01  5.61e+00   0.04
2002 03 11  1655   52344   60900  0  1.94e+03  1.96e+01  0  9.32e+04  4.22e+02  1.60e+02  1.94e+01  5.86e+00   0.20
2002 03 11  1700   52344   61200  0  1.84e+03  2.18e+01  0  7.41e+04  4.33e+02  1.17e+02  1.89e+01  5.86e+00   0.16
2002 03 11  1705   52344   61500  0  1.77e+03  2.12e+01  0  6.10e+04  4.56e+02  1.06e+02  1.78e+01  5.55e+00   0.08
2002 03 11  1710   52344   61800  0  1.60e+03  2.47e+01  0  6.75e+04  4.23e+02  1.46e+02  1.67e+01  5.31e+00   0.05
2002 03 11  1715   52344   62100  0  1.52e+03  1.50e+01  0  7.68e+04  3.71e+02  1.68e+02  1.58e+01  4.85e+00   0.18
2002 03 11  1720   52344   62400  0  1.61e+03  1.63e+01  0  8.78e+04  3.25e+02  1.54e+02  1.61e+01  5.10e+00   0.10
2002 03 11  1725   52344   62700  0  1.59e+03  1.92e+01  0  7.27e+04  3.34e+02  1.17e+02  1.49e+01  4.81e+00   0.10
2002 03 11  1730   52344   63000  0  1.41e+03  2.13e+01  0  7.84e+04  3.44e+02  2.00e+02  1.50e+01  4.86e+00   0.07
2002 03 11  1735   52344   63300  0  1.58e+03  1.94e+01  0  8.12e+04  3.43e+02  1.81e+02  1.43e+01  5.03e+00   0.18
2002 03 11  1740   52344   63600  0  1.72e+03  1.97e+01  0  7.07e+04  3.51e+02  1.60e+02  1.54e+01  5.20e+00   0.06
2002 03 11  1745   52344   63900  0  1.45e+03  2.04e+01  0  6.99e+04  3.00e+02  9.79e+01  1.38e+01  5.02e+00   0.06
2002 03 11  1750   52344   64200  9 -1.00e+05 -1.00e+05  9 -1.00e+05 -1.00e+05 -1.00e+05 -1.00e+05 -1.00e+05  -1.00
2002 03 11  1755   52344   64500  9 -1.00e+05 -1.00e+05  9 -1.00e+05 -1.00e+05 -1.00e+05 -1.00e+05 -1.00e+05  -1.00
2002 03 11  1800   52344   64800  0  1.53e+03  1.79e+01  0  8.69e+04  3.57e+02  1.96e+02  1.27e+01  4.38e+00   0.04
2002 03 11  1805   52344   65100  0  1.43e+03  1.74e+01  0  7.93e+04  3.16e+02  9.28e+01  1.36e+01  4.56e+00   0.07
2002 03 11  1810   52344   65400  0  1.41e+03  1.83e+01  0  7.83e+04  3.15e+02  8.20e+01  1.42e+01  4.58e+00   0.07
2002 03 11  1815   52344   65700  0  1.42e+03  1.96e+01  0  7.37e+04  3.21e+02  1.42e+02  1.49e+01  4.06e+00   0.04
2002 03 11  1820   52344   66000  0  1.48e+03  1.80e+01  0  7.12e+04  2.91e+02  9.45e+01  1.26e+01  4.10e+00   0.15
2002 03 11  1825   52344   66300  0  1.20e+03  1.90e+01  0  5.37e+04  3.11e+02  1.40e+02  1.30e+01  4.30e+00   0.14
2002 03 11  1830   52344   66600  0  1.24e+03  2.09e+01  0  6.87e+04  2.88e+02  7.52e+01  1.23e+01  3.58e+00   0.07
2002 03 11  1835   52344   66900  0  1.15e+03  2.18e+01  0  7.17e+04  2.95e+02  7.07e+01  1.18e+01  3.39e+00   0.09
2002 03 11  1840   52344   67200  0  1.27e+03  1.85e+01  0  6.47e+04  2.88e+02  1.88e+02  1.25e+01  3.61e+00   0.09
2002 03 11  1845   52344   67500  0  1.04e+03  2.07e+01  0  6.32e+04  2.90e+02  9.99e+01  1.17e+01  3.69e+00   0.15
2002 03 11  1850   52344   67800  0  1.10e+03  2.00e+01  0  4.80e+04  2.75e+02  7.96e+01  1.23e+01  3.36e+00   0.07
2002 03 11  1855   52344   68100  0  1.21e+03  2.02e+01  0  4.78e+04  2.67e+02  8.87e+01  1.21e+01  3.27e+00   0.10
2002 03 11  1900   52344   68400  0  1.19e+03  2.17e+01  0  6.52e+04  2.71e+02  1.06e+02  1.19e+01  3.44e+00   0.05
2002 03 11  1905   52344   68700  0  1.10e+03  1.68e+01  0  6.48e+04  2.81e+02  1.04e+02  1.20e+01  3.68e+00   0.06
2002 03 11  1910   52344   69000  0  1.13e+03  1.70e+01  0  5.80e+04  2.78e+02  1.17e+02  1.17e+01  3.25e+00   0.21
2002 03 11  1915   52344   69300  0  1.21e+03  1.70e+01  0  5.80e+04  3.21e+02  1.76e+02  1.19e+01  3.44e+00   0.09
2002 03 11  1920   52344   69600  0  1.18e+03  1.72e+01  0  5.51e+04  3.34e+02  1.40e+02  1.29e+01  3.69e+00   0.11
2002 03 11  1925   52344   69900  0  1.12e+03  1.82e+01  0  6.18e+04  3.02e+02  2.16e+02  1.28e+01  3.25e+00   0.17
2002 03 11  1930   52344   70200  0  1.18e+03  1.94e+01  0  5.82e+04  2.92e+02  1.75e+02  1.17e+01  3.51e+00   0.14
2002 03 11  1935   52344   70500  0  1.37e+03  2.07e+01  0  6.28e+04  2.92e+02  1.08e+02  1.29e+01  3.89e+00   0.13
2002 03 11  1940   52344   70800  0  1.24e+03  1.65e+01  0  6.83e+04  2.67e+02  1.16e+02  1.22e+01  3.59e+00   0.06
2002 03 11  1945   52344   71100  0  1.19e+03  1.62e+01  0  6.58e+04  2.74e+02  9.36e+01  1.37e+01  3.31e+00   0.10
2002 03 11  1950   52344   71400  0  1.25e+03  2.01e+01  0  6.01e+04  2.81e+02  1.16e+02  1.23e+01  3.93e+00   0.04
2002 03 11  1955   52344   71700  0  1.21e+03  1.92e+01  0  6.63e+04  2.78e+02  9.58e+01  1.18e+01  3.40e+00   0.19
2002 03 11  2000   52344   72000  0  1.28e+03  2.19e+01  0  8.37e+04  2.87e+02  2.60e+02  1.11e+01  3.62e+00   0.04
2002 03 11  2005   52344   72300  0  1.21e+03  1.71e+01  0  8.05e+04  2.92e+02  1.91e+02  1.19e+01  3.14e+00   0.07
2002 03 11  2010   52344   72600  0  1.15e+03  1.68e+01  0  6.10e+04  2.74e+02  1.09e+02  1.06e+01  3.04e+00   0.15
2002 03 11  2015   52344   72900  0  1.15e+03  2.16e+01  0  6.27e+04  2.75e+02  9.73e+01  1.23e+01  3.52e+00   0.10
2002 03 11  2020   52344   73200  0  1.17e+03  1.82e+01  0  7.12e+04  2.79e+02  7.16e+01  1.14e+01  3.29e+00   0.09
2002 03 11  2025   52344   73500  0  1.25e+03  1.86e+01  0  7.45e+04  2.73e+02  4.71e+01  1.12e+01  3.29e+00   0.21
2002 03 11  2030   52344   73800  0  1.19e+03  1.96e+01  0  7.78e+04  2.71e+02  1.05e+02  1.15e+01  3.17e+00   0.06
2002 03 11  2035   52344   74100  0  1.15e+03  1.93e+01  0  8.17e+04  2.76e+02  1.31e+02  1.15e+01  3.53e+00   0.11
2002 03 11  2040   52344   74400  0  1.28e+03  1.85e+01  0  8.07e+04  2.93e+02  8.33e+01  1.21e+01  3.47e+00   0.08
2002 03 11  2045   52344   74700  0  1.12e+03  2.32e+01  0  7.77e+04  2.94e+02  1.18e+02  1.15e+01  3.43e+00   0.13
2002 03 11  2050   52344   75000  0  1.35e+03  2.16e+01  0  6.28e+04  2.67e+02  1.41e+02  1.21e+01  3.63e+00   0.21
2002 03 11  2055   52344   75300  0  1.26e+03  1.60e+01  0  5.75e+04  2.83e+02  1.04e+02  1.18e+01  3.35e+00   0.26
2002 03 11  2100   52344   75600  0  1.13e+03  2.04e+01  0  4.07e+04  2.59e+02  1.68e+02  1.15e+01  3.01e+00   0.26
2002 03 11  2105   52344   75900  0  1.27e+03  1.72e+01  0  4.53e+04  2.73e+02  1.07e+02  1.15e+01  3.02e+00   0.27
2002 03 11  2110   52344   76200  0  1.20e+03  1.97e+01  0  4.44e+04  2.66e+02  1.26e+02  1.09e+01  2.96e+00   0.18
2002 03 11  2115   52344   76500  0  1.26e+03  1.72e+01  0  3.99e+04  2.60e+02  5.53e+01  1.12e+01  3.09e+00   0.13
2002 03 11  2120   52344   76800  0  1.15e+03  2.41e+01  0  4.55e+04  2.57e+02  8.64e+01  1.17e+01  3.15e+00   0.31
2002 03 11  2125   52344   77100  0  1.10e+03  2.12e+01  0  5.10e+04  2.63e+02  8.36e+01  1.25e+01  3.13e+00   0.26
2002 03 11  2130   52344   77400  0  1.11e+03  2.38e+01  0  5.32e+04  2.68e+02  8.83e+01  1.15e+01  3.46e+00   0.11
2002 03 11  2135   52344   77700  0  1.12e+03  1.51e+01  0  5.05e+04  2.56e+02  6.95e+01  1.07e+01  3.23e+00   0.11
2002 03 11  2140   52344   78000  0  1.16e+03  1.63e+01  0  4.56e+04  2.64e+02  7.37e+01  1.06e+01  3.36e+00   0.06
2002 03 11  2145   52344   78300  0  1.19e+03  2.25e+01  0  5.54e+04  2.45e+02  7.29e+01  1.01e+01  2.81e+00   0.23
2002 03 11  2150   52344   78600  0  1.11e+03  2.37e+01  0  5.48e+04  2.37e+02  1.48e+02  1.03e+01  3.07e+00   0.08
2002 03 11  2155   52344   78900  0  1.13e+03  1.97e+01  0  5.67e+04  2.58e+02  3.27e+02  1.05e+01  3.21e+00   0.07
2002 03 11  2200   52344   79200  0  1.08e+03  1.82e+01  0  5.23e+04  2.63e+02  1.55e+02  1.01e+01  3.32e+00   0.05
2002 03 11  2205   52344   79500  0  1.18e+03  1.99e+01  0  6.47e+04  2.50e+02  2.38e+02  1.17e+01  3.28e+00   0.05
2002 03 11  2210   52344   79800  0  1.14e+03  1.81e+01  0  5.97e+04  2.60e+02  1.65e+02  1.13e+01  3.32e+00   0.24
2002 03 11  2215   52344   80100  0  1.20e+03  1.88e+01  0  5.95e+04  2.28e+02  1.54e+02  1.04e+01  3.22e+00   0.13
2002 03 11  2220   52344   80400  0  1.09e+03  1.94e+01  0  6.28e+04  2.18e+02  3.31e+02  1.00e+01  2.82e+00   0.17
2002 03 11  2225   52344   80700  0  1.13e+03  1.93e+01  0  5.91e+04  2.24e+02  1.19e+02  1.02e+01  2.90e+00   0.07
2002 03 11  2230   52344   81000  0  1.15e+03  1.75e+01  0  5.27e+04  2.31e+02  1.93e+02  9.15e+00  2.82e+00   0.17
2002 03 11  2235   52344   81300  0  1.19e+03  1.58e+01  0  6.00e+04  2.37e+02  2.60e+02  9.83e+00  2.97e+00   0.04
2002 03 11  2240   52344   81600  0  1.22e+03  1.99e+01  0  5.11e+04  2.43e+02  2.12e+02  1.03e+01  2.92e+00   0.16
2002 03 11  2245   52344   81900  9 -1.00e+05 -1.00e+05  9 -1.00e+05 -1.00e+05 -1.00e+05 -1.00e+05 -1.00e+05  -1.00
2002 03 11  2250   52344   82200  9 -1.00e+05 -1.00e+05  9 -1.00e+05 -1.00e+05 -1.00e+05 -1.00e+05 -1.00e+05  -1.00
2002 03 11  2255   52344   82500  9 -1.00e+05 -1.00e+05  9 -1.00e+05 -1.00e+05 -1.00e+05 -1.00e+05 -1.00e+05  -1.00
2002 03 11  2300   52344   82800  9 -1.00e+05 -1.00e+05  9 -1.00e+05 -1.00e+05 -1.00e+05 -1.00e+05 -1.00e+05  -1.00
2002 03 11  2305   52344   83100  9 -1.00e+05 -1.00e+05  9 -1.00e+05 -1.00e+05 -1.00e+05 -1.00e+05 -1.00e+05  -1.00
2002 03 11  2310   52344   83400  9 -1.00e+05 -1.00e+05  9 -1.00e+05 -1.00e+05 -1.00e+05 -1.00e+05 -1.00e+05  -1.00
2002 03 11  2315   52344   83700  9 -1.00e+05 -1.00e+05  9 -1.00e+05 -1.00e+05 -1.00e+05 -1.00e+05 -1.00e+05  -1.00
2002 03 11  2320   52344   84000  9 -1.00e+05 -1.00e+05  9 -1.00e+05 -1.00e+05 -1.00e+05 -1.00e+05 -1.00e+05  -1.00
2002 03 11  2325   52344   84300  9 -1.00e+05 -1.00e+05  9 -1.00e+05 -1.00e+05 -1.00e+05 -1.00e+05 -1.00e+05  -1.00
2002 03 11  2330   52344   84600  0  7.97e+02  1.98e+01  0  8.01e+04  1.45e+02  1.22e+02  4.83e+00  1.51e+00   0.15
2002 03 11  2335   52344   84900  9 -1.00e+05 -1.00e+05  9 -1.00e+05 -1.00e+05 -1.00e+05 -1.00e+05 -1.00e+05  -1.00
2002 03 11  2340   52344   85200  0  8.73e+02  1.64e+01  0  7.66e+04  1.54e+02  1.59e+01  4.65e+00  1.78e+00   0.10
2002 03 11  2345   52344   85500  0  7.92e+02  1.88e+01  0  7.11e+04  1.52e+02  1.83e+01  4.83e+00  1.90e+00   0.23
2002 03 11  2350   52344   85800  0  7.57e+02  1.83e+01  0  7.40e+04  1.42e+02  1.92e+01  4.42e+00  1.50e+00   0.11
2002 03 11  2355   52344   86100  0  7.86e+02  1.88e+01  0  7.00e+04  1.37e+02  1.65e+01  4.86e+00  1.59e+00   0.08
