:Data_list: 20031217_ace_sis_5m.txt
:Created: 2003 Dec 18 0011 UT
# Prepared by the U.S. Dept. of Commerce, NOAA, Space Environment Center.
# Please send comments and suggestions to SEC.Webmaster@noaa.gov 
# 
# Units: proton flux p/cs2-sec-ster
# Status(S): 0 = nominal data, 1 to 8 = bad data record, 9 = no data
# Missing data values: -1.00e+05
# Source: ACE Satellite - Solar Isotope Spectrometer
#
# 5-minute averaged Real-time Integral Flux of High-energy Solar Protons
# 
#                 Modified Seconds
# UT Date   Time   Julian  of the      ---- Integral Proton Flux ----
# YR MO DA  HHMM     Day     Day       S    > 10 MeV    S    > 30 MeV
#--------------------------------------------------------------------
2003 12 17  0000    52990       0      0    7.97e-01    0    5.56e-01
2003 12 17  0005    52990     300      0    7.97e-01    0    5.60e-01
2003 12 17  0010    52990     600      0    8.16e-01    0    5.77e-01
2003 12 17  0015    52990     900      0    7.89e-01    0    5.57e-01
2003 12 17  0020    52990    1200      0    8.06e-01    0    5.69e-01
2003 12 17  0025    52990    1500      0    7.94e-01    0    5.62e-01
2003 12 17  0030    52990    1800      0    8.22e-01    0    5.74e-01
2003 12 17  0035    52990    2100      0    8.03e-01    0    5.69e-01
2003 12 17  0040    52990    2400      0    7.98e-01    0    5.60e-01
2003 12 17  0045    52990    2700      0    7.97e-01    0    5.62e-01
2003 12 17  0050    52990    3000      0    7.90e-01    0    5.63e-01
2003 12 17  0055    52990    3300      0    8.07e-01    0    5.69e-01
2003 12 17  0100    52990    3600      9   -1.00e+05    9   -1.00e+05
2003 12 17  0105    52990    3900      0    8.12e-01    0    5.69e-01
2003 12 17  0110    52990    4200      0    8.08e-01    0    5.70e-01
2003 12 17  0115    52990    4500      0    7.97e-01    0    5.59e-01
2003 12 17  0120    52990    4800      0    8.08e-01    0    5.78e-01
2003 12 17  0125    52990    5100      0    8.03e-01    0    5.66e-01
2003 12 17  0130    52990    5400      0    8.22e-01    0    5.79e-01
2003 12 17  0135    52990    5700      0    8.07e-01    0    5.68e-01
2003 12 17  0140    52990    6000      0    8.22e-01    0    5.74e-01
2003 12 17  0145    52990    6300      0    8.19e-01    0    5.85e-01
2003 12 17  0150    52990    6600      0    8.28e-01    0    5.82e-01
2003 12 17  0155    52990    6900      0    7.96e-01    0    5.62e-01
2003 12 17  0200    52990    7200      0    7.95e-01    0    5.61e-01
2003 12 17  0205    52990    7500      0    8.01e-01    0    5.60e-01
2003 12 17  0210    52990    7800      0    8.14e-01    0    5.72e-01
2003 12 17  0215    52990    8100      0    8.27e-01    0    5.87e-01
2003 12 17  0220    52990    8400      0    8.03e-01    0    5.57e-01
2003 12 17  0225    52990    8700      0    8.11e-01    0    5.72e-01
2003 12 17  0230    52990    9000      0    7.83e-01    0    5.58e-01
2003 12 17  0235    52990    9300      0    8.28e-01    0    5.81e-01
2003 12 17  0240    52990    9600      0    8.03e-01    0    5.66e-01
2003 12 17  0245    52990    9900      0    7.96e-01    0    5.59e-01
2003 12 17  0250    52990   10200      0    8.11e-01    0    5.66e-01
2003 12 17  0255    52990   10500      0    8.13e-01    0    5.69e-01
2003 12 17  0300    52990   10800      0    8.13e-01    0    5.72e-01
2003 12 17  0305    52990   11100      0    7.96e-01    0    5.59e-01
2003 12 17  0310    52990   11400      0    8.06e-01    0    5.74e-01
2003 12 17  0315    52990   11700      0    8.22e-01    0    5.78e-01
2003 12 17  0320    52990   12000      0    8.13e-01    0    5.71e-01
2003 12 17  0325    52990   12300      0    8.17e-01    0    5.74e-01
2003 12 17  0330    52990   12600      0    8.10e-01    0    5.67e-01
2003 12 17  0335    52990   12900      0    8.03e-01    0    5.66e-01
2003 12 17  0340    52990   13200      0    7.98e-01    0    5.62e-01
2003 12 17  0345    52990   13500      0    7.93e-01    0    5.52e-01
2003 12 17  0350    52990   13800      0    8.00e-01    0    5.63e-01
2003 12 17  0355    52990   14100      0    8.40e-01    0    5.89e-01
2003 12 17  0400    52990   14400      0    7.91e-01    0    5.56e-01
2003 12 17  0405    52990   14700      0    8.13e-01    0    5.71e-01
2003 12 17  0410    52990   15000      0    8.12e-01    0    5.70e-01
2003 12 17  0415    52990   15300      0    7.93e-01    0    5.63e-01
2003 12 17  0420    52990   15600      0    8.14e-01    0    5.71e-01
2003 12 17  0425    52990   15900      0    8.01e-01    0    5.68e-01
2003 12 17  0430    52990   16200      0    7.92e-01    0    5.54e-01
2003 12 17  0435    52990   16500      0    8.21e-01    0    5.76e-01
2003 12 17  0440    52990   16800      0    8.01e-01    0    5.63e-01
2003 12 17  0445    52990   17100      0    8.10e-01    0    5.66e-01
2003 12 17  0450    52990   17400      0    7.98e-01    0    5.60e-01
2003 12 17  0455    52990   17700      0    8.03e-01    0    5.68e-01
2003 12 17  0500    52990   18000      0    8.01e-01    0    5.51e-01
2003 12 17  0505    52990   18300      0    8.05e-01    0    5.64e-01
2003 12 17  0510    52990   18600      0    8.02e-01    0    5.64e-01
2003 12 17  0515    52990   18900      0    8.16e-01    0    5.73e-01
2003 12 17  0520    52990   19200      0    7.98e-01    0    5.64e-01
2003 12 17  0525    52990   19500      0    7.91e-01    0    5.57e-01
2003 12 17  0530    52990   19800      0    8.29e-01    0    5.82e-01
2003 12 17  0535    52990   20100      0    8.17e-01    0    5.76e-01
2003 12 17  0540    52990   20400      0    8.21e-01    0    5.82e-01
2003 12 17  0545    52990   20700      0    8.19e-01    0    5.79e-01
2003 12 17  0550    52990   21000      0    8.09e-01    0    5.70e-01
2003 12 17  0555    52990   21300      0    8.16e-01    0    5.71e-01
2003 12 17  0600    52990   21600      0    7.98e-01    0    5.67e-01
2003 12 17  0605    52990   21900      0    7.92e-01    0    5.57e-01
2003 12 17  0610    52990   22200      0    8.06e-01    0    5.66e-01
2003 12 17  0615    52990   22500      0    8.01e-01    0    5.62e-01
2003 12 17  0620    52990   22800      0    8.16e-01    0    5.79e-01
2003 12 17  0625    52990   23100      0    7.86e-01    0    5.52e-01
2003 12 17  0630    52990   23400      0    8.20e-01    0    5.84e-01
2003 12 17  0635    52990   23700      0    8.14e-01    0    5.74e-01
2003 12 17  0640    52990   24000      0    8.15e-01    0    5.76e-01
2003 12 17  0645    52990   24300      0    8.19e-01    0    5.83e-01
2003 12 17  0650    52990   24600      0    7.92e-01    0    5.62e-01
2003 12 17  0655    52990   24900      9   -1.00e+05    9   -1.00e+05
2003 12 17  0700    52990   25200      9   -1.00e+05    9   -1.00e+05
2003 12 17  0705    52990   25500      9   -1.00e+05    9   -1.00e+05
2003 12 17  0710    52990   25800      9   -1.00e+05    9   -1.00e+05
2003 12 17  0715    52990   26100      9   -1.00e+05    9   -1.00e+05
2003 12 17  0720    52990   26400      9   -1.00e+05    9   -1.00e+05
2003 12 17  0725    52990   26700      9   -1.00e+05    9   -1.00e+05
2003 12 17  0730    52990   27000      9   -1.00e+05    9   -1.00e+05
2003 12 17  0735    52990   27300      9   -1.00e+05    9   -1.00e+05
2003 12 17  0740    52990   27600      9   -1.00e+05    9   -1.00e+05
2003 12 17  0745    52990   27900      0    8.12e-01    0    5.75e-01
2003 12 17  0750    52990   28200      0    8.09e-01    0    5.69e-01
2003 12 17  0755    52990   28500      0    8.02e-01    0    5.63e-01
2003 12 17  0800    52990   28800      0    8.18e-01    0    5.69e-01
2003 12 17  0805    52990   29100      0    8.04e-01    0    5.67e-01
2003 12 17  0810    52990   29400      0    8.17e-01    0    5.73e-01
2003 12 17  0815    52990   29700      0    7.97e-01    0    5.60e-01
2003 12 17  0820    52990   30000      0    8.09e-01    0    5.69e-01
2003 12 17  0825    52990   30300      0    8.22e-01    0    5.76e-01
2003 12 17  0830    52990   30600      0    8.28e-01    0    5.81e-01
2003 12 17  0835    52990   30900      0    8.09e-01    0    5.70e-01
2003 12 17  0840    52990   31200      0    8.24e-01    0    5.81e-01
2003 12 17  0845    52990   31500      0    8.28e-01    0    5.90e-01
2003 12 17  0850    52990   31800      0    8.06e-01    0    5.68e-01
2003 12 17  0855    52990   32100      0    8.18e-01    0    5.72e-01
2003 12 17  0900    52990   32400      0    8.28e-01    0    5.84e-01
2003 12 17  0905    52990   32700      0    8.19e-01    0    5.72e-01
2003 12 17  0910    52990   33000      0    7.86e-01    0    5.44e-01
2003 12 17  0915    52990   33300      0    8.03e-01    0    5.67e-01
2003 12 17  0920    52990   33600      0    8.08e-01    0    5.65e-01
2003 12 17  0925    52990   33900      0    8.23e-01    0    5.81e-01
2003 12 17  0930    52990   34200      0    8.04e-01    0    5.76e-01
2003 12 17  0935    52990   34500      0    7.97e-01    0    5.53e-01
2003 12 17  0940    52990   34800      0    8.32e-01    0    5.89e-01
2003 12 17  0945    52990   35100      0    8.17e-01    0    5.74e-01
2003 12 17  0950    52990   35400      0    8.18e-01    0    5.82e-01
2003 12 17  0955    52990   35700      0    8.18e-01    0    5.74e-01
2003 12 17  1000    52990   36000      0    8.03e-01    0    5.67e-01
2003 12 17  1005    52990   36300      0    7.96e-01    0    5.64e-01
2003 12 17  1010    52990   36600      0    8.03e-01    0    5.70e-01
2003 12 17  1015    52990   36900      0    8.16e-01    0    5.72e-01
2003 12 17  1020    52990   37200      0    8.02e-01    0    5.61e-01
2003 12 17  1025    52990   37500      0    8.19e-01    0    5.72e-01
2003 12 17  1030    52990   37800      0    8.04e-01    0    5.81e-01
2003 12 17  1035    52990   38100      0    7.98e-01    0    5.64e-01
2003 12 17  1040    52990   38400      0    8.28e-01    0    5.78e-01
2003 12 17  1045    52990   38700      0    8.18e-01    0    5.71e-01
2003 12 17  1050    52990   39000      0    8.10e-01    0    5.68e-01
2003 12 17  1055    52990   39300      0    7.94e-01    0    5.69e-01
2003 12 17  1100    52990   39600      0    7.92e-01    0    5.59e-01
2003 12 17  1105    52990   39900      0    8.03e-01    0    5.69e-01
2003 12 17  1110    52990   40200      0    7.97e-01    0    5.54e-01
2003 12 17  1115    52990   40500      0    7.90e-01    0    5.66e-01
2003 12 17  1120    52990   40800      0    8.01e-01    0    5.68e-01
2003 12 17  1125    52990   41100      0    7.97e-01    0    5.63e-01
2003 12 17  1130    52990   41400      0    8.18e-01    0    5.72e-01
2003 12 17  1135    52990   41700      0    8.13e-01    0    5.72e-01
2003 12 17  1140    52990   42000      0    8.12e-01    0    5.78e-01
2003 12 17  1145    52990   42300      0    8.08e-01    0    5.79e-01
2003 12 17  1150    52990   42600      0    8.08e-01    0    5.66e-01
2003 12 17  1155    52990   42900      0    8.10e-01    0    5.78e-01
2003 12 17  1200    52990   43200      0    8.09e-01    0    5.73e-01
2003 12 17  1205    52990   43500      0    8.16e-01    0    5.77e-01
2003 12 17  1210    52990   43800      0    8.03e-01    0    5.69e-01
2003 12 17  1215    52990   44100      0    8.03e-01    0    5.67e-01
2003 12 17  1220    52990   44400      0    8.02e-01    0    5.70e-01
2003 12 17  1225    52990   44700      0    8.06e-01    0    5.61e-01
2003 12 17  1230    52990   45000      0    8.14e-01    0    5.74e-01
2003 12 17  1235    52990   45300      0    8.20e-01    0    5.79e-01
2003 12 17  1240    52990   45600      0    8.07e-01    0    5.71e-01
2003 12 17  1245    52990   45900      0    7.90e-01    0    5.52e-01
2003 12 17  1250    52990   46200      0    8.15e-01    0    5.82e-01
2003 12 17  1255    52990   46500      0    8.20e-01    0    5.79e-01
2003 12 17  1300    52990   46800      0    7.91e-01    0    5.63e-01
2003 12 17  1305    52990   47100      0    8.00e-01    0    5.67e-01
2003 12 17  1310    52990   47400      0    7.87e-01    0    5.54e-01
2003 12 17  1315    52990   47700      0    8.09e-01    0    5.66e-01
2003 12 17  1320    52990   48000      0    8.06e-01    0    5.67e-01
2003 12 17  1325    52990   48300      0    8.14e-01    0    5.80e-01
2003 12 17  1330    52990   48600      0    8.11e-01    0    5.72e-01
2003 12 17  1335    52990   48900      0    8.13e-01    0    5.74e-01
2003 12 17  1340    52990   49200      0    8.04e-01    0    5.66e-01
2003 12 17  1345    52990   49500      0    8.28e-01    0    5.79e-01
2003 12 17  1350    52990   49800      0    8.18e-01    0    5.79e-01
2003 12 17  1355    52990   50100      0    8.13e-01    0    5.66e-01
2003 12 17  1400    52990   50400      0    8.00e-01    0    5.67e-01
2003 12 17  1405    52990   50700      0    7.90e-01    0    5.61e-01
2003 12 17  1410    52990   51000      0    8.06e-01    0    5.60e-01
2003 12 17  1415    52990   51300      0    8.00e-01    0    5.57e-01
2003 12 17  1420    52990   51600      0    8.08e-01    0    5.64e-01
2003 12 17  1425    52990   51900      0    8.11e-01    0    5.70e-01
2003 12 17  1430    52990   52200      0    7.96e-01    0    5.62e-01
2003 12 17  1435    52990   52500      0    8.24e-01    0    5.77e-01
2003 12 17  1440    52990   52800      0    8.04e-01    0    5.63e-01
2003 12 17  1445    52990   53100      0    8.09e-01    0    5.72e-01
2003 12 17  1450    52990   53400      0    7.98e-01    0    5.57e-01
2003 12 17  1455    52990   53700      0    8.29e-01    0    5.78e-01
2003 12 17  1500    52990   54000      0    8.20e-01    0    5.73e-01
2003 12 17  1505    52990   54300      0    8.14e-01    0    5.69e-01
2003 12 17  1510    52990   54600      0    8.04e-01    0    5.70e-01
2003 12 17  1515    52990   54900      0    7.94e-01    0    5.54e-01
2003 12 17  1520    52990   55200      0    8.21e-01    0    5.78e-01
2003 12 17  1525    52990   55500      0    8.13e-01    0    5.73e-01
2003 12 17  1530    52990   55800      0    8.30e-01    0    5.80e-01
2003 12 17  1535    52990   56100      0    8.03e-01    0    5.59e-01
2003 12 17  1540    52990   56400      0    8.20e-01    0    5.78e-01
2003 12 17  1545    52990   56700      0    8.19e-01    0    5.80e-01
2003 12 17  1550    52990   57000      0    8.00e-01    0    5.62e-01
2003 12 17  1555    52990   57300      0    8.22e-01    0    5.80e-01
2003 12 17  1600    52990   57600      0    8.10e-01    0    5.79e-01
2003 12 17  1605    52990   57900      0    8.18e-01    0    5.73e-01
2003 12 17  1610    52990   58200      0    8.17e-01    0    5.77e-01
2003 12 17  1615    52990   58500      0    8.09e-01    0    5.74e-01
2003 12 17  1620    52990   58800      0    7.98e-01    0    5.64e-01
2003 12 17  1625    52990   59100      0    8.07e-01    0    5.69e-01
2003 12 17  1630    52990   59400      0    8.12e-01    0    5.76e-01
2003 12 17  1635    52990   59700      0    8.40e-01    0    6.02e-01
2003 12 17  1640    52990   60000      0    8.14e-01    0    5.76e-01
2003 12 17  1645    52990   60300      0    8.29e-01    0    5.81e-01
2003 12 17  1650    52990   60600      0    8.03e-01    0    5.63e-01
2003 12 17  1655    52990   60900      0    8.37e-01    0    5.89e-01
2003 12 17  1700    52990   61200      0    8.19e-01    0    5.76e-01
2003 12 17  1705    52990   61500      0    8.14e-01    0    5.71e-01
2003 12 17  1710    52990   61800      0    8.03e-01    0    5.68e-01
2003 12 17  1715    52990   62100      0    8.08e-01    0    5.63e-01
2003 12 17  1720    52990   62400      0    8.17e-01    0    5.79e-01
2003 12 17  1725    52990   62700      0    8.14e-01    0    5.69e-01
2003 12 17  1730    52990   63000      0    8.01e-01    0    5.59e-01
2003 12 17  1735    52990   63300      0    8.19e-01    0    5.83e-01
2003 12 17  1740    52990   63600      0    7.90e-01    0    5.50e-01
2003 12 17  1745    52990   63900      0    8.00e-01    0    5.56e-01
2003 12 17  1750    52990   64200      0    8.06e-01    0    5.66e-01
2003 12 17  1755    52990   64500      0    7.96e-01    0    5.63e-01
2003 12 17  1800    52990   64800      0    8.06e-01    0    5.63e-01
2003 12 17  1805    52990   65100      0    7.88e-01    0    5.58e-01
2003 12 17  1810    52990   65400      0    7.98e-01    0    5.60e-01
2003 12 17  1815    52990   65700      0    8.11e-01    0    5.71e-01
2003 12 17  1820    52990   66000      0    8.02e-01    0    5.66e-01
2003 12 17  1825    52990   66300      0    8.27e-01    0    5.82e-01
2003 12 17  1830    52990   66600      0    8.11e-01    0    5.72e-01
2003 12 17  1835    52990   66900      0    8.16e-01    0    5.86e-01
2003 12 17  1840    52990   67200      0    8.19e-01    0    5.74e-01
2003 12 17  1845    52990   67500      0    7.94e-01    0    5.59e-01
2003 12 17  1850    52990   67800      0    7.87e-01    0    5.52e-01
2003 12 17  1855    52990   68100      0    8.22e-01    0    5.79e-01
2003 12 17  1900    52990   68400      0    7.89e-01    0    5.52e-01
2003 12 17  1905    52990   68700      0    8.07e-01    0    5.68e-01
2003 12 17  1910    52990   69000      0    8.04e-01    0    5.69e-01
2003 12 17  1915    52990   69300      0    7.88e-01    0    5.59e-01
2003 12 17  1920    52990   69600      0    8.02e-01    0    5.62e-01
2003 12 17  1925    52990   69900      0    7.93e-01    0    5.54e-01
2003 12 17  1930    52990   70200      0    8.14e-01    0    5.71e-01
2003 12 17  1935    52990   70500      0    8.23e-01    0    5.78e-01
2003 12 17  1940    52990   70800      0    8.13e-01    0    5.68e-01
2003 12 17  1945    52990   71100      0    7.87e-01    0    5.54e-01
2003 12 17  1950    52990   71400      0    7.98e-01    0    5.63e-01
2003 12 17  1955    52990   71700      0    7.88e-01    0    5.48e-01
2003 12 17  2000    52990   72000      0    8.20e-01    0    5.77e-01
2003 12 17  2005    52990   72300      0    8.05e-01    0    5.70e-01
2003 12 17  2010    52990   72600      0    7.94e-01    0    5.60e-01
2003 12 17  2015    52990   72900      0    7.99e-01    0    5.61e-01
2003 12 17  2020    52990   73200      0    8.07e-01    0    5.65e-01
2003 12 17  2025    52990   73500      0    7.93e-01    0    5.62e-01
2003 12 17  2030    52990   73800      0    8.16e-01    0    5.72e-01
2003 12 17  2035    52990   74100      0    8.07e-01    0    5.69e-01
2003 12 17  2040    52990   74400      0    8.34e-01    0    5.87e-01
2003 12 17  2045    52990   74700      0    8.30e-01    0    5.84e-01
2003 12 17  2050    52990   75000      0    8.11e-01    0    5.72e-01
2003 12 17  2055    52990   75300      0    8.20e-01    0    5.70e-01
2003 12 17  2100    52990   75600      0    8.14e-01    0    5.75e-01
2003 12 17  2105    52990   75900      0    8.12e-01    0    5.70e-01
2003 12 17  2110    52990   76200      0    8.19e-01    0    5.81e-01
2003 12 17  2115    52990   76500      0    8.08e-01    0    5.63e-01
2003 12 17  2120    52990   76800      0    7.93e-01    0    5.54e-01
2003 12 17  2125    52990   77100      0    8.01e-01    0    5.64e-01
2003 12 17  2130    52990   77400      0    8.21e-01    0    5.77e-01
2003 12 17  2135    52990   77700      0    8.10e-01    0    5.73e-01
2003 12 17  2140    52990   78000      0    8.15e-01    0    5.76e-01
2003 12 17  2145    52990   78300      0    8.22e-01    0    5.78e-01
2003 12 17  2150    52990   78600      0    8.01e-01    0    5.64e-01
2003 12 17  2155    52990   78900      0    8.17e-01    0    5.72e-01
2003 12 17  2200    52990   79200      0    8.13e-01    0    5.72e-01
2003 12 17  2205    52990   79500      0    8.19e-01    0    5.77e-01
2003 12 17  2210    52990   79800      0    8.26e-01    0    5.82e-01
2003 12 17  2215    52990   80100      0    7.99e-01    0    5.62e-01
2003 12 17  2220    52990   80400      0    8.20e-01    0    5.77e-01
2003 12 17  2225    52990   80700      0    7.65e-01    0    5.45e-01
2003 12 17  2230    52990   81000      9   -1.00e+05    9   -1.00e+05
2003 12 17  2235    52990   81300      9   -1.00e+05    9   -1.00e+05
2003 12 17  2240    52990   81600      0    7.97e-01    0    5.60e-01
2003 12 17  2245    52990   81900      0    7.95e-01    0    5.60e-01
2003 12 17  2250    52990   82200      0    8.19e-01    0    5.73e-01
2003 12 17  2255    52990   82500      0    8.11e-01    0    5.66e-01
2003 12 17  2300    52990   82800      0    8.09e-01    0    5.69e-01
2003 12 17  2305    52990   83100      0    8.01e-01    0    5.76e-01
2003 12 17  2310    52990   83400      0    8.18e-01    0    5.76e-01
2003 12 17  2315    52990   83700      0    8.22e-01    0    5.81e-01
2003 12 17  2320    52990   84000      0    8.22e-01    0    5.79e-01
2003 12 17  2325    52990   84300      0    8.16e-01    0    5.71e-01
2003 12 17  2330    52990   84600      0    8.07e-01    0    5.72e-01
2003 12 17  2335    52990   84900      0    8.29e-01    0    5.83e-01
2003 12 17  2340    52990   85200      0    8.30e-01    0    5.82e-01
2003 12 17  2345    52990   85500      0    8.14e-01    0    5.71e-01
2003 12 17  2350    52990   85800      0    8.23e-01    0    5.84e-01
2003 12 17  2355    52990   86100      0    8.37e-01    0    5.88e-01
