:Data_list: 20030727_ace_epam_5m.txt
:Created: 2003 Jul 28 0012 UT
# Prepared by the U.S. Dept. of Commerce, NOAA, Space Environment Center.
# Please send comments and suggestions to sec@sec.noaa.gov 
# 
# Units: Differential Flux particles/cm2-s-ster-MeV
# Units: Anisotropy Index 0.0 - 2.0
# Status(S): 0 = nominal, 4,6,7,8 = bad data, unable to process, 9 = no data
# Missing data values: -1.00e+05, index = -1.00
# Source: ACE Satellite - Electron, Proton, and Alpha Monitor
# Note: 2002 Mar 18: First Proton channel changed from 47-65 to 65-112keV.
#
#                      5-minute averaged Real-time Differential Electron and Proton Flux 
# 
#                Modified Seconds ---------------------------- Differential Flux --------------------------- 
# UT Date   Time  Julian  of the  ----- Electron -----   ------------------- Protons keV -------------------   Anis.
# YR MO DA  HHMM    Day    Day    S    38-53   175-315   S   65-112   112-187   310-580   761-1220 060-1910   Ratio
#-------------------------------------------------------------------------------------------------------------------
2003 07 27  0000   52847       0  0  4.15e+02  1.34e+01  0  3.47e+05  1.14e+05  5.73e+03  2.19e+02  1.38e+02   0.57
2003 07 27  0005   52847     300  0  3.73e+02  1.34e+01  0  3.61e+05  1.19e+05  5.93e+03  2.20e+02  1.38e+02   0.60
2003 07 27  0010   52847     600  0  4.43e+02  1.44e+01  0  3.63e+05  1.20e+05  6.03e+03  2.41e+02  1.43e+02   0.56
2003 07 27  0015   52847     900  0  5.29e+02  1.54e+01  0  3.75e+05  1.23e+05  5.88e+03  2.47e+02  1.44e+02   0.56
2003 07 27  0020   52847    1200  0  4.07e+02  1.37e+01  0  3.76e+05  1.21e+05  5.71e+03  2.38e+02  1.37e+02   0.65
2003 07 27  0025   52847    1500  0  4.35e+02  1.46e+01  0  3.71e+05  1.20e+05  5.61e+03  2.38e+02  1.30e+02   0.58
2003 07 27  0030   52847    1800  0  4.31e+02  1.15e+01  0  3.80e+05  1.23e+05  5.79e+03  2.37e+02  1.34e+02   0.64
2003 07 27  0035   52847    2100  0  4.21e+02  1.18e+01  0  3.59e+05  1.17e+05  5.79e+03  2.44e+02  1.34e+02   0.68
2003 07 27  0040   52847    2400  0  3.70e+02  1.62e+01  0  3.38e+05  1.06e+05  4.95e+03  2.21e+02  1.18e+02   0.58
2003 07 27  0045   52847    2700  0  4.44e+02  1.36e+01  0  3.39e+05  1.07e+05  5.15e+03  2.35e+02  1.22e+02   0.38
2003 07 27  0050   52847    3000  0  4.91e+02  1.33e+01  0  3.28e+05  1.03e+05  4.93e+03  2.50e+02  1.19e+02   0.14
2003 07 27  0055   52847    3300  0  4.71e+02  1.28e+01  0  3.14e+05  9.76e+04  4.62e+03  2.47e+02  1.09e+02   0.16
2003 07 27  0100   52847    3600  0  4.45e+02  1.52e+01  0  3.34e+05  1.05e+05  4.83e+03  2.25e+02  1.11e+02   0.24
2003 07 27  0105   52847    3900  0  4.76e+02  1.38e+01  0  3.30e+05  1.03e+05  4.67e+03  2.32e+02  1.10e+02   0.42
2003 07 27  0110   52847    4200  0  4.18e+02  1.34e+01  0  3.33e+05  1.06e+05  4.94e+03  2.44e+02  1.18e+02   0.38
2003 07 27  0115   52847    4500  0  4.41e+02  1.54e+01  0  3.39e+05  1.10e+05  5.25e+03  2.61e+02  1.27e+02   0.40
2003 07 27  0120   52847    4800  0  5.22e+02  1.41e+01  0  3.34e+05  1.09e+05  5.27e+03  2.61e+02  1.31e+02   0.41
2003 07 27  0125   52847    5100  0  4.67e+02  1.41e+01  0  3.31e+05  1.05e+05  4.99e+03  2.49e+02  1.20e+02   0.40
2003 07 27  0130   52847    5400  0  4.07e+02  1.39e+01  0  3.23e+05  9.82e+04  4.50e+03  2.41e+02  1.10e+02   0.25
2003 07 27  0135   52847    5700  0  3.98e+02  1.55e+01  0  3.32e+05  1.01e+05  4.56e+03  2.42e+02  1.10e+02   0.28
2003 07 27  0140   52847    6000  0  5.26e+02  1.24e+01  0  3.14e+05  1.01e+05  5.12e+03  2.98e+02  1.33e+02   0.37
2003 07 27  0145   52847    6300  0  4.38e+02  1.44e+01  0  3.13e+05  1.01e+05  5.20e+03  3.03e+02  1.35e+02   0.26
2003 07 27  0150   52847    6600  0  4.08e+02  1.36e+01  0  3.11e+05  1.03e+05  5.65e+03  3.21e+02  1.53e+02   0.30
2003 07 27  0155   52847    6900  0  5.08e+02  1.33e+01  0  3.24e+05  1.09e+05  6.08e+03  3.42e+02  1.59e+02   0.32
2003 07 27  0200   52847    7200  0  5.59e+02  1.70e+01  0  3.11e+05  1.01e+05  5.20e+03  2.99e+02  1.32e+02   0.22
2003 07 27  0205   52847    7500  0  5.31e+02  1.57e+01  0  3.16e+05  1.04e+05  5.48e+03  3.13e+02  1.38e+02   0.19
2003 07 27  0210   52847    7800  0  4.83e+02  1.23e+01  0  3.48e+05  1.22e+05  7.45e+03  4.51e+02  2.12e+02   0.34
2003 07 27  0215   52847    8100  0  5.39e+02  1.50e+01  0  3.27e+05  1.10e+05  6.22e+03  4.03e+02  1.66e+02   0.27
2003 07 27  0220   52847    8400  0  5.51e+02  1.36e+01  0  3.41e+05  1.25e+05  8.26e+03  5.17e+02  2.35e+02   0.45
2003 07 27  0225   52847    8700  0  5.56e+02  1.33e+01  0  3.64e+05  1.43e+05  9.67e+03  5.64e+02  2.76e+02   0.50
2003 07 27  0230   52847    9000  0  5.63e+02  1.23e+01  0  3.41e+05  1.29e+05  8.48e+03  5.54e+02  2.59e+02   0.48
2003 07 27  0235   52847    9300  0  6.40e+02  1.46e+01  0  3.70e+05  1.48e+05  1.03e+04  6.37e+02  3.18e+02   0.45
2003 07 27  0240   52847    9600  0  5.65e+02  1.76e+01  0  3.73e+05  1.45e+05  9.65e+03  6.17e+02  2.97e+02   0.46
2003 07 27  0245   52847    9900  0  6.46e+02  1.44e+01  0  3.80e+05  1.49e+05  1.01e+04  6.29e+02  3.01e+02   0.49
2003 07 27  0250   52847   10200  0  6.23e+02  1.48e+01  0  3.89e+05  1.54e+05  1.06e+04  6.49e+02  3.23e+02   0.49
2003 07 27  0255   52847   10500  0  5.47e+02  1.70e+01  0  3.81e+05  1.49e+05  1.04e+04  6.42e+02  3.17e+02   0.45
2003 07 27  0300   52847   10800  0  6.01e+02  1.42e+01  0  3.79e+05  1.48e+05  1.00e+04  6.06e+02  2.97e+02   0.35
2003 07 27  0305   52847   11100  0  6.62e+02  1.40e+01  0  3.88e+05  1.49e+05  9.57e+03  5.76e+02  2.73e+02   0.33
2003 07 27  0310   52847   11400  0  5.72e+02  1.52e+01  0  3.76e+05  1.41e+05  8.42e+03  5.18e+02  2.34e+02   0.22
2003 07 27  0315   52847   11700  0  5.31e+02  1.35e+01  0  3.78e+05  1.42e+05  8.65e+03  5.19e+02  2.48e+02   0.22
2003 07 27  0320   52847   12000  0  7.50e+02  1.50e+01  0  3.88e+05  1.53e+05  1.03e+04  6.68e+02  3.11e+02   0.37
2003 07 27  0325   52847   12300  0  6.85e+02  1.82e+01  0  3.90e+05  1.53e+05  1.04e+04  6.92e+02  3.19e+02   0.45
2003 07 27  0330   52847   12600  0  8.90e+02  1.71e+01  0  3.75e+05  1.50e+05  1.18e+04  1.08e+03  4.71e+02   0.81
2003 07 27  0335   52847   12900  0  1.02e+03  1.42e+01  0  3.94e+05  1.58e+05  1.31e+04  1.43e+03  5.28e+02   0.94
2003 07 27  0340   52847   13200  0  1.21e+03  1.31e+01  0  4.10e+05  1.76e+05  1.59e+04  1.45e+03  6.38e+02   0.88
2003 07 27  0345   52847   13500  0  1.11e+03  1.43e+01  0  4.21e+05  1.77e+05  1.51e+04  1.23e+03  5.63e+02   0.85
2003 07 27  0350   52847   13800  0  7.67e+02  1.58e+01  0  4.59e+05  1.98e+05  1.53e+04  9.40e+02  4.62e+02   0.54
2003 07 27  0355   52847   14100  0  6.46e+02  1.71e+01  0  5.07e+05  2.19e+05  1.61e+04  7.48e+02  4.29e+02   0.79
2003 07 27  0400   52847   14400  0  5.64e+02  1.68e+01  0  4.15e+05  1.53e+05  8.13e+03  4.39e+02  2.02e+02   0.28
2003 07 27  0405   52847   14700  0  5.21e+02  1.44e+01  0  4.09e+05  1.41e+05  5.42e+03  2.86e+02  1.10e+02   0.08
2003 07 27  0410   52847   15000  0  5.77e+02  1.42e+01  0  4.13e+05  1.47e+05  6.13e+03  3.05e+02  1.19e+02   0.07
2003 07 27  0415   52847   15300  0  5.67e+02  1.68e+01  0  4.27e+05  1.61e+05  7.95e+03  3.67e+02  1.53e+02   0.10
2003 07 27  0420   52847   15600  0  4.90e+02  1.29e+01  0  3.70e+05  1.35e+05  7.02e+03  3.70e+02  1.56e+02   0.08
2003 07 27  0425   52847   15900  0  5.14e+02  1.21e+01  0  2.84e+05  1.02e+05  5.69e+03  3.59e+02  1.36e+02   0.06
2003 07 27  0430   52847   16200  0  6.10e+02  1.46e+01  0  5.48e+05  2.48e+05  1.26e+04  3.88e+02  1.81e+02   0.14
2003 07 27  0435   52847   16500  0  7.07e+02  1.70e+01  0  6.61e+05  3.19e+05  2.42e+04  5.97e+02  2.82e+02   0.37
2003 07 27  0440   52847   16800  0  5.34e+02  1.14e+01  0  2.36e+05  8.84e+04  5.22e+03  3.83e+02  1.37e+02   0.17
2003 07 27  0445   52847   17100  0  5.65e+02  1.46e+01  0  2.29e+05  9.24e+04  5.38e+03  3.65e+02  1.41e+02   0.02
2003 07 27  0450   52847   17400  0  4.96e+02  1.47e+01  0  1.76e+05  7.54e+04  4.95e+03  3.36e+02  1.33e+02   0.10
2003 07 27  0455   52847   17700  0  4.64e+02  1.62e+01  0  1.39e+05  6.16e+04  4.21e+03  3.15e+02  1.19e+02   0.08
2003 07 27  0500   52847   18000  0  5.10e+02  1.28e+01  0  1.26e+05  5.67e+04  4.03e+03  3.07e+02  1.15e+02   0.08
2003 07 27  0505   52847   18300  0  5.01e+02  1.25e+01  0  1.15e+05  5.32e+04  4.18e+03  3.22e+02  1.29e+02   0.05
2003 07 27  0510   52847   18600  0  4.76e+02  1.35e+01  0  1.13e+05  5.33e+04  4.35e+03  3.53e+02  1.33e+02   0.09
2003 07 27  0515   52847   18900  0  4.93e+02  1.55e+01  0  1.15e+05  5.48e+04  4.74e+03  3.79e+02  1.50e+02   0.05
2003 07 27  0520   52847   19200  0  5.14e+02  1.45e+01  0  9.30e+04  4.71e+04  4.44e+03  3.71e+02  1.48e+02   0.07
2003 07 27  0525   52847   19500  0  5.79e+02  1.05e+01  0  1.11e+05  5.51e+04  4.94e+03  4.84e+02  1.67e+02   0.40
2003 07 27  0530   52847   19800  0  6.27e+02  1.55e+01  0  1.21e+05  6.05e+04  5.62e+03  5.79e+02  1.94e+02   0.55
2003 07 27  0535   52847   20100  0  5.61e+02  1.33e+01  0  1.43e+05  7.11e+04  6.67e+03  6.24e+02  2.36e+02   0.47
2003 07 27  0540   52847   20400  0  6.06e+02  1.47e+01  0  1.22e+05  6.14e+04  5.62e+03  5.17e+02  1.95e+02   0.32
2003 07 27  0545   52847   20700  0  5.88e+02  1.56e+01  0  1.54e+05  7.75e+04  7.04e+03  5.15e+02  2.24e+02   0.23
2003 07 27  0550   52847   21000  0  5.63e+02  1.62e+01  0  1.30e+05  6.77e+04  6.50e+03  5.59e+02  2.32e+02   0.30
2003 07 27  0555   52847   21300  0  6.15e+02  1.12e+01  0  1.56e+05  7.73e+04  7.02e+03  5.67e+02  2.19e+02   0.27
2003 07 27  0600   52847   21600  0  5.93e+02  1.30e+01  0  1.08e+05  5.40e+04  5.03e+03  5.10e+02  1.78e+02   0.37
2003 07 27  0605   52847   21900  0  5.93e+02  1.42e+01  0  1.21e+05  5.95e+04  5.35e+03  5.74e+02  1.84e+02   0.57
2003 07 27  0610   52847   22200  0  6.93e+02  1.46e+01  0  1.51e+05  7.18e+04  6.16e+03  5.87e+02  2.06e+02   0.53
2003 07 27  0615   52847   22500  0  5.56e+02  1.28e+01  0  1.07e+05  5.26e+04  4.67e+03  4.81e+02  1.49e+02   0.45
2003 07 27  0620   52847   22800  0  5.54e+02  1.50e+01  0  7.26e+04  3.79e+04  3.73e+03  4.34e+02  1.38e+02   0.30
2003 07 27  0625   52847   23100  0  6.27e+02  1.27e+01  0  9.15e+04  4.51e+04  4.15e+03  4.34e+02  1.51e+02   0.41
2003 07 27  0630   52847   23400  0  5.66e+02  1.21e+01  0  8.84e+04  4.54e+04  4.39e+03  5.17e+02  1.71e+02   0.49
2003 07 27  0635   52847   23700  0  5.01e+02  1.37e+01  0  7.53e+04  3.87e+04  3.68e+03  4.49e+02  1.35e+02   0.44
2003 07 27  0640   52847   24000  0  6.22e+02  1.37e+01  0  8.75e+04  4.48e+04  4.26e+03  4.78e+02  1.56e+02   0.36
2003 07 27  0645   52847   24300  0  6.17e+02  1.37e+01  0  7.86e+04  4.08e+04  3.99e+03  4.00e+02  1.44e+02   0.20
2003 07 27  0650   52847   24600  0  5.41e+02  1.43e+01  0  8.65e+04  4.44e+04  4.25e+03  4.49e+02  1.53e+02   0.29
2003 07 27  0655   52847   24900  0  5.41e+02  1.72e+01  0  8.22e+04  4.08e+04  3.80e+03  4.47e+02  1.34e+02   0.38
2003 07 27  0700   52847   25200  0  5.57e+02  1.50e+01  0  7.15e+04  3.53e+04  3.28e+03  3.29e+02  1.17e+02   0.16
2003 07 27  0705   52847   25500  0  5.90e+02  1.63e+01  0  7.79e+04  3.79e+04  3.47e+03  3.40e+02  1.24e+02   0.24
2003 07 27  0710   52847   25800  0  4.81e+02  1.64e+01  0  8.33e+04  3.96e+04  3.44e+03  3.43e+02  1.13e+02   0.37
2003 07 27  0715   52847   26100  0  4.61e+02  1.39e+01  0  7.16e+04  3.46e+04  3.08e+03  3.41e+02  1.06e+02   0.43
2003 07 27  0720   52847   26400  0  5.54e+02  1.37e+01  0  5.38e+04  2.68e+04  2.55e+03  3.09e+02  9.91e+01   0.30
2003 07 27  0725   52847   26700  0  5.08e+02  1.70e+01  0  6.25e+04  3.13e+04  2.92e+03  3.11e+02  1.07e+02   0.21
2003 07 27  0730   52847   27000  0  4.51e+02  1.35e+01  0  5.13e+04  2.46e+04  2.21e+03  2.90e+02  8.15e+01   0.42
2003 07 27  0735   52847   27300  0  4.85e+02  1.44e+01  0  3.87e+04  1.83e+04  1.67e+03  2.50e+02  6.48e+01   0.26
2003 07 27  0740   52847   27600  0  5.22e+02  1.28e+01  0  3.40e+04  1.63e+04  1.55e+03  2.21e+02  6.08e+01   0.22
2003 07 27  0745   52847   27900  0  4.64e+02  1.54e+01  0  3.44e+04  1.75e+04  1.71e+03  1.94e+02  6.58e+01   0.09
2003 07 27  0750   52847   28200  0  4.98e+02  1.43e+01  0  3.71e+04  1.87e+04  1.76e+03  2.29e+02  6.81e+01   0.02
2003 07 27  0755   52847   28500  0  5.13e+02  1.32e+01  0  4.47e+04  2.15e+04  1.87e+03  2.63e+02  7.41e+01   0.22
2003 07 27  0800   52847   28800  0  5.12e+02  1.06e+01  0  3.91e+04  1.92e+04  1.81e+03  2.62e+02  6.79e+01   0.33
2003 07 27  0805   52847   29100  0  4.33e+02  1.36e+01  0  5.35e+04  2.44e+04  2.11e+03  2.54e+02  7.73e+01   0.18
2003 07 27  0810   52847   29400  0  5.63e+02  1.44e+01  0  4.54e+04  2.09e+04  1.85e+03  2.34e+02  6.87e+01   0.18
2003 07 27  0815   52847   29700  0  4.83e+02  1.06e+01  0  3.38e+04  1.74e+04  1.79e+03  2.23e+02  7.31e+01   0.04
2003 07 27  0820   52847   30000  0  5.01e+02  1.57e+01  0  3.79e+04  1.87e+04  1.84e+03  2.29e+02  7.32e+01   0.05
2003 07 27  0825   52847   30300  0  5.07e+02  1.39e+01  0  3.29e+04  1.68e+04  1.78e+03  2.18e+02  7.56e+01   0.04
2003 07 27  0830   52847   30600  0  5.41e+02  1.37e+01  0  3.59e+04  1.92e+04  2.06e+03  2.54e+02  7.70e+01   0.23
2003 07 27  0835   52847   30900  0  4.79e+02  1.58e+01  0  3.66e+04  1.85e+04  1.80e+03  2.67e+02  6.98e+01   0.37
2003 07 27  0840   52847   31200  0  5.19e+02  1.44e+01  0  4.23e+04  2.02e+04  1.90e+03  2.74e+02  7.27e+01   0.43
2003 07 27  0845   52847   31500  0  6.06e+02  1.32e+01  0  5.99e+04  2.91e+04  2.68e+03  3.20e+02  9.93e+01   0.38
2003 07 27  0850   52847   31800  0  4.87e+02  1.36e+01  0  3.76e+04  1.91e+04  1.93e+03  2.61e+02  7.43e+01   0.29
2003 07 27  0855   52847   32100  0  5.10e+02  1.62e+01  0  2.88e+04  1.55e+04  1.69e+03  2.46e+02  7.03e+01   0.27
2003 07 27  0900   52847   32400  0  4.80e+02  1.37e+01  0  2.97e+04  1.61e+04  1.75e+03  2.62e+02  7.21e+01   0.32
2003 07 27  0905   52847   32700  0  4.98e+02  1.43e+01  0  2.88e+04  1.58e+04  1.74e+03  2.66e+02  7.35e+01   0.35
2003 07 27  0910   52847   33000  0  5.34e+02  1.53e+01  0  2.95e+04  1.60e+04  1.75e+03  2.72e+02  7.21e+01   0.40
2003 07 27  0915   52847   33300  0  5.29e+02  1.49e+01  0  3.25e+04  1.78e+04  1.92e+03  2.77e+02  8.08e+01   0.35
2003 07 27  0920   52847   33600  0  6.17e+02  1.48e+01  0  3.31e+04  1.77e+04  1.92e+03  3.18e+02  7.94e+01   0.44
2003 07 27  0925   52847   33900  0  5.43e+02  1.40e+01  0  3.18e+04  1.71e+04  1.88e+03  2.93e+02  7.60e+01   0.39
2003 07 27  0930   52847   34200  0  5.47e+02  1.38e+01  0  3.75e+04  2.01e+04  2.15e+03  3.27e+02  8.63e+01   0.46
2003 07 27  0935   52847   34500  0  6.37e+02  1.33e+01  0  3.71e+04  1.95e+04  2.05e+03  3.10e+02  7.51e+01   0.42
2003 07 27  0940   52847   34800  0  4.93e+02  1.37e+01  0  3.15e+04  1.57e+04  1.45e+03  2.18e+02  5.85e+01   0.19
2003 07 27  0945   52847   35100  0  5.38e+02  1.51e+01  0  3.02e+04  1.57e+04  1.51e+03  2.51e+02  5.63e+01   0.23
2003 07 27  0950   52847   35400  0  5.24e+02  1.31e+01  0  2.11e+04  1.15e+04  1.33e+03  1.99e+02  5.77e+01   0.21
2003 07 27  0955   52847   35700  0  5.34e+02  1.77e+01  0  1.96e+04  1.03e+04  1.19e+03  1.99e+02  5.58e+01   0.25
2003 07 27  1000   52847   36000  0  4.65e+02  1.53e+01  0  2.07e+04  1.08e+04  1.23e+03  2.04e+02  5.45e+01   0.31
2003 07 27  1005   52847   36300  0  5.27e+02  1.08e+01  0  1.80e+04  1.02e+04  1.21e+03  2.01e+02  5.34e+01   0.15
2003 07 27  1010   52847   36600  0  5.85e+02  1.51e+01  0  1.99e+04  1.08e+04  1.22e+03  2.01e+02  5.16e+01   0.29
2003 07 27  1015   52847   36900  0  4.77e+02  1.22e+01  0  2.19e+04  1.13e+04  1.16e+03  1.78e+02  5.06e+01   0.21
2003 07 27  1020   52847   37200  0  4.69e+02  1.45e+01  0  1.89e+04  1.06e+04  1.21e+03  1.79e+02  5.43e+01   0.09
2003 07 27  1025   52847   37500  0  5.38e+02  1.38e+01  0  1.87e+04  1.05e+04  1.27e+03  1.75e+02  5.72e+01   0.08
2003 07 27  1030   52847   37800  0  5.25e+02  1.29e+01  0  1.88e+04  1.07e+04  1.28e+03  1.77e+02  5.51e+01   0.06
2003 07 27  1035   52847   38100  0  4.33e+02  1.61e+01  0  1.99e+04  1.12e+04  1.31e+03  1.78e+02  5.78e+01   0.05
2003 07 27  1040   52847   38400  0  5.66e+02  1.53e+01  0  2.16e+04  1.18e+04  1.40e+03  1.84e+02  5.92e+01   0.05
2003 07 27  1045   52847   38700  0  5.23e+02  1.39e+01  0  2.05e+04  1.15e+04  1.35e+03  1.84e+02  6.05e+01   0.03
2003 07 27  1050   52847   39000  0  5.05e+02  1.50e+01  0  2.21e+04  1.22e+04  1.42e+03  1.90e+02  6.24e+01   0.10
2003 07 27  1055   52847   39300  0  5.70e+02  1.30e+01  0  2.30e+04  1.26e+04  1.48e+03  1.99e+02  6.61e+01   0.10
2003 07 27  1100   52847   39600  0  5.54e+02  1.38e+01  0  2.29e+04  1.28e+04  1.54e+03  2.06e+02  6.70e+01   0.08
2003 07 27  1105   52847   39900  0  5.36e+02  1.42e+01  0  2.30e+04  1.27e+04  1.52e+03  2.17e+02  6.86e+01   0.03
2003 07 27  1110   52847   40200  0  5.19e+02  1.40e+01  0  2.42e+04  1.32e+04  1.58e+03  2.13e+02  7.00e+01   0.05
2003 07 27  1115   52847   40500  0  5.25e+02  1.33e+01  0  2.28e+04  1.27e+04  1.50e+03  2.10e+02  6.77e+01   0.13
2003 07 27  1120   52847   40800  0  5.84e+02  1.27e+01  0  2.46e+04  1.32e+04  1.53e+03  2.16e+02  6.86e+01   0.05
2003 07 27  1125   52847   41100  0  4.76e+02  1.36e+01  0  2.24e+04  1.25e+04  1.51e+03  2.03e+02  6.87e+01   0.08
2003 07 27  1130   52847   41400  0  4.96e+02  1.53e+01  0  2.31e+04  1.30e+04  1.51e+03  2.38e+02  7.08e+01   0.16
2003 07 27  1135   52847   41700  0  5.90e+02  1.34e+01  0  3.13e+04  1.68e+04  1.86e+03  2.99e+02  8.13e+01   0.38
2003 07 27  1140   52847   42000  0  5.32e+02  1.36e+01  0  3.75e+04  1.93e+04  2.03e+03  3.31e+02  8.67e+01   0.47
2003 07 27  1145   52847   42300  0  5.51e+02  1.36e+01  0  4.13e+04  2.14e+04  2.32e+03  3.88e+02  1.08e+02   0.58
2003 07 27  1150   52847   42600  0  5.84e+02  1.39e+01  0  4.77e+04  2.50e+04  2.66e+03  4.02e+02  1.13e+02   0.59
2003 07 27  1155   52847   42900  0  6.04e+02  1.45e+01  0  3.59e+04  1.90e+04  2.09e+03  3.44e+02  9.85e+01   0.43
2003 07 27  1200   52847   43200  0  5.44e+02  1.20e+01  0  4.52e+04  2.37e+04  2.62e+03  3.64e+02  1.22e+02   0.47
2003 07 27  1205   52847   43500  0  6.76e+02  1.51e+01  0  6.12e+04  3.11e+04  3.35e+03  3.99e+02  1.52e+02   0.50
2003 07 27  1210   52847   43800  0  6.38e+02  1.47e+01  0  5.66e+04  2.79e+04  2.89e+03  3.53e+02  1.19e+02   0.41
2003 07 27  1215   52847   44100  0  6.15e+02  1.18e+01  0  3.83e+04  1.96e+04  2.19e+03  3.10e+02  9.33e+01   0.36
2003 07 27  1220   52847   44400  0  5.74e+02  1.33e+01  0  3.37e+04  1.84e+04  2.12e+03  3.70e+02  9.36e+01   0.52
2003 07 27  1225   52847   44700  0  6.22e+02  1.23e+01  0  3.66e+04  1.88e+04  2.13e+03  3.66e+02  9.79e+01   0.42
2003 07 27  1230   52847   45000  0  6.07e+02  1.39e+01  0  1.42e+04  7.77e+03  9.92e+02  2.21e+02  4.89e+01   0.53
2003 07 27  1235   52847   45300  0  5.95e+02  1.51e+01  0  1.57e+04  8.76e+03  1.08e+03  2.09e+02  5.14e+01   0.53
2003 07 27  1240   52847   45600  0  6.04e+02  1.41e+01  0  1.42e+04  7.82e+03  9.17e+02  1.71e+02  4.59e+01   0.38
2003 07 27  1245   52847   45900  0  6.48e+02  1.17e+01  0  1.14e+04  6.43e+03  8.29e+02  1.72e+02  4.36e+01   0.42
2003 07 27  1250   52847   46200  0  6.51e+02  1.39e+01  0  1.10e+04  6.12e+03  7.96e+02  1.60e+02  4.07e+01   0.37
2003 07 27  1255   52847   46500  0  6.71e+02  1.43e+01  0  1.23e+04  6.87e+03  8.96e+02  1.75e+02  4.51e+01   0.40
2003 07 27  1300   52847   46800  0  6.65e+02  1.70e+01  0  1.13e+04  6.53e+03  8.38e+02  1.68e+02  4.51e+01   0.32
2003 07 27  1305   52847   47100  0  7.61e+02  1.38e+01  0  1.17e+04  6.81e+03  8.85e+02  1.86e+02  4.75e+01   0.38
2003 07 27  1310   52847   47400  0  6.55e+02  1.55e+01  0  1.29e+04  7.23e+03  9.15e+02  1.77e+02  5.06e+01   0.27
2003 07 27  1315   52847   47700  0  6.04e+02  1.59e+01  0  2.12e+04  1.18e+04  1.45e+03  2.01e+02  6.99e+01   0.26
2003 07 27  1320   52847   48000  0  6.04e+02  1.08e+01  0  1.77e+04  9.38e+03  1.08e+03  1.61e+02  4.92e+01   0.12
2003 07 27  1325   52847   48300  0  6.19e+02  1.66e+01  0  9.97e+03  5.80e+03  7.60e+02  1.68e+02  4.12e+01   0.39
2003 07 27  1330   52847   48600  0  5.86e+02  1.54e+01  0  8.08e+03  4.82e+03  6.75e+02  1.59e+02  3.73e+01   0.37
2003 07 27  1335   52847   48900  0  6.24e+02  1.34e+01  0  8.48e+03  5.16e+03  7.31e+02  1.69e+02  4.04e+01   0.29
2003 07 27  1340   52847   49200  0  6.07e+02  1.49e+01  0  9.53e+03  5.45e+03  7.26e+02  1.49e+02  4.06e+01   0.18
2003 07 27  1345   52847   49500  0  6.94e+02  1.41e+01  0  1.30e+04  7.03e+03  8.12e+02  1.48e+02  4.16e+01   0.27
2003 07 27  1350   52847   49800  0  6.42e+02  1.69e+01  0  1.19e+04  6.77e+03  8.68e+02  1.61e+02  4.42e+01   0.37
2003 07 27  1355   52847   50100  0  6.47e+02  1.38e+01  0  1.10e+04  6.27e+03  8.08e+02  1.57e+02  4.33e+01   0.26
2003 07 27  1400   52847   50400  0  6.57e+02  1.33e+01  0  9.24e+03  5.15e+03  7.26e+02  1.31e+02  4.19e+01   0.06
2003 07 27  1405   52847   50700  0  5.90e+02  1.40e+01  0  1.12e+04  6.54e+03  8.23e+02  1.37e+02  4.35e+01   0.04
2003 07 27  1410   52847   51000  0  6.94e+02  1.49e+01  0  1.08e+04  6.06e+03  8.00e+02  1.37e+02  4.14e+01   0.10
2003 07 27  1415   52847   51300  0  6.66e+02  1.31e+01  0  1.35e+04  7.31e+03  9.02e+02  1.66e+02  4.72e+01   0.28
2003 07 27  1420   52847   51600  0  7.75e+02  1.39e+01  0  1.48e+04  8.27e+03  1.08e+03  1.74e+02  5.88e+01   0.36
2003 07 27  1425   52847   51900  0  7.26e+02  1.47e+01  0  1.66e+04  9.49e+03  1.20e+03  1.78e+02  6.35e+01   0.48
2003 07 27  1430   52847   52200  0  6.10e+02  1.32e+01  0  1.63e+04  8.56e+03  1.08e+03  1.77e+02  5.31e+01   0.53
2003 07 27  1435   52847   52500  0  5.67e+02  1.21e+01  0  1.52e+04  8.44e+03  9.93e+02  1.72e+02  4.80e+01   0.50
2003 07 27  1440   52847   52800  0  5.69e+02  1.31e+01  0  1.06e+04  5.60e+03  6.49e+02  1.32e+02  2.99e+01   0.71
2003 07 27  1445   52847   53100  0  6.39e+02  1.43e+01  0  7.79e+03  3.99e+03  4.60e+02  1.11e+02  2.23e+01   0.71
2003 07 27  1450   52847   53400  0  6.35e+02  1.48e+01  0  6.79e+03  3.51e+03  4.20e+02  1.14e+02  2.11e+01   0.73
2003 07 27  1455   52847   53700  0  5.61e+02  1.59e+01  0  5.56e+03  3.04e+03  3.83e+02  1.12e+02  2.04e+01   0.71
2003 07 27  1500   52847   54000  0  5.56e+02  1.19e+01  0  5.82e+03  2.96e+03  3.69e+02  1.03e+02  2.15e+01   0.61
2003 07 27  1505   52847   54300  0  5.52e+02  1.18e+01  0  4.69e+03  2.55e+03  3.40e+02  8.86e+01  1.91e+01   0.48
2003 07 27  1510   52847   54600  0  5.46e+02  1.38e+01  0  5.42e+03  2.95e+03  4.02e+02  1.02e+02  2.21e+01   0.44
2003 07 27  1515   52847   54900  0  5.47e+02  1.68e+01  0  4.86e+03  2.76e+03  3.72e+02  8.14e+01  2.01e+01   0.36
2003 07 27  1520   52847   55200  0  5.97e+02  1.45e+01  0  5.38e+03  3.01e+03  4.34e+02  1.00e+02  2.42e+01   0.28
2003 07 27  1525   52847   55500  0  6.40e+02  1.34e+01  0  5.02e+03  2.86e+03  3.89e+02  9.56e+01  2.23e+01   0.39
2003 07 27  1530   52847   55800  0  5.97e+02  1.47e+01  0  6.24e+03  3.57e+03  4.68e+02  1.30e+02  2.49e+01   0.64
2003 07 27  1535   52847   56100  0  7.03e+02  1.19e+01  0  6.14e+03  3.57e+03  5.02e+02  1.53e+02  2.82e+01   0.75
2003 07 27  1540   52847   56400  0  6.26e+02  1.35e+01  0  5.38e+03  3.26e+03  4.70e+02  1.36e+02  2.50e+01   0.65
2003 07 27  1545   52847   56700  0  6.27e+02  1.45e+01  0  4.84e+03  2.89e+03  4.15e+02  1.25e+02  2.25e+01   0.63
2003 07 27  1550   52847   57000  0  7.49e+02  1.36e+01  0  4.82e+03  2.90e+03  3.94e+02  1.27e+02  2.31e+01   0.63
2003 07 27  1555   52847   57300  0  6.46e+02  1.45e+01  0  4.37e+03  2.63e+03  3.83e+02  1.14e+02  2.23e+01   0.53
2003 07 27  1600   52847   57600  0  6.28e+02  1.28e+01  0  3.77e+03  2.26e+03  3.51e+02  9.56e+01  1.99e+01   0.52
2003 07 27  1605   52847   57900  0  6.67e+02  1.30e+01  0  7.49e+03  4.39e+03  5.66e+02  9.93e+01  2.93e+01   0.55
2003 07 27  1610   52847   58200  0  6.87e+02  1.26e+01  0  5.92e+03  3.67e+03  5.00e+02  9.35e+01  2.67e+01   0.43
2003 07 27  1615   52847   58500  0  7.45e+02  1.29e+01  0  5.54e+03  3.41e+03  4.78e+02  1.01e+02  2.44e+01   0.54
2003 07 27  1620   52847   58800  0  7.98e+02  1.68e+01  0  5.88e+03  3.62e+03  4.84e+02  9.21e+01  2.58e+01   0.49
2003 07 27  1625   52847   59100  0  7.31e+02  1.47e+01  0  4.95e+03  3.04e+03  4.29e+02  1.03e+02  2.44e+01   0.56
2003 07 27  1630   52847   59400  0  7.67e+02  1.29e+01  0  4.97e+03  3.11e+03  4.42e+02  1.03e+02  2.43e+01   0.60
2003 07 27  1635   52847   59700  0  6.62e+02  1.28e+01  0  4.14e+03  2.55e+03  3.71e+02  9.14e+01  2.05e+01   0.51
2003 07 27  1640   52847   60000  0  7.00e+02  1.33e+01  0  3.55e+03  2.28e+03  3.33e+02  7.98e+01  1.91e+01   0.46
2003 07 27  1645   52847   60300  0  7.11e+02  1.31e+01  0  3.66e+03  2.28e+03  3.47e+02  8.32e+01  2.13e+01   0.49
2003 07 27  1650   52847   60600  0  7.46e+02  1.37e+01  0  2.51e+03  1.62e+03  2.56e+02  7.47e+01  1.60e+01   0.47
2003 07 27  1655   52847   60900  0  7.07e+02  1.20e+01  0  2.72e+03  1.75e+03  2.68e+02  6.92e+01  1.48e+01   0.39
2003 07 27  1700   52847   61200  0  7.74e+02  1.50e+01  0  2.88e+03  1.75e+03  2.66e+02  6.57e+01  1.59e+01   0.29
2003 07 27  1705   52847   61500  0  6.32e+02  1.20e+01  0  2.39e+03  1.54e+03  2.41e+02  6.25e+01  1.56e+01   0.32
2003 07 27  1710   52847   61800  0  7.05e+02  1.22e+01  0  3.25e+03  2.00e+03  3.10e+02  8.11e+01  1.81e+01   0.46
2003 07 27  1715   52847   62100  0  7.67e+02  1.54e+01  0  2.83e+03  1.68e+03  2.56e+02  7.40e+01  1.53e+01   0.48
2003 07 27  1720   52847   62400  0  6.73e+02  1.44e+01  0  2.45e+03  1.54e+03  2.54e+02  7.90e+01  1.65e+01   0.47
2003 07 27  1725   52847   62700  0  6.49e+02  1.62e+01  0  2.58e+03  1.59e+03  2.48e+02  7.38e+01  1.55e+01   0.49
2003 07 27  1730   52847   63000  0  7.55e+02  1.43e+01  0  2.13e+03  1.41e+03  2.46e+02  6.84e+01  1.71e+01   0.31
2003 07 27  1735   52847   63300  0  7.28e+02  1.11e+01  0  2.18e+03  1.35e+03  2.38e+02  6.55e+01  1.64e+01   0.27
2003 07 27  1740   52847   63600  0  7.38e+02  1.46e+01  0  2.17e+03  1.28e+03  2.39e+02  6.85e+01  1.68e+01   0.25
2003 07 27  1745   52847   63900  0  6.75e+02  1.38e+01  0  2.32e+03  1.34e+03  2.38e+02  6.61e+01  1.62e+01   0.25
2003 07 27  1750   52847   64200  0  7.01e+02  1.42e+01  0  2.69e+03  1.56e+03  2.62e+02  7.04e+01  1.58e+01   0.35
2003 07 27  1755   52847   64500  0  6.85e+02  1.25e+01  0  2.67e+03  1.51e+03  2.56e+02  6.82e+01  1.68e+01   0.34
2003 07 27  1800   52847   64800  0  7.22e+02  1.06e+01  0  2.80e+03  1.56e+03  2.62e+02  7.10e+01  1.84e+01   0.27
2003 07 27  1805   52847   65100  0  7.69e+02  1.33e+01  0  2.26e+03  1.34e+03  2.43e+02  6.40e+01  1.67e+01   0.21
2003 07 27  1810   52847   65400  0  7.52e+02  1.37e+01  0  2.66e+03  1.62e+03  2.77e+02  7.13e+01  1.89e+01   0.23
2003 07 27  1815   52847   65700  0  6.75e+02  1.70e+01  0  2.94e+03  1.73e+03  2.85e+02  7.19e+01  1.90e+01   0.27
2003 07 27  1820   52847   66000  0  6.97e+02  1.81e+01  0  3.79e+03  2.29e+03  3.67e+02  8.67e+01  2.20e+01   0.32
2003 07 27  1825   52847   66300  0  7.02e+02  1.26e+01  0  3.21e+03  2.08e+03  3.38e+02  1.10e+02  1.97e+01   0.59
2003 07 27  1830   52847   66600  0  7.64e+02  1.13e+01  0  3.05e+03  1.99e+03  3.30e+02  1.19e+02  2.23e+01   0.59
2003 07 27  1835   52847   66900  0  7.22e+02  1.22e+01  0  5.31e+03  3.34e+03  4.91e+02  1.25e+02  2.66e+01   0.60
2003 07 27  1840   52847   67200  0  7.86e+02  1.42e+01  0  7.07e+03  4.37e+03  6.00e+02  1.18e+02  3.09e+01   0.33
2003 07 27  1845   52847   67500  0  6.73e+02  1.29e+01  0  3.17e+03  2.03e+03  3.62e+02  7.28e+01  2.41e+01   0.55
2003 07 27  1850   52847   67800  0  7.07e+02  1.40e+01  0  1.78e+03  1.10e+03  2.26e+02  5.75e+01  1.78e+01   0.46
2003 07 27  1855   52847   68100  0  6.71e+02  1.64e+01  0  1.50e+03  9.11e+02  1.73e+02  5.78e+01  1.46e+01   0.46
2003 07 27  1900   52847   68400  0  7.08e+02  1.21e+01  0  2.55e+03  1.39e+03  1.97e+02  5.92e+01  1.45e+01   0.59
2003 07 27  1905   52847   68700  0  6.44e+02  1.39e+01  0  2.22e+03  1.39e+03  2.31e+02  6.63e+01  1.43e+01   0.57
2003 07 27  1910   52847   69000  0  6.60e+02  1.44e+01  0  1.52e+03  9.52e+02  1.78e+02  6.10e+01  1.32e+01   0.47
2003 07 27  1915   52847   69300  0  7.27e+02  1.57e+01  0  1.13e+03  7.61e+02  1.60e+02  6.10e+01  1.27e+01   0.37
2003 07 27  1920   52847   69600  0  6.12e+02  1.29e+01  0  1.40e+03  8.69e+02  1.96e+02  6.37e+01  1.36e+01   0.37
2003 07 27  1925   52847   69900  0  6.73e+02  1.56e+01  0  1.65e+03  1.10e+03  2.25e+02  6.42e+01  1.38e+01   0.37
2003 07 27  1930   52847   70200  0  5.98e+02  1.39e+01  0  2.26e+03  1.33e+03  2.28e+02  5.73e+01  1.39e+01   0.34
2003 07 27  1935   52847   70500  0  7.49e+02  1.42e+01  0  1.62e+03  9.72e+02  2.07e+02  6.53e+01  1.51e+01   0.52
2003 07 27  1940   52847   70800  0  6.18e+02  1.67e+01  0  2.24e+03  1.47e+03  2.47e+02  6.80e+01  1.61e+01   0.51
2003 07 27  1945   52847   71100  0  6.55e+02  1.30e+01  0  1.13e+03  6.71e+02  1.44e+02  5.53e+01  1.16e+01   0.38
2003 07 27  1950   52847   71400  0  6.22e+02  1.55e+01  0  1.09e+03  7.01e+02  1.58e+02  5.40e+01  1.15e+01   0.27
2003 07 27  1955   52847   71700  0  6.40e+02  1.49e+01  0  1.29e+03  8.18e+02  1.68e+02  5.37e+01  1.33e+01   0.28
2003 07 27  2000   52847   72000  0  5.64e+02  1.64e+01  0  1.45e+03  9.03e+02  1.81e+02  5.78e+01  1.44e+01   0.34
2003 07 27  2005   52847   72300  0  6.17e+02  1.44e+01  0  1.58e+03  9.68e+02  1.94e+02  6.31e+01  1.54e+01   0.37
2003 07 27  2010   52847   72600  0  6.45e+02  1.33e+01  0  1.64e+03  1.00e+03  2.03e+02  6.21e+01  1.43e+01   0.46
2003 07 27  2015   52847   72900  0  5.87e+02  1.23e+01  0  1.23e+03  8.25e+02  1.57e+02  5.54e+01  1.25e+01   0.40
2003 07 27  2020   52847   73200  0  6.27e+02  1.29e+01  0  1.35e+03  9.25e+02  1.88e+02  6.62e+01  1.37e+01   0.50
2003 07 27  2025   52847   73500  0  7.31e+02  1.82e+01  0  1.42e+03  9.47e+02  1.85e+02  6.48e+01  1.43e+01   0.53
2003 07 27  2030   52847   73800  0  7.18e+02  1.56e+01  0  1.44e+03  9.56e+02  1.94e+02  5.92e+01  1.50e+01   0.37
2003 07 27  2035   52847   74100  0  6.76e+02  1.59e+01  0  1.42e+03  9.24e+02  1.85e+02  5.98e+01  1.40e+01   0.45
2003 07 27  2040   52847   74400  0  6.73e+02  1.59e+01  0  1.60e+03  1.08e+03  2.15e+02  7.38e+01  1.58e+01   0.48
2003 07 27  2045   52847   74700  0  7.06e+02  1.09e+01  0  1.73e+03  1.19e+03  2.22e+02  6.98e+01  1.67e+01   0.48
2003 07 27  2050   52847   75000  0  6.20e+02  1.50e+01  0  1.64e+03  1.10e+03  2.07e+02  6.86e+01  1.54e+01   0.57
2003 07 27  2055   52847   75300  0  6.89e+02  1.15e+01  0  1.90e+03  1.30e+03  2.39e+02  6.63e+01  1.55e+01   0.44
2003 07 27  2100   52847   75600  0  7.23e+02  1.22e+01  0  1.94e+03  1.22e+03  2.29e+02  6.01e+01  1.61e+01   0.29
2003 07 27  2105   52847   75900  0  7.12e+02  1.36e+01  0  1.91e+03  1.15e+03  2.21e+02  5.82e+01  1.63e+01   0.18
2003 07 27  2110   52847   76200  0  6.87e+02  1.30e+01  0  2.64e+03  1.61e+03  2.91e+02  6.26e+01  1.99e+01   0.15
2003 07 27  2115   52847   76500  0  6.96e+02  1.40e+01  0  2.37e+03  1.40e+03  2.64e+02  5.95e+01  1.83e+01   0.05
2003 07 27  2120   52847   76800  0  6.67e+02  1.74e+01  0  2.22e+03  1.35e+03  2.61e+02  6.66e+01  1.90e+01   0.23
2003 07 27  2125   52847   77100  0  6.30e+02  1.16e+01  0  2.70e+03  1.70e+03  3.27e+02  6.95e+01  2.15e+01   0.12
2003 07 27  2130   52847   77400  0  7.14e+02  1.35e+01  0  3.31e+03  1.95e+03  3.19e+02  6.43e+01  2.06e+01   0.14
2003 07 27  2135   52847   77700  0  6.75e+02  1.63e+01  0  3.87e+03  2.33e+03  3.68e+02  7.39e+01  2.28e+01   0.19
2003 07 27  2140   52847   78000  0  6.99e+02  1.18e+01  0  1.35e+03  8.18e+02  1.62e+02  4.85e+01  1.35e+01   0.34
2003 07 27  2145   52847   78300  0  7.14e+02  1.46e+01  0  9.95e+02  5.41e+02  1.06e+02  3.24e+01  8.48e+00   0.17
2003 07 27  2150   52847   78600  0  7.36e+02  1.56e+01  0  1.31e+03  6.55e+02  1.24e+02  3.31e+01  8.68e+00   0.12
2003 07 27  2155   52847   78900  0  7.46e+02  1.41e+01  0  1.24e+03  5.39e+02  1.10e+02  3.01e+01  8.58e+00   0.20
2003 07 27  2200   52847   79200  0  6.93e+02  1.61e+01  0  1.13e+03  4.94e+02  1.05e+02  3.00e+01  8.35e+00   0.15
2003 07 27  2205   52847   79500  0  7.00e+02  1.38e+01  0  1.37e+03  5.72e+02  1.15e+02  3.05e+01  7.41e+00   0.23
2003 07 27  2210   52847   79800  0  6.84e+02  1.43e+01  0  1.15e+03  4.81e+02  9.45e+01  2.87e+01  7.95e+00   0.22
2003 07 27  2215   52847   80100  0  7.31e+02  1.57e+01  0  1.19e+03  4.38e+02  8.80e+01  2.75e+01  7.79e+00   0.15
2003 07 27  2220   52847   80400  0  6.60e+02  1.60e+01  0  9.49e+02  4.15e+02  8.88e+01  2.85e+01  7.75e+00   0.15
2003 07 27  2225   52847   80700  0  7.54e+02  1.49e+01  0  9.07e+02  5.13e+02  1.06e+02  2.99e+01  8.02e+00   0.16
2003 07 27  2230   52847   81000  0  7.00e+02  1.42e+01  0  9.65e+02  5.48e+02  1.10e+02  3.29e+01  8.23e+00   0.21
2003 07 27  2235   52847   81300  0  6.35e+02  1.65e+01  0  1.03e+03  5.69e+02  1.14e+02  3.20e+01  1.00e+01   0.20
2003 07 27  2240   52847   81600  0  6.97e+02  1.82e+01  0  9.88e+02  5.24e+02  1.05e+02  3.13e+01  7.86e+00   0.19
2003 07 27  2245   52847   81900  0  7.34e+02  1.49e+01  0  1.09e+03  5.35e+02  1.09e+02  3.19e+01  8.98e+00   0.04
2003 07 27  2250   52847   82200  0  6.81e+02  1.39e+01  0  1.25e+03  5.25e+02  1.11e+02  3.22e+01  9.01e+00   0.04
2003 07 27  2255   52847   82500  0  7.46e+02  1.47e+01  0  1.32e+03  5.47e+02  1.16e+02  3.26e+01  8.34e+00   0.07
2003 07 27  2300   52847   82800  0  6.56e+02  1.44e+01  0  1.36e+03  5.53e+02  1.13e+02  3.37e+01  9.09e+00   0.08
2003 07 27  2305   52847   83100  0  8.04e+02  1.33e+01  0  1.24e+03  5.35e+02  1.14e+02  3.36e+01  8.35e+00   0.09
2003 07 27  2310   52847   83400  0  6.93e+02  1.54e+01  0  1.22e+03  5.84e+02  1.18e+02  3.88e+01  1.01e+01   0.16
2003 07 27  2315   52847   83700  0  6.53e+02  1.67e+01  0  1.13e+03  5.62e+02  1.14e+02  3.78e+01  9.35e+00   0.19
2003 07 27  2320   52847   84000  0  7.31e+02  1.26e+01  0  1.03e+03  5.69e+02  1.18e+02  3.49e+01  8.58e+00   0.13
2003 07 27  2325   52847   84300  0  6.60e+02  1.32e+01  0  9.06e+02  5.25e+02  1.21e+02  3.51e+01  9.73e+00   0.11
2003 07 27  2330   52847   84600  0  7.57e+02  1.63e+01  0  9.09e+02  5.34e+02  1.09e+02  3.75e+01  8.07e+00   0.05
2003 07 27  2335   52847   84900  0  8.23e+02  1.31e+01  0  7.25e+02  3.70e+02  7.83e+01  3.33e+01  6.54e+00   0.14
2003 07 27  2340   52847   85200  9 -1.00e+05 -1.00e+05  9 -1.00e+05 -1.00e+05 -1.00e+05 -1.00e+05 -1.00e+05  -1.00
2003 07 27  2345   52847   85500  9 -1.00e+05 -1.00e+05  9 -1.00e+05 -1.00e+05 -1.00e+05 -1.00e+05 -1.00e+05  -1.00
2003 07 27  2350   52847   85800  9 -1.00e+05 -1.00e+05  9 -1.00e+05 -1.00e+05 -1.00e+05 -1.00e+05 -1.00e+05  -1.00
2003 07 27  2355   52847   86100  9 -1.00e+05 -1.00e+05  9 -1.00e+05 -1.00e+05 -1.00e+05 -1.00e+05 -1.00e+05  -1.00
