:Data_list: 20030402_ace_epam_5m.txt
:Created: 2003 Apr 03 0012 UT
# Prepared by the U.S. Dept. of Commerce, NOAA, Space Environment Center.
# Please send comments and suggestions to sec@sec.noaa.gov 
# 
# Units: Differential Flux particles/cm2-s-ster-MeV
# Units: Anisotropy Index 0.0 - 2.0
# Status(S): 0 = nominal, 4,6,7,8 = bad data, unable to process, 9 = no data
# Missing data values: -1.00e+05, index = -1.00
# Source: ACE Satellite - Electron, Proton, and Alpha Monitor
# Note: 2002 Mar 18: First Proton channel changed from 47-65 to 65-112keV.
#
#                      5-minute averaged Real-time Differential Electron and Proton Flux 
# 
#                Modified Seconds ---------------------------- Differential Flux --------------------------- 
# UT Date   Time  Julian  of the  ----- Electron -----   ------------------- Protons keV -------------------   Anis.
# YR MO DA  HHMM    Day    Day    S    38-53   175-315   S   65-112   112-187   310-580   761-1220 060-1910   Ratio
#-------------------------------------------------------------------------------------------------------------------
2003 04 02  0000   52731       0  0  2.29e+03  2.62e+01  0  1.29e+02  1.89e+01  1.84e+00  4.20e-01  2.36e-01   0.80
2003 04 02  0005   52731     300  0  2.45e+03  2.34e+01  0  2.03e+02  2.32e+01  1.49e+00  5.39e-01  2.29e-01   0.75
2003 04 02  0010   52731     600  0  2.41e+03  2.32e+01  0  1.31e+02  2.60e+01  2.66e+00  5.17e-01  2.67e-01   0.67
2003 04 02  0015   52731     900  0  2.40e+03  2.35e+01  0  1.33e+02  2.71e+01  1.44e+00  4.61e-01  2.11e-01   2.00
2003 04 02  0020   52731    1200  0  2.40e+03  2.65e+01  0  1.01e+02  2.21e+01  2.02e+00  4.92e-01  2.48e-01   1.85
2003 04 02  0025   52731    1500  0  2.29e+03  2.22e+01  0  1.37e+02  2.94e+01  1.85e+00  5.01e-01  1.83e-01   1.12
2003 04 02  0030   52731    1800  0  2.32e+03  2.51e+01  0  7.12e+01  2.62e+01  2.54e+00  5.38e-01  0.00e+00   0.67
2003 04 02  0035   52731    2100  0  2.40e+03  2.80e+01  0  4.82e+01  2.04e+01  2.08e+00  6.03e-01  9.16e-02   0.67
2003 04 02  0040   52731    2400  0  2.28e+03  2.45e+01  0  4.68e+01  1.97e+01  2.22e+00  4.57e-01  1.25e-01   0.26
2003 04 02  0045   52731    2700  0  2.29e+03  2.67e+01  0  4.97e+01  1.46e+01  1.69e+00  4.30e-01  1.64e-01   0.20
2003 04 02  0050   52731    3000  0  2.40e+03  2.65e+01  0  6.77e+01  1.66e+01  1.51e+00  4.46e-01  0.00e+00   0.85
2003 04 02  0055   52731    3300  0  2.34e+03  2.60e+01  0  7.58e+01  1.69e+01  1.68e+00  5.70e-01  2.36e-01   0.65
2003 04 02  0100   52731    3600  0  2.28e+03  2.72e+01  0  5.91e+01  1.36e+01  1.75e+00  4.57e-01  0.00e+00   0.75
2003 04 02  0105   52731    3900  0  2.23e+03  2.08e+01  0  4.65e+01  1.77e+01  1.41e+00  4.77e-01  0.00e+00   1.85
2003 04 02  0110   52731    4200  0  2.04e+03  2.51e+01  0  7.31e+01  1.77e+01  2.35e+00  5.86e-01  1.15e-01   1.41
2003 04 02  0115   52731    4500  0  2.39e+03  2.63e+01  0  6.85e+01  1.54e+01  2.28e+00  6.13e-01  7.64e-02   0.62
2003 04 02  0120   52731    4800  0  2.16e+03  2.52e+01  0  6.76e+01  1.42e+01  2.06e+00  7.18e-01  1.37e-01   0.55
2003 04 02  0125   52731    5100  0  2.32e+03  2.21e+01  0  7.53e+01  1.50e+01  1.76e+00  5.76e-01  0.00e+00  -1.00
2003 04 02  0130   52731    5400  0  2.20e+03  2.42e+01  0  4.56e+01  1.97e+01  2.14e+00  5.46e-01  5.09e-02  -1.00
2003 04 02  0135   52731    5700  0  2.19e+03  2.12e+01  0  5.53e+01  1.75e+01  1.79e+00  4.92e-01  1.06e-01   1.07
2003 04 02  0140   52731    6000  0  2.15e+03  2.45e+01  0  4.71e+01  1.35e+01  1.70e+00  6.32e-01  9.16e-02   0.41
2003 04 02  0145   52731    6300  0  2.23e+03  2.36e+01  0  3.48e+01  1.64e+01  1.71e+00  4.95e-01  1.53e-01   0.67
2003 04 02  0150   52731    6600  0  2.23e+03  2.23e+01  0  4.17e+01  1.69e+01  1.52e+00  4.57e-01  1.39e-01   2.00
2003 04 02  0155   52731    6900  0  2.23e+03  2.18e+01  0  5.98e+01  1.67e+01  1.78e+00  5.46e-01  2.29e-01  -1.00
2003 04 02  0200   52731    7200  0  2.38e+03  2.59e+01  0  1.70e+02  2.67e+01  1.84e+00  3.23e-01  2.96e-01   0.98
2003 04 02  0205   52731    7500  0  2.21e+03  2.59e+01  0  2.16e+02  3.52e+01  1.84e+00  4.83e-01  2.29e-01   2.00
2003 04 02  0210   52731    7800  0  2.22e+03  2.45e+01  0  9.72e+01  2.24e+01  1.80e+00  3.70e-01  0.00e+00   0.29
2003 04 02  0215   52731    8100  0  2.22e+03  2.49e+01  0  5.58e+01  1.97e+01  1.76e+00  4.64e-01  2.38e-01   0.69
2003 04 02  0220   52731    8400  0  2.19e+03  2.30e+01  0  8.25e+01  2.42e+01  2.21e+00  4.66e-01  2.77e-01  -1.00
2003 04 02  0225   52731    8700  0  2.13e+03  2.49e+01  0  1.00e+02  2.09e+01  1.84e+00  5.13e-01  1.06e-01   0.62
2003 04 02  0230   52731    9000  0  2.19e+03  2.71e+01  0  1.31e+02  1.78e+01  1.78e+00  4.90e-01  9.16e-02   1.24
2003 04 02  0235   52731    9300  0  2.22e+03  2.60e+01  0  1.25e+02  1.80e+01  2.01e+00  4.38e-01  3.10e-01   0.87
2003 04 02  0240   52731    9600  0  2.31e+03  2.57e+01  0  1.03e+02  2.21e+01  1.91e+00  4.14e-01  2.58e-01   0.97
2003 04 02  0245   52731    9900  0  2.29e+03  2.32e+01  0  8.74e+01  2.08e+01  1.39e+00  3.20e-01  2.78e-01  -1.00
2003 04 02  0250   52731   10200  0  2.18e+03  2.08e+01  0  7.84e+01  1.90e+01  1.60e+00  3.75e-01  1.15e-01   2.00
2003 04 02  0255   52731   10500  0  2.24e+03  2.41e+01  0  1.48e+02  2.29e+01  1.46e+00  4.94e-01  1.34e-01   1.41
2003 04 02  0300   52731   10800  0  2.28e+03  2.61e+01  0  1.16e+02  1.66e+01  1.68e+00  3.89e-01  1.76e-01   0.77
2003 04 02  0305   52731   11100  0  2.29e+03  2.62e+01  0  8.75e+01  1.97e+01  2.11e+00  4.30e-01  1.29e-01   0.98
2003 04 02  0310   52731   11400  0  2.17e+03  2.47e+01  0  5.04e+01  1.66e+01  1.29e+00  4.00e-01  1.83e-01   1.41
2003 04 02  0315   52731   11700  0  2.14e+03  2.42e+01  0  5.68e+01  1.75e+01  1.89e+00  4.99e-01  5.09e-02   0.67
2003 04 02  0320   52731   12000  0  2.21e+03  2.34e+01  0  7.26e+01  1.70e+01  1.85e+00  4.22e-01  2.00e-01  -1.00
2003 04 02  0325   52731   12300  0  2.25e+03  2.18e+01  0  5.53e+01  1.69e+01  1.51e+00  3.33e-01  1.83e-01  -1.00
2003 04 02  0330   52731   12600  0  2.17e+03  2.29e+01  0  7.90e+01  2.11e+01  2.28e+00  5.98e-01  2.22e-01   0.67
2003 04 02  0335   52731   12900  0  2.17e+03  1.87e+01  0  5.93e+01  1.74e+01  1.30e+00  3.99e-01  1.78e-01   2.00
2003 04 02  0340   52731   13200  0  2.29e+03  2.94e+01  0  6.38e+01  1.93e+01  2.14e+00  5.09e-01  0.00e+00   0.66
2003 04 02  0345   52731   13500  0  2.11e+03  2.30e+01  0  5.42e+01  1.84e+01  2.11e+00  4.74e-01  8.81e-02   2.00
2003 04 02  0350   52731   13800  0  2.18e+03  2.43e+01  0  4.47e+01  1.89e+01  1.44e+00  4.04e-01  2.45e-01  -1.00
2003 04 02  0355   52731   14100  0  2.24e+03  1.86e+01  0  5.98e+01  2.07e+01  1.59e+00  3.80e-01  1.76e-01  -1.00
2003 04 02  0400   52731   14400  0  2.16e+03  2.18e+01  0  5.86e+01  1.56e+01  1.97e+00  3.78e-01  2.78e-01   0.92
2003 04 02  0405   52731   14700  0  2.20e+03  2.55e+01  0  6.92e+01  1.93e+01  1.80e+00  3.80e-01  2.45e-01  -1.00
2003 04 02  0410   52731   15000  0  2.15e+03  2.84e+01  0  5.92e+01  1.45e+01  1.95e+00  4.38e-01  2.37e-01   1.85
2003 04 02  0415   52731   15300  0  2.07e+03  2.71e+01  0  4.81e+01  1.72e+01  1.40e+00  3.62e-01  1.59e-01  -1.00
2003 04 02  0420   52731   15600  0  2.16e+03  2.29e+01  0  5.52e+01  1.74e+01  2.04e+00  4.67e-01  2.55e-01   0.16
2003 04 02  0425   52731   15900  0  2.20e+03  2.48e+01  0  5.13e+01  1.65e+01  1.91e+00  4.57e-01  1.04e-01  -1.00
2003 04 02  0430   52731   16200  0  2.07e+03  2.37e+01  0  5.80e+01  1.91e+01  1.70e+00  3.86e-01  1.96e-01   2.00
2003 04 02  0435   52731   16500  0  2.14e+03  2.27e+01  0  4.72e+01  1.90e+01  2.22e+00  4.82e-01  2.08e-01   0.77
2003 04 02  0440   52731   16800  0  2.20e+03  2.59e+01  0  4.81e+01  1.98e+01  2.16e+00  5.45e-01  1.80e-01   0.77
2003 04 02  0445   52731   17100  0  2.11e+03  2.24e+01  0  4.63e+01  1.43e+01  1.99e+00  4.11e-01  1.68e-01   0.98
2003 04 02  0450   52731   17400  0  2.27e+03  2.49e+01  0  5.06e+01  1.55e+01  1.87e+00  3.66e-01  2.10e-01   0.77
2003 04 02  0455   52731   17700  0  2.12e+03  2.27e+01  0  4.91e+01  1.39e+01  2.13e+00  3.50e-01  1.60e-01   0.98
2003 04 02  0500   52731   18000  0  2.10e+03  2.50e+01  0  4.19e+01  1.57e+01  1.78e+00  4.02e-01  2.29e-01  -1.00
2003 04 02  0505   52731   18300  0  2.10e+03  2.23e+01  0  3.89e+01  1.54e+01  1.49e+00  5.01e-01  2.06e-01   2.00
2003 04 02  0510   52731   18600  0  2.22e+03  2.53e+01  0  5.20e+01  1.54e+01  1.59e+00  6.21e-01  1.15e-01  -1.00
2003 04 02  0515   52731   18900  0  2.00e+03  2.27e+01  0  2.38e+02  3.45e+01  1.87e+00  3.19e-01  1.15e-01   1.07
2003 04 02  0520   52731   19200  0  2.07e+03  2.82e+01  0  3.10e+02  4.44e+01  2.75e+00  4.04e-01  1.67e-01   0.98
2003 04 02  0525   52731   19500  0  2.29e+03  2.38e+01  0  1.35e+02  2.33e+01  2.55e+00  5.73e-01  4.58e-02   1.11
2003 04 02  0530   52731   19800  0  2.23e+03  2.11e+01  0  6.11e+01  1.68e+01  1.84e+00  5.98e-01  2.56e-01   0.38
2003 04 02  0535   52731   20100  0  2.09e+03  2.62e+01  0  5.55e+01  1.75e+01  1.26e+00  3.83e-01  1.96e-01   1.35
2003 04 02  0540   52731   20400  0  2.17e+03  2.63e+01  0  5.23e+01  1.75e+01  1.90e+00  6.69e-01  1.47e-01   0.28
2003 04 02  0545   52731   20700  0  2.24e+03  2.60e+01  0  5.91e+01  1.37e+01  1.74e+00  3.42e-01  2.49e-01   0.98
2003 04 02  0550   52731   21000  0  2.16e+03  2.49e+01  0  5.99e+01  1.64e+01  1.52e+00  3.28e-01  2.91e-01   2.00
2003 04 02  0555   52731   21300  0  2.03e+03  2.38e+01  0  7.49e+01  1.48e+01  1.68e+00  4.66e-01  8.33e-02   1.20
2003 04 02  0600   52731   21600  0  2.12e+03  2.40e+01  0  1.17e+02  1.54e+01  1.92e+00  3.82e-01  2.29e-01  -1.00
2003 04 02  0605   52731   21900  0  2.19e+03  2.17e+01  0  1.25e+02  1.33e+01  2.10e+00  4.22e-01  3.82e-02   0.67
2003 04 02  0610   52731   22200  0  2.13e+03  2.72e+01  0  1.14e+02  1.57e+01  1.63e+00  6.25e-01  1.53e-01   0.55
2003 04 02  0615   52731   22500  0  2.15e+03  2.42e+01  0  1.23e+02  1.67e+01  1.72e+00  3.79e-01  1.91e-01   1.20
2003 04 02  0620   52731   22800  0  2.20e+03  2.69e+01  0  7.23e+01  1.79e+01  1.95e+00  4.31e-01  5.09e-02   1.15
2003 04 02  0625   52731   23100  0  2.16e+03  2.32e+01  0  8.13e+01  1.22e+01  1.50e+00  4.23e-01  1.31e-01   0.29
2003 04 02  0630   52731   23400  0  1.97e+03  2.22e+01  0  6.74e+01  1.37e+01  1.44e+00  4.93e-01  2.29e-01   0.26
2003 04 02  0635   52731   23700  0  1.97e+03  2.44e+01  0  6.78e+01  1.47e+01  1.63e+00  4.92e-01  1.91e-01   2.00
2003 04 02  0640   52731   24000  0  2.06e+03  2.13e+01  0  9.08e+01  1.27e+01  1.67e+00  4.80e-01  2.55e-01   0.67
2003 04 02  0645   52731   24300  0  2.21e+03  2.45e+01  0  6.20e+01  1.45e+01  1.52e+00  6.62e-01  5.09e-02   0.26
2003 04 02  0650   52731   24600  0  2.10e+03  2.09e+01  0  1.12e+02  1.52e+01  2.23e+00  4.40e-01  0.00e+00   0.59
2003 04 02  0655   52731   24900  0  1.95e+03  2.21e+01  0  8.51e+01  1.63e+01  1.90e+00  4.02e-01  0.00e+00  -1.00
2003 04 02  0700   52731   25200  0  2.10e+03  2.38e+01  0  8.15e+01  1.44e+01  1.83e+00  4.56e-01  2.20e-01  -1.00
2003 04 02  0705   52731   25500  0  1.95e+03  2.48e+01  0  1.06e+02  1.42e+01  1.69e+00  4.30e-01  7.64e-02   2.00
2003 04 02  0710   52731   25800  0  2.04e+03  2.42e+01  0  7.75e+01  1.63e+01  1.63e+00  4.45e-01  0.00e+00   0.47
2003 04 02  0715   52731   26100  0  2.11e+03  2.26e+01  0  6.59e+01  1.20e+01  1.80e+00  4.46e-01  1.43e-01   1.41
2003 04 02  0720   52731   26400  0  2.15e+03  2.35e+01  0  7.22e+01  1.48e+01  2.10e+00  3.75e-01  0.00e+00   1.41
2003 04 02  0725   52731   26700  0  2.23e+03  2.36e+01  0  7.53e+01  1.56e+01  1.76e+00  3.96e-01  6.55e-02   2.00
2003 04 02  0730   52731   27000  0  2.12e+03  2.72e+01  0  7.04e+01  1.06e+01  1.60e+00  4.76e-01  0.00e+00   1.41
2003 04 02  0735   52731   27300  0  2.17e+03  2.55e+01  0  6.64e+01  1.69e+01  1.84e+00  6.22e-01  1.02e-01   1.06
2003 04 02  0740   52731   27600  0  2.14e+03  2.52e+01  0  9.73e+01  1.77e+01  1.66e+00  7.31e-01  1.96e-01   0.62
2003 04 02  0745   52731   27900  0  2.22e+03  2.41e+01  0  5.80e+01  1.34e+01  2.04e+00  5.89e-01  2.11e-01   1.55
2003 04 02  0750   52731   28200  0  2.30e+03  2.63e+01  0  5.38e+01  1.22e+01  1.48e+00  3.56e-01  4.58e-02  -1.00
2003 04 02  0755   52731   28500  0  2.16e+03  2.29e+01  0  5.25e+01  1.47e+01  1.60e+00  3.66e-01  0.00e+00   0.77
2003 04 02  0800   52731   28800  0  2.18e+03  2.46e+01  0  3.87e+01  1.69e+01  1.82e+00  6.33e-01  0.00e+00  -1.00
2003 04 02  0805   52731   29100  0  2.21e+03  2.57e+01  0  4.63e+01  1.46e+01  2.14e+00  4.56e-01  7.64e-02   1.15
2003 04 02  0810   52731   29400  0  2.25e+03  2.62e+01  0  4.44e+01  1.58e+01  1.42e+00  4.30e-01  2.08e-01   0.69
2003 04 02  0815   52731   29700  0  2.21e+03  2.21e+01  0  4.99e+01  1.31e+01  1.67e+00  4.70e-01  5.09e-02   0.63
2003 04 02  0820   52731   30000  0  2.24e+03  2.38e+01  0  7.51e+01  1.26e+01  1.47e+00  3.70e-01  2.08e-01   0.38
2003 04 02  0825   52731   30300  0  2.47e+03  2.40e+01  0  6.11e+01  1.69e+01  1.41e+00  5.70e-01  1.37e-01  -1.00
2003 04 02  0830   52731   30600  0  2.51e+03  2.71e+01  0  5.65e+01  1.41e+01  1.61e+00  5.73e-01  1.06e-01   0.92
2003 04 02  0835   52731   30900  0  2.40e+03  2.18e+01  0  6.48e+01  1.39e+01  2.02e+00  5.25e-01  1.41e-01   1.22
2003 04 02  0840   52731   31200  0  2.33e+03  2.99e+01  0  5.08e+01  1.48e+01  1.37e+00  5.25e-01  3.49e-01   1.67
2003 04 02  0845   52731   31500  0  2.49e+03  2.49e+01  0  4.59e+01  1.12e+01  1.82e+00  2.29e-01  3.72e-01   1.24
2003 04 02  0850   52731   31800  0  2.56e+03  2.53e+01  0  4.90e+01  1.62e+01  1.95e+00  3.66e-01  2.08e-01   1.36
2003 04 02  0855   52731   32100  0  2.61e+03  2.89e+01  0  3.90e+01  1.25e+01  1.95e+00  3.49e-01  1.75e-01   2.00
2003 04 02  0900   52731   32400  0  2.44e+03  3.05e+01  0  6.52e+01  1.56e+01  1.92e+00  5.19e-01  2.15e-01   1.58
2003 04 02  0905   52731   32700  0  2.61e+03  3.01e+01  0  7.87e+01  1.23e+01  2.20e+00  3.29e-01  1.91e-01   2.00
2003 04 02  0910   52731   33000  0  2.43e+03  2.28e+01  0  9.79e+01  1.44e+01  1.68e+00  4.99e-01  1.85e-01  -1.00
2003 04 02  0915   52731   33300  0  2.61e+03  2.80e+01  0  8.74e+01  1.51e+01  2.13e+00  3.65e-01  2.38e-01  -1.00
2003 04 02  0920   52731   33600  0  2.57e+03  2.67e+01  0  6.76e+01  1.28e+01  1.27e+00  2.56e-01  1.50e-01   0.67
2003 04 02  0925   52731   33900  0  2.63e+03  2.57e+01  0  3.42e+01  1.36e+01  1.83e+00  4.39e-01  2.77e-01   0.98
2003 04 02  0930   52731   34200  0  2.43e+03  2.65e+01  0  3.50e+01  1.40e+01  1.49e+00  5.42e-01  4.15e-01   0.65
2003 04 02  0935   52731   34500  0  2.72e+03  2.33e+01  0  3.88e+01  1.53e+01  1.55e+00  6.13e-01  1.76e-01   0.68
2003 04 02  0940   52731   34800  0  2.68e+03  3.25e+01  0  3.07e+01  1.26e+01  1.51e+00  2.65e-01  2.62e-01   2.00
2003 04 02  0945   52731   35100  0  2.68e+03  2.39e+01  0  4.08e+01  1.26e+01  2.09e+00  5.66e-01  1.53e-01  -1.00
2003 04 02  0950   52731   35400  0  2.55e+03  2.69e+01  0  3.48e+01  1.44e+01  1.67e+00  4.84e-01  2.29e-01   1.20
2003 04 02  0955   52731   35700  0  2.62e+03  2.40e+01  0  3.46e+01  1.56e+01  2.15e+00  5.09e-01  2.06e-01   0.93
2003 04 02  1000   52731   36000  0  2.48e+03  2.37e+01  0  4.27e+01  1.52e+01  1.99e+00  4.40e-01  1.83e-01   2.00
2003 04 02  1005   52731   36300  0  2.57e+03  2.67e+01  0  3.81e+01  1.57e+01  1.60e+00  4.57e-01  3.60e-01   0.97
2003 04 02  1010   52731   36600  0  2.53e+03  2.51e+01  0  4.91e+01  1.60e+01  1.22e+00  5.66e-01  1.15e-01   0.27
2003 04 02  1015   52731   36900  0  2.67e+03  2.48e+01  0  3.62e+01  1.50e+01  1.61e+00  6.17e-01  3.97e-01   0.47
2003 04 02  1020   52731   37200  0  2.61e+03  3.22e+01  0  3.49e+01  9.62e+00  2.31e+00  5.68e-01  2.75e-01   0.38
2003 04 02  1025   52731   37500  0  2.52e+03  2.56e+01  0  3.67e+01  1.32e+01  1.82e+00  4.39e-01  2.76e-01   1.15
2003 04 02  1030   52731   37800  0  2.49e+03  2.53e+01  0  3.19e+01  1.55e+01  1.76e+00  4.12e-01  2.47e-01   0.67
2003 04 02  1035   52731   38100  0  2.59e+03  2.55e+01  0  4.45e+01  1.70e+01  1.80e+00  5.76e-01  2.75e-01  -1.00
2003 04 02  1040   52731   38400  0  2.63e+03  2.81e+01  0  3.52e+01  1.68e+01  2.31e+00  5.26e-01  1.15e-01   1.60
2003 04 02  1045   52731   38700  0  2.78e+03  2.47e+01  0  3.61e+01  1.37e+01  1.65e+00  2.78e-01  2.42e-01   1.87
2003 04 02  1050   52731   39000  0  2.62e+03  2.68e+01  0  5.06e+01  1.04e+01  1.49e+00  4.86e-01  1.06e-01  -1.00
2003 04 02  1055   52731   39300  0  2.75e+03  2.64e+01  0  3.68e+01  1.32e+01  2.01e+00  5.16e-01  0.00e+00   1.12
2003 04 02  1100   52731   39600  0  2.44e+03  2.59e+01  0  4.24e+01  1.52e+01  1.61e+00  5.57e-01  1.53e-01   1.01
2003 04 02  1105   52731   39900  0  2.48e+03  2.88e+01  0  4.06e+01  1.54e+01  1.33e+00  5.19e-01  1.64e-01   0.67
2003 04 02  1110   52731   40200  0  2.41e+03  3.23e+01  0  4.00e+01  1.67e+01  1.76e+00  4.57e-01  3.19e-01   0.80
2003 04 02  1115   52731   40500  0  2.70e+03  2.84e+01  0  3.77e+01  1.22e+01  2.43e+00  5.79e-01  1.99e-01   1.22
2003 04 02  1120   52731   40800  0  2.66e+03  2.77e+01  0  3.61e+01  1.41e+01  1.73e+00  5.86e-01  1.76e-01   0.67
2003 04 02  1125   52731   41100  0  2.62e+03  2.73e+01  0  3.28e+01  1.44e+01  1.44e+00  6.22e-01  2.62e-01   0.66
2003 04 02  1130   52731   41400  0  2.67e+03  3.12e+01  0  3.56e+01  1.54e+01  1.82e+00  3.91e-01  2.94e-01   0.77
2003 04 02  1135   52731   41700  0  2.65e+03  2.47e+01  0  2.82e+01  1.45e+01  1.61e+00  4.37e-01  2.61e-01   0.92
2003 04 02  1140   52731   42000  0  2.75e+03  2.51e+01  0  3.35e+01  1.12e+01  1.57e+00  5.43e-01  5.09e-02   0.43
2003 04 02  1145   52731   42300  0  2.61e+03  2.53e+01  0  3.48e+01  1.17e+01  1.78e+00  6.56e-01  7.64e-02   0.59
2003 04 02  1150   52731   42600  0  2.32e+03  2.53e+01  0  4.19e+01  1.26e+01  1.67e+00  6.19e-01  4.07e-01   2.00
2003 04 02  1155   52731   42900  0  2.66e+03  2.72e+01  0  4.50e+01  1.37e+01  1.61e+00  5.26e-01  1.15e-01   0.80
2003 04 02  1200   52731   43200  0  2.79e+03  2.58e+01  0  3.65e+01  1.63e+01  1.66e+00  4.65e-01  7.64e-02   1.31
2003 04 02  1205   52731   43500  0  2.51e+03  2.92e+01  0  3.99e+01  1.40e+01  2.48e+00  5.10e-01  2.44e-01   1.25
2003 04 02  1210   52731   43800  0  2.52e+03  2.89e+01  0  3.99e+01  1.38e+01  2.04e+00  7.36e-01  2.11e-01  -1.00
2003 04 02  1215   52731   44100  0  2.54e+03  2.55e+01  0  3.76e+01  1.72e+01  1.59e+00  3.02e-01  2.86e-01  -1.00
2003 04 02  1220   52731   44400  0  2.53e+03  2.42e+01  0  4.91e+01  1.56e+01  2.10e+00  5.42e-01  2.60e-01   1.20
2003 04 02  1225   52731   44700  0  2.39e+03  2.66e+01  0  4.52e+01  1.34e+01  2.37e+00  3.62e-01  1.15e-01   1.41
2003 04 02  1230   52731   45000  0  2.58e+03  2.73e+01  0  3.80e+01  1.29e+01  2.52e+00  4.57e-01  1.88e-01   1.14
2003 04 02  1235   52731   45300  0  2.62e+03  2.91e+01  0  6.63e+01  1.31e+01  2.06e+00  6.75e-01  1.80e-01   0.41
2003 04 02  1240   52731   45600  0  2.69e+03  2.46e+01  0  3.94e+01  1.49e+01  2.18e+00  5.60e-01  2.86e-01   2.00
2003 04 02  1245   52731   45900  0  2.51e+03  2.62e+01  0  3.16e+01  1.64e+01  1.78e+00  4.95e-01  1.64e-01   1.46
2003 04 02  1250   52731   46200  0  2.56e+03  2.04e+01  0  4.04e+01  1.45e+01  1.76e+00  5.54e-01  4.42e-01  -1.00
2003 04 02  1255   52731   46500  0  2.45e+03  2.69e+01  0  5.04e+01  1.42e+01  1.40e+00  4.37e-01  2.14e-01   0.50
2003 04 02  1300   52731   46800  0  2.49e+03  2.51e+01  0  5.32e+01  1.55e+01  1.52e+00  5.33e-01  8.33e-02  -1.00
2003 04 02  1305   52731   47100  0  2.54e+03  2.77e+01  0  3.92e+01  1.15e+01  1.50e+00  4.27e-01  1.72e-01   1.87
2003 04 02  1310   52731   47400  0  2.61e+03  2.21e+01  0  3.29e+01  1.66e+01  1.44e+00  4.76e-01  3.17e-01   0.67
2003 04 02  1315   52731   47700  0  2.74e+03  2.44e+01  0  2.94e+01  1.30e+01  1.78e+00  6.42e-01  2.29e-01  -1.00
2003 04 02  1320   52731   48000  0  2.68e+03  2.59e+01  0  3.59e+01  1.28e+01  1.78e+00  2.58e-01  1.23e-01   1.87
2003 04 02  1325   52731   48300  0  2.69e+03  2.86e+01  0  4.79e+01  1.47e+01  1.24e+00  5.01e-01  1.91e-01   2.00
2003 04 02  1330   52731   48600  0  2.77e+03  2.39e+01  0  5.37e+01  1.45e+01  1.56e+00  5.10e-01  3.36e-01   0.29
2003 04 02  1335   52731   48900  0  2.85e+03  2.76e+01  0  5.06e+01  1.29e+01  1.68e+00  4.52e-01  2.52e-01   1.15
2003 04 02  1340   52731   49200  0  2.80e+03  2.78e+01  0  4.14e+01  1.32e+01  1.46e+00  5.16e-01  1.34e-01   0.92
2003 04 02  1345   52731   49500  0  2.87e+03  2.70e+01  0  3.96e+01  1.39e+01  2.45e+00  4.48e-01  2.83e-01   0.67
2003 04 02  1350   52731   49800  0  2.84e+03  2.92e+01  0  3.45e+01  1.48e+01  1.67e+00  3.43e-01  3.05e-01   1.85
2003 04 02  1355   52731   50100  0  2.88e+03  2.96e+01  0  3.32e+01  1.60e+01  1.67e+00  5.01e-01  3.52e-01   1.15
2003 04 02  1400   52731   50400  0  2.84e+03  2.74e+01  0  3.85e+01  1.65e+01  1.29e+00  5.37e-01  1.78e-01   1.41
2003 04 02  1405   52731   50700  0  2.99e+03  2.69e+01  0  3.84e+01  1.53e+01  1.78e+00  4.22e-01  2.43e-01   1.41
2003 04 02  1410   52731   51000  0  2.88e+03  2.23e+01  0  3.69e+01  1.39e+01  1.46e+00  4.77e-01  1.24e-01   1.33
2003 04 02  1415   52731   51300  0  2.90e+03  3.02e+01  0  4.21e+01  1.81e+01  1.80e+00  5.37e-01  6.87e-02   1.90
2003 04 02  1420   52731   51600  0  2.87e+03  3.26e+01  0  3.25e+01  1.49e+01  1.44e+00  4.34e-01  2.67e-01   0.54
2003 04 02  1425   52731   51900  0  2.85e+03  2.45e+01  0  3.42e+01  1.49e+01  1.91e+00  5.74e-01  2.14e-01   1.38
2003 04 02  1430   52731   52200  0  2.77e+03  3.20e+01  0  3.42e+01  1.48e+01  1.73e+00  6.17e-01  2.22e-01   0.51
2003 04 02  1435   52731   52500  0  2.76e+03  2.92e+01  0  3.00e+01  1.29e+01  1.80e+00  3.86e-01  2.62e-01   2.00
2003 04 02  1440   52731   52800  0  2.92e+03  2.42e+01  0  3.61e+01  1.42e+01  1.40e+00  6.76e-01  1.72e-01   1.31
2003 04 02  1445   52731   53100  0  2.79e+03  2.69e+01  0  3.56e+01  1.42e+01  1.67e+00  4.73e-01  3.71e-01   1.85
2003 04 02  1450   52731   53400  0  2.74e+03  2.69e+01  0  3.32e+01  1.90e+01  1.75e+00  7.22e-01  3.05e-01   0.58
2003 04 02  1455   52731   53700  0  2.71e+03  2.71e+01  0  3.19e+01  1.31e+01  1.65e+00  5.91e-01  1.47e-01   1.17
2003 04 02  1500   52731   54000  0  2.71e+03  2.79e+01  0  2.76e+01  1.26e+01  1.86e+00  5.32e-01  1.67e-01   0.40
2003 04 02  1505   52731   54300  0  2.93e+03  2.55e+01  0  3.95e+01  1.71e+01  1.70e+00  4.05e-01  1.53e-01   1.71
2003 04 02  1510   52731   54600  0  2.78e+03  2.48e+01  0  4.48e+01  1.60e+01  2.14e+00  6.34e-01  1.43e-01   0.94
2003 04 02  1515   52731   54900  0  2.72e+03  2.65e+01  0  3.80e+01  1.63e+01  1.80e+00  2.95e-01  2.98e-01   1.85
2003 04 02  1520   52731   55200  0  2.60e+03  2.29e+01  0  3.35e+01  1.34e+01  1.20e+00  5.46e-01  1.67e-01   0.40
2003 04 02  1525   52731   55500  0  2.77e+03  2.99e+01  0  3.75e+01  1.55e+01  1.37e+00  4.21e-01  2.10e-01   0.88
2003 04 02  1530   52731   55800  0  2.86e+03  2.61e+01  0  5.23e+01  1.33e+01  1.44e+00  2.06e-01  4.58e-02   1.41
2003 04 02  1535   52731   56100  0  2.75e+03  2.76e+01  0  3.92e+01  1.29e+01  1.73e+00  5.14e-01  3.03e-01   0.26
2003 04 02  1540   52731   56400  0  2.79e+03  2.64e+01  0  4.08e+01  1.53e+01  1.68e+00  3.85e-01  3.15e-01   1.41
2003 04 02  1545   52731   56700  0  2.89e+03  2.75e+01  0  5.92e+01  1.43e+01  2.06e+00  6.03e-01  1.89e-01   0.47
2003 04 02  1550   52731   57000  0  2.87e+03  2.42e+01  0  3.77e+01  1.45e+01  1.52e+00  6.71e-01  1.46e-01   0.46
2003 04 02  1555   52731   57300  0  2.86e+03  2.46e+01  0  4.06e+01  1.68e+01  1.80e+00  5.38e-01  2.56e-01   0.17
2003 04 02  1600   52731   57600  0  2.92e+03  2.70e+01  0  3.59e+01  1.21e+01  1.65e+00  7.03e-01  3.35e-01   0.67
2003 04 02  1605   52731   57900  0  3.02e+03  2.64e+01  0  4.86e+01  1.31e+01  1.39e+00  6.01e-01  3.63e-01   1.08
2003 04 02  1610   52731   58200  0  2.78e+03  2.32e+01  0  7.49e+01  1.35e+01  1.66e+00  5.02e-01  1.76e-01   0.77
2003 04 02  1615   52731   58500  0  2.85e+03  2.99e+01  0  9.70e+01  1.63e+01  1.32e+00  5.96e-01  1.53e-01   0.71
2003 04 02  1620   52731   58800  0  3.19e+03  2.81e+01  0  9.64e+01  1.22e+01  1.27e+00  5.51e-01  2.64e-01  -1.00
2003 04 02  1625   52731   59100  0  2.96e+03  2.88e+01  0  7.65e+01  1.25e+01  1.46e+00  6.69e-01  2.41e-01   0.73
2003 04 02  1630   52731   59400  0  3.04e+03  2.51e+01  0  6.14e+01  1.48e+01  2.24e+00  4.94e-01  1.41e-01   0.89
2003 04 02  1635   52731   59700  0  2.97e+03  2.63e+01  0  7.76e+01  1.50e+01  1.69e+00  5.39e-01  2.05e-01   0.28
2003 04 02  1640   52731   60000  0  3.07e+03  2.86e+01  0  7.93e+01  1.28e+01  2.03e+00  5.00e-01  2.75e-01   0.67
2003 04 02  1645   52731   60300  0  2.93e+03  2.55e+01  0  7.87e+01  1.14e+01  9.46e-01  6.41e-01  1.53e-01  -1.00
2003 04 02  1650   52731   60600  0  2.98e+03  2.81e+01  0  1.19e+02  1.31e+01  1.29e+00  5.80e-01  2.78e-01   0.50
2003 04 02  1655   52731   60900  0  3.03e+03  2.61e+01  0  1.20e+02  1.45e+01  1.98e+00  5.43e-01  2.42e-01   0.36
2003 04 02  1700   52731   61200  0  2.98e+03  2.86e+01  0  1.40e+02  1.27e+01  1.40e+00  6.40e-01  3.60e-01   0.55
2003 04 02  1705   52731   61500  0  3.01e+03  2.57e+01  0  1.13e+02  1.33e+01  1.59e+00  5.01e-01  3.03e-01  -1.00
2003 04 02  1710   52731   61800  0  3.11e+03  2.45e+01  0  1.17e+02  1.35e+01  1.87e+00  4.51e-01  2.00e-01  -1.00
2003 04 02  1715   52731   62100  0  2.99e+03  2.74e+01  0  1.12e+02  1.45e+01  1.68e+00  4.54e-01  1.50e-01   0.28
2003 04 02  1720   52731   62400  0  3.00e+03  2.71e+01  0  1.15e+02  1.47e+01  2.56e+00  6.29e-01  1.99e-01   0.41
2003 04 02  1725   52731   62700  0  2.96e+03  2.51e+01  0  7.38e+01  1.59e+01  1.15e+00  7.69e-01  6.87e-02   0.99
2003 04 02  1730   52731   63000  0  3.12e+03  2.92e+01  0  5.99e+01  1.38e+01  9.01e-01  6.90e-01  2.54e-01   1.61
2003 04 02  1735   52731   63300  0  2.98e+03  2.68e+01  0  6.28e+01  1.59e+01  1.90e+00  6.30e-01  1.83e-01   0.80
2003 04 02  1740   52731   63600  0  3.00e+03  2.81e+01  0  5.87e+01  1.49e+01  1.56e+00  5.28e-01  2.44e-01   0.86
2003 04 02  1745   52731   63900  0  2.99e+03  2.68e+01  0  6.38e+01  1.29e+01  1.67e+00  5.53e-01  2.13e-01   0.94
2003 04 02  1750   52731   64200  0  3.10e+03  2.53e+01  0  5.45e+01  1.60e+01  1.67e+00  6.91e-01  2.61e-01   0.89
2003 04 02  1755   52731   64500  0  3.17e+03  2.57e+01  0  5.23e+01  1.50e+01  1.82e+00  5.46e-01  2.69e-01  -1.00
2003 04 02  1800   52731   64800  0  3.32e+03  2.99e+01  0  6.90e+01  1.60e+01  1.58e+00  5.36e-01  2.43e-01   0.62
2003 04 02  1805   52731   65100  0  3.18e+03  2.72e+01  0  6.65e+01  1.38e+01  1.96e+00  4.84e-01  4.17e-02  -1.00
2003 04 02  1810   52731   65400  0  3.17e+03  2.67e+01  0  5.21e+01  1.57e+01  1.28e+00  4.28e-01  1.67e-01  -1.00
2003 04 02  1815   52731   65700  0  3.13e+03  2.45e+01  0  9.15e+01  1.64e+01  2.46e+00  6.66e-01  2.29e-01   0.67
2003 04 02  1820   52731   66000  0  3.09e+03  2.57e+01  0  9.32e+01  1.38e+01  1.87e+00  6.24e-01  2.51e-01   0.28
2003 04 02  1825   52731   66300  0  2.93e+03  2.64e+01  0  8.39e+01  1.45e+01  1.58e+00  6.01e-01  1.72e-01   1.06
2003 04 02  1830   52731   66600  0  3.05e+03  2.79e+01  0  8.59e+01  1.56e+01  1.78e+00  6.71e-01  1.72e-01   1.07
2003 04 02  1835   52731   66900  0  2.94e+03  2.76e+01  0  9.92e+01  1.55e+01  1.75e+00  5.80e-01  3.36e-01   0.87
2003 04 02  1840   52731   67200  0  2.77e+03  2.41e+01  0  6.72e+01  1.75e+01  1.85e+00  6.10e-01  3.01e-01  -1.00
2003 04 02  1845   52731   67500  0  2.91e+03  2.38e+01  0  1.05e+02  1.39e+01  1.68e+00  6.41e-01  7.64e-02  -1.00
2003 04 02  1850   52731   67800  0  3.02e+03  2.36e+01  0  1.13e+02  1.50e+01  1.62e+00  3.82e-01  3.38e-01  -1.00
2003 04 02  1855   52731   68100  0  3.20e+03  2.71e+01  0  1.03e+02  1.41e+01  1.82e+00  5.60e-01  8.33e-02   2.00
2003 04 02  1900   52731   68400  0  3.17e+03  2.56e+01  0  9.64e+01  1.22e+01  1.78e+00  4.76e-01  0.00e+00   0.00
2003 04 02  1905   52731   68700  0  3.08e+03  2.91e+01  0  8.32e+01  1.60e+01  1.76e+00  5.73e-01  1.43e-01   1.49
2003 04 02  1910   52731   69000  0  2.94e+03  2.35e+01  0  9.15e+01  1.52e+01  1.61e+00  7.49e-01  9.16e-02   0.42
2003 04 02  1915   52731   69300  0  3.11e+03  2.36e+01  0  7.91e+01  1.55e+01  2.04e+00  6.09e-01  1.50e-01   0.91
2003 04 02  1920   52731   69600  0  3.12e+03  2.95e+01  0  8.06e+01  1.53e+01  2.07e+00  4.82e-01  3.72e-01   0.77
2003 04 02  1925   52731   69900  0  3.09e+03  3.12e+01  0  8.74e+01  1.56e+01  2.18e+00  6.48e-01  1.80e-01  -1.00
2003 04 02  1930   52731   70200  0  3.19e+03  2.45e+01  0  6.00e+01  1.66e+01  2.35e+00  6.93e-01  4.06e-01   0.35
2003 04 02  1935   52731   70500  0  3.15e+03  2.88e+01  0  4.11e+01  1.50e+01  1.97e+00  7.34e-01  4.24e-01   0.76
2003 04 02  1940   52731   70800  0  2.97e+03  2.51e+01  0  5.95e+01  1.58e+01  1.26e+00  7.10e-01  2.82e-01   1.00
2003 04 02  1945   52731   71100  0  3.18e+03  3.17e+01  0  7.58e+01  1.28e+01  1.99e+00  6.17e-01  2.16e-01   0.67
2003 04 02  1950   52731   71400  0  2.96e+03  2.77e+01  0  7.68e+01  1.46e+01  1.73e+00  5.04e-01  1.25e-01   0.38
2003 04 02  1955   52731   71700  0  2.91e+03  2.96e+01  0  6.87e+01  1.47e+01  1.84e+00  5.95e-01  0.00e+00   0.28
2003 04 02  2000   52731   72000  0  3.00e+03  2.55e+01  0  6.93e+01  1.53e+01  2.13e+00  4.52e-01  3.36e-01   2.00
2003 04 02  2005   52731   72300  0  3.02e+03  2.51e+01  0  5.65e+01  1.25e+01  1.49e+00  5.98e-01  4.71e-01  -1.00
2003 04 02  2010   52731   72600  0  3.02e+03  2.82e+01  0  4.75e+01  1.44e+01  2.01e+00  5.39e-01  2.98e-01   0.67
2003 04 02  2015   52731   72900  0  3.12e+03  3.03e+01  0  7.55e+01  1.67e+01  1.77e+00  5.09e-01  3.49e-01   0.96
2003 04 02  2020   52731   73200  0  2.93e+03  2.97e+01  0  7.11e+01  1.90e+01  1.64e+00  4.92e-01  2.29e-01   1.85
2003 04 02  2025   52731   73500  0  3.05e+03  2.44e+01  0  4.76e+01  1.65e+01  1.82e+00  5.11e-01  2.94e-01   1.20
2003 04 02  2030   52731   73800  0  3.01e+03  2.70e+01  0  5.79e+01  1.50e+01  1.78e+00  5.80e-01  3.71e-01  -1.00
2003 04 02  2035   52731   74100  0  3.03e+03  3.03e+01  0  8.62e+01  1.76e+01  2.32e+00  6.62e-01  2.37e-01   0.53
2003 04 02  2040   52731   74400  0  3.07e+03  2.85e+01  0  6.83e+01  1.55e+01  1.42e+00  5.23e-01  3.56e-01  -1.00
2003 04 02  2045   52731   74700  0  3.00e+03  2.96e+01  0  7.28e+01  1.28e+01  1.79e+00  5.36e-01  2.36e-01   0.38
2003 04 02  2050   52731   75000  0  2.89e+03  2.92e+01  0  6.97e+01  1.49e+01  1.52e+00  5.79e-01  2.10e-01  -1.00
2003 04 02  2055   52731   75300  0  2.97e+03  2.67e+01  0  6.25e+01  1.59e+01  1.57e+00  6.81e-01  3.19e-01  -1.00
2003 04 02  2100   52731   75600  0  2.88e+03  2.76e+01  0  7.35e+01  1.36e+01  2.07e+00  5.55e-01  2.86e-01   1.32
2003 04 02  2105   52731   75900  0  2.99e+03  2.85e+01  0  4.73e+01  1.67e+01  1.88e+00  5.35e-01  3.05e-01   0.80
2003 04 02  2110   52731   76200  0  2.82e+03  2.90e+01  0  6.89e+01  1.58e+01  2.10e+00  6.03e-01  3.51e-01   0.54
2003 04 02  2115   52731   76500  0  2.98e+03  2.68e+01  0  7.66e+01  1.82e+01  1.80e+00  6.10e-01  3.05e-01  -1.00
2003 04 02  2120   52731   76800  0  3.08e+03  2.60e+01  0  1.04e+02  1.23e+01  1.84e+00  6.73e-01  1.83e-01   0.41
2003 04 02  2125   52731   77100  0  3.17e+03  2.71e+01  0  7.65e+01  1.35e+01  1.78e+00  6.26e-01  2.29e-01   0.91
2003 04 02  2130   52731   77400  0  3.04e+03  2.85e+01  0  6.32e+01  1.13e+01  1.68e+00  5.48e-01  3.10e-01   1.85
2003 04 02  2135   52731   77700  0  2.96e+03  2.55e+01  0  7.49e+01  1.60e+01  1.51e+00  4.60e-01  4.40e-01   0.67
2003 04 02  2140   52731   78000  0  2.99e+03  2.80e+01  0  7.23e+01  1.39e+01  1.71e+00  5.16e-01  5.12e-01   0.40
2003 04 02  2145   52731   78300  0  3.06e+03  2.55e+01  0  6.33e+01  1.50e+01  1.74e+00  6.56e-01  2.65e-01   0.71
2003 04 02  2150   52731   78600  0  3.13e+03  3.23e+01  0  5.16e+01  1.45e+01  1.92e+00  5.94e-01  2.67e-01  -1.00
2003 04 02  2155   52731   78900  0  3.20e+03  2.40e+01  0  4.79e+01  1.38e+01  1.73e+00  5.91e-01  2.14e-01   0.31
2003 04 02  2200   52731   79200  0  3.11e+03  2.36e+01  0  5.92e+01  1.86e+01  1.79e+00  7.90e-01  2.14e-01   1.15
2003 04 02  2205   52731   79500  0  3.13e+03  2.91e+01  0  5.16e+01  1.66e+01  2.00e+00  6.61e-01  1.37e-01   0.00
2003 04 02  2210   52731   79800  0  3.16e+03  2.59e+01  0  7.53e+01  1.51e+01  1.90e+00  3.82e-01  2.86e-01   1.85
2003 04 02  2215   52731   80100  0  3.11e+03  2.88e+01  0  1.01e+02  1.62e+01  1.70e+00  5.80e-01  3.37e-01   0.89
2003 04 02  2220   52731   80400  0  2.97e+03  2.68e+01  0  5.80e+01  1.54e+01  1.24e+00  5.05e-01  2.83e-01   0.28
2003 04 02  2225   52731   80700  0  3.15e+03  2.40e+01  0  7.62e+01  1.63e+01  1.77e+00  6.29e-01  2.29e-01   0.92
2003 04 02  2230   52731   81000  0  3.05e+03  2.67e+01  0  7.32e+01  1.36e+01  1.86e+00  5.16e-01  4.05e-01   2.00
2003 04 02  2235   52731   81300  0  3.10e+03  2.71e+01  0  6.18e+01  1.22e+01  1.44e+00  3.47e-01  2.60e-01   0.98
2003 04 02  2240   52731   81600  0  2.97e+03  2.83e+01  0  6.92e+01  1.79e+01  2.49e+00  5.01e-01  3.31e-01   0.95
2003 04 02  2245   52731   81900  0  2.97e+03  2.38e+01  0  6.16e+01  1.36e+01  1.63e+00  7.46e-01  1.04e-01   0.54
2003 04 02  2250   52731   82200  0  3.02e+03  2.49e+01  0  6.55e+01  1.52e+01  2.27e+00  4.57e-01  0.00e+00   1.31
2003 04 02  2255   52731   82500  0  3.08e+03  2.88e+01  0  6.41e+01  1.83e+01  1.91e+00  6.34e-01  1.06e-01   0.98
2003 04 02  2300   52731   82800  0  3.07e+03  2.87e+01  0  7.46e+01  1.32e+01  1.92e+00  7.86e-01  1.83e-01   0.50
2003 04 02  2305   52731   83100  0  3.16e+03  2.94e+01  0  7.64e+01  1.83e+01  2.16e+00  8.74e-01  3.08e-01   0.50
2003 04 02  2310   52731   83400  0  3.16e+03  2.96e+01  0  9.53e+01  1.38e+01  2.01e+00  5.48e-01  1.37e-01   0.55
2003 04 02  2315   52731   83700  0  3.27e+03  2.59e+01  0  7.53e+01  1.35e+01  1.60e+00  8.35e-01  2.10e-01   1.41
2003 04 02  2320   52731   84000  0  3.21e+03  2.80e+01  0  7.01e+01  1.57e+01  1.95e+00  3.62e-01  2.70e-01   0.91
2003 04 02  2325   52731   84300  0  3.13e+03  2.52e+01  0  1.04e+02  1.61e+01  1.95e+00  5.93e-01  3.57e-01   0.98
2003 04 02  2330   52731   84600  0  3.12e+03  2.88e+01  0  7.53e+01  1.45e+01  2.12e+00  8.06e-01  1.72e-01   0.56
2003 04 02  2335   52731   84900  0  3.04e+03  2.48e+01  0  5.32e+01  1.53e+01  1.88e+00  4.04e-01  3.36e-01   0.89
2003 04 02  2340   52731   85200  0  3.03e+03  2.55e+01  0  5.25e+01  1.60e+01  2.15e+00  5.82e-01  3.93e-01   0.84
2003 04 02  2345   52731   85500  0  3.14e+03  2.57e+01  0  4.60e+01  1.75e+01  1.76e+00  8.22e-01  3.12e-01   0.38
2003 04 02  2350   52731   85800  0  3.01e+03  2.77e+01  0  5.37e+01  1.64e+01  1.63e+00  5.03e-01  7.05e-02   0.33
2003 04 02  2355   52731   86100  0  3.02e+03  2.52e+01  0  6.25e+01  1.90e+01  1.79e+00  5.42e-01  3.09e-01   0.26
