:Data_list: 20030818_ace_sis_5m.txt
:Created: 2003 Aug 19 0011 UT
# Prepared by the U.S. Dept. of Commerce, NOAA, Space Environment Center.
# Please send comments and suggestions to sec@sec.noaa.gov 
# 
# Units: proton flux p/cs2-sec-ster
# Status(S): 0 = nominal data, 1 to 8 = bad data record, 9 = no data
# Missing data values: -1.00e+05
# Source: ACE Satellite - Solar Isotope Spectrometer
#
# 5-minute averaged Real-time Integral Flux of High-energy Solar Protons
# 
#                 Modified Seconds
# UT Date   Time   Julian  of the      ---- Integral Proton Flux ----
# YR MO DA  HHMM     Day     Day       S    > 10 MeV    S    > 30 MeV
#--------------------------------------------------------------------
2003 08 18  0000    52869       0      0    7.78e-01    0    5.48e-01
2003 08 18  0005    52869     300      0    7.81e-01    0    5.50e-01
2003 08 18  0010    52869     600      0    7.89e-01    0    5.48e-01
2003 08 18  0015    52869     900      0    7.86e-01    0    5.52e-01
2003 08 18  0020    52869    1200      0    7.89e-01    0    5.52e-01
2003 08 18  0025    52869    1500      0    7.72e-01    0    5.38e-01
2003 08 18  0030    52869    1800      0    8.06e-01    0    5.72e-01
2003 08 18  0035    52869    2100      0    7.81e-01    0    5.48e-01
2003 08 18  0040    52869    2400      0    7.69e-01    0    5.35e-01
2003 08 18  0045    52869    2700      0    8.13e-01    0    5.73e-01
2003 08 18  0050    52869    3000      0    7.82e-01    0    5.52e-01
2003 08 18  0055    52869    3300      0    7.84e-01    0    5.55e-01
2003 08 18  0100    52869    3600      0    7.78e-01    0    5.42e-01
2003 08 18  0105    52869    3900      0    7.72e-01    0    5.42e-01
2003 08 18  0110    52869    4200      0    7.92e-01    0    5.53e-01
2003 08 18  0115    52869    4500      0    7.87e-01    0    5.61e-01
2003 08 18  0120    52869    4800      0    7.72e-01    0    5.45e-01
2003 08 18  0125    52869    5100      0    8.03e-01    0    5.67e-01
2003 08 18  0130    52869    5400      0    7.68e-01    0    5.39e-01
2003 08 18  0135    52869    5700      0    7.79e-01    0    5.47e-01
2003 08 18  0140    52869    6000      0    7.92e-01    0    5.49e-01
2003 08 18  0145    52869    6300      0    8.05e-01    0    5.67e-01
2003 08 18  0150    52869    6600      0    7.93e-01    0    5.60e-01
2003 08 18  0155    52869    6900      0    7.84e-01    0    5.50e-01
2003 08 18  0200    52869    7200      0    7.76e-01    0    5.51e-01
2003 08 18  0205    52869    7500      0    7.88e-01    0    5.52e-01
2003 08 18  0210    52869    7800      0    7.83e-01    0    5.53e-01
2003 08 18  0215    52869    8100      0    7.78e-01    0    5.51e-01
2003 08 18  0220    52869    8400      0    7.72e-01    0    5.44e-01
2003 08 18  0225    52869    8700      0    7.70e-01    0    5.38e-01
2003 08 18  0230    52869    9000      0    7.82e-01    0    5.45e-01
2003 08 18  0235    52869    9300      0    7.71e-01    0    5.44e-01
2003 08 18  0240    52869    9600      0    7.65e-01    0    5.40e-01
2003 08 18  0245    52869    9900      0    7.88e-01    0    5.57e-01
2003 08 18  0250    52869   10200      0    7.51e-01    0    5.27e-01
2003 08 18  0255    52869   10500      0    7.88e-01    0    5.48e-01
2003 08 18  0300    52869   10800      0    7.67e-01    0    5.42e-01
2003 08 18  0305    52869   11100      0    7.78e-01    0    5.53e-01
2003 08 18  0310    52869   11400      0    7.74e-01    0    5.49e-01
2003 08 18  0315    52869   11700      0    7.58e-01    0    5.34e-01
2003 08 18  0320    52869   12000      0    7.91e-01    0    5.68e-01
2003 08 18  0325    52869   12300      0    7.70e-01    0    5.39e-01
2003 08 18  0330    52869   12600      0    7.90e-01    0    5.58e-01
2003 08 18  0335    52869   12900      0    7.65e-01    0    5.36e-01
2003 08 18  0340    52869   13200      0    7.70e-01    0    5.47e-01
2003 08 18  0345    52869   13500      0    7.84e-01    0    5.58e-01
2003 08 18  0350    52869   13800      0    7.66e-01    0    5.37e-01
2003 08 18  0355    52869   14100      0    7.77e-01    0    5.49e-01
2003 08 18  0400    52869   14400      0    7.44e-01    0    5.27e-01
2003 08 18  0405    52869   14700      0    7.64e-01    0    5.38e-01
2003 08 18  0410    52869   15000      0    7.51e-01    0    5.33e-01
2003 08 18  0415    52869   15300      0    7.59e-01    0    5.35e-01
2003 08 18  0420    52869   15600      0    7.69e-01    0    5.51e-01
2003 08 18  0425    52869   15900      0    7.63e-01    0    5.31e-01
2003 08 18  0430    52869   16200      0    7.74e-01    0    5.38e-01
2003 08 18  0435    52869   16500      0    7.62e-01    0    5.40e-01
2003 08 18  0440    52869   16800      0    7.81e-01    0    5.48e-01
2003 08 18  0445    52869   17100      0    7.44e-01    0    5.20e-01
2003 08 18  0450    52869   17400      0    7.47e-01    0    5.24e-01
2003 08 18  0455    52869   17700      0    7.36e-01    0    5.16e-01
2003 08 18  0500    52869   18000      0    7.66e-01    0    5.43e-01
2003 08 18  0505    52869   18300      0    7.61e-01    0    5.37e-01
2003 08 18  0510    52869   18600      0    7.56e-01    0    5.29e-01
2003 08 18  0515    52869   18900      0    7.54e-01    0    5.26e-01
2003 08 18  0520    52869   19200      0    7.65e-01    0    5.41e-01
2003 08 18  0525    52869   19500      0    7.71e-01    0    5.41e-01
2003 08 18  0530    52869   19800      0    7.59e-01    0    5.42e-01
2003 08 18  0535    52869   20100      0    7.62e-01    0    5.35e-01
2003 08 18  0540    52869   20400      0    7.56e-01    0    5.31e-01
2003 08 18  0545    52869   20700      0    7.79e-01    0    5.49e-01
2003 08 18  0550    52869   21000      0    7.82e-01    0    5.54e-01
2003 08 18  0555    52869   21300      0    7.58e-01    0    5.18e-01
2003 08 18  0600    52869   21600      0    7.86e-01    0    5.56e-01
2003 08 18  0605    52869   21900      0    7.66e-01    0    5.38e-01
2003 08 18  0610    52869   22200      0    7.74e-01    0    5.41e-01
2003 08 18  0615    52869   22500      0    7.89e-01    0    5.57e-01
2003 08 18  0620    52869   22800      0    7.61e-01    0    5.33e-01
2003 08 18  0625    52869   23100      0    7.73e-01    0    5.40e-01
2003 08 18  0630    52869   23400      0    7.83e-01    0    5.50e-01
2003 08 18  0635    52869   23700      0    7.66e-01    0    5.39e-01
2003 08 18  0640    52869   24000      0    7.72e-01    0    5.50e-01
2003 08 18  0645    52869   24300      0    7.63e-01    0    5.44e-01
2003 08 18  0650    52869   24600      0    7.53e-01    0    5.31e-01
2003 08 18  0655    52869   24900      0    7.90e-01    0    5.60e-01
2003 08 18  0700    52869   25200      0    7.61e-01    0    5.34e-01
2003 08 18  0705    52869   25500      0    7.71e-01    0    5.38e-01
2003 08 18  0710    52869   25800      0    7.66e-01    0    5.41e-01
2003 08 18  0715    52869   26100      0    7.53e-01    0    5.27e-01
2003 08 18  0720    52869   26400      0    7.51e-01    0    5.27e-01
2003 08 18  0725    52869   26700      0    7.60e-01    0    5.30e-01
2003 08 18  0730    52869   27000      0    7.73e-01    0    5.46e-01
2003 08 18  0735    52869   27300      0    7.67e-01    0    5.39e-01
2003 08 18  0740    52869   27600      0    7.80e-01    0    5.46e-01
2003 08 18  0745    52869   27900      0    7.36e-01    0    5.17e-01
2003 08 18  0750    52869   28200      0    7.70e-01    0    5.45e-01
2003 08 18  0755    52869   28500      0    7.60e-01    0    5.38e-01
2003 08 18  0800    52869   28800      0    7.89e-01    0    5.57e-01
2003 08 18  0805    52869   29100      0    7.60e-01    0    5.43e-01
2003 08 18  0810    52869   29400      0    7.71e-01    0    5.43e-01
2003 08 18  0815    52869   29700      0    7.93e-01    0    5.55e-01
2003 08 18  0820    52869   30000      0    7.57e-01    0    5.36e-01
2003 08 18  0825    52869   30300      0    7.63e-01    0    5.39e-01
2003 08 18  0830    52869   30600      0    7.47e-01    0    5.29e-01
2003 08 18  0835    52869   30900      0    7.93e-01    0    5.57e-01
2003 08 18  0840    52869   31200      0    7.75e-01    0    5.45e-01
2003 08 18  0845    52869   31500      0    7.76e-01    0    5.46e-01
2003 08 18  0850    52869   31800      0    7.93e-01    0    5.59e-01
2003 08 18  0855    52869   32100      0    7.83e-01    0    5.45e-01
2003 08 18  0900    52869   32400      0    7.66e-01    0    5.38e-01
2003 08 18  0905    52869   32700      0    7.88e-01    0    5.47e-01
2003 08 18  0910    52869   33000      0    7.97e-01    0    5.61e-01
2003 08 18  0915    52869   33300      0    7.80e-01    0    5.50e-01
2003 08 18  0920    52869   33600      0    7.84e-01    0    5.53e-01
2003 08 18  0925    52869   33900      0    7.89e-01    0    5.57e-01
2003 08 18  0930    52869   34200      0    7.62e-01    0    5.44e-01
2003 08 18  0935    52869   34500      0    7.69e-01    0    5.44e-01
2003 08 18  0940    52869   34800      0    7.81e-01    0    5.51e-01
2003 08 18  0945    52869   35100      0    7.77e-01    0    5.50e-01
2003 08 18  0950    52869   35400      0    7.68e-01    0    5.47e-01
2003 08 18  0955    52869   35700      0    7.87e-01    0    5.56e-01
2003 08 18  1000    52869   36000      0    7.94e-01    0    5.64e-01
2003 08 18  1005    52869   36300      0    7.70e-01    0    5.42e-01
2003 08 18  1010    52869   36600      0    7.98e-01    0    5.63e-01
2003 08 18  1015    52869   36900      0    7.74e-01    0    5.44e-01
2003 08 18  1020    52869   37200      0    7.89e-01    0    5.47e-01
2003 08 18  1025    52869   37500      0    7.72e-01    0    5.43e-01
2003 08 18  1030    52869   37800      0    7.79e-01    0    5.51e-01
2003 08 18  1035    52869   38100      0    7.91e-01    0    5.58e-01
2003 08 18  1040    52869   38400      0    7.85e-01    0    5.45e-01
2003 08 18  1045    52869   38700      0    7.83e-01    0    5.54e-01
2003 08 18  1050    52869   39000      0    7.96e-01    0    5.56e-01
2003 08 18  1055    52869   39300      0    7.70e-01    0    5.43e-01
2003 08 18  1100    52869   39600      0    7.96e-01    0    5.60e-01
2003 08 18  1105    52869   39900      0    8.00e-01    0    5.67e-01
2003 08 18  1110    52869   40200      0    7.85e-01    0    5.53e-01
2003 08 18  1115    52869   40500      0    7.80e-01    0    5.44e-01
2003 08 18  1120    52869   40800      0    7.92e-01    0    5.62e-01
2003 08 18  1125    52869   41100      0    7.76e-01    0    5.41e-01
2003 08 18  1130    52869   41400      0    7.71e-01    0    5.33e-01
2003 08 18  1135    52869   41700      0    7.84e-01    0    5.54e-01
2003 08 18  1140    52869   42000      0    7.66e-01    0    5.39e-01
2003 08 18  1145    52869   42300      0    8.01e-01    0    5.63e-01
2003 08 18  1150    52869   42600      0    8.04e-01    0    5.71e-01
2003 08 18  1155    52869   42900      0    7.92e-01    0    5.63e-01
2003 08 18  1200    52869   43200      0    7.79e-01    0    5.46e-01
2003 08 18  1205    52869   43500      0    7.76e-01    0    5.47e-01
2003 08 18  1210    52869   43800      0    7.77e-01    0    5.47e-01
2003 08 18  1215    52869   44100      0    7.91e-01    0    5.56e-01
2003 08 18  1220    52869   44400      0    7.78e-01    0    5.49e-01
2003 08 18  1225    52869   44700      0    7.91e-01    0    5.53e-01
2003 08 18  1230    52869   45000      0    7.95e-01    0    5.57e-01
2003 08 18  1235    52869   45300      0    7.89e-01    0    5.53e-01
2003 08 18  1240    52869   45600      0    7.89e-01    0    5.59e-01
2003 08 18  1245    52869   45900      0    7.86e-01    0    5.52e-01
2003 08 18  1250    52869   46200      0    8.19e-01    0    5.75e-01
2003 08 18  1255    52869   46500      0    7.88e-01    0    5.53e-01
2003 08 18  1300    52869   46800      0    7.83e-01    0    5.51e-01
2003 08 18  1305    52869   47100      0    7.86e-01    0    5.57e-01
2003 08 18  1310    52869   47400      0    7.94e-01    0    5.64e-01
2003 08 18  1315    52869   47700      0    7.82e-01    0    5.42e-01
2003 08 18  1320    52869   48000      0    7.98e-01    0    5.54e-01
2003 08 18  1325    52869   48300      0    8.00e-01    0    5.61e-01
2003 08 18  1330    52869   48600      0    7.96e-01    0    5.58e-01
2003 08 18  1335    52869   48900      0    7.81e-01    0    5.46e-01
2003 08 18  1340    52869   49200      0    7.89e-01    0    5.52e-01
2003 08 18  1345    52869   49500      0    7.96e-01    0    5.62e-01
2003 08 18  1350    52869   49800      0    7.77e-01    0    5.47e-01
2003 08 18  1355    52869   50100      0    7.91e-01    0    5.54e-01
2003 08 18  1400    52869   50400      0    7.96e-01    0    5.58e-01
2003 08 18  1405    52869   50700      0    8.18e-01    0    5.75e-01
2003 08 18  1410    52869   51000      0    8.03e-01    0    5.67e-01
2003 08 18  1415    52869   51300      0    8.00e-01    0    5.68e-01
2003 08 18  1420    52869   51600      0    7.72e-01    0    5.47e-01
2003 08 18  1425    52869   51900      0    7.98e-01    0    5.66e-01
2003 08 18  1430    52869   52200      0    7.94e-01    0    5.60e-01
2003 08 18  1435    52869   52500      0    7.90e-01    0    5.58e-01
2003 08 18  1440    52869   52800      0    7.80e-01    0    5.52e-01
2003 08 18  1445    52869   53100      0    7.77e-01    0    5.50e-01
2003 08 18  1450    52869   53400      0    7.86e-01    0    5.54e-01
2003 08 18  1455    52869   53700      0    7.94e-01    0    5.55e-01
2003 08 18  1500    52869   54000      0    7.90e-01    0    5.59e-01
2003 08 18  1505    52869   54300      0    7.83e-01    0    5.46e-01
2003 08 18  1510    52869   54600      0    7.91e-01    0    5.54e-01
2003 08 18  1515    52869   54900      0    8.00e-01    0    5.67e-01
2003 08 18  1520    52869   55200      0    7.92e-01    0    5.62e-01
2003 08 18  1525    52869   55500      0    7.85e-01    0    5.50e-01
2003 08 18  1530    52869   55800      0    7.74e-01    0    5.43e-01
2003 08 18  1535    52869   56100      0    8.08e-01    0    5.74e-01
2003 08 18  1540    52869   56400      0    8.06e-01    0    5.63e-01
2003 08 18  1545    52869   56700      0    7.94e-01    0    5.63e-01
2003 08 18  1550    52869   57000      0    7.86e-01    0    5.53e-01
2003 08 18  1555    52869   57300      0    7.82e-01    0    5.54e-01
2003 08 18  1600    52869   57600      0    8.03e-01    0    5.63e-01
2003 08 18  1605    52869   57900      0    7.79e-01    0    5.42e-01
2003 08 18  1610    52869   58200      0    7.72e-01    0    5.38e-01
2003 08 18  1615    52869   58500      0    7.71e-01    0    5.40e-01
2003 08 18  1620    52869   58800      0    7.77e-01    0    5.50e-01
2003 08 18  1625    52869   59100      0    7.96e-01    0    5.59e-01
2003 08 18  1630    52869   59400      0    8.00e-01    0    5.66e-01
2003 08 18  1635    52869   59700      0    7.88e-01    0    5.59e-01
2003 08 18  1640    52869   60000      0    7.84e-01    0    5.55e-01
2003 08 18  1645    52869   60300      0    7.94e-01    0    5.63e-01
2003 08 18  1650    52869   60600      0    7.77e-01    0    5.50e-01
2003 08 18  1655    52869   60900      0    7.91e-01    0    5.59e-01
2003 08 18  1700    52869   61200      0    7.93e-01    0    5.59e-01
2003 08 18  1705    52869   61500      0    7.80e-01    0    5.51e-01
2003 08 18  1710    52869   61800      0    7.82e-01    0    5.53e-01
2003 08 18  1715    52869   62100      0    7.88e-01    0    5.60e-01
2003 08 18  1720    52869   62400      0    7.69e-01    0    5.34e-01
2003 08 18  1725    52869   62700      0    7.97e-01    0    5.60e-01
2003 08 18  1730    52869   63000      0    7.74e-01    0    5.44e-01
2003 08 18  1735    52869   63300      0    7.98e-01    0    5.65e-01
2003 08 18  1740    52869   63600      0    8.11e-01    0    5.72e-01
2003 08 18  1745    52869   63900      0    8.10e-01    0    5.72e-01
2003 08 18  1750    52869   64200      0    7.95e-01    0    5.58e-01
2003 08 18  1755    52869   64500      0    7.86e-01    0    5.52e-01
2003 08 18  1800    52869   64800      0    7.90e-01    0    5.56e-01
2003 08 18  1805    52869   65100      0    7.90e-01    0    5.49e-01
2003 08 18  1810    52869   65400      0    7.84e-01    0    5.51e-01
2003 08 18  1815    52869   65700      0    7.65e-01    0    5.40e-01
2003 08 18  1820    52869   66000      0    7.78e-01    0    5.50e-01
2003 08 18  1825    52869   66300      0    7.84e-01    0    5.44e-01
2003 08 18  1830    52869   66600      0    8.08e-01    0    5.65e-01
2003 08 18  1835    52869   66900      0    7.90e-01    0    5.58e-01
2003 08 18  1840    52869   67200      0    7.99e-01    0    5.59e-01
2003 08 18  1845    52869   67500      0    8.19e-01    0    5.76e-01
2003 08 18  1850    52869   67800      0    7.86e-01    0    5.49e-01
2003 08 18  1855    52869   68100      0    8.22e-01    0    5.85e-01
2003 08 18  1900    52869   68400      0    7.99e-01    0    5.62e-01
2003 08 18  1905    52869   68700      0    7.82e-01    0    5.50e-01
2003 08 18  1910    52869   69000      9   -1.00e+05    9   -1.00e+05
2003 08 18  1915    52869   69300      9   -1.00e+05    9   -1.00e+05
2003 08 18  1920    52869   69600      0    8.15e-01    0    5.80e-01
2003 08 18  1925    52869   69900      0    8.08e-01    0    5.70e-01
2003 08 18  1930    52869   70200      0    7.88e-01    0    5.57e-01
2003 08 18  1935    52869   70500      0    8.11e-01    0    5.67e-01
2003 08 18  1940    52869   70800      0    7.81e-01    0    5.46e-01
2003 08 18  1945    52869   71100      0    8.07e-01    0    5.59e-01
2003 08 18  1950    52869   71400      0    7.87e-01    0    5.49e-01
2003 08 18  1955    52869   71700      0    7.77e-01    0    5.51e-01
2003 08 18  2000    52869   72000      0    7.80e-01    0    5.43e-01
2003 08 18  2005    52869   72300      0    7.98e-01    0    5.62e-01
2003 08 18  2010    52869   72600      0    7.70e-01    0    5.44e-01
2003 08 18  2015    52869   72900      0    7.86e-01    0    5.51e-01
2003 08 18  2020    52869   73200      0    8.02e-01    0    5.62e-01
2003 08 18  2025    52869   73500      0    8.09e-01    0    5.74e-01
2003 08 18  2030    52869   73800      0    8.05e-01    0    5.62e-01
2003 08 18  2035    52869   74100      0    7.87e-01    0    5.53e-01
2003 08 18  2040    52869   74400      0    7.96e-01    0    5.57e-01
2003 08 18  2045    52869   74700      0    7.82e-01    0    5.51e-01
2003 08 18  2050    52869   75000      0    7.88e-01    0    5.58e-01
2003 08 18  2055    52869   75300      0    8.00e-01    0    5.62e-01
2003 08 18  2100    52869   75600      0    7.86e-01    0    5.49e-01
2003 08 18  2105    52869   75900      0    7.75e-01    0    5.41e-01
2003 08 18  2110    52869   76200      0    7.85e-01    0    5.43e-01
2003 08 18  2115    52869   76500      0    8.10e-01    0    5.73e-01
2003 08 18  2120    52869   76800      0    7.97e-01    0    5.64e-01
2003 08 18  2125    52869   77100      0    7.91e-01    0    5.59e-01
2003 08 18  2130    52869   77400      0    7.78e-01    0    5.46e-01
2003 08 18  2135    52869   77700      0    7.92e-01    0    5.53e-01
2003 08 18  2140    52869   78000      0    7.93e-01    0    5.57e-01
2003 08 18  2145    52869   78300      0    7.84e-01    0    5.53e-01
2003 08 18  2150    52869   78600      0    7.81e-01    0    5.43e-01
2003 08 18  2155    52869   78900      0    7.97e-01    0    5.73e-01
2003 08 18  2200    52869   79200      0    7.75e-01    0    5.48e-01
2003 08 18  2205    52869   79500      0    7.97e-01    0    5.63e-01
2003 08 18  2210    52869   79800      0    7.77e-01    0    5.48e-01
2003 08 18  2215    52869   80100      0    7.82e-01    0    5.45e-01
2003 08 18  2220    52869   80400      0    8.00e-01    0    5.68e-01
2003 08 18  2225    52869   80700      0    7.75e-01    0    5.47e-01
2003 08 18  2230    52869   81000      0    7.91e-01    0    5.57e-01
2003 08 18  2235    52869   81300      0    8.02e-01    0    5.68e-01
2003 08 18  2240    52869   81600      0    7.54e-01    0    5.29e-01
2003 08 18  2245    52869   81900      0    7.90e-01    0    5.59e-01
2003 08 18  2250    52869   82200      0    7.99e-01    0    5.64e-01
2003 08 18  2255    52869   82500      0    7.91e-01    0    5.52e-01
2003 08 18  2300    52869   82800      0    7.89e-01    0    5.56e-01
2003 08 18  2305    52869   83100      0    7.98e-01    0    5.54e-01
2003 08 18  2310    52869   83400      0    7.93e-01    0    5.56e-01
2003 08 18  2315    52869   83700      0    7.83e-01    0    5.52e-01
2003 08 18  2320    52869   84000      0    7.88e-01    0    5.55e-01
2003 08 18  2325    52869   84300      0    7.76e-01    0    5.49e-01
2003 08 18  2330    52869   84600      0    7.91e-01    0    5.50e-01
2003 08 18  2335    52869   84900      0    7.79e-01    0    5.47e-01
2003 08 18  2340    52869   85200      0    8.07e-01    0    5.73e-01
2003 08 18  2345    52869   85500      0    7.62e-01    0    5.31e-01
2003 08 18  2350    52869   85800      0    7.91e-01    0    5.56e-01
2003 08 18  2355    52869   86100      0    8.01e-01    0    5.58e-01
