:Data_list: 20030508_ace_epam_5m.txt
:Created: 2003 May 09 0012 UT
# Prepared by the U.S. Dept. of Commerce, NOAA, Space Environment Center.
# Please send comments and suggestions to sec@sec.noaa.gov 
# 
# Units: Differential Flux particles/cm2-s-ster-MeV
# Units: Anisotropy Index 0.0 - 2.0
# Status(S): 0 = nominal, 4,6,7,8 = bad data, unable to process, 9 = no data
# Missing data values: -1.00e+05, index = -1.00
# Source: ACE Satellite - Electron, Proton, and Alpha Monitor
# Note: 2002 Mar 18: First Proton channel changed from 47-65 to 65-112keV.
#
#                      5-minute averaged Real-time Differential Electron and Proton Flux 
# 
#                Modified Seconds ---------------------------- Differential Flux --------------------------- 
# UT Date   Time  Julian  of the  ----- Electron -----   ------------------- Protons keV -------------------   Anis.
# YR MO DA  HHMM    Day    Day    S    38-53   175-315   S   65-112   112-187   310-580   761-1220 060-1910   Ratio
#-------------------------------------------------------------------------------------------------------------------
2003 05 08  0000   52767       0  0  5.79e+02  1.49e+01  0  9.69e+01  5.42e+01  1.42e+01  6.39e+00  1.82e+00   0.26
2003 05 08  0005   52767     300  0  6.06e+02  1.30e+01  0  9.12e+01  6.03e+01  1.87e+01  7.13e+00  2.12e+00   0.17
2003 05 08  0010   52767     600  0  5.29e+02  1.57e+01  0  1.07e+02  6.40e+01  1.85e+01  7.05e+00  2.23e+00   0.19
2003 05 08  0015   52767     900  0  6.02e+02  1.29e+01  0  9.90e+01  7.09e+01  1.89e+01  7.13e+00  2.46e+00   0.31
2003 05 08  0020   52767    1200  0  5.61e+02  1.50e+01  0  8.12e+01  5.64e+01  1.70e+01  6.59e+00  2.08e+00   0.16
2003 05 08  0025   52767    1500  0  5.82e+02  1.55e+01  0  6.50e+01  4.80e+01  1.60e+01  6.65e+00  1.76e+00   0.05
2003 05 08  0030   52767    1800  0  5.59e+02  1.25e+01  0  5.19e+01  4.84e+01  1.54e+01  5.72e+00  1.88e+00   0.36
2003 05 08  0035   52767    2100  0  5.30e+02  1.29e+01  0  5.50e+01  4.52e+01  1.28e+01  5.59e+00  1.79e+00   0.35
2003 05 08  0040   52767    2400  0  5.72e+02  1.55e+01  0  6.01e+01  5.00e+01  1.63e+01  6.38e+00  2.34e+00   0.38
2003 05 08  0045   52767    2700  0  4.96e+02  1.24e+01  0  6.71e+01  4.60e+01  1.63e+01  5.22e+00  2.00e+00   0.41
2003 05 08  0050   52767    3000  0  5.52e+02  1.49e+01  0  6.75e+01  5.26e+01  1.55e+01  6.03e+00  2.60e+00   0.12
2003 05 08  0055   52767    3300  0  6.63e+02  1.36e+01  0  6.26e+01  3.86e+01  1.45e+01  5.89e+00  2.05e+00   0.25
2003 05 08  0100   52767    3600  0  4.96e+02  1.19e+01  0  6.24e+01  4.55e+01  1.21e+01  4.77e+00  1.51e+00   0.27
2003 05 08  0105   52767    3900  0  6.09e+02  1.58e+01  0  5.56e+01  4.35e+01  1.49e+01  5.24e+00  1.94e+00   0.42
2003 05 08  0110   52767    4200  0  5.06e+02  1.63e+01  0  6.11e+01  3.87e+01  1.21e+01  4.54e+00  1.47e+00   0.23
2003 05 08  0115   52767    4500  0  5.33e+02  1.38e+01  0  4.62e+01  3.56e+01  1.06e+01  3.79e+00  1.35e+00   0.31
2003 05 08  0120   52767    4800  0  5.94e+02  1.71e+01  0  4.72e+01  3.57e+01  1.02e+01  5.04e+00  1.41e+00   0.27
2003 05 08  0125   52767    5100  0  5.35e+02  1.34e+01  0  6.86e+01  4.61e+01  1.26e+01  4.55e+00  1.66e+00   0.30
2003 05 08  0130   52767    5400  0  5.47e+02  1.53e+01  0  5.03e+01  3.30e+01  1.18e+01  4.75e+00  1.53e+00   0.36
2003 05 08  0135   52767    5700  0  5.99e+02  1.50e+01  0  7.08e+01  4.07e+01  1.32e+01  5.20e+00  1.85e+00   0.36
2003 05 08  0140   52767    6000  0  5.45e+02  1.45e+01  0  6.31e+01  3.49e+01  1.06e+01  5.20e+00  1.48e+00   0.20
2003 05 08  0145   52767    6300  0  5.48e+02  1.60e+01  0  6.91e+01  4.46e+01  1.09e+01  5.28e+00  1.62e+00   0.20
2003 05 08  0150   52767    6600  0  5.61e+02  1.22e+01  0  6.76e+01  4.54e+01  1.39e+01  4.77e+00  1.78e+00   0.23
2003 05 08  0155   52767    6900  0  6.60e+02  1.59e+01  0  6.02e+01  4.53e+01  1.40e+01  5.22e+00  1.90e+00   0.17
2003 05 08  0200   52767    7200  0  5.61e+02  1.67e+01  0  5.99e+01  3.90e+01  1.09e+01  5.22e+00  1.83e+00   0.22
2003 05 08  0205   52767    7500  0  6.58e+02  1.04e+01  0  3.67e+02  1.70e+02  1.84e+01  5.68e+00  2.38e+00   0.38
2003 05 08  0210   52767    7800  0  5.99e+02  1.21e+01  0  2.86e+02  1.14e+02  1.52e+01  5.14e+00  1.87e+00   0.27
2003 05 08  0215   52767    8100  0  6.67e+02  1.62e+01  0  6.29e+01  3.87e+01  1.16e+01  4.98e+00  1.44e+00   0.31
2003 05 08  0220   52767    8400  0  6.20e+02  1.13e+01  0  6.44e+01  3.60e+01  8.59e+00  3.98e+00  1.32e+00   0.29
2003 05 08  0225   52767    8700  0  5.44e+02  1.16e+01  0  9.23e+02  3.83e+02  1.21e+01  4.58e+00  1.61e+00   0.51
2003 05 08  0230   52767    9000  0  5.75e+02  1.31e+01  0  7.22e+02  2.56e+02  1.79e+01  5.80e+00  2.42e+00   0.32
2003 05 08  0235   52767    9300  0  4.90e+02  1.48e+01  0  1.38e+03  4.40e+02  1.93e+01  5.46e+00  2.15e+00   0.22
2003 05 08  0240   52767    9600  0  5.58e+02  1.26e+01  0  4.66e+02  4.31e+02  1.97e+01  5.12e+00  2.18e+00   0.25
2003 05 08  0245   52767    9900  0  5.75e+02  1.28e+01  0  7.85e+01  3.68e+01  7.87e+00  4.76e+00  1.72e+00   0.42
2003 05 08  0250   52767   10200  0  5.69e+02  1.45e+01  0  1.51e+02  5.49e+01  7.60e+00  4.37e+00  1.34e+00   0.17
2003 05 08  0255   52767   10500  0  5.61e+02  1.42e+01  0  2.73e+02  8.09e+01  9.24e+00  4.41e+00  1.33e+00   0.33
2003 05 08  0300   52767   10800  0  5.27e+02  1.24e+01  0  1.34e+02  5.15e+01  8.00e+00  4.04e+00  1.33e+00   0.26
2003 05 08  0305   52767   11100  0  5.77e+02  1.23e+01  0  4.56e+01  3.53e+01  9.04e+00  4.59e+00  1.37e+00   0.29
2003 05 08  0310   52767   11400  0  5.36e+02  1.58e+01  0  6.99e+01  4.62e+01  1.08e+01  4.25e+00  1.59e+00   0.13
2003 05 08  0315   52767   11700  0  5.48e+02  1.52e+01  0  7.92e+01  4.02e+01  1.25e+01  4.66e+00  1.81e+00   0.09
2003 05 08  0320   52767   12000  0  5.74e+02  1.32e+01  0  1.13e+02  5.39e+01  1.62e+01  5.36e+00  1.78e+00   0.50
2003 05 08  0325   52767   12300  0  4.85e+02  1.24e+01  0  7.45e+01  4.23e+01  1.14e+01  4.15e+00  1.46e+00   0.08
2003 05 08  0330   52767   12600  0  5.12e+02  1.42e+01  0  5.15e+01  3.09e+01  7.75e+00  3.44e+00  1.39e+00   0.40
2003 05 08  0335   52767   12900  0  5.86e+02  1.36e+01  0  5.44e+01  3.33e+01  1.04e+01  3.66e+00  1.48e+00   0.18
2003 05 08  0340   52767   13200  0  4.97e+02  1.52e+01  0  7.26e+01  3.81e+01  1.38e+01  4.15e+00  1.52e+00   0.19
2003 05 08  0345   52767   13500  0  5.22e+02  1.46e+01  0  5.70e+01  3.79e+01  1.14e+01  3.76e+00  1.36e+00   0.26
2003 05 08  0350   52767   13800  0  5.48e+02  1.52e+01  0  5.82e+01  3.77e+01  1.04e+01  3.80e+00  1.29e+00   0.09
2003 05 08  0355   52767   14100  0  5.79e+02  1.50e+01  0  5.37e+01  3.01e+01  9.18e+00  3.56e+00  1.25e+00   0.30
2003 05 08  0400   52767   14400  0  5.01e+02  1.36e+01  0  5.91e+01  2.90e+01  6.77e+00  3.02e+00  1.01e+00   0.05
2003 05 08  0405   52767   14700  0  5.07e+02  1.25e+01  0  4.75e+01  2.52e+01  7.01e+00  2.83e+00  8.95e-01   0.39
2003 05 08  0410   52767   15000  0  4.92e+02  1.35e+01  0  5.26e+01  2.66e+01  5.44e+00  3.20e+00  8.08e-01   0.15
2003 05 08  0415   52767   15300  0  6.33e+02  1.52e+01  0  4.75e+01  3.30e+01  8.78e+00  3.13e+00  9.68e-01   0.29
2003 05 08  0420   52767   15600  0  5.58e+02  1.23e+01  0  4.96e+01  2.60e+01  5.99e+00  3.58e+00  1.08e+00   0.28
2003 05 08  0425   52767   15900  0  6.64e+02  1.48e+01  0  5.03e+01  2.63e+01  7.09e+00  3.44e+00  9.91e-01   0.21
2003 05 08  0430   52767   16200  0  5.65e+02  1.62e+01  0  5.82e+01  3.06e+01  6.13e+00  2.79e+00  1.09e+00   0.14
2003 05 08  0435   52767   16500  0  6.12e+02  1.28e+01  0  4.61e+01  2.49e+01  6.27e+00  2.72e+00  8.70e-01   0.41
2003 05 08  0440   52767   16800  0  5.74e+02  1.93e+01  0  4.95e+01  3.03e+01  7.27e+00  2.93e+00  9.93e-01   0.15
2003 05 08  0445   52767   17100  0  5.90e+02  2.01e+01  0  5.53e+01  2.25e+01  6.79e+00  3.23e+00  1.03e+00   0.26
2003 05 08  0450   52767   17400  0  5.57e+02  1.43e+01  0  4.34e+01  2.54e+01  7.15e+00  2.83e+00  1.21e+00   0.39
2003 05 08  0455   52767   17700  0  5.00e+02  1.39e+01  0  4.42e+01  2.91e+01  6.49e+00  3.19e+00  1.08e+00   0.31
2003 05 08  0500   52767   18000  0  6.23e+02  1.68e+01  0  6.24e+01  3.07e+01  7.75e+00  3.47e+00  9.54e-01   0.54
2003 05 08  0505   52767   18300  0  6.02e+02  1.37e+01  0  5.32e+01  2.51e+01  7.31e+00  3.44e+00  9.53e-01   0.35
2003 05 08  0510   52767   18600  0  5.61e+02  1.09e+01  0  5.13e+01  2.42e+01  7.62e+00  2.99e+00  1.05e+00   0.40
2003 05 08  0515   52767   18900  0  5.49e+02  1.66e+01  0  5.30e+01  2.78e+01  8.17e+00  3.10e+00  9.86e-01   0.24
2003 05 08  0520   52767   19200  0  5.84e+02  1.53e+01  0  4.99e+01  2.66e+01  8.65e+00  2.81e+00  1.21e+00   0.24
2003 05 08  0525   52767   19500  0  5.76e+02  1.28e+01  0  4.46e+01  2.57e+01  6.60e+00  3.61e+00  9.89e-01   0.41
2003 05 08  0530   52767   19800  0  6.09e+02  1.64e+01  0  6.23e+01  2.90e+01  8.19e+00  3.70e+00  1.08e+00   0.20
2003 05 08  0535   52767   20100  0  5.80e+02  1.38e+01  0  7.65e+01  4.20e+01  1.15e+01  3.51e+00  1.65e+00   0.40
2003 05 08  0540   52767   20400  0  6.02e+02  1.30e+01  0  6.72e+01  3.92e+01  1.21e+01  4.04e+00  1.65e+00   0.39
2003 05 08  0545   52767   20700  0  5.07e+02  1.35e+01  0  5.81e+01  3.41e+01  9.92e+00  3.69e+00  1.18e+00   0.59
2003 05 08  0550   52767   21000  0  5.05e+02  1.33e+01  0  6.99e+01  3.59e+01  9.45e+00  3.08e+00  1.62e+00   0.06
2003 05 08  0555   52767   21300  0  5.41e+02  1.51e+01  0  5.94e+01  3.16e+01  1.02e+01  3.82e+00  1.24e+00   0.07
2003 05 08  0600   52767   21600  0  5.32e+02  1.23e+01  0  6.07e+01  3.33e+01  1.05e+01  3.21e+00  1.01e+00   0.17
2003 05 08  0605   52767   21900  0  5.76e+02  1.34e+01  0  5.77e+01  3.62e+01  9.55e+00  3.82e+00  1.06e+00   0.20
2003 05 08  0610   52767   22200  0  5.29e+02  1.56e+01  0  8.27e+01  3.86e+01  9.03e+00  3.05e+00  1.29e+00   0.15
2003 05 08  0615   52767   22500  0  5.77e+02  1.40e+01  0  6.24e+01  3.40e+01  1.06e+01  3.02e+00  1.50e+00   0.37
2003 05 08  0620   52767   22800  0  5.90e+02  1.38e+01  0  6.66e+01  3.26e+01  9.90e+00  3.81e+00  1.40e+00   0.27
2003 05 08  0625   52767   23100  0  4.89e+02  1.46e+01  0  4.69e+01  3.70e+01  8.22e+00  2.89e+00  9.79e-01   0.46
2003 05 08  0630   52767   23400  0  5.77e+02  1.47e+01  0  6.11e+01  2.49e+01  9.18e+00  3.06e+00  8.95e-01   0.25
2003 05 08  0635   52767   23700  0  6.08e+02  1.40e+01  0  4.44e+01  3.17e+01  7.02e+00  2.78e+00  9.38e-01   0.29
2003 05 08  0640   52767   24000  0  5.68e+02  1.38e+01  0  3.86e+01  2.04e+01  6.10e+00  3.30e+00  1.10e+00   0.14
2003 05 08  0645   52767   24300  0  7.03e+02  1.56e+01  0  5.35e+01  2.55e+01  6.42e+00  3.47e+00  1.31e+00   0.74
2003 05 08  0650   52767   24600  0  5.04e+02  1.67e+01  0  6.21e+01  3.81e+01  7.73e+00  2.78e+00  1.12e+00   0.04
2003 05 08  0655   52767   24900  0  6.22e+02  1.63e+01  0  8.03e+02  1.99e+02  1.12e+01  4.11e+00  1.20e+00   0.12
2003 05 08  0700   52767   25200  0  6.03e+02  1.24e+01  0  3.78e+02  9.05e+01  1.06e+01  3.43e+00  1.45e+00   0.03
2003 05 08  0705   52767   25500  0  5.83e+02  1.64e+01  0  3.86e+02  1.19e+02  1.01e+01  3.47e+00  1.23e+00   0.24
2003 05 08  0710   52767   25800  0  6.20e+02  1.40e+01  0  5.45e+01  3.26e+01  7.27e+00  3.50e+00  9.58e-01   0.07
2003 05 08  0715   52767   26100  0  5.91e+02  1.63e+01  0  2.35e+02  5.66e+01  8.52e+00  3.23e+00  1.04e+00   0.42
2003 05 08  0720   52767   26400  0  5.61e+02  1.17e+01  0  2.84e+02  7.54e+01  9.41e+00  3.48e+00  1.26e+00   0.22
2003 05 08  0725   52767   26700  0  6.11e+02  1.45e+01  0  1.95e+02  5.60e+01  7.65e+00  3.63e+00  1.19e+00   0.24
2003 05 08  0730   52767   27000  0  5.07e+02  1.37e+01  0  8.98e+01  3.33e+01  8.46e+00  2.66e+00  1.11e+00   0.18
2003 05 08  0735   52767   27300  0  5.79e+02  1.62e+01  0  5.36e+02  1.20e+02  9.77e+00  3.39e+00  1.35e+00   0.23
2003 05 08  0740   52767   27600  0  5.42e+02  1.48e+01  0  2.85e+02  7.15e+01  9.85e+00  2.98e+00  1.04e+00   0.36
2003 05 08  0745   52767   27900  0  4.87e+02  1.43e+01  0  3.27e+01  2.82e+01  6.70e+00  2.50e+00  9.70e-01   0.09
2003 05 08  0750   52767   28200  0  5.47e+02  1.45e+01  0  5.41e+01  3.44e+01  8.92e+00  3.11e+00  1.27e+00   0.25
2003 05 08  0755   52767   28500  0  5.76e+02  1.62e+01  0  2.90e+02  9.15e+01  1.00e+01  3.03e+00  9.49e-01   0.19
2003 05 08  0800   52767   28800  0  5.47e+02  1.24e+01  0  6.68e+01  3.37e+01  7.97e+00  3.23e+00  1.04e+00   0.44
2003 05 08  0805   52767   29100  0  6.08e+02  1.03e+01  0  1.15e+02  5.16e+01  8.06e+00  3.28e+00  8.45e-01   0.20
2003 05 08  0810   52767   29400  0  5.51e+02  1.26e+01  0  7.89e+01  3.94e+01  9.23e+00  2.73e+00  9.96e-01   0.13
2003 05 08  0815   52767   29700  0  5.79e+02  1.47e+01  0  8.80e+01  3.70e+01  8.06e+00  3.23e+00  1.19e+00   0.36
2003 05 08  0820   52767   30000  0  5.44e+02  1.42e+01  0  5.77e+01  2.98e+01  8.33e+00  2.66e+00  1.00e+00   0.72
2003 05 08  0825   52767   30300  0  5.14e+02  1.38e+01  0  5.12e+01  3.29e+01  7.32e+00  2.80e+00  8.06e-01   0.30
2003 05 08  0830   52767   30600  0  6.44e+02  1.36e+01  0  3.89e+01  1.68e+01  6.88e+00  2.85e+00  1.01e+00   0.15
2003 05 08  0835   52767   30900  0  5.39e+02  1.37e+01  0  4.18e+01  2.17e+01  5.05e+00  2.63e+00  7.79e-01   0.08
2003 05 08  0840   52767   31200  0  5.80e+02  1.54e+01  0  4.50e+01  1.91e+01  5.05e+00  2.46e+00  9.16e-01   0.18
2003 05 08  0845   52767   31500  0  5.48e+02  1.72e+01  0  4.87e+01  2.59e+01  5.43e+00  1.98e+00  8.91e-01   0.79
2003 05 08  0850   52767   31800  0  5.23e+02  1.18e+01  0  4.33e+01  2.15e+01  3.69e+00  2.28e+00  7.11e-01   0.49
2003 05 08  0855   52767   32100  0  5.94e+02  1.52e+01  0  5.84e+01  2.49e+01  5.63e+00  2.60e+00  8.38e-01   0.10
2003 05 08  0900   52767   32400  0  5.88e+02  1.70e+01  0  4.20e+01  2.38e+01  4.79e+00  2.71e+00  7.54e-01   0.21
2003 05 08  0905   52767   32700  0  5.43e+02  1.51e+01  0  5.07e+01  2.30e+01  5.46e+00  2.12e+00  8.38e-01   0.35
2003 05 08  0910   52767   33000  0  5.20e+02  1.33e+01  0  6.10e+01  2.70e+01  4.36e+00  2.32e+00  6.81e-01   0.36
2003 05 08  0915   52767   33300  0  6.22e+02  1.68e+01  0  5.38e+01  1.99e+01  5.57e+00  3.31e+00  9.32e-01   0.13
2003 05 08  0920   52767   33600  0  5.61e+02  1.10e+01  0  4.81e+01  2.08e+01  5.42e+00  2.26e+00  6.65e-01   0.20
2003 05 08  0925   52767   33900  0  5.21e+02  1.17e+01  0  4.39e+01  2.25e+01  4.78e+00  2.21e+00  6.76e-01   0.14
2003 05 08  0930   52767   34200  0  5.48e+02  1.36e+01  0  4.73e+01  2.24e+01  5.94e+00  2.24e+00  6.41e-01   0.07
2003 05 08  0935   52767   34500  0  6.20e+02  1.29e+01  0  4.62e+01  1.93e+01  5.77e+00  2.18e+00  6.03e-01   0.48
2003 05 08  0940   52767   34800  0  5.26e+02  1.12e+01  0  4.42e+01  2.41e+01  4.76e+00  2.01e+00  8.26e-01   0.16
2003 05 08  0945   52767   35100  0  5.66e+02  1.47e+01  0  4.57e+01  2.39e+01  6.56e+00  2.10e+00  6.17e-01   0.16
2003 05 08  0950   52767   35400  0  5.64e+02  1.11e+01  0  3.82e+01  2.57e+01  4.95e+00  2.15e+00  7.53e-01   0.39
2003 05 08  0955   52767   35700  0  5.59e+02  1.56e+01  0  3.08e+02  1.36e+02  8.17e+00  1.89e+00  8.68e-01   0.47
2003 05 08  1000   52767   36000  0  5.09e+02  1.26e+01  0  3.03e+03  8.53e+02  2.17e+01  2.49e+00  1.01e+00   0.19
2003 05 08  1005   52767   36300  0  4.85e+02  1.39e+01  0  5.12e+02  1.58e+02  7.85e+00  2.16e+00  7.76e-01   0.07
2003 05 08  1010   52767   36600  0  5.99e+02  1.48e+01  0  1.07e+03  3.01e+02  1.17e+01  2.38e+00  9.38e-01   0.32
2003 05 08  1015   52767   36900  0  4.66e+02  1.27e+01  0  1.46e+02  3.19e+02  7.86e+00  1.90e+00  6.54e-01   0.08
2003 05 08  1020   52767   37200  0  5.86e+02  1.28e+01  0  7.54e+02  2.55e+02  9.77e+00  2.43e+00  8.48e-01   0.08
2003 05 08  1025   52767   37500  0  6.17e+02  1.47e+01  0  2.51e+02  7.31e+01  6.85e+00  2.30e+00  7.06e-01   0.30
2003 05 08  1030   52767   37800  0  6.49e+02  1.43e+01  0  1.30e+02  4.75e+01  4.95e+00  2.33e+00  5.60e-01   0.45
2003 05 08  1035   52767   38100  0  5.80e+02  1.20e+01  0  4.90e+01  2.47e+01  5.20e+00  1.95e+00  6.47e-01   0.39
2003 05 08  1040   52767   38400  0  5.11e+02  1.72e+01  0  6.04e+01  3.36e+01  5.77e+00  1.85e+00  6.98e-01   0.25
2003 05 08  1045   52767   38700  0  5.36e+02  1.38e+01  0  2.37e+02  7.59e+01  4.69e+00  1.54e+00  8.35e-01   0.59
2003 05 08  1050   52767   39000  0  5.39e+02  1.41e+01  0  6.22e+02  1.62e+02  8.49e+00  2.31e+00  6.17e-01   0.36
2003 05 08  1055   52767   39300  0  5.78e+02  1.51e+01  0  7.30e+02  1.86e+02  7.35e+00  1.94e+00  6.51e-01   0.12
2003 05 08  1100   52767   39600  0  6.33e+02  1.06e+01  0  1.24e+02  4.19e+01  5.01e+00  1.55e+00  8.42e-01   0.24
2003 05 08  1105   52767   39900  0  5.94e+02  1.31e+01  0  7.58e+01  3.02e+01  5.94e+00  1.99e+00  5.84e-01   0.15
2003 05 08  1110   52767   40200  0  5.79e+02  1.42e+01  0  7.23e+01  3.29e+01  6.25e+00  2.01e+00  7.44e-01   0.29
2003 05 08  1115   52767   40500  0  5.81e+02  1.46e+01  0  1.82e+02  4.41e+01  4.33e+00  1.44e+00  8.35e-01   0.22
2003 05 08  1120   52767   40800  0  5.72e+02  1.37e+01  0  1.81e+02  6.07e+01  4.24e+00  1.96e+00  5.78e-01   0.36
2003 05 08  1125   52767   41100  0  5.11e+02  9.84e+00  0  2.91e+02  8.66e+01  5.96e+00  1.91e+00  5.09e-01   0.28
2003 05 08  1130   52767   41400  0  5.88e+02  1.32e+01  0  5.35e+02  1.76e+02  7.27e+00  2.82e+00  9.11e-01   0.33
2003 05 08  1135   52767   41700  0  6.53e+02  1.35e+01  0  5.88e+02  1.76e+02  8.92e+00  1.93e+00  9.46e-01   0.88
2003 05 08  1140   52767   42000  0  5.37e+02  1.38e+01  0  1.73e+03  4.71e+02  1.61e+01  2.54e+00  1.03e+00   0.09
2003 05 08  1145   52767   42300  0  5.57e+02  1.35e+01  0  1.01e+03  2.47e+02  7.15e+00  1.84e+00  1.02e+00   0.23
2003 05 08  1150   52767   42600  0  6.35e+02  1.78e+01  0  6.88e+01  2.85e+01  7.19e+00  2.17e+00  6.15e-01   0.37
2003 05 08  1155   52767   42900  0  6.20e+02  1.27e+01  0  5.81e+02  1.34e+02  7.56e+00  2.42e+00  7.10e-01   0.15
2003 05 08  1200   52767   43200  0  5.75e+02  1.21e+01  0  3.20e+02  9.19e+01  7.93e+00  2.45e+00  9.96e-01   0.11
2003 05 08  1205   52767   43500  0  6.17e+02  1.24e+01  0  4.46e+01  2.70e+01  7.79e+00  2.39e+00  7.52e-01   0.20
2003 05 08  1210   52767   43800  0  6.41e+02  1.32e+01  0  4.57e+01  2.06e+01  5.93e+00  2.04e+00  7.89e-01   0.64
2003 05 08  1215   52767   44100  0  6.04e+02  1.26e+01  0  5.34e+01  2.88e+01  6.91e+00  2.33e+00  9.48e-01   0.05
2003 05 08  1220   52767   44400  0  6.62e+02  1.36e+01  0  4.20e+01  2.88e+01  7.76e+00  2.19e+00  6.54e-01   0.57
2003 05 08  1225   52767   44700  0  5.97e+02  1.81e+01  0  4.90e+01  2.54e+01  5.17e+00  1.67e+00  8.45e-01   0.42
2003 05 08  1230   52767   45000  0  6.27e+02  1.53e+01  0  5.54e+01  2.92e+01  5.65e+00  2.05e+00  7.13e-01   0.30
2003 05 08  1235   52767   45300  0  5.33e+02  1.49e+01  0  4.56e+01  2.34e+01  6.32e+00  1.81e+00  7.80e-01   0.50
2003 05 08  1240   52767   45600  0  5.51e+02  1.29e+01  0  4.48e+01  1.94e+01  5.14e+00  1.59e+00  5.91e-01   0.35
2003 05 08  1245   52767   45900  0  6.48e+02  1.49e+01  0  5.09e+01  2.24e+01  4.70e+00  2.14e+00  8.47e-01   0.17
2003 05 08  1250   52767   46200  0  5.12e+02  1.21e+01  0  4.74e+01  2.22e+01  4.83e+00  1.81e+00  7.73e-01   0.49
2003 05 08  1255   52767   46500  0  5.85e+02  1.47e+01  0  5.92e+01  2.18e+01  4.62e+00  1.63e+00  5.50e-01   0.62
2003 05 08  1300   52767   46800  0  6.00e+02  1.31e+01  0  8.32e+01  2.44e+01  4.16e+00  1.66e+00  6.59e-01   0.25
2003 05 08  1305   52767   47100  0  5.57e+02  1.40e+01  0  7.38e+01  2.60e+01  4.54e+00  1.58e+00  5.06e-01   0.33
2003 05 08  1310   52767   47400  0  5.03e+02  1.26e+01  0  4.29e+01  2.40e+01  3.95e+00  1.47e+00  6.11e-01   0.98
2003 05 08  1315   52767   47700  0  5.63e+02  1.64e+01  0  5.17e+01  2.33e+01  4.26e+00  1.46e+00  6.27e-01   0.46
2003 05 08  1320   52767   48000  0  6.50e+02  1.42e+01  0  6.56e+01  2.86e+01  4.99e+00  1.94e+00  5.43e-01   0.13
2003 05 08  1325   52767   48300  0  5.41e+02  1.16e+01  0  1.66e+02  6.67e+01  1.02e+01  2.32e+00  6.73e-01   0.44
2003 05 08  1330   52767   48600  0  4.84e+02  1.81e+01  0  1.21e+02  5.88e+01  6.69e+00  2.12e+00  5.99e-01   0.36
2003 05 08  1335   52767   48900  0  5.49e+02  1.58e+01  0  1.24e+02  6.04e+01  7.97e+00  2.41e+00  5.80e-01   0.16
2003 05 08  1340   52767   49200  0  5.28e+02  1.33e+01  0  8.44e+01  3.56e+01  7.47e+00  1.99e+00  5.19e-01   0.30
2003 05 08  1345   52767   49500  0  5.56e+02  1.52e+01  0  8.11e+01  3.85e+01  7.21e+00  1.87e+00  7.04e-01   0.41
2003 05 08  1350   52767   49800  0  6.53e+02  1.23e+01  0  8.80e+01  5.11e+01  7.37e+00  2.00e+00  6.04e-01   0.12
2003 05 08  1355   52767   50100  0  6.39e+02  1.21e+01  0  7.59e+01  4.85e+01  8.60e+00  2.34e+00  8.49e-01   0.38
2003 05 08  1400   52767   50400  0  5.42e+02  1.45e+01  0  7.21e+01  4.00e+01  8.19e+00  1.79e+00  9.16e-01   0.42
2003 05 08  1405   52767   50700  0  5.52e+02  1.48e+01  0  7.65e+01  4.20e+01  8.79e+00  2.78e+00  1.10e+00   0.31
2003 05 08  1410   52767   51000  0  5.99e+02  1.46e+01  0  6.18e+01  4.47e+01  8.99e+00  2.11e+00  8.78e-01   0.18
2003 05 08  1415   52767   51300  0  5.95e+02  1.38e+01  0  6.36e+01  4.04e+01  7.08e+00  1.76e+00  7.23e-01   0.10
2003 05 08  1420   52767   51600  0  6.00e+02  1.65e+01  0  7.55e+01  5.28e+01  9.13e+00  1.93e+00  7.10e-01   0.31
2003 05 08  1425   52767   51900  0  6.15e+02  1.20e+01  0  8.07e+01  4.86e+01  8.78e+00  2.36e+00  7.79e-01   0.42
2003 05 08  1430   52767   52200  0  5.75e+02  1.63e+01  0  8.25e+01  4.86e+01  8.85e+00  2.06e+00  5.84e-01   0.17
2003 05 08  1435   52767   52500  0  6.08e+02  1.70e+01  0  8.50e+01  5.22e+01  8.26e+00  2.23e+00  7.39e-01   0.12
2003 05 08  1440   52767   52800  0  5.91e+02  1.38e+01  0  1.10e+02  4.65e+01  8.15e+00  2.19e+00  7.70e-01   0.14
2003 05 08  1445   52767   53100  0  6.24e+02  1.43e+01  0  8.56e+01  4.89e+01  9.11e+00  2.45e+00  7.10e-01   0.23
2003 05 08  1450   52767   53400  0  5.67e+02  1.46e+01  0  1.04e+02  4.57e+01  7.39e+00  1.91e+00  7.27e-01   0.22
2003 05 08  1455   52767   53700  0  5.72e+02  1.64e+01  0  1.18e+02  5.40e+01  7.99e+00  1.99e+00  6.99e-01   0.30
2003 05 08  1500   52767   54000  0  6.87e+02  1.48e+01  0  1.00e+02  4.48e+01  8.33e+00  2.28e+00  7.56e-01   0.14
2003 05 08  1505   52767   54300  0  5.93e+02  1.42e+01  0  1.09e+02  5.13e+01  8.47e+00  2.16e+00  8.17e-01   0.10
2003 05 08  1510   52767   54600  0  6.56e+02  1.43e+01  0  1.15e+02  5.61e+01  9.50e+00  2.43e+00  1.00e+00   0.25
2003 05 08  1515   52767   54900  0  6.30e+02  1.34e+01  0  1.22e+02  4.77e+01  1.08e+01  2.64e+00  9.67e-01   0.18
2003 05 08  1520   52767   55200  0  5.50e+02  1.20e+01  0  1.17e+02  4.80e+01  9.00e+00  2.22e+00  6.16e-01   0.20
2003 05 08  1525   52767   55500  0  5.19e+02  1.61e+01  0  1.49e+02  6.75e+01  1.18e+01  2.74e+00  9.16e-01   0.17
2003 05 08  1530   52767   55800  0  6.02e+02  1.43e+01  0  1.73e+02  7.12e+01  1.23e+01  2.03e+00  7.69e-01   0.23
2003 05 08  1535   52767   56100  0  6.19e+02  1.34e+01  0  2.61e+02  1.10e+02  1.25e+01  2.61e+00  5.92e-01   0.28
2003 05 08  1540   52767   56400  0  5.54e+02  1.25e+01  0  2.22e+02  1.03e+02  1.08e+01  2.81e+00  6.49e-01   0.41
2003 05 08  1545   52767   56700  0  5.58e+02  1.75e+01  0  2.12e+02  1.05e+02  1.31e+01  2.83e+00  6.01e-01   0.44
2003 05 08  1550   52767   57000  0  6.04e+02  1.39e+01  0  2.04e+02  1.14e+02  1.49e+01  2.29e+00  7.41e-01   0.25
2003 05 08  1555   52767   57300  0  6.12e+02  1.39e+01  0  1.90e+02  9.88e+01  1.36e+01  2.67e+00  7.29e-01   0.25
2003 05 08  1600   52767   57600  0  6.05e+02  1.55e+01  0  2.32e+02  1.22e+02  1.54e+01  2.67e+00  9.58e-01   0.06
2003 05 08  1605   52767   57900  0  6.28e+02  1.37e+01  0  2.66e+02  1.41e+02  1.64e+01  2.94e+00  1.05e+00   0.39
2003 05 08  1610   52767   58200  0  6.07e+02  1.54e+01  0  2.76e+02  1.50e+02  1.45e+01  2.38e+00  9.40e-01   0.32
2003 05 08  1615   52767   58500  0  6.70e+02  1.40e+01  0  2.40e+02  1.33e+02  1.80e+01  3.32e+00  9.11e-01   0.50
2003 05 08  1620   52767   58800  0  5.83e+02  1.62e+01  0  1.80e+02  1.01e+02  1.17e+01  2.29e+00  5.61e-01   0.12
2003 05 08  1625   52767   59100  0  5.72e+02  1.16e+01  0  3.58e+02  1.73e+02  1.72e+01  3.09e+00  1.17e+00   0.27
2003 05 08  1630   52767   59400  0  5.99e+02  1.63e+01  0  5.28e+02  2.85e+02  2.74e+01  3.70e+00  1.29e+00   0.24
2003 05 08  1635   52767   59700  0  6.61e+02  2.98e+01  0  1.33e+02  9.35e+01  1.30e+01  1.83e+00 -1.00e+05   1.15
2003 05 08  1640   52767   60000  0  6.87e+02  1.52e+01  0  3.21e+02  1.63e+02  2.00e+01  2.79e+00  1.38e+00   0.25
2003 05 08  1645   52767   60300  0  5.60e+02  1.29e+01  0  4.05e+02  2.09e+02  2.11e+01  3.00e+00  8.02e-01   0.47
2003 05 08  1650   52767   60600  0  6.20e+02  1.42e+01  0  5.12e+02  2.55e+02  2.67e+01  3.89e+00  1.71e+00   0.46
2003 05 08  1655   52767   60900  0  6.33e+02  1.33e+01  0  4.28e+02  2.10e+02  2.13e+01  3.67e+00  1.08e+00   0.23
2003 05 08  1700   52767   61200  0  6.71e+02  1.60e+01  0  3.63e+02  1.79e+02  1.76e+01  2.84e+00  9.38e-01   0.47
2003 05 08  1705   52767   61500  0  6.76e+02  1.27e+01  0  2.85e+02  1.30e+02  1.34e+01  2.85e+00  7.77e-01   0.17
2003 05 08  1710   52767   61800  0  5.64e+02  1.38e+01  0  2.51e+02  1.11e+02  1.01e+01  2.10e+00  6.47e-01   0.24
2003 05 08  1715   52767   62100  0  6.66e+02  1.16e+01  0  2.17e+02  9.56e+01  1.26e+01  2.50e+00  8.14e-01   0.16
2003 05 08  1720   52767   62400  0  5.86e+02  1.34e+01  0  3.00e+02  1.35e+02  1.34e+01  2.90e+00  7.61e-01   0.31
2003 05 08  1725   52767   62700  0  5.88e+02  1.42e+01  0  3.27e+02  1.38e+02  1.51e+01  3.20e+00  1.01e+00   0.14
2003 05 08  1730   52767   63000  0  5.42e+02  1.62e+01  0  5.20e+02  1.56e+02  1.21e+01  2.79e+00  5.21e-01   0.32
2003 05 08  1735   52767   63300  0  5.89e+02  1.47e+01  0  4.12e+02  1.46e+02  1.28e+01  2.39e+00  8.99e-01   0.10
2003 05 08  1740   52767   63600  0  6.82e+02  2.08e+01  0  4.20e+02  1.88e+02  2.25e+01  3.23e+00  1.03e+00   0.42
2003 05 08  1745   52767   63900  0  5.20e+02  1.60e+01  0  3.59e+02  1.39e+02  1.54e+01  2.81e+00  8.51e-01   0.24
2003 05 08  1750   52767   64200  0  6.39e+02  1.54e+01  0  3.30e+02  1.41e+02  1.53e+01  3.43e+00  1.00e+00   0.25
2003 05 08  1755   52767   64500  0  5.79e+02  1.38e+01  0  3.91e+02  1.88e+02  2.10e+01  3.29e+00  1.16e+00   0.29
2003 05 08  1800   52767   64800  0  5.79e+02  1.17e+01  0  6.07e+02  2.81e+02  2.31e+01  3.54e+00  1.16e+00   0.12
2003 05 08  1805   52767   65100  0  6.62e+02  1.60e+01  0  5.97e+02  2.75e+02  2.40e+01  3.64e+00  1.14e+00   0.08
2003 05 08  1810   52767   65400  0  6.86e+02  1.38e+01  0  7.76e+02  3.08e+02  2.38e+01  3.50e+00  1.17e+00   0.39
2003 05 08  1815   52767   65700  0  5.64e+02  1.47e+01  0  8.53e+02  3.33e+02  2.84e+01  3.49e+00  1.12e+00   0.12
2003 05 08  1820   52767   66000  0  6.65e+02  1.32e+01  0  8.28e+02  3.47e+02  2.90e+01  4.12e+00  1.51e+00   0.05
2003 05 08  1825   52767   66300  0  6.66e+02  1.54e+01  0  8.27e+02  3.43e+02  2.69e+01  3.62e+00  1.31e+00   0.11
2003 05 08  1830   52767   66600  0  6.78e+02  1.15e+01  0  8.87e+02  3.55e+02  2.85e+01  3.47e+00  1.24e+00   0.08
2003 05 08  1835   52767   66900  0  5.57e+02  1.36e+01  0  8.98e+02  3.51e+02  2.65e+01  3.26e+00  1.19e+00   0.26
2003 05 08  1840   52767   67200  0  6.22e+02  1.50e+01  0  8.49e+02  3.24e+02  2.40e+01  4.04e+00  1.24e+00   0.20
2003 05 08  1845   52767   67500  0  5.81e+02  1.42e+01  0  1.11e+03  3.26e+02  2.12e+01  3.49e+00  1.03e+00   0.28
2003 05 08  1850   52767   67800  0  5.91e+02  1.38e+01  0  1.08e+03  3.92e+02  2.70e+01  4.33e+00  1.11e+00   0.20
2003 05 08  1855   52767   68100  0  7.40e+02  1.67e+01  0  8.17e+03  2.56e+03  3.76e+01  3.70e+00  1.62e+00   0.17
2003 05 08  1900   52767   68400  0  5.91e+02  1.32e+01  0  2.48e+03  5.97e+02  3.08e+01  4.65e+00  1.20e+00   0.14
2003 05 08  1905   52767   68700  0  6.35e+02  1.21e+01  0  1.83e+03  5.50e+02  2.67e+01  4.05e+00  1.22e+00   0.06
2003 05 08  1910   52767   69000  0  5.84e+02  1.44e+01  0  1.40e+03  5.35e+02  3.88e+01  4.34e+00  1.51e+00   0.16
2003 05 08  1915   52767   69300  0  5.86e+02  1.18e+01  0  1.54e+03  5.54e+02  3.27e+01  4.15e+00  1.07e+00   0.27
2003 05 08  1920   52767   69600  0  6.72e+02  1.13e+01  0  2.01e+03  5.56e+02  3.18e+01  5.05e+00  1.36e+00   0.26
2003 05 08  1925   52767   69900  0  5.79e+02  1.30e+01  0  1.21e+03  4.70e+02  3.66e+01  4.86e+00  1.18e+00   0.16
2003 05 08  1930   52767   70200  0  5.86e+02  1.60e+01  0  1.46e+03  5.41e+02  3.74e+01  4.87e+00  1.35e+00   0.17
2003 05 08  1935   52767   70500  0  6.50e+02  1.37e+01  0  1.65e+03  6.25e+02  3.76e+01  5.06e+00  1.45e+00   0.23
2003 05 08  1940   52767   70800  0  5.28e+02  1.09e+01  0  1.36e+03  5.47e+02  3.65e+01  5.20e+00  1.37e+00   0.05
2003 05 08  1945   52767   71100  0  5.98e+02  1.46e+01  0  1.41e+03  5.55e+02  4.18e+01  5.17e+00  1.87e+00   0.20
2003 05 08  1950   52767   71400  0  7.49e+02  1.40e+01  0  1.84e+03  7.33e+02  4.85e+01  5.45e+00  1.75e+00   0.19
2003 05 08  1955   52767   71700  0  6.26e+02  1.31e+01  0  1.85e+03  7.20e+02  5.00e+01  5.76e+00  1.64e+00   0.29
2003 05 08  2000   52767   72000  0  6.17e+02  1.51e+01  0  2.14e+03  7.92e+02  5.58e+01  6.45e+00  1.72e+00   0.15
2003 05 08  2005   52767   72300  0  6.16e+02  1.33e+01  0  2.94e+03  1.03e+03  4.94e+01  5.91e+00  1.58e+00   0.31
2003 05 08  2010   52767   72600  0  6.91e+02  1.70e+01  0  2.95e+03  9.94e+02  5.49e+01  6.90e+00  1.89e+00   0.19
2003 05 08  2015   52767   72900  0  6.16e+02  1.51e+01  0  5.82e+03  1.61e+03  6.50e+01  6.43e+00  1.61e+00   0.29
2003 05 08  2020   52767   73200  0  6.00e+02  1.82e+01  0  6.38e+03  1.89e+03  7.17e+01  6.55e+00  2.08e+00   0.26
2003 05 08  2025   52767   73500  0  6.86e+02  1.31e+01  0  6.46e+03  2.11e+03  7.90e+01  5.79e+00  2.07e+00   0.15
2003 05 08  2030   52767   73800  0  6.91e+02  1.51e+01  0  6.64e+03  1.83e+03  6.45e+01  6.07e+00  2.02e+00   0.15
2003 05 08  2035   52767   74100  0  6.24e+02  1.58e+01  0  5.32e+03  1.37e+03  4.86e+01  5.68e+00  1.85e+00   0.38
2003 05 08  2040   52767   74400  0  7.14e+02  1.44e+01  0  9.10e+02  3.35e+02  2.54e+01  5.59e+00  1.17e+00   0.42
2003 05 08  2045   52767   74700  0  6.69e+02  1.32e+01  0  1.14e+03  4.13e+02  2.67e+01  4.87e+00  1.33e+00   0.54
2003 05 08  2050   52767   75000  0  6.05e+02  1.37e+01  0  1.11e+03  4.15e+02  2.97e+01  5.31e+00  1.31e+00   0.43
2003 05 08  2055   52767   75300  0  6.62e+02  1.39e+01  0  3.33e+03  8.98e+02  3.84e+01  5.66e+00  1.37e+00   0.29
2003 05 08  2100   52767   75600  0  6.35e+02  1.23e+01  0  5.25e+03  1.24e+03  4.10e+01  4.75e+00  1.33e+00   0.25
2003 05 08  2105   52767   75900  0  5.50e+02  1.38e+01  0  1.59e+03  5.02e+02  2.43e+01  3.71e+00  1.15e+00   0.29
2003 05 08  2110   52767   76200  0  6.31e+02  1.29e+01  0  1.37e+03  4.46e+02  3.10e+01  4.00e+00  1.31e+00   0.17
2003 05 08  2115   52767   76500  0  6.28e+02  1.81e+01  0  1.66e+03  5.67e+02  3.68e+01  4.61e+00  1.29e+00   0.12
2003 05 08  2120   52767   76800  0  6.10e+02  1.45e+01  0  1.60e+03  5.40e+02  3.96e+01  4.10e+00  1.36e+00   0.15
2003 05 08  2125   52767   77100  0  6.20e+02  1.08e+01  0  1.40e+03  4.36e+02  2.95e+01  3.83e+00  1.13e+00   0.08
2003 05 08  2130   52767   77400  0  5.90e+02  1.49e+01  0  1.32e+03  4.19e+02  2.94e+01  3.63e+00  9.87e-01   0.12
2003 05 08  2135   52767   77700  0  6.19e+02  1.74e+01  0  1.43e+03  4.35e+02  2.96e+01  4.03e+00  9.99e-01   0.31
2003 05 08  2140   52767   78000  0  5.18e+02  1.28e+01  0  1.18e+03  3.94e+02  2.50e+01  3.29e+00  9.68e-01   0.15
2003 05 08  2145   52767   78300  0  5.32e+02  1.24e+01  0  1.77e+03  4.63e+02  2.39e+01  3.41e+00  1.11e+00   0.19
2003 05 08  2150   52767   78600  0  6.07e+02  1.50e+01  0  2.22e+03  5.62e+02  2.72e+01  3.15e+00  1.21e+00   0.22
2003 05 08  2155   52767   78900  0  6.20e+02  1.34e+01  0  2.47e+03  5.99e+02  3.16e+01  3.70e+00  1.10e+00   0.14
2003 05 08  2200   52767   79200  0  5.69e+02  1.25e+01  0  2.07e+03  5.35e+02  3.08e+01  3.66e+00  1.13e+00   0.09
2003 05 08  2205   52767   79500  0  6.93e+02  1.51e+01  0  1.53e+03  4.40e+02  2.84e+01  3.91e+00  9.00e-01   0.20
2003 05 08  2210   52767   79800  0  6.77e+02  1.84e+01  0  9.41e+02  3.84e+02  3.37e+01  4.13e+00  1.29e+00   0.08
2003 05 08  2215   52767   80100  0  5.32e+02  1.49e+01  0  8.88e+02  4.02e+02  3.39e+01  4.21e+00  1.09e+00   0.13
2003 05 08  2220   52767   80400  0  6.69e+02  1.63e+01  0  1.08e+03  3.90e+02  3.79e+01  4.26e+00  1.24e+00   0.18
2003 05 08  2225   52767   80700  0  7.00e+02  1.18e+01  0  9.47e+02  3.85e+02  2.97e+01  3.79e+00  1.43e+00   0.25
2003 05 08  2230   52767   81000  0  6.75e+02  1.44e+01  0  9.56e+02  4.04e+02  3.16e+01  3.93e+00  1.22e+00   0.55
2003 05 08  2235   52767   81300  0  6.95e+02  1.41e+01  0  1.48e+03  6.95e+02  6.55e+01  5.68e+00  1.88e+00   0.37
2003 05 08  2240   52767   81600  0  7.14e+02  1.38e+01  0  1.70e+03  8.09e+02  7.44e+01  6.46e+00  2.12e+00   0.23
2003 05 08  2245   52767   81900  0  6.11e+02  1.42e+01  0  8.20e+02  2.91e+02  2.55e+01  2.92e+00  1.15e+00   0.19
2003 05 08  2250   52767   82200  0  6.40e+02  1.38e+01  0  1.38e+03  5.84e+02  4.31e+01  4.27e+00  1.37e+00   0.16
2003 05 08  2255   52767   82500  0  6.73e+02  1.42e+01  0  1.57e+03  7.16e+02  6.17e+01  5.86e+00  2.04e+00   0.45
2003 05 08  2300   52767   82800  0  6.00e+02  1.46e+01  0  1.39e+03  6.09e+02  4.92e+01  4.94e+00  1.70e+00   0.34
2003 05 08  2305   52767   83100  0  6.25e+02  1.54e+01  0  1.34e+03  5.44e+02  4.10e+01  3.39e+00  1.18e+00   0.28
2003 05 08  2310   52767   83400  0  5.56e+02  1.49e+01  0  1.05e+03  3.70e+02  2.40e+01  3.46e+00  9.35e-01   0.38
2003 05 08  2315   52767   83700  0  6.11e+02  1.22e+01  0  1.50e+03  5.29e+02  3.31e+01  3.36e+00  8.93e-01   0.38
2003 05 08  2320   52767   84000  0  5.49e+02  1.37e+01  0  1.85e+03  5.92e+02  3.55e+01  4.33e+00  1.35e+00   0.36
2003 05 08  2325   52767   84300  0  5.92e+02  1.17e+01  0  2.39e+03  8.15e+02  4.35e+01  3.86e+00  1.18e+00   0.38
2003 05 08  2330   52767   84600  0  6.13e+02  1.57e+01  0  1.49e+03  6.01e+02  3.99e+01  3.95e+00  1.22e+00   0.06
2003 05 08  2335   52767   84900  0  5.20e+02  1.22e+01  0  1.64e+03  5.47e+02  3.33e+01  3.19e+00  1.28e+00   0.14
2003 05 08  2340   52767   85200  0  6.15e+02  1.49e+01  0  3.82e+03  1.29e+03  7.38e+01  8.00e+00  1.70e+00   0.25
2003 05 08  2345   52767   85500  0  6.43e+02  1.44e+01  0  6.37e+03  1.87e+03  8.85e+01  6.41e+00  1.75e+00   0.81
2003 05 08  2350   52767   85800  0  6.42e+02  1.47e+01  0  8.98e+03  2.95e+03  1.34e+02  1.02e+01  3.05e+00   0.65
2003 05 08  2355   52767   86100  0  6.05e+02  1.28e+01  0  7.22e+03  2.47e+03  1.48e+02  9.24e+00  3.07e+00   0.77
