:Data_list: 20031106_ace_sis_5m.txt
:Created: 2003 Nov 07 0011 UT
# Prepared by the U.S. Dept. of Commerce, NOAA, Space Environment Center.
# Please send comments and suggestions to SEC.Webmaster@noaa.gov 
# 
# Units: proton flux p/cs2-sec-ster
# Status(S): 0 = nominal data, 1 to 8 = bad data record, 9 = no data
# Missing data values: -1.00e+05
# Source: ACE Satellite - Solar Isotope Spectrometer
#
# 5-minute averaged Real-time Integral Flux of High-energy Solar Protons
# 
#                 Modified Seconds
# UT Date   Time   Julian  of the      ---- Integral Proton Flux ----
# YR MO DA  HHMM     Day     Day       S    > 10 MeV    S    > 30 MeV
#--------------------------------------------------------------------
2003 11 06  0000    52949       0      0    9.54e+01    0    1.74e+01
2003 11 06  0005    52949     300      0    9.53e+01    0    1.68e+01
2003 11 06  0010    52949     600      0    9.63e+01    0    1.74e+01
2003 11 06  0015    52949     900      0    9.65e+01    0    1.69e+01
2003 11 06  0020    52949    1200      0    9.56e+01    0    1.75e+01
2003 11 06  0025    52949    1500      0    9.41e+01    0    1.58e+01
2003 11 06  0030    52949    1800      0    9.38e+01    0    1.63e+01
2003 11 06  0035    52949    2100      0    9.45e+01    0    1.67e+01
2003 11 06  0040    52949    2400      0    9.43e+01    0    1.61e+01
2003 11 06  0045    52949    2700      0    9.56e+01    0    1.72e+01
2003 11 06  0050    52949    3000      0    9.22e+01    0    1.57e+01
2003 11 06  0055    52949    3300      0    9.08e+01    0    1.56e+01
2003 11 06  0100    52949    3600      0    9.00e+01    0    1.57e+01
2003 11 06  0105    52949    3900      0    9.05e+01    0    1.58e+01
2003 11 06  0110    52949    4200      0    8.81e+01    0    1.51e+01
2003 11 06  0115    52949    4500      0    8.78e+01    0    1.52e+01
2003 11 06  0120    52949    4800      0    8.91e+01    0    1.60e+01
2003 11 06  0125    52949    5100      0    8.87e+01    0    1.47e+01
2003 11 06  0130    52949    5400      0    9.15e+01    0    1.56e+01
2003 11 06  0135    52949    5700      0    9.06e+01    0    1.55e+01
2003 11 06  0140    52949    6000      0    9.18e+01    0    1.59e+01
2003 11 06  0145    52949    6300      0    9.20e+01    0    1.56e+01
2003 11 06  0150    52949    6600      0    9.16e+01    0    1.57e+01
2003 11 06  0155    52949    6900      0    9.00e+01    0    1.55e+01
2003 11 06  0200    52949    7200      0    8.58e+01    0    1.46e+01
2003 11 06  0205    52949    7500      0    8.85e+01    0    1.47e+01
2003 11 06  0210    52949    7800      0    8.81e+01    0    1.50e+01
2003 11 06  0215    52949    8100      0    8.56e+01    0    1.42e+01
2003 11 06  0220    52949    8400      0    8.56e+01    0    1.42e+01
2003 11 06  0225    52949    8700      0    8.38e+01    0    1.40e+01
2003 11 06  0230    52949    9000      0    8.29e+01    0    1.36e+01
2003 11 06  0235    52949    9300      0    8.36e+01    0    1.38e+01
2003 11 06  0240    52949    9600      0    8.23e+01    0    1.43e+01
2003 11 06  0245    52949    9900      0    8.26e+01    0    1.38e+01
2003 11 06  0250    52949   10200      0    8.27e+01    0    1.42e+01
2003 11 06  0255    52949   10500      0    8.22e+01    0    1.38e+01
2003 11 06  0300    52949   10800      0    8.38e+01    0    1.41e+01
2003 11 06  0305    52949   11100      0    7.98e+01    0    1.32e+01
2003 11 06  0310    52949   11400      0    7.85e+01    0    1.29e+01
2003 11 06  0315    52949   11700      0    7.74e+01    0    1.23e+01
2003 11 06  0320    52949   12000      0    7.75e+01    0    1.29e+01
2003 11 06  0325    52949   12300      0    7.76e+01    0    1.25e+01
2003 11 06  0330    52949   12600      0    7.36e+01    0    1.21e+01
2003 11 06  0335    52949   12900      0    7.41e+01    0    1.25e+01
2003 11 06  0340    52949   13200      0    7.37e+01    0    1.27e+01
2003 11 06  0345    52949   13500      0    7.68e+01    0    1.24e+01
2003 11 06  0350    52949   13800      0    7.80e+01    0    1.30e+01
2003 11 06  0355    52949   14100      0    7.97e+01    0    1.34e+01
2003 11 06  0400    52949   14400      0    7.94e+01    0    1.32e+01
2003 11 06  0405    52949   14700      0    7.88e+01    0    1.29e+01
2003 11 06  0410    52949   15000      0    8.00e+01    0    1.34e+01
2003 11 06  0415    52949   15300      0    8.02e+01    0    1.32e+01
2003 11 06  0420    52949   15600      0    7.93e+01    0    1.30e+01
2003 11 06  0425    52949   15900      0    7.64e+01    0    1.24e+01
2003 11 06  0430    52949   16200      0    7.61e+01    0    1.23e+01
2003 11 06  0435    52949   16500      0    7.35e+01    0    1.19e+01
2003 11 06  0440    52949   16800      0    7.21e+01    0    1.15e+01
2003 11 06  0445    52949   17100      0    7.21e+01    0    1.20e+01
2003 11 06  0450    52949   17400      0    7.21e+01    0    1.21e+01
2003 11 06  0455    52949   17700      0    7.18e+01    0    1.17e+01
2003 11 06  0500    52949   18000      0    6.95e+01    0    1.12e+01
2003 11 06  0505    52949   18300      0    6.92e+01    0    1.14e+01
2003 11 06  0510    52949   18600      0    6.93e+01    0    1.12e+01
2003 11 06  0515    52949   18900      0    6.95e+01    0    1.11e+01
2003 11 06  0520    52949   19200      0    6.84e+01    0    1.10e+01
2003 11 06  0525    52949   19500      0    6.87e+01    0    1.14e+01
2003 11 06  0530    52949   19800      0    6.81e+01    0    1.09e+01
2003 11 06  0535    52949   20100      0    6.76e+01    0    1.10e+01
2003 11 06  0540    52949   20400      0    6.74e+01    0    1.07e+01
2003 11 06  0545    52949   20700      0    6.74e+01    0    1.07e+01
2003 11 06  0550    52949   21000      0    6.75e+01    0    1.06e+01
2003 11 06  0555    52949   21300      0    6.87e+01    0    1.12e+01
2003 11 06  0600    52949   21600      0    6.89e+01    0    1.12e+01
2003 11 06  0605    52949   21900      0    7.20e+01    0    1.12e+01
2003 11 06  0610    52949   22200      0    7.10e+01    0    1.10e+01
2003 11 06  0615    52949   22500      0    6.89e+01    0    1.09e+01
2003 11 06  0620    52949   22800      0    6.99e+01    0    1.10e+01
2003 11 06  0625    52949   23100      0    6.77e+01    0    1.10e+01
2003 11 06  0630    52949   23400      0    6.89e+01    0    1.10e+01
2003 11 06  0635    52949   23700      0    6.77e+01    0    1.07e+01
2003 11 06  0640    52949   24000      0    6.83e+01    0    1.06e+01
2003 11 06  0645    52949   24300      0    6.75e+01    0    1.04e+01
2003 11 06  0650    52949   24600      0    6.69e+01    0    1.09e+01
2003 11 06  0655    52949   24900      0    6.74e+01    0    1.05e+01
2003 11 06  0700    52949   25200      0    6.74e+01    0    1.01e+01
2003 11 06  0705    52949   25500      0    6.56e+01    0    1.00e+01
2003 11 06  0710    52949   25800      0    6.33e+01    0    1.09e+01
2003 11 06  0715    52949   26100      9   -1.00e+05    9   -1.00e+05
2003 11 06  0720    52949   26400      9   -1.00e+05    9   -1.00e+05
2003 11 06  0725    52949   26700      9   -1.00e+05    9   -1.00e+05
2003 11 06  0730    52949   27000      9   -1.00e+05    9   -1.00e+05
2003 11 06  0735    52949   27300      9   -1.00e+05    9   -1.00e+05
2003 11 06  0740    52949   27600      9   -1.00e+05    9   -1.00e+05
2003 11 06  0745    52949   27900      9   -1.00e+05    9   -1.00e+05
2003 11 06  0750    52949   28200      9   -1.00e+05    9   -1.00e+05
2003 11 06  0755    52949   28500      9   -1.00e+05    9   -1.00e+05
2003 11 06  0800    52949   28800      9   -1.00e+05    9   -1.00e+05
2003 11 06  0805    52949   29100      9   -1.00e+05    9   -1.00e+05
2003 11 06  0810    52949   29400      9   -1.00e+05    9   -1.00e+05
2003 11 06  0815    52949   29700      9   -1.00e+05    9   -1.00e+05
2003 11 06  0820    52949   30000      9   -1.00e+05    9   -1.00e+05
2003 11 06  0825    52949   30300      0    6.32e+01    0    8.88e+00
2003 11 06  0830    52949   30600      0    6.50e+01    0    9.55e+00
2003 11 06  0835    52949   30900      0    6.45e+01    0    9.80e+00
2003 11 06  0840    52949   31200      0    6.30e+01    0    9.67e+00
2003 11 06  0845    52949   31500      0    6.13e+01    0    9.29e+00
2003 11 06  0850    52949   31800      0    6.00e+01    0    9.22e+00
2003 11 06  0855    52949   32100      0    5.94e+01    0    9.03e+00
2003 11 06  0900    52949   32400      0    5.91e+01    0    8.74e+00
2003 11 06  0905    52949   32700      0    5.81e+01    0    8.81e+00
2003 11 06  0910    52949   33000      0    5.89e+01    0    9.06e+00
2003 11 06  0915    52949   33300      0    5.80e+01    0    8.85e+00
2003 11 06  0920    52949   33600      0    5.83e+01    0    8.93e+00
2003 11 06  0925    52949   33900      0    5.93e+01    0    9.10e+00
2003 11 06  0930    52949   34200      0    5.85e+01    0    8.74e+00
2003 11 06  0935    52949   34500      0    5.83e+01    0    8.63e+00
2003 11 06  0940    52949   34800      0    5.79e+01    0    8.80e+00
2003 11 06  0945    52949   35100      0    5.79e+01    0    8.70e+00
2003 11 06  0950    52949   35400      0    5.74e+01    0    8.58e+00
2003 11 06  0955    52949   35700      0    5.53e+01    0    8.04e+00
2003 11 06  1000    52949   36000      0    5.65e+01    0    8.21e+00
2003 11 06  1005    52949   36300      0    5.60e+01    0    8.22e+00
2003 11 06  1010    52949   36600      0    5.45e+01    0    8.00e+00
2003 11 06  1015    52949   36900      0    5.47e+01    0    8.15e+00
2003 11 06  1020    52949   37200      0    5.52e+01    0    8.14e+00
2003 11 06  1025    52949   37500      0    5.63e+01    0    8.21e+00
2003 11 06  1030    52949   37800      0    5.52e+01    0    7.83e+00
2003 11 06  1035    52949   38100      0    5.75e+01    0    8.65e+00
2003 11 06  1040    52949   38400      0    5.85e+01    0    8.61e+00
2003 11 06  1045    52949   38700      0    5.76e+01    0    8.53e+00
2003 11 06  1050    52949   39000      0    5.73e+01    0    8.46e+00
2003 11 06  1055    52949   39300      0    5.79e+01    0    8.34e+00
2003 11 06  1100    52949   39600      0    5.69e+01    0    8.17e+00
2003 11 06  1105    52949   39900      0    5.53e+01    0    8.01e+00
2003 11 06  1110    52949   40200      0    5.50e+01    0    8.07e+00
2003 11 06  1115    52949   40500      0    5.52e+01    0    7.75e+00
2003 11 06  1120    52949   40800      0    5.62e+01    0    7.95e+00
2003 11 06  1125    52949   41100      0    5.66e+01    0    8.08e+00
2003 11 06  1130    52949   41400      0    5.57e+01    0    8.04e+00
2003 11 06  1135    52949   41700      0    5.62e+01    0    7.89e+00
2003 11 06  1140    52949   42000      0    5.62e+01    0    7.97e+00
2003 11 06  1145    52949   42300      0    5.57e+01    0    8.04e+00
2003 11 06  1150    52949   42600      0    5.56e+01    0    7.93e+00
2003 11 06  1155    52949   42900      0    5.53e+01    0    7.82e+00
2003 11 06  1200    52949   43200      0    5.46e+01    0    7.83e+00
2003 11 06  1205    52949   43500      0    5.47e+01    0    7.71e+00
2003 11 06  1210    52949   43800      0    5.43e+01    0    7.64e+00
2003 11 06  1215    52949   44100      0    5.48e+01    0    8.01e+00
2003 11 06  1220    52949   44400      0    5.41e+01    0    7.78e+00
2003 11 06  1225    52949   44700      0    5.23e+01    0    7.28e+00
2003 11 06  1230    52949   45000      0    5.07e+01    0    7.04e+00
2003 11 06  1235    52949   45300      0    4.97e+01    0    6.75e+00
2003 11 06  1240    52949   45600      0    5.04e+01    0    6.84e+00
2003 11 06  1245    52949   45900      0    4.96e+01    0    6.75e+00
2003 11 06  1250    52949   46200      0    4.99e+01    0    6.83e+00
2003 11 06  1255    52949   46500      0    5.15e+01    0    7.20e+00
2003 11 06  1300    52949   46800      0    4.97e+01    0    6.88e+00
2003 11 06  1305    52949   47100      0    5.00e+01    0    7.13e+00
2003 11 06  1310    52949   47400      0    4.91e+01    0    7.03e+00
2003 11 06  1315    52949   47700      0    4.89e+01    0    6.67e+00
2003 11 06  1320    52949   48000      0    4.81e+01    0    6.71e+00
2003 11 06  1325    52949   48300      0    4.84e+01    0    6.58e+00
2003 11 06  1330    52949   48600      0    4.85e+01    0    6.62e+00
2003 11 06  1335    52949   48900      0    4.89e+01    0    6.88e+00
2003 11 06  1340    52949   49200      0    4.97e+01    0    7.04e+00
2003 11 06  1345    52949   49500      0    4.90e+01    0    6.62e+00
2003 11 06  1350    52949   49800      0    4.95e+01    0    6.76e+00
2003 11 06  1355    52949   50100      0    4.86e+01    0    6.51e+00
2003 11 06  1400    52949   50400      0    4.92e+01    0    6.81e+00
2003 11 06  1405    52949   50700      0    4.81e+01    0    6.18e+00
2003 11 06  1410    52949   51000      0    4.83e+01    0    6.93e+00
2003 11 06  1415    52949   51300      0    4.68e+01    0    6.57e+00
2003 11 06  1420    52949   51600      0    4.50e+01    0    6.01e+00
2003 11 06  1425    52949   51900      0    4.38e+01    0    6.06e+00
2003 11 06  1430    52949   52200      0    4.33e+01    0    5.87e+00
2003 11 06  1435    52949   52500      0    4.26e+01    0    6.32e+00
2003 11 06  1440    52949   52800      0    4.20e+01    0    5.69e+00
2003 11 06  1445    52949   53100      0    4.24e+01    0    5.93e+00
2003 11 06  1450    52949   53400      0    4.17e+01    0    5.81e+00
2003 11 06  1455    52949   53700      0    4.17e+01    0    5.74e+00
2003 11 06  1500    52949   54000      0    4.11e+01    0    5.74e+00
2003 11 06  1505    52949   54300      0    4.13e+01    0    5.70e+00
2003 11 06  1510    52949   54600      0    4.30e+01    0    6.01e+00
2003 11 06  1515    52949   54900      0    4.23e+01    0    5.87e+00
2003 11 06  1520    52949   55200      0    4.24e+01    0    5.86e+00
2003 11 06  1525    52949   55500      0    4.12e+01    0    6.01e+00
2003 11 06  1530    52949   55800      0    4.09e+01    0    5.66e+00
2003 11 06  1535    52949   56100      0    4.12e+01    0    5.86e+00
2003 11 06  1540    52949   56400      0    4.09e+01    0    5.61e+00
2003 11 06  1545    52949   56700      9   -1.00e+05    9   -1.00e+05
2003 11 06  1550    52949   57000      0    4.12e+01    0    5.60e+00
2003 11 06  1555    52949   57300      0    4.14e+01    0    5.69e+00
2003 11 06  1600    52949   57600      0    4.04e+01    0    5.67e+00
2003 11 06  1605    52949   57900      0    3.99e+01    0    5.44e+00
2003 11 06  1610    52949   58200      0    3.91e+01    0    5.45e+00
2003 11 06  1615    52949   58500      0    4.01e+01    0    5.60e+00
2003 11 06  1620    52949   58800      0    3.97e+01    0    5.85e+00
2003 11 06  1625    52949   59100      0    3.82e+01    0    5.60e+00
2003 11 06  1630    52949   59400      0    3.80e+01    0    5.36e+00
2003 11 06  1635    52949   59700      0    3.88e+01    0    5.49e+00
2003 11 06  1640    52949   60000      0    3.80e+01    0    5.28e+00
2003 11 06  1645    52949   60300      0    3.80e+01    0    5.39e+00
2003 11 06  1650    52949   60600      0    3.88e+01    0    5.70e+00
2003 11 06  1655    52949   60900      0    3.80e+01    0    5.41e+00
2003 11 06  1700    52949   61200      0    3.75e+01    0    4.91e+00
2003 11 06  1705    52949   61500      0    3.75e+01    0    5.05e+00
2003 11 06  1710    52949   61800      0    3.72e+01    0    5.07e+00
2003 11 06  1715    52949   62100      0    3.64e+01    0    5.22e+00
2003 11 06  1720    52949   62400      0    3.69e+01    0    5.04e+00
2003 11 06  1725    52949   62700      0    3.79e+01    0    5.30e+00
2003 11 06  1730    52949   63000      0    3.81e+01    0    5.32e+00
2003 11 06  1735    52949   63300      0    3.86e+01    0    4.81e+00
2003 11 06  1740    52949   63600      0    3.83e+01    0    5.07e+00
2003 11 06  1745    52949   63900      0    3.69e+01    0    5.16e+00
2003 11 06  1750    52949   64200      0    3.80e+01    0    5.41e+00
2003 11 06  1755    52949   64500      0    3.76e+01    0    5.34e+00
2003 11 06  1800    52949   64800      0    3.81e+01    0    5.17e+00
2003 11 06  1805    52949   65100      0    3.89e+01    0    5.25e+00
2003 11 06  1810    52949   65400      0    3.84e+01    0    5.24e+00
2003 11 06  1815    52949   65700      0    3.64e+01    0    4.86e+00
2003 11 06  1820    52949   66000      0    3.57e+01    0    4.99e+00
2003 11 06  1825    52949   66300      0    3.56e+01    0    4.76e+00
2003 11 06  1830    52949   66600      0    3.57e+01    0    4.99e+00
2003 11 06  1835    52949   66900      0    3.59e+01    0    4.96e+00
2003 11 06  1840    52949   67200      0    3.58e+01    0    4.94e+00
2003 11 06  1845    52949   67500      0    3.53e+01    0    5.01e+00
2003 11 06  1850    52949   67800      0    3.53e+01    0    4.95e+00
2003 11 06  1855    52949   68100      0    3.49e+01    0    4.78e+00
2003 11 06  1900    52949   68400      0    3.36e+01    0    4.71e+00
2003 11 06  1905    52949   68700      0    3.25e+01    0    4.48e+00
2003 11 06  1910    52949   69000      0    3.17e+01    0    4.24e+00
2003 11 06  1915    52949   69300      0    3.17e+01    0    4.72e+00
2003 11 06  1920    52949   69600      0    3.11e+01    0    4.33e+00
2003 11 06  1925    52949   69900      0    3.08e+01    0    4.36e+00
2003 11 06  1930    52949   70200      0    3.01e+01    0    4.24e+00
2003 11 06  1935    52949   70500      0    2.89e+01    0    3.89e+00
2003 11 06  1940    52949   70800      0    2.95e+01    0    4.07e+00
2003 11 06  1945    52949   71100      0    2.99e+01    0    4.23e+00
2003 11 06  1950    52949   71400      0    3.01e+01    0    4.15e+00
2003 11 06  1955    52949   71700      0    2.88e+01    0    4.04e+00
2003 11 06  2000    52949   72000      0    2.74e+01    0    3.76e+00
2003 11 06  2005    52949   72300      0    2.68e+01    0    3.73e+00
2003 11 06  2010    52949   72600      0    2.69e+01    0    3.65e+00
2003 11 06  2015    52949   72900      0    2.75e+01    0    3.56e+00
2003 11 06  2020    52949   73200      0    2.81e+01    0    3.69e+00
2003 11 06  2025    52949   73500      0    2.78e+01    0    3.65e+00
2003 11 06  2030    52949   73800      0    2.77e+01    0    3.94e+00
2003 11 06  2035    52949   74100      0    2.73e+01    0    3.60e+00
2003 11 06  2040    52949   74400      0    2.73e+01    0    3.69e+00
2003 11 06  2045    52949   74700      0    2.78e+01    0    3.69e+00
2003 11 06  2050    52949   75000      0    2.70e+01    0    3.74e+00
2003 11 06  2055    52949   75300      0    2.70e+01    0    3.54e+00
2003 11 06  2100    52949   75600      0    2.64e+01    0    3.60e+00
2003 11 06  2105    52949   75900      0    2.67e+01    0    3.73e+00
2003 11 06  2110    52949   76200      0    2.61e+01    0    3.59e+00
2003 11 06  2115    52949   76500      0    2.61e+01    0    3.52e+00
2003 11 06  2120    52949   76800      0    2.64e+01    0    3.73e+00
2003 11 06  2125    52949   77100      0    2.62e+01    0    3.59e+00
2003 11 06  2130    52949   77400      0    2.53e+01    0    3.47e+00
2003 11 06  2135    52949   77700      0    2.47e+01    0    3.32e+00
2003 11 06  2140    52949   78000      0    2.48e+01    0    3.29e+00
2003 11 06  2145    52949   78300      0    2.45e+01    0    3.40e+00
2003 11 06  2150    52949   78600      0    2.42e+01    0    3.29e+00
2003 11 06  2155    52949   78900      0    2.41e+01    0    3.24e+00
2003 11 06  2200    52949   79200      0    2.52e+01    0    3.43e+00
2003 11 06  2205    52949   79500      0    2.56e+01    0    3.23e+00
2003 11 06  2210    52949   79800      0    2.55e+01    0    3.38e+00
2003 11 06  2215    52949   80100      0    2.57e+01    0    3.48e+00
2003 11 06  2220    52949   80400      0    2.48e+01    0    3.36e+00
2003 11 06  2225    52949   80700      0    2.47e+01    0    3.29e+00
2003 11 06  2230    52949   81000      0    2.41e+01    0    3.16e+00
2003 11 06  2235    52949   81300      0    2.38e+01    0    3.24e+00
2003 11 06  2240    52949   81600      0    2.33e+01    0    3.13e+00
2003 11 06  2245    52949   81900      0    2.29e+01    0    2.97e+00
2003 11 06  2250    52949   82200      0    2.28e+01    0    3.08e+00
2003 11 06  2255    52949   82500      0    2.27e+01    0    3.07e+00
2003 11 06  2300    52949   82800      0    2.32e+01    0    3.14e+00
2003 11 06  2305    52949   83100      0    2.29e+01    0    3.06e+00
2003 11 06  2310    52949   83400      0    2.25e+01    0    3.06e+00
2003 11 06  2315    52949   83700      0    2.23e+01    0    2.95e+00
2003 11 06  2320    52949   84000      0    2.22e+01    0    2.88e+00
2003 11 06  2325    52949   84300      0    2.21e+01    0    2.98e+00
2003 11 06  2330    52949   84600      0    2.20e+01    0    2.85e+00
2003 11 06  2335    52949   84900      0    2.20e+01    0    3.04e+00
2003 11 06  2340    52949   85200      0    2.20e+01    0    2.99e+00
2003 11 06  2345    52949   85500      0    2.17e+01    0    2.87e+00
2003 11 06  2350    52949   85800      0    2.17e+01    0    2.99e+00
2003 11 06  2355    52949   86100      0    2.14e+01    0    3.00e+00
