:Data_list: 20030208_ace_epam_5m.txt
:Created: 2003 Feb 09 0012 UT
# Prepared by the U.S. Dept. of Commerce, NOAA, Space Environment Center.
# Please send comments and suggestions to sec@sec.noaa.gov 
# 
# Units: Differential Flux particles/cm2-s-ster-MeV
# Units: Anisotropy Index 0.0 - 2.0
# Status(S): 0 = nominal, 4,6,7,8 = bad data, unable to process, 9 = no data
# Missing data values: -1.00e+05, index = -1.00
# Source: ACE Satellite - Electron, Proton, and Alpha Monitor
# Note: 2002 Mar 18: First Proton channel changed from 47-65 to 65-112keV.
#
#                      5-minute averaged Real-time Differential Electron and Proton Flux 
# 
#                Modified Seconds ---------------------------- Differential Flux --------------------------- 
# UT Date   Time  Julian  of the  ----- Electron -----   ------------------- Protons keV -------------------   Anis.
# YR MO DA  HHMM    Day    Day    S    38-53   175-315   S   65-112   112-187   310-580   761-1220 060-1910   Ratio
#-------------------------------------------------------------------------------------------------------------------
2003 02 08  0000   52678       0  0  5.87e+02  1.50e+01  0  1.38e+03  3.03e+01  3.17e+00  4.22e-01  2.67e-01   0.92
2003 02 08  0005   52678     300  0  5.20e+02  1.23e+01  0  1.12e+03  3.25e+01  2.95e+00  5.95e-01  2.90e-01   0.33
2003 02 08  0010   52678     600  0  3.41e+02  1.76e+01  0  9.56e+02  2.98e+01  2.47e+00  5.96e-01  1.76e-01   0.98
2003 02 08  0015   52678     900  0  5.13e+02  1.52e+01  0  7.93e+02  2.68e+01  2.96e+00  4.61e-01  2.76e-01   1.41
2003 02 08  0020   52678    1200  0  5.38e+02  1.60e+01  0  7.36e+02  3.93e+01  2.82e+00  4.52e-01  3.66e-01   0.90
2003 02 08  0025   52678    1500  0  4.87e+02  1.78e+01  0  7.52e+02  4.20e+01  3.55e+00  4.84e-01  2.90e-01  -1.00
2003 02 08  0030   52678    1800  0  5.36e+02  1.47e+01  0  1.20e+03  3.59e+01  2.97e+00  4.88e-01  2.65e-01  -1.00
2003 02 08  0035   52678    2100  0  5.11e+02  1.78e+01  0  1.24e+03  3.93e+01  2.81e+00  4.66e-01  1.94e-01   0.54
2003 02 08  0040   52678    2400  0  5.09e+02  1.50e+01  0  1.01e+03  4.12e+01  3.09e+00  5.00e-01  3.13e-01   2.00
2003 02 08  0045   52678    2700  0  5.16e+02  1.87e+01  0  7.09e+02  3.70e+01  2.36e+00  4.52e-01  2.65e-01   1.41
2003 02 08  0050   52678    3000  0  4.74e+02  1.60e+01  0  5.94e+02  3.41e+01  3.23e+00  5.49e-01  1.91e-01   1.49
2003 02 08  0055   52678    3300  0  4.94e+02  1.59e+01  0  7.06e+02  3.59e+01  2.83e+00  4.75e-01  2.48e-01   1.03
2003 02 08  0100   52678    3600  0  5.00e+02  1.78e+01  0  6.56e+02  3.43e+01  2.66e+00  3.68e-01  4.41e-01  -1.00
2003 02 08  0105   52678    3900  0  4.96e+02  1.13e+01  0  8.82e+02  2.91e+01  1.71e+00  4.86e-01  3.64e-01   1.85
2003 02 08  0110   52678    4200  0  5.26e+02  1.57e+01  0  9.09e+02  3.58e+01  2.45e+00  5.04e-01  1.53e-01   1.85
2003 02 08  0115   52678    4500  0  5.06e+02  1.52e+01  0  9.05e+02  3.42e+01  1.84e+00  3.66e-01  2.13e-01   1.49
2003 02 08  0120   52678    4800  0  5.25e+02  1.48e+01  0  1.06e+03  3.32e+01  2.16e+00  4.88e-01  2.82e-01   1.59
2003 02 08  0125   52678    5100  0  4.96e+02  1.48e+01  0  1.04e+03  3.56e+01  2.65e+00  5.16e-01  1.95e-01  -1.00
2003 02 08  0130   52678    5400  0  5.56e+02  1.55e+01  0  1.23e+03  3.10e+01  2.32e+00  3.89e-01  2.55e-01   0.79
2003 02 08  0135   52678    5700  0  4.93e+02  1.72e+01  0  8.29e+02  3.25e+01  2.38e+00  6.85e-01  1.47e-01   0.69
2003 02 08  0140   52678    6000  0  5.31e+02  1.56e+01  0  8.86e+02  3.35e+01  3.04e+00  5.35e-01  3.97e-01  -1.00
2003 02 08  0145   52678    6300  0  5.29e+02  1.70e+01  0  8.62e+02  3.15e+01  2.74e+00  5.03e-01  2.86e-01   1.17
2003 02 08  0150   52678    6600  0  4.54e+02  1.68e+01  0  8.17e+02  2.96e+01  3.11e+00  4.55e-01  2.00e-01  -1.00
2003 02 08  0155   52678    6900  0  4.86e+02  1.50e+01  0  7.55e+02  3.30e+01  2.80e+00  3.56e-01  2.54e-01  -1.00
2003 02 08  0200   52678    7200  0  5.00e+02  1.66e+01  0  1.19e+03  3.50e+01  2.60e+00  5.90e-01  3.36e-01   1.15
2003 02 08  0205   52678    7500  0  5.24e+02  1.66e+01  0  7.89e+02  3.47e+01  2.63e+00  3.06e-01  4.53e-01   0.28
2003 02 08  0210   52678    7800  0  5.00e+02  1.58e+01  0  6.41e+02  3.16e+01  2.82e+00  2.70e-01  1.41e-01   1.87
2003 02 08  0215   52678    8100  0  4.68e+02  1.51e+01  0  6.76e+02  3.42e+01  2.78e+00  3.66e-01  2.38e-01  -1.00
2003 02 08  0220   52678    8400  0  5.00e+02  1.83e+01  0  7.31e+02  3.09e+01  1.87e+00  4.79e-01  2.14e-01  -1.00
2003 02 08  0225   52678    8700  0  5.46e+02  1.53e+01  0  5.87e+02  3.19e+01  2.52e+00  2.85e-01  2.43e-01  -1.00
2003 02 08  0230   52678    9000  0  4.80e+02  1.74e+01  0  7.07e+02  3.55e+01  3.21e+00  4.04e-01  2.37e-01  -1.00
2003 02 08  0235   52678    9300  0  5.38e+02  1.69e+01  0  7.16e+02  4.14e+01  2.64e+00  4.79e-01  3.72e-01  -1.00
2003 02 08  0240   52678    9600  0  4.56e+02  1.61e+01  0  7.95e+02  3.22e+01  1.98e+00  5.33e-01  1.37e-01   0.49
2003 02 08  0245   52678    9900  0  4.36e+02  1.94e+01  0  9.23e+02  2.73e+01  2.26e+00  4.67e-01  1.96e-01  -1.00
2003 02 08  0250   52678   10200  0  5.06e+02  1.61e+01  0  1.11e+03  3.22e+01  2.09e+00  3.92e-01  3.01e-01  -1.00
2003 02 08  0255   52678   10500  0  5.46e+02  1.27e+01  0  1.01e+03  3.03e+01  2.25e+00  5.10e-01  2.29e-01   0.40
2003 02 08  0300   52678   10800  0  5.03e+02  1.59e+01  0  1.14e+03  3.59e+01  1.94e+00  3.86e-01  2.47e-01   1.12
2003 02 08  0305   52678   11100  0  4.80e+02  1.87e+01  0  1.01e+03  3.47e+01  2.51e+00  6.12e-01  0.00e+00   0.33
2003 02 08  0310   52678   11400  0  5.19e+02  1.86e+01  0  1.19e+03  3.41e+01  2.28e+00  6.35e-01  2.83e-01   0.31
2003 02 08  0315   52678   11700  0  4.60e+02  1.55e+01  0  1.13e+03  3.05e+01  2.04e+00  5.47e-01  2.70e-01   0.69
2003 02 08  0320   52678   12000  0  5.07e+02  1.74e+01  0  1.41e+03  3.17e+01  2.16e+00  4.30e-01  4.30e-01   0.67
2003 02 08  0325   52678   12300  0  5.88e+02  1.56e+01  0  8.48e+02  2.63e+01  2.43e+00  5.51e-01  2.13e-01   0.11
2003 02 08  0330   52678   12600  0  5.00e+02  1.58e+01  0  8.42e+02  2.56e+01  2.40e+00  5.16e-01  2.11e-01   0.97
2003 02 08  0335   52678   12900  0  5.28e+02  1.46e+01  0  8.52e+02  3.00e+01  2.48e+00  5.43e-01  1.96e-01   1.41
2003 02 08  0340   52678   13200  0  5.44e+02  1.29e+01  0  5.90e+02  3.17e+01  1.91e+00  2.38e-01  1.87e-01  -1.00
2003 02 08  0345   52678   13500  0  5.99e+02  1.22e+01  0  9.04e+02  3.73e+01  1.70e+00  4.02e-01  2.65e-01  -1.00
2003 02 08  0350   52678   13800  0  5.12e+02  1.57e+01  0  7.78e+02  3.21e+01  2.27e+00  3.22e-01  1.91e-01  -1.00
2003 02 08  0355   52678   14100  0  4.80e+02  1.62e+01  0  8.62e+02  3.24e+01  2.79e+00  4.86e-01  3.00e-01   1.42
2003 02 08  0400   52678   14400  0  5.82e+02  1.76e+01  0  1.01e+03  3.35e+01  3.50e+00  5.03e-01  1.87e-01   0.37
2003 02 08  0405   52678   14700  0  5.36e+02  1.55e+01  0  8.65e+02  3.32e+01  2.42e+00  4.18e-01  7.64e-02   1.15
2003 02 08  0410   52678   15000  0  4.79e+02  1.39e+01  0  1.01e+03  3.22e+01  3.02e+00  4.63e-01  1.91e-01   0.38
2003 02 08  0415   52678   15300  0  5.28e+02  1.80e+01  0  9.44e+02  2.89e+01  2.16e+00  3.82e-01  1.53e-01   0.00
2003 02 08  0420   52678   15600  0  5.21e+02  1.31e+01  0  5.52e+02  2.57e+01  2.23e+00  4.49e-01  1.60e-01   0.92
2003 02 08  0425   52678   15900  0  4.96e+02  1.48e+01  0  7.70e+02  2.62e+01  3.37e+00  4.40e-01  0.00e+00   0.26
2003 02 08  0430   52678   16200  0  5.26e+02  1.48e+01  0  8.27e+02  2.72e+01  2.54e+00  4.50e-01  1.04e-01   1.07
2003 02 08  0435   52678   16500  0  5.67e+02  1.74e+01  0  9.94e+02  2.75e+01  2.27e+00  2.70e-01  2.00e-01   2.00
2003 02 08  0440   52678   16800  0  4.68e+02  1.58e+01  0  9.48e+02  2.87e+01  2.60e+00  1.90e-01  2.29e-01  -1.00
2003 02 08  0445   52678   17100  0  5.09e+02  1.61e+01  0  1.02e+03  2.23e+01  1.90e+00  2.98e-01  2.21e-01   1.41
2003 02 08  0450   52678   17400  0  5.72e+02  1.62e+01  0  9.22e+02  2.21e+01  3.12e+00  2.97e-01  0.00e+00   1.12
2003 02 08  0455   52678   17700  0  5.64e+02  1.81e+01  0  8.76e+02  2.69e+01  2.62e+00  5.42e-01  0.00e+00   0.38
2003 02 08  0500   52678   18000  0  5.26e+02  1.88e+01  0  7.91e+02  2.94e+01  2.38e+00  6.24e-01  2.00e-01   0.77
2003 02 08  0505   52678   18300  0  5.00e+02  1.63e+01  0  1.14e+03  2.79e+01  2.45e+00  4.47e-01  2.43e-01   1.89
2003 02 08  0510   52678   18600  0  5.62e+02  1.48e+01  0  1.00e+03  3.07e+01  2.06e+00  5.91e-01  1.23e-01   0.46
2003 02 08  0515   52678   18900  0  4.96e+02  1.71e+01  0  1.09e+03  2.25e+01  2.63e+00  4.94e-01  3.44e-01   0.72
2003 02 08  0520   52678   19200  0  4.48e+02  1.49e+01  0  7.55e+02  2.25e+01  1.48e+00  3.99e-01  3.15e-01   0.77
2003 02 08  0525   52678   19500  0  5.97e+02  1.57e+01  0  6.59e+02  2.43e+01  2.70e+00  5.77e-01  2.75e-01   0.24
2003 02 08  0530   52678   19800  0  4.19e+02  1.55e+01  0  6.77e+02  2.92e+01  2.16e+00  5.53e-01  2.37e-01   1.49
2003 02 08  0535   52678   20100  0  4.65e+02  1.65e+01  0  7.93e+02  2.87e+01  2.70e+00  2.98e-01  2.29e-01   1.00
2003 02 08  0540   52678   20400  0  5.28e+02  1.23e+01  0  1.17e+03  2.97e+01  2.23e+00  6.89e-01  2.11e-01   1.31
2003 02 08  0545   52678   20700  0  5.64e+02  1.35e+01  0  9.33e+02  3.09e+01  2.66e+00  4.89e-01  2.72e-01  -1.00
2003 02 08  0550   52678   21000  0  5.34e+02  1.87e+01  0  8.36e+02  3.02e+01  2.25e+00  6.43e-01  1.34e-01  -1.00
2003 02 08  0555   52678   21300  0  5.22e+02  1.52e+01  0  7.57e+02  2.75e+01  2.21e+00  3.99e-01  0.00e+00   0.67
2003 02 08  0600   52678   21600  0  4.65e+02  1.52e+01  0  7.76e+02  2.81e+01  2.70e+00  4.68e-01  0.00e+00   1.20
2003 02 08  0605   52678   21900  0  4.88e+02  1.75e+01  0  1.21e+03  2.86e+01  2.13e+00  3.92e-01  5.73e-02   1.85
2003 02 08  0610   52678   22200  0  4.54e+02  1.84e+01  0  7.58e+02  2.55e+01  2.79e+00  3.70e-01  1.46e-01   0.38
2003 02 08  0615   52678   22500  0  4.67e+02  1.43e+01  0  8.83e+02  2.25e+01  2.57e+00  4.33e-01  2.48e-01   0.82
2003 02 08  0620   52678   22800  0  5.27e+02  1.47e+01  0  7.42e+02  2.95e+01  2.52e+00  4.07e-01  1.76e-01   2.00
2003 02 08  0625   52678   23100  0  4.32e+02  1.47e+01  0  7.09e+02  2.94e+01  2.33e+00  5.04e-01  1.76e-01   1.03
2003 02 08  0630   52678   23400  0  4.62e+02  1.56e+01  0  1.03e+03  2.96e+01  2.21e+00  5.69e-01  1.62e-01   0.44
2003 02 08  0635   52678   23700  0  4.96e+02  1.55e+01  0  1.41e+03  2.52e+01  1.71e+00  4.34e-01  1.91e-01   1.29
2003 02 08  0640   52678   24000  0  5.30e+02  1.58e+01  0  1.21e+03  3.36e+01  2.36e+00  4.06e-01  2.29e-01   2.00
2003 02 08  0645   52678   24300  0  5.12e+02  1.65e+01  0  1.27e+03  4.30e+01  2.04e+00  5.54e-01  6.25e-02  -1.00
2003 02 08  0650   52678   24600  0  6.00e+02  1.77e+01  0  2.94e+03  1.99e+02  3.04e+00  6.12e-01  1.65e-01   0.64
2003 02 08  0655   52678   24900  0  5.27e+02  1.42e+01  0  7.24e+02  3.72e+01  2.06e+00  4.73e-01  7.64e-02  -1.00
2003 02 08  0700   52678   25200  0  5.19e+02  1.55e+01  0  7.46e+02  2.76e+01  1.97e+00  7.16e-01  6.55e-02   0.68
2003 02 08  0705   52678   25500  0  4.99e+02  1.54e+01  0  1.01e+03  2.29e+01  2.41e+00  4.40e-01  1.91e-01   1.42
2003 02 08  0710   52678   25800  0  4.99e+02  1.27e+01  0  1.01e+03  1.95e+01  1.98e+00  4.72e-01  2.23e-01   0.59
2003 02 08  0715   52678   26100  0  7.07e+02  1.27e+01  0  9.08e+02  2.27e+01  1.94e+00  3.24e-01  0.00e+00   0.89
2003 02 08  0720   52678   26400  0  4.76e+02  1.84e+01  0  1.05e+03  2.04e+01  1.79e+00  5.86e-01  1.15e-01   1.49
2003 02 08  0725   52678   26700  0  5.11e+02  1.51e+01  0  9.35e+02  2.44e+01  2.40e+00  4.93e-01  1.91e-01   0.00
2003 02 08  0730   52678   27000  0  5.20e+02  1.72e+01  0  1.21e+03  2.41e+01  2.25e+00  2.73e-01  3.72e-01   0.67
2003 02 08  0735   52678   27300  0  5.47e+02  1.42e+01  0  2.04e+03  2.18e+01  2.40e+00  4.29e-01  1.78e-01   0.69
2003 02 08  0740   52678   27600  0  4.91e+02  1.46e+01  0  1.93e+03  2.41e+01  1.91e+00  3.47e-01  1.83e-01   0.28
2003 02 08  0745   52678   27900  0  5.88e+02  1.64e+01  0  1.48e+03  2.52e+01  2.60e+00  5.15e-01  1.83e-01   0.69
2003 02 08  0750   52678   28200  0  5.47e+02  1.59e+01  0  1.06e+03  2.42e+01  2.37e+00  4.68e-01  1.91e-01   0.65
2003 02 08  0755   52678   28500  0  5.09e+02  1.45e+01  0  1.35e+03  2.63e+01  2.04e+00  5.05e-01  1.37e-01   0.98
2003 02 08  0800   52678   28800  0  7.31e+02  1.70e+01  0  1.02e+03  2.54e+01  1.97e+00  4.29e-01  1.77e-01   0.80
2003 02 08  0805   52678   29100  0  5.03e+02  1.59e+01  0  1.26e+03  2.60e+01  1.85e+00  3.66e-01  5.09e-02   1.49
2003 02 08  0810   52678   29400  0  5.58e+02  1.58e+01  0  1.18e+03  2.66e+01  2.68e+00  4.65e-01  0.00e+00   0.28
2003 02 08  0815   52678   29700  0  4.61e+02  1.82e+01  0  1.26e+03  2.42e+01  1.41e+00  3.59e-01  2.10e-01   0.17
2003 02 08  0820   52678   30000  0  5.56e+02  1.64e+01  0  1.13e+03  2.53e+01  1.50e+00  4.42e-01  3.15e-01   0.67
2003 02 08  0825   52678   30300  0  4.63e+02  1.65e+01  0  1.37e+03  2.22e+01  2.41e+00  4.61e-01  1.06e-01  -1.00
2003 02 08  0830   52678   30600  0  5.36e+02  1.61e+01  0  1.07e+03  1.67e+01  1.88e+00  4.44e-01  2.21e-01   0.00
2003 02 08  0835   52678   30900  0  5.57e+02  1.62e+01  0  1.30e+03  2.12e+01  2.00e+00  4.33e-01  3.79e-01   0.38
2003 02 08  0840   52678   31200  0  5.73e+02  1.82e+01  0  9.43e+02  2.03e+01  1.92e+00  3.56e-01  9.55e-02   0.29
2003 02 08  0845   52678   31500  0  5.07e+02  1.70e+01  0  1.13e+03  2.29e+01  2.65e+00  3.92e-01  9.82e-02   1.36
2003 02 08  0850   52678   31800  0  4.76e+02  1.70e+01  0  1.14e+03  2.24e+01  2.43e+00  5.32e-01  5.73e-02   1.49
2003 02 08  0855   52678   32100  0  5.61e+02  1.78e+01  0  1.42e+03  2.38e+01  2.29e+00  3.02e-01  0.00e+00  -1.00
2003 02 08  0900   52678   32400  0  4.89e+02  1.56e+01  0  1.24e+03  2.42e+01  1.71e+00  4.50e-01  2.29e-01   0.67
2003 02 08  0905   52678   32700  0  5.36e+02  1.55e+01  0  9.55e+02  2.13e+01  2.14e+00  3.44e-01  0.00e+00  -1.00
2003 02 08  0910   52678   33000  0  5.75e+02  1.63e+01  0  9.36e+02  2.71e+01  1.83e+00  4.79e-01  1.64e-01  -1.00
2003 02 08  0915   52678   33300  0  4.95e+02  1.63e+01  0  8.55e+02  1.85e+01  2.12e+00  6.64e-01  4.39e-01   0.77
2003 02 08  0920   52678   33600  0  4.06e+02  1.42e+01  0  1.36e+03  2.04e+01  1.17e+00  6.33e-01  1.76e-01   0.71
2003 02 08  0925   52678   33900  0  5.60e+02  1.99e+01  0  1.79e+03  2.09e+01  1.98e+00  5.34e-01  1.53e-01   1.20
2003 02 08  0930   52678   34200  0  5.95e+02  1.48e+01  0  1.20e+03  2.92e+01  1.92e+00  4.17e-01  1.53e-01   1.49
2003 02 08  0935   52678   34500  0  4.48e+02  1.63e+01  0  1.13e+03  2.44e+01  2.06e+00  4.77e-01  1.96e-01   0.71
2003 02 08  0940   52678   34800  0  5.22e+02  1.42e+01  0  8.57e+02  2.08e+01  1.34e+00  3.80e-01  1.06e-01  -1.00
2003 02 08  0945   52678   35100  0  4.85e+02  1.82e+01  0  6.64e+02  1.99e+01  2.09e+00  4.69e-01  0.00e+00   2.00
2003 02 08  0950   52678   35400  0  4.92e+02  1.82e+01  0  6.05e+02  2.00e+01  1.59e+00  4.93e-01  1.53e-01   0.64
2003 02 08  0955   52678   35700  0  4.54e+02  1.81e+01  0  9.70e+02  1.84e+01  2.06e+00  4.97e-01  2.67e-01   0.59
2003 02 08  1000   52678   36000  0  4.80e+02  1.71e+01  0  9.67e+02  1.69e+01  2.04e+00  5.86e-01  2.37e-01   0.67
2003 02 08  1005   52678   36300  0  4.56e+02  1.47e+01  0  9.25e+02  1.71e+01  1.44e+00  5.18e-01  2.70e-01   0.46
2003 02 08  1010   52678   36600  0  4.74e+02  1.45e+01  0  1.91e+03  1.63e+01  2.62e+00  2.22e-01  2.96e-01  -1.00
2003 02 08  1015   52678   36900  0  5.18e+02  1.51e+01  0  1.38e+03  2.24e+01  1.89e+00  4.16e-01  1.76e-01   0.86
2003 02 08  1020   52678   37200  0  5.00e+02  1.39e+01  0  1.12e+03  2.31e+01  2.05e+00  4.15e-01  0.00e+00   1.12
2003 02 08  1025   52678   37500  0  5.59e+02  1.42e+01  0  8.19e+02  2.19e+01  2.12e+00  5.29e-01  4.58e-02   0.22
2003 02 08  1030   52678   37800  0  4.72e+02  1.75e+01  0  1.12e+03  2.16e+01  2.13e+00  4.44e-01  2.56e-01   0.63
2003 02 08  1035   52678   38100  0  5.36e+02  1.65e+01  0  9.81e+02  2.01e+01  2.13e+00  2.98e-01  1.83e-01   2.00
2003 02 08  1040   52678   38400  0  5.19e+02  1.60e+01  0  5.91e+02  1.87e+01  1.97e+00  3.53e-01  1.34e-01   1.15
2003 02 08  1045   52678   38700  0  4.84e+02  1.77e+01  0  6.82e+02  2.10e+01  1.37e+00  3.13e-01  2.75e-01   0.29
2003 02 08  1050   52678   39000  0  5.38e+02  1.74e+01  0  9.21e+02  2.01e+01  2.00e+00  3.05e-01  2.79e-01  -1.00
2003 02 08  1055   52678   39300  0  5.22e+02  1.51e+01  0  7.90e+02  2.22e+01  1.71e+00  3.15e-01  1.37e-01   0.42
2003 02 08  1100   52678   39600  0  4.92e+02  1.55e+01  0  6.15e+02  2.20e+01  2.00e+00  3.99e-01  1.64e-01   2.00
2003 02 08  1105   52678   39900  0  5.36e+02  1.23e+01  0  7.39e+02  1.87e+01  2.08e+00  5.28e-01  0.00e+00   0.49
2003 02 08  1110   52678   40200  0  4.56e+02  1.89e+01  0  1.00e+03  1.72e+01  1.87e+00  5.32e-01  2.18e-01   0.98
2003 02 08  1115   52678   40500  0  4.78e+02  1.58e+01  0  9.63e+02  2.13e+01  2.09e+00  4.63e-01  1.91e-01   0.98
2003 02 08  1120   52678   40800  0  5.18e+02  1.47e+01  0  8.73e+02  1.73e+01  2.87e+00  3.86e-01  1.80e-01   1.49
2003 02 08  1125   52678   41100  0  5.26e+02  1.45e+01  0  7.39e+02  2.40e+01  1.94e+00  4.09e-01  2.22e-01   1.85
2003 02 08  1130   52678   41400  0  5.56e+02  1.40e+01  0  5.82e+02  2.73e+01  1.95e+00  4.83e-01  2.91e-01   1.85
2003 02 08  1135   52678   41700  0  4.72e+02  1.36e+01  0  4.89e+02  2.14e+01  1.88e+00  4.77e-01  2.41e-01   1.87
2003 02 08  1140   52678   42000  0  4.82e+02  1.40e+01  0  4.77e+02  2.27e+01  2.12e+00  4.43e-01  2.00e-01  -1.00
2003 02 08  1145   52678   42300  0  5.13e+02  1.86e+01  0  5.65e+02  2.12e+01  1.82e+00  7.47e-01  4.58e-02   0.12
2003 02 08  1150   52678   42600  0  5.36e+02  1.54e+01  0  4.69e+02  2.09e+01  2.31e+00  4.46e-01  1.72e-01   1.15
2003 02 08  1155   52678   42900  0  4.66e+02  1.92e+01  0  4.21e+02  1.79e+01  2.24e+00  3.56e-01  0.00e+00  -1.00
2003 02 08  1200   52678   43200  0  6.12e+02  1.86e+01  0  6.33e+02  4.30e+01  2.56e+00  4.22e-01  2.04e-01   1.07
2003 02 08  1205   52678   43500  0  5.42e+02  1.49e+01  0  6.62e+02  3.37e+01  2.08e+00  4.46e-01  2.45e-01   2.00
2003 02 08  1210   52678   43800  0  5.36e+02  1.98e+01  0  5.58e+02  2.75e+01  2.24e+00  5.17e-01  1.59e-01   0.17
2003 02 08  1215   52678   44100  0  5.26e+02  1.63e+01  0  5.06e+02  2.02e+01  1.57e+00  4.72e-01  0.00e+00   0.98
2003 02 08  1220   52678   44400  0  5.36e+02  1.44e+01  0  5.32e+02  2.08e+01  1.95e+00  4.92e-01  0.00e+00   0.00
2003 02 08  1225   52678   44700  0  5.44e+02  1.53e+01  0  5.43e+02  2.31e+01  1.60e+00  3.65e-01  1.91e-01   2.00
2003 02 08  1230   52678   45000  0  5.34e+02  1.50e+01  0  5.87e+02  2.28e+01  2.34e+00  4.02e-01  1.65e-01  -1.00
2003 02 08  1235   52678   45300  0  5.56e+02  1.65e+01  0  4.45e+02  1.55e+01  1.74e+00  6.27e-01  1.53e-01   0.54
2003 02 08  1240   52678   45600  0  4.79e+02  1.19e+01  0  4.14e+02  2.08e+01  2.28e+00  5.33e-01  5.09e-02   1.00
2003 02 08  1245   52678   45900  0  4.56e+02  1.95e+01  0  6.81e+02  1.79e+01  1.92e+00  4.08e-01  0.00e+00   1.85
2003 02 08  1250   52678   46200  0  5.36e+02  1.80e+01  0  8.47e+02  1.99e+01  1.79e+00  2.35e-01  0.00e+00  -1.00
2003 02 08  1255   52678   46500  0  4.86e+02  1.55e+01  0  7.00e+02  2.21e+01  2.21e+00  3.19e-01  0.00e+00   0.44
2003 02 08  1300   52678   46800  0  5.60e+02  1.57e+01  0  8.35e+02  2.06e+01  1.55e+00  4.60e-01  1.64e-01   1.60
2003 02 08  1305   52678   47100  0  4.66e+02  1.75e+01  0  8.91e+02  2.04e+01  2.02e+00  5.13e-01  2.86e-01   2.00
2003 02 08  1310   52678   47400  0  5.59e+02  1.52e+01  0  7.96e+02  2.25e+01  2.09e+00  4.72e-01  2.79e-01   0.90
2003 02 08  1315   52678   47700  0  5.00e+02  1.27e+01  0  8.56e+02  1.74e+01  1.96e+00  4.47e-01  2.86e-01  -1.00
2003 02 08  1320   52678   48000  0  5.21e+02  1.82e+01  0  1.08e+03  1.97e+01  1.98e+00  3.66e-01  2.29e-01   1.11
2003 02 08  1325   52678   48300  0  5.36e+02  1.74e+01  0  8.51e+02  2.01e+01  2.12e+00  3.25e-01  9.16e-02   1.44
2003 02 08  1330   52678   48600  0  5.75e+02  1.60e+01  0  8.00e+02  1.94e+01  1.91e+00  5.61e-01  1.03e-01   1.19
2003 02 08  1335   52678   48900  0  4.80e+02  1.75e+01  0  8.21e+02  2.12e+01  1.88e+00  4.68e-01  1.02e-01   0.80
2003 02 08  1340   52678   49200  0  5.50e+02  1.54e+01  0  9.53e+02  2.23e+01  2.52e+00  3.99e-01  1.76e-01   1.48
2003 02 08  1345   52678   49500  0  5.30e+02  1.44e+01  0  7.52e+02  2.14e+01  2.07e+00  4.35e-01  1.83e-01   1.71
2003 02 08  1350   52678   49800  0  5.07e+02  1.97e+01  0  8.83e+02  1.79e+01  2.26e+00  4.40e-01  2.44e-01  -1.00
2003 02 08  1355   52678   50100  0  4.76e+02  1.81e+01  0  7.67e+02  1.95e+01  2.07e+00  4.56e-01  1.35e-01   2.00
2003 02 08  1400   52678   50400  0  5.49e+02  1.36e+01  0  9.03e+02  2.09e+01  2.41e+00  3.58e-01  2.52e-01   1.85
2003 02 08  1405   52678   50700  0  4.79e+02  1.42e+01  0  1.02e+03  2.56e+01  2.97e+00  3.44e-01  2.15e-01   0.67
2003 02 08  1410   52678   51000  0  5.30e+02  1.72e+01  0  1.08e+03  2.53e+01  2.06e+00  2.75e-01  4.58e-02   2.00
2003 02 08  1415   52678   51300  0  5.39e+02  1.58e+01  0  1.07e+03  2.16e+01  2.13e+00  4.79e-01  1.89e-01  -1.00
2003 02 08  1420   52678   51600  0  5.18e+02  1.66e+01  0  1.23e+03  2.29e+01  2.28e+00  5.10e-01  1.41e-01   1.41
2003 02 08  1425   52678   51900  0  4.76e+02  1.70e+01  0  1.34e+03  2.24e+01  2.06e+00  3.24e-01  2.55e-01   0.82
2003 02 08  1430   52678   52200  0  5.46e+02  1.62e+01  0  9.26e+02  1.92e+01  2.50e+00  7.36e-01  1.25e-01   0.71
2003 02 08  1435   52678   52500  0  5.59e+02  1.53e+01  0  8.23e+02  2.37e+01  2.21e+00  6.06e-01  1.83e-01   0.98
2003 02 08  1440   52678   52800  0  5.06e+02  1.38e+01  0  1.08e+03  2.08e+01  2.20e+00  4.40e-01  1.23e-01   0.69
2003 02 08  1445   52678   53100  0  4.80e+02  1.53e+01  0  1.45e+03  2.30e+01  2.37e+00  3.45e-01  1.53e-01   1.53
2003 02 08  1450   52678   53400  0  5.93e+02  1.42e+01  0  1.04e+03  2.02e+01  2.16e+00  4.40e-01  4.58e-02   0.57
2003 02 08  1455   52678   53700  0  5.10e+02  1.88e+01  0  1.24e+03  1.92e+01  2.44e+00  4.31e-01  1.24e-01   0.75
2003 02 08  1500   52678   54000  0  4.89e+02  1.79e+01  0  7.97e+02  1.80e+01  1.84e+00  5.50e-01  3.15e-01   0.42
2003 02 08  1505   52678   54300  0  5.53e+02  1.21e+01  0  6.76e+02  1.82e+01  2.64e+00  4.75e-01  2.47e-01  -1.00
2003 02 08  1510   52678   54600  0  5.72e+02  1.83e+01  0  1.19e+03  1.99e+01  1.36e+00  4.13e-01  1.43e-01   1.85
2003 02 08  1515   52678   54900  0  5.40e+02  1.54e+01  0  1.53e+03  2.08e+01  1.21e+00  5.93e-01  2.29e-01   1.14
2003 02 08  1520   52678   55200  0  5.23e+02  1.72e+01  0  1.20e+03  1.88e+01  1.90e+00  4.63e-01  5.09e-02   0.82
2003 02 08  1525   52678   55500  0  5.16e+02  1.57e+01  0  9.37e+02  2.38e+01  1.59e+00  3.16e-01  5.09e-02  -1.00
2003 02 08  1530   52678   55800  0  4.99e+02  1.42e+01  0  1.00e+03  1.91e+01  1.44e+00  3.63e-01  5.73e-02  -1.00
2003 02 08  1535   52678   56100  0  5.14e+02  1.47e+01  0  8.25e+02  1.67e+01  1.65e+00  4.43e-01  4.58e-02  -1.00
2003 02 08  1540   52678   56400  0  5.38e+02  1.71e+01  0  1.01e+03  2.28e+01  2.58e+00  3.92e-01  4.58e-02  -1.00
2003 02 08  1545   52678   56700  0  5.26e+02  1.66e+01  0  8.44e+02  2.02e+01  1.71e+00  3.09e-01  1.41e-01  -1.00
2003 02 08  1550   52678   57000  0  5.47e+02  1.87e+01  0  1.17e+03  2.14e+01  2.27e+00  2.52e-01  1.83e-01   1.05
2003 02 08  1555   52678   57300  0  5.51e+02  1.81e+01  0  8.35e+02  1.64e+01  2.61e+00  4.57e-01  0.00e+00   0.98
2003 02 08  1600   52678   57600  0  5.14e+02  1.56e+01  0  7.79e+02  2.25e+01  1.17e+00  5.33e-01  2.45e-01   0.91
2003 02 08  1605   52678   57900  0  4.20e+02  1.56e+01  0  1.43e+03  1.70e+01  2.06e+00  4.04e-01  0.00e+00   1.58
2003 02 08  1610   52678   58200  0  5.97e+02  1.55e+01  0  1.28e+03  2.02e+01  1.75e+00  5.41e-01  8.18e-02   1.02
2003 02 08  1615   52678   58500  0  5.82e+02  1.58e+01  0  8.87e+02  1.96e+01  1.80e+00  3.88e-01  1.94e-01   1.61
2003 02 08  1620   52678   58800  0  5.01e+02  1.33e+01  0  1.07e+03  1.77e+01  2.07e+00  4.08e-01  1.91e-01   0.67
2003 02 08  1625   52678   59100  0  4.58e+02  1.51e+01  0  6.26e+02  1.64e+01  2.73e+00  4.99e-01  1.15e-01   2.00
2003 02 08  1630   52678   59400  0  5.73e+02  1.62e+01  0  6.49e+02  1.73e+01  2.48e+00  4.87e-01  1.95e-01  -1.00
2003 02 08  1635   52678   59700  0  5.47e+02  1.22e+01  0  6.24e+02  1.49e+01  1.53e+00  3.52e-01  2.65e-01   0.67
2003 02 08  1640   52678   60000  0  5.64e+02  1.50e+01  0  4.64e+02  1.89e+01  2.14e+00  4.18e-01  3.07e-01   0.66
2003 02 08  1645   52678   60300  0  5.38e+02  1.45e+01  0  5.93e+02  1.61e+01  1.60e+00  3.01e-01  7.05e-02   1.07
2003 02 08  1650   52678   60600  0  5.71e+02  1.18e+01  0  6.26e+02  2.05e+01  2.29e+00  4.63e-01  0.00e+00   0.29
2003 02 08  1655   52678   60900  0  5.62e+02  1.60e+01  0  4.96e+02  2.03e+01  1.77e+00  4.93e-01  0.00e+00   0.86
2003 02 08  1700   52678   61200  0  4.30e+02  1.92e+01  0  4.61e+02  1.72e+01  2.12e+00  4.93e-01  0.00e+00   1.00
2003 02 08  1705   52678   61500  0  5.18e+02  1.48e+01  0  6.26e+02  1.86e+01  1.78e+00  5.86e-01  0.00e+00   0.97
2003 02 08  1710   52678   61800  0  5.81e+02  1.57e+01  0  7.69e+02  1.66e+01  2.11e+00  3.10e-01  5.09e-02   2.00
2003 02 08  1715   52678   62100  0  5.26e+02  1.39e+01  0  7.69e+02  1.39e+01  1.65e+00  3.33e-01  1.02e-01  -1.00
2003 02 08  1720   52678   62400  0  4.90e+02  1.36e+01  0  7.89e+02  1.97e+01  1.95e+00  3.05e-01  3.10e-01   0.67
2003 02 08  1725   52678   62700  0  5.34e+02  1.88e+01  0  1.06e+03  1.63e+01  1.74e+00  4.37e-01  1.86e-01   0.64
2003 02 08  1730   52678   63000  0  5.29e+02  1.73e+01  0  7.52e+02  1.85e+01  2.10e+00  3.47e-01  5.73e-02  -1.00
2003 02 08  1735   52678   63300  0  5.68e+02  1.59e+01  0  6.60e+02  1.56e+01  1.64e+00  5.28e-01  1.93e-01   0.77
2003 02 08  1740   52678   63600  0  5.51e+02  1.66e+01  0  5.10e+02  2.06e+01  2.06e+00  7.46e-01  3.15e-01   0.22
2003 02 08  1745   52678   63900  0  5.95e+02  1.52e+01  0  3.74e+02  1.57e+01  1.52e+00  3.09e-01  1.15e-01  -1.00
2003 02 08  1750   52678   64200  0  4.83e+02  1.57e+01  0  3.08e+02  1.74e+01  1.61e+00  3.54e-01  1.76e-01  -1.00
2003 02 08  1755   52678   64500  0  5.16e+02  1.76e+01  0  3.65e+02  1.80e+01  2.63e+00  5.49e-01  2.11e-01   0.86
2003 02 08  1800   52678   64800  0  5.64e+02  1.18e+01  0  4.37e+02  1.70e+01  1.72e+00  5.27e-01  1.04e-01   1.85
2003 02 08  1805   52678   65100  0  5.63e+02  1.82e+01  0  3.60e+02  1.83e+01  1.82e+00  6.12e-01  1.34e-01   0.56
2003 02 08  1810   52678   65400  0  4.93e+02  1.60e+01  0  3.45e+02  1.87e+01  1.80e+00  2.85e-01  0.00e+00  -1.00
2003 02 08  1815   52678   65700  0  5.58e+02  1.46e+01  0  3.44e+02  1.70e+01  1.72e+00  3.27e-01  9.16e-02  -1.00
2003 02 08  1820   52678   66000  0  5.00e+02  1.56e+01  0  4.28e+02  2.26e+01  2.00e+00  5.51e-01  1.27e-01  -1.00
2003 02 08  1825   52678   66300  0  4.31e+02  1.51e+01  0  3.65e+02  1.87e+01  1.70e+00  3.52e-01  2.00e-01   2.00
2003 02 08  1830   52678   66600  0  4.82e+02  1.61e+01  0  4.22e+02  1.55e+01  2.16e+00  3.27e-01  3.15e-01  -1.00
2003 02 08  1835   52678   66900  0  5.27e+02  1.75e+01  0  4.61e+02  1.62e+01  1.94e+00  4.41e-01  1.83e-01   1.60
2003 02 08  1840   52678   67200  0  5.16e+02  1.68e+01  0  5.53e+02  1.68e+01  1.77e+00  4.26e-01  1.15e-01   1.22
2003 02 08  1845   52678   67500  0  5.05e+02  1.63e+01  0  4.02e+02  1.75e+01  1.85e+00  3.51e-01  1.50e-01   0.67
2003 02 08  1850   52678   67800  0  5.54e+02  1.65e+01  0  3.94e+02  1.77e+01  1.44e+00  5.10e-01  0.00e+00   1.12
2003 02 08  1855   52678   68100  0  4.76e+02  1.75e+01  0  4.51e+02  1.62e+01  2.13e+00  3.49e-01  2.04e-01   2.00
2003 02 08  1900   52678   68400  0  5.13e+02  1.75e+01  0  4.87e+02  1.81e+01  1.95e+00  4.30e-01  2.05e-01   0.92
2003 02 08  1905   52678   68700  0  4.78e+02  1.72e+01  0  5.22e+02  1.67e+01  1.95e+00  5.47e-01  0.00e+00   0.80
2003 02 08  1910   52678   69000  0  5.36e+02  1.81e+01  0  4.00e+02  1.67e+01  1.68e+00  5.61e-01  1.31e-01   1.42
2003 02 08  1915   52678   69300  0  5.24e+02  1.70e+01  0  4.16e+02  2.11e+01  1.95e+00  5.34e-01  1.80e-01   1.05
2003 02 08  1920   52678   69600  0  5.07e+02  1.81e+01  0  4.63e+02  2.43e+01  1.68e+00  3.66e-01  1.64e-01   2.00
2003 02 08  1925   52678   69900  0  6.66e+02  1.57e+01  0  5.68e+02  2.86e+01  1.87e+00  3.95e-01  2.06e-01   2.00
2003 02 08  1930   52678   70200  0  5.44e+02  1.66e+01  0  4.67e+02  2.86e+01  1.83e+00  3.39e-01  3.11e-01   0.38
2003 02 08  1935   52678   70500  0  5.85e+02  1.41e+01  0  4.64e+02  1.80e+01  1.59e+00  4.27e-01  7.64e-02   2.00
2003 02 08  1940   52678   70800  0  5.18e+02  1.62e+01  0  5.28e+02  1.94e+01  1.68e+00  3.80e-01  0.00e+00  -1.00
2003 02 08  1945   52678   71100  0  5.73e+02  1.32e+01  0  6.24e+02  3.25e+01  1.79e+00  3.91e-01  1.59e-01   1.61
2003 02 08  1950   52678   71400  0  5.24e+02  1.73e+01  0  3.26e+02  1.66e+01  1.80e+00  4.77e-01  2.05e-01   1.87
2003 02 08  1955   52678   71700  0  5.51e+02  1.40e+01  0  4.13e+02  1.73e+01  2.06e+00  6.15e-01  0.00e+00   0.22
2003 02 08  2000   52678   72000  0  5.16e+02  1.80e+01  0  5.83e+02  1.83e+01  1.99e+00  3.05e-01  8.81e-02   1.85
2003 02 08  2005   52678   72300  0  5.25e+02  1.53e+01  0  4.93e+02  2.13e+01  2.26e+00  5.40e-01  0.00e+00   1.02
2003 02 08  2010   52678   72600  0  5.13e+02  1.46e+01  0  3.79e+02  1.43e+01  1.87e+00  3.94e-01  2.08e-01   1.12
2003 02 08  2015   52678   72900  0  5.03e+02  1.70e+01  0  4.68e+02  1.72e+01  1.61e+00  4.93e-01  1.53e-01   0.29
2003 02 08  2020   52678   73200  0  5.75e+02  1.56e+01  0  3.54e+02  2.48e+01  1.74e+00  3.24e-01  5.09e-02   0.46
2003 02 08  2025   52678   73500  0  4.93e+02  1.56e+01  0  3.68e+02  2.14e+01  1.52e+00  3.80e-01  0.00e+00  -1.00
2003 02 08  2030   52678   73800  0  4.60e+02  1.68e+01  0  4.61e+02  1.52e+01  1.75e+00  5.13e-01  7.64e-02  -1.00
2003 02 08  2035   52678   74100  0  5.07e+02  1.53e+01  0  5.16e+02  1.84e+01  1.73e+00  5.26e-01  1.96e-01   1.87
2003 02 08  2040   52678   74400  0  6.12e+02  1.71e+01  0  3.51e+02  1.85e+01  1.55e+00  5.80e-01  5.09e-02   0.66
2003 02 08  2045   52678   74700  0  5.59e+02  1.70e+01  0  3.98e+02  1.82e+01  1.79e+00  4.66e-01  0.00e+00   1.41
2003 02 08  2050   52678   75000  0  5.62e+02  1.72e+01  0  3.12e+02  2.09e+01  1.60e+00  3.80e-01  0.00e+00  -1.00
2003 02 08  2055   52678   75300  0  5.51e+02  1.54e+01  0  5.02e+02  1.94e+01  1.86e+00  4.81e-01  0.00e+00   1.87
2003 02 08  2100   52678   75600  0  4.61e+02  1.48e+01  0  5.39e+02  2.03e+01  1.82e+00  5.23e-01  2.78e-01  -1.00
2003 02 08  2105   52678   75900  0  5.79e+02  1.69e+01  0  5.83e+02  2.66e+01  1.94e+00  5.24e-01  4.17e-02   1.41
2003 02 08  2110   52678   76200  0  5.92e+02  1.72e+01  0  6.90e+02  1.86e+01  2.35e+00  5.22e-01  8.33e-02   0.67
2003 02 08  2115   52678   76500  0  4.88e+02  1.66e+01  0  6.01e+02  1.90e+01  8.50e-01  5.33e-01  1.53e-01  -1.00
2003 02 08  2120   52678   76800  0  5.73e+02  1.30e+01  0  4.76e+02  1.62e+01  1.80e+00  4.69e-01  1.04e-01   1.60
2003 02 08  2125   52678   77100  0  7.54e+02  2.13e+01  0  7.21e+02  2.08e+01  0.00e+00  2.61e-01  0.00e+00  -1.00
2003 02 08  2130   52678   77400  0  4.81e+02  1.55e+01  0  6.46e+02  2.93e+01  1.44e+00  4.76e-01  8.59e-02   0.92
2003 02 08  2135   52678   77700  0  5.14e+02  1.36e+01  0  9.66e+02  3.93e+01  1.69e+00  3.92e-01  1.62e-01  -1.00
2003 02 08  2140   52678   78000  0  6.03e+02  1.16e+01  0  8.68e+02  2.90e+01  1.76e+00  5.55e-01  2.11e-01  -1.00
2003 02 08  2145   52678   78300  0  5.59e+02  1.51e+01  0  7.20e+02  2.45e+01  1.80e+00  3.56e-01  2.29e-01   1.15
2003 02 08  2150   52678   78600  0  5.26e+02  1.73e+01  0  8.89e+02  2.54e+01  2.20e+00  4.20e-01  1.15e-01   1.61
2003 02 08  2155   52678   78900  0  5.56e+02  1.59e+01  0  6.45e+02  1.91e+01  2.12e+00  3.86e-01  0.00e+00   1.85
2003 02 08  2200   52678   79200  0  5.22e+02  1.57e+01  0  5.60e+02  1.58e+01  1.61e+00  3.79e-01  0.00e+00   1.00
2003 02 08  2205   52678   79500  0  6.49e+02  1.70e+01  0  3.92e+02  1.76e+01  2.10e+00  4.07e-01  2.29e-01   0.60
2003 02 08  2210   52678   79800  0  6.43e+02  2.00e+01  0  3.76e+02  1.66e+01  1.59e+00  4.93e-01  2.20e-01   2.00
2003 02 08  2215   52678   80100  0  5.56e+02  1.39e+01  0  4.43e+02  1.81e+01  1.64e+00  4.41e-01  1.99e-01   1.03
2003 02 08  2220   52678   80400  0  4.99e+02  1.39e+01  0  4.00e+02  2.12e+01  1.80e+00  4.04e-01  5.73e-02  -1.00
2003 02 08  2225   52678   80700  0  4.66e+02  1.58e+01  0  7.39e+02  1.72e+01  2.25e+00  2.83e-01  0.00e+00  -1.00
2003 02 08  2230   52678   81000  0  6.18e+02  1.42e+01  0  5.77e+02  1.81e+01  1.72e+00  4.79e-01  9.55e-02   1.44
2003 02 08  2235   52678   81300  0  5.58e+02  1.81e+01  0  4.27e+02  1.51e+01  2.23e+00  5.70e-01  6.25e-02  -1.00
2003 02 08  2240   52678   81600  0  5.63e+02  1.90e+01  0  3.20e+02  1.67e+01  1.82e+00  3.99e-01  1.46e-01   0.00
2003 02 08  2245   52678   81900  0  4.79e+02  1.73e+01  0  4.45e+02  1.85e+01  1.68e+00  6.53e-01  1.04e-01   1.67
2003 02 08  2250   52678   82200  0  4.96e+02  1.96e+01  0  4.64e+02  1.58e+01  1.80e+00  3.80e-01  2.10e-01  -1.00
2003 02 08  2255   52678   82500  0  4.54e+02  1.61e+01  0  3.62e+02  1.78e+01  2.01e+00  3.38e-01  1.68e-01   2.00
2003 02 08  2300   52678   82800  0  5.38e+02  1.58e+01  0  3.92e+02  1.52e+01  1.59e+00  4.22e-01  1.39e-01   2.00
2003 02 08  2305   52678   83100  0  5.60e+02  1.77e+01  0  3.56e+02  1.64e+01  1.37e+00  4.28e-01  1.34e-01  -1.00
2003 02 08  2310   52678   83400  0  5.54e+02  1.47e+01  0  3.41e+02  1.51e+01  1.35e+00  4.06e-01  1.64e-01   2.00
2003 02 08  2315   52678   83700  0  5.95e+02  1.61e+01  0  1.90e+02  1.75e+01  1.51e+00  4.96e-01  0.00e+00   0.49
2003 02 08  2320   52678   84000  0  6.08e+02  1.62e+01  0  2.33e+02  1.65e+01  1.60e+00  3.52e-01  9.16e-02   0.67
2003 02 08  2325   52678   84300  0  5.60e+02  1.32e+01  0  2.90e+02  1.56e+01  1.61e+00  4.20e-01  1.53e-01   0.29
2003 02 08  2330   52678   84600  0  4.89e+02  1.46e+01  0  2.49e+02  1.41e+01  1.08e+00  2.67e-01  0.00e+00   2.00
2003 02 08  2335   52678   84900  0  5.22e+02  1.57e+01  0  3.44e+02  1.61e+01  1.88e+00  4.09e-01  1.79e-01   0.92
2003 02 08  2340   52678   85200  0  6.30e+02  1.68e+01  0  2.81e+02  2.04e+01  1.12e+00  3.48e-01  6.55e-02  -1.00
2003 02 08  2345   52678   85500  0  5.95e+02  1.73e+01  0  3.72e+02  1.58e+01  1.83e+00  4.46e-01  0.00e+00   0.67
2003 02 08  2350   52678   85800  0  4.96e+02  1.51e+01  0  5.19e+02  1.48e+01  2.13e+00  5.04e-01  0.00e+00   0.67
2003 02 08  2355   52678   86100  0  6.43e+02  1.63e+01  0  4.83e+02  1.54e+01  2.14e+00  5.61e-01  0.00e+00   1.06
