:Data_list: 20030206_ace_epam_5m.txt
:Created: 2003 Feb 07 0012 UT
# Prepared by the U.S. Dept. of Commerce, NOAA, Space Environment Center.
# Please send comments and suggestions to sec@sec.noaa.gov 
# 
# Units: Differential Flux particles/cm2-s-ster-MeV
# Units: Anisotropy Index 0.0 - 2.0
# Status(S): 0 = nominal, 4,6,7,8 = bad data, unable to process, 9 = no data
# Missing data values: -1.00e+05, index = -1.00
# Source: ACE Satellite - Electron, Proton, and Alpha Monitor
# Note: 2002 Mar 18: First Proton channel changed from 47-65 to 65-112keV.
#
#                      5-minute averaged Real-time Differential Electron and Proton Flux 
# 
#                Modified Seconds ---------------------------- Differential Flux --------------------------- 
# UT Date   Time  Julian  of the  ----- Electron -----   ------------------- Protons keV -------------------   Anis.
# YR MO DA  HHMM    Day    Day    S    38-53   175-315   S   65-112   112-187   310-580   761-1220 060-1910   Ratio
#-------------------------------------------------------------------------------------------------------------------
2003 02 06  0000   52676       0  0  5.14e+02  1.72e+01  0  7.01e+02  5.22e+01  3.57e+00  3.39e-01  7.05e-02   1.49
2003 02 06  0005   52676     300  0  4.08e+02  2.00e+01  0  4.79e+02  5.17e+01  3.00e+00  3.48e-01  4.58e-02   1.49
2003 02 06  0010   52676     600  0  4.88e+02  1.49e+01  0  6.83e+02  6.17e+01  2.88e+00  4.00e-01  1.60e-01   0.92
2003 02 06  0015   52676     900  0  4.98e+02  1.56e+01  0  7.97e+02  6.03e+01  3.21e+00  5.30e-01  1.35e-01  -1.00
2003 02 06  0020   52676    1200  0  4.62e+02  1.48e+01  0  1.01e+03  4.27e+01  3.53e+00  5.16e-01  1.23e-01   1.87
2003 02 06  0025   52676    1500  0  4.62e+02  1.35e+01  0  7.78e+02  4.33e+01  2.46e+00  4.40e-01  4.58e-02   2.00
2003 02 06  0030   52676    1800  0  4.54e+02  1.47e+01  0  5.88e+02  3.72e+01  2.23e+00  4.60e-01  0.00e+00   0.49
2003 02 06  0035   52676    2100  0  4.72e+02  1.67e+01  0  9.63e+02  3.45e+01  2.20e+00  5.39e-01  0.00e+00   0.54
2003 02 06  0040   52676    2400  0  4.92e+02  1.54e+01  0  7.81e+02  4.54e+01  2.95e+00  5.59e-01  2.11e-01   1.85
2003 02 06  0045   52676    2700  0  5.00e+02  1.76e+01  0  1.37e+03  5.08e+01  3.00e+00  5.55e-01  3.82e-02   0.51
2003 02 06  0050   52676    3000  0  5.50e+02  1.51e+01  0  1.14e+03  3.43e+01  2.22e+00  5.11e-01  2.39e-01   1.26
2003 02 06  0055   52676    3300  0  5.24e+02  1.56e+01  0  9.60e+02  3.59e+01  3.23e+00  3.28e-01  8.59e-02   2.00
2003 02 06  0100   52676    3600  0  4.33e+02  1.29e+01  0  9.34e+02  3.34e+01  1.84e+00  4.97e-01  2.38e-01   0.86
2003 02 06  0105   52676    3900  0  4.89e+02  1.75e+01  0  9.11e+02  3.57e+01  2.64e+00  4.92e-01  6.25e-02   2.00
2003 02 06  0110   52676    4200  0  4.46e+02  1.48e+01  0  1.05e+03  3.22e+01  2.25e+00  4.05e-01  0.00e+00   1.36
2003 02 06  0115   52676    4500  0  4.76e+02  1.40e+01  0  1.27e+03  3.92e+01  2.88e+00  5.45e-01  1.27e-01   1.12
2003 02 06  0120   52676    4800  0  4.80e+02  1.66e+01  0  9.07e+02  4.13e+01  2.96e+00  4.80e-01  0.00e+00   0.98
2003 02 06  0125   52676    5100  0  4.94e+02  1.97e+01  0  1.03e+03  4.47e+01  2.29e+00  2.95e-01  1.76e-01  -1.00
2003 02 06  0130   52676    5400  0  4.76e+02  1.64e+01  0  9.50e+02  4.51e+01  1.89e+00  3.33e-01  0.00e+00  -1.00
2003 02 06  0135   52676    5700  0  4.47e+02  1.55e+01  0  7.82e+02  4.35e+01  2.54e+00  3.00e-01  3.52e-02   0.98
2003 02 06  0140   52676    6000  0  5.32e+02  1.62e+01  0  5.41e+02  3.73e+01  2.54e+00  3.40e-01  0.00e+00   2.00
2003 02 06  0145   52676    6300  0  4.83e+02  1.86e+01  0  7.51e+02  3.73e+01  2.20e+00  5.56e-01  0.00e+00   0.35
2003 02 06  0150   52676    6600  0  4.88e+02  1.67e+01  0  1.06e+03  4.21e+01  3.00e+00  3.82e-01  7.64e-02   1.61
2003 02 06  0155   52676    6900  0  4.91e+02  1.66e+01  0  9.03e+02  4.41e+01  3.02e+00  4.57e-01  0.00e+00   0.67
2003 02 06  0200   52676    7200  0  4.62e+02  1.55e+01  0  1.01e+03  3.94e+01  2.36e+00  4.29e-01  1.91e-01   0.86
2003 02 06  0205   52676    7500  0  3.95e+02  1.65e+01  0  7.35e+02  5.53e+01  3.16e+00  1.99e-01  2.49e-01   0.67
2003 02 06  0210   52676    7800  0  4.11e+02  1.65e+01  0  7.62e+02  4.58e+01  2.12e+00  4.54e-01  1.72e-01   0.77
2003 02 06  0215   52676    8100  0  5.34e+02  1.16e+01  0  9.03e+02  4.11e+01  2.75e+00  4.18e-01  1.76e-01  -1.00
2003 02 06  0220   52676    8400  0  4.78e+02  1.99e+01  0  1.11e+03  4.13e+01  1.99e+00  2.73e-01  1.41e-01   2.00
2003 02 06  0225   52676    8700  0  4.36e+02  1.60e+01  0  7.08e+02  3.29e+01  2.03e+00  3.33e-01  2.29e-01  -1.00
2003 02 06  0230   52676    9000  0  4.72e+02  1.40e+01  0  6.55e+02  4.11e+01  2.76e+00  4.57e-01  1.58e-01   1.49
2003 02 06  0235   52676    9300  0  5.12e+02  1.51e+01  0  6.83e+02  3.16e+01  2.64e+00  3.25e-01  1.15e-01   2.00
2003 02 06  0240   52676    9600  0  4.24e+02  1.40e+01  0  7.21e+02  3.23e+01  2.39e+00  3.56e-01  0.00e+00   1.41
2003 02 06  0245   52676    9900  0  5.01e+02  1.57e+01  0  5.15e+02  3.38e+01  2.43e+00  4.35e-01  5.09e-02   1.49
2003 02 06  0250   52676   10200  0  4.81e+02  1.77e+01  0  4.97e+02  3.62e+01  2.68e+00  2.81e-01  0.00e+00   1.41
2003 02 06  0255   52676   10500  0  4.54e+02  1.53e+01  0  4.21e+02  3.27e+01  2.64e+00  3.23e-01  2.13e-01   0.77
2003 02 06  0300   52676   10800  0  4.53e+02  1.52e+01  0  4.76e+02  3.33e+01  2.13e+00  5.33e-01  1.03e-01   0.38
2003 02 06  0305   52676   11100  0  5.24e+02  1.60e+01  0  4.17e+02  3.78e+01  1.67e+00  5.16e-01  2.29e-01  -1.00
2003 02 06  0310   52676   11400  0  4.15e+02  1.30e+01  0  4.27e+02  3.21e+01  1.90e+00  3.94e-01  1.15e-01   0.66
2003 02 06  0315   52676   11700  0  3.97e+02  1.39e+01  0  4.51e+02  3.72e+01  3.47e+00  4.49e-01  0.00e+00   2.00
2003 02 06  0320   52676   12000  0  4.01e+02  1.56e+01  0  5.32e+02  3.12e+01  2.71e+00  4.80e-01  2.45e-01   0.69
2003 02 06  0325   52676   12300  0  5.03e+02  1.57e+01  0  6.01e+02  3.90e+01  2.73e+00  4.79e-01  1.50e-01  -1.00
2003 02 06  0330   52676   12600  0  4.81e+02  1.47e+01  0  4.70e+02  3.80e+01  2.61e+00  5.42e-01  7.64e-02   0.83
2003 02 06  0335   52676   12900  0  4.81e+02  1.50e+01  0  5.90e+02  3.81e+01  2.76e+00  3.31e-01  2.00e-01   2.00
2003 02 06  0340   52676   13200  0  5.07e+02  1.44e+01  0  7.28e+02  3.80e+01  3.37e+00  3.09e-01  2.75e-01  -1.00
2003 02 06  0345   52676   13500  0  4.50e+02  1.54e+01  0  6.04e+02  4.06e+01  2.81e+00  4.06e-01  2.64e-01   0.38
2003 02 06  0350   52676   13800  0  4.89e+02  1.61e+01  0  6.30e+02  3.43e+01  1.53e+00  2.95e-01  1.86e-01   0.38
2003 02 06  0355   52676   14100  0  4.64e+02  1.70e+01  0  5.57e+02  3.38e+01  2.28e+00  4.12e-01  1.47e-01  -1.00
2003 02 06  0400   52676   14400  0  4.96e+02  1.34e+01  0  6.03e+02  3.85e+01  2.54e+00  4.64e-01  1.67e-01   1.68
2003 02 06  0405   52676   14700  0  4.99e+02  1.48e+01  0  5.87e+02  3.39e+01  2.05e+00  4.49e-01  2.29e-01   1.41
2003 02 06  0410   52676   15000  0  4.83e+02  1.51e+01  0  5.10e+02  3.73e+01  3.53e+00  1.48e-01  8.33e-02  -1.00
2003 02 06  0415   52676   15300  0  5.36e+02  1.65e+01  0  5.51e+02  3.81e+01  2.38e+00  4.24e-01  2.16e-01   1.26
2003 02 06  0420   52676   15600  0  4.56e+02  1.51e+01  0  7.91e+02  6.16e+01  2.40e+00  5.66e-01  1.15e-01   1.61
2003 02 06  0425   52676   15900  0  5.03e+02  1.59e+01  0  7.75e+02  4.89e+01  2.36e+00  4.68e-01  1.53e-01   1.15
2003 02 06  0430   52676   16200  9 -1.00e+05 -1.00e+05  9 -1.00e+05 -1.00e+05 -1.00e+05 -1.00e+05 -1.00e+05  -1.00
2003 02 06  0435   52676   16500  9 -1.00e+05 -1.00e+05  9 -1.00e+05 -1.00e+05 -1.00e+05 -1.00e+05 -1.00e+05  -1.00
2003 02 06  0440   52676   16800  9 -1.00e+05 -1.00e+05  9 -1.00e+05 -1.00e+05 -1.00e+05 -1.00e+05 -1.00e+05  -1.00
2003 02 06  0445   52676   17100  0  4.63e+02  1.75e+01  0  4.61e+02  3.66e+01  2.07e+00  5.34e-01  0.00e+00   2.00
2003 02 06  0450   52676   17400  0  5.71e+02  1.44e+01  0  5.69e+02  3.82e+01  2.45e+00  2.50e-01  1.15e-01   0.00
2003 02 06  0455   52676   17700  0  4.86e+02  1.77e+01  0  6.16e+02  5.09e+01  1.76e+00  4.14e-01  1.35e-01  -1.00
2003 02 06  0500   52676   18000  0  4.91e+02  1.65e+01  0  5.84e+02  3.81e+01  2.35e+00  5.36e-01  2.52e-01   0.98
2003 02 06  0505   52676   18300  0  4.99e+02  1.44e+01  0  5.68e+02  4.15e+01  1.97e+00  2.78e-01  0.00e+00   2.00
2003 02 06  0510   52676   18600  0  4.83e+02  1.52e+01  0  6.63e+02  6.17e+01  3.14e+00  3.54e-01  0.00e+00   0.00
2003 02 06  0515   52676   18900  0  4.76e+02  1.31e+01  0  5.29e+02  4.82e+01  2.11e+00  1.16e-01  1.85e-01  -1.00
2003 02 06  0520   52676   19200  0  4.56e+02  1.45e+01  0  6.70e+02  5.50e+01  1.73e+00  4.92e-01  0.00e+00  -1.00
2003 02 06  0525   52676   19500  9 -1.00e+05 -1.00e+05  9 -1.00e+05 -1.00e+05 -1.00e+05 -1.00e+05 -1.00e+05  -1.00
2003 02 06  0530   52676   19800  9 -1.00e+05 -1.00e+05  9 -1.00e+05 -1.00e+05 -1.00e+05 -1.00e+05 -1.00e+05  -1.00
2003 02 06  0535   52676   20100  9 -1.00e+05 -1.00e+05  9 -1.00e+05 -1.00e+05 -1.00e+05 -1.00e+05 -1.00e+05  -1.00
2003 02 06  0540   52676   20400  9 -1.00e+05 -1.00e+05  9 -1.00e+05 -1.00e+05 -1.00e+05 -1.00e+05 -1.00e+05  -1.00
2003 02 06  0545   52676   20700  9 -1.00e+05 -1.00e+05  9 -1.00e+05 -1.00e+05 -1.00e+05 -1.00e+05 -1.00e+05  -1.00
2003 02 06  0550   52676   21000  0  4.96e+02  1.63e+01  0  9.68e+02  5.37e+01  2.40e+00  4.57e-01  1.15e-01   0.59
2003 02 06  0555   52676   21300  0  4.81e+02  1.84e+01  0  6.86e+02  4.41e+01  2.81e+00  3.01e-01  9.16e-02  -1.00
2003 02 06  0600   52676   21600  0  5.10e+02  1.85e+01  0  7.74e+02  5.93e+01  3.18e+00  3.17e-01  1.76e-01  -1.00
2003 02 06  0605   52676   21900  0  4.84e+02  1.66e+01  0  7.92e+02  5.99e+01  2.80e+00  3.52e-01  1.67e-01   0.77
2003 02 06  0610   52676   22200  0  5.26e+02  1.68e+01  0  6.35e+02  5.43e+01  2.55e+00  3.60e-01  0.00e+00   1.42
2003 02 06  0615   52676   22500  0  4.84e+02  1.56e+01  0  5.78e+02  5.27e+01  2.13e+00  3.82e-01  7.64e-02  -1.00
2003 02 06  0620   52676   22800  0  4.91e+02  1.67e+01  0  3.23e+02  3.54e+01  2.68e+00  3.00e-01  0.00e+00  -1.00
2003 02 06  0625   52676   23100  0  4.52e+02  1.42e+01  0  3.60e+02  3.74e+01  2.34e+00  5.94e-01  5.09e-02   1.20
2003 02 06  0630   52676   23400  0  5.42e+02  1.37e+01  0  3.51e+02  3.47e+01  2.05e+00  2.19e-01  5.29e-02   1.41
2003 02 06  0635   52676   23700  0  4.00e+02  1.66e+01  0  3.91e+02  3.71e+01  2.37e+00  3.13e-01  0.00e+00   2.00
2003 02 06  0640   52676   24000  0  4.76e+02  1.68e+01  0  4.07e+02  3.83e+01  1.95e+00  2.85e-01  0.00e+00  -1.00
2003 02 06  0645   52676   24300  0  4.68e+02  1.17e+01  0  4.04e+02  4.15e+01  1.99e+00  2.27e-01  9.55e-02  -1.00
2003 02 06  0650   52676   24600  0  4.86e+02  1.32e+01  0  4.90e+02  4.99e+01  2.90e+00  5.17e-01  9.16e-02   0.67
2003 02 06  0655   52676   24900  0  4.07e+02  1.53e+01  0  5.94e+02  4.31e+01  2.60e+00  2.98e-01  5.09e-02   1.07
2003 02 06  0700   52676   25200  0  5.06e+02  1.50e+01  0  5.23e+02  4.11e+01  2.24e+00  3.09e-01  9.16e-02  -1.00
2003 02 06  0705   52676   25500  0  5.02e+02  1.79e+01  0  7.25e+02  3.78e+01  2.84e+00  4.04e-01  4.58e-02  -1.00
2003 02 06  0710   52676   25800  0  4.76e+02  1.74e+01  0  7.57e+02  5.34e+01  2.79e+00  4.97e-01  7.64e-02   1.15
2003 02 06  0715   52676   26100  0  4.76e+02  1.68e+01  0  8.60e+02  5.95e+01  2.95e+00  4.34e-01  1.15e-01   1.49
2003 02 06  0720   52676   26400  0  4.69e+02  1.74e+01  0  7.19e+02  5.10e+01  2.38e+00  5.07e-01  1.58e-01  -1.00
2003 02 06  0725   52676   26700  0  4.56e+02  1.63e+01  0  7.84e+02  4.87e+01  2.33e+00  4.11e-01  3.52e-02   0.57
2003 02 06  0730   52676   27000  0  5.36e+02  1.59e+01  0  4.99e+02  5.17e+01  2.54e+00  3.66e-01  1.76e-01   0.92
2003 02 06  0735   52676   27300  0  4.43e+02  1.53e+01  0  1.07e+03  1.24e+02  2.94e+00  3.53e-01  4.58e-02   1.20
2003 02 06  0740   52676   27600  0  5.87e+02  1.47e+01  0  5.15e+02  4.35e+01  2.39e+00  5.10e-01  1.53e-01  -1.00
2003 02 06  0745   52676   27900  0  4.90e+02  1.45e+01  0  6.21e+02  4.41e+01  2.85e+00  4.74e-01  0.00e+00   0.45
2003 02 06  0750   52676   28200  0  4.73e+02  1.66e+01  0  4.98e+02  4.13e+01  2.60e+00  2.77e-01  0.00e+00   1.42
2003 02 06  0755   52676   28500  0  4.76e+02  1.33e+01  0  5.45e+02  5.15e+01  2.92e+00  4.95e-01  5.73e-02   1.89
2003 02 06  0800   52676   28800  0  4.66e+02  1.43e+01  0  5.37e+02  5.14e+01  2.62e+00  2.87e-01  1.49e-01  -1.00
2003 02 06  0805   52676   29100  0  4.70e+02  1.60e+01  0  7.20e+02  8.83e+01  2.75e+00  4.17e-01  6.55e-02   1.60
2003 02 06  0810   52676   29400  0  4.17e+02  1.82e+01  0  5.02e+02  4.82e+01  2.76e+00  3.10e-01  0.00e+00   1.87
2003 02 06  0815   52676   29700  0  4.24e+02  1.32e+01  0  5.31e+02  4.69e+01  2.22e+00  4.15e-01  0.00e+00   0.44
2003 02 06  0820   52676   30000  0  4.88e+02  1.36e+01  0  4.91e+02  4.62e+01  2.37e+00  4.88e-01  0.00e+00  -1.00
2003 02 06  0825   52676   30300  0  4.00e+02  1.72e+01  0  6.22e+02  4.62e+01  3.15e+00  3.19e-01  1.15e-01   2.00
2003 02 06  0830   52676   30600  0  4.78e+02  1.42e+01  0  6.80e+02  3.91e+01  2.57e+00  4.76e-01  0.00e+00   2.00
2003 02 06  0835   52676   30900  0  4.96e+02  1.64e+01  0  6.65e+02  4.01e+01  2.47e+00  4.40e-01  1.27e-01   2.00
2003 02 06  0840   52676   31200  0  4.24e+02  1.75e+01  0  6.20e+02  4.41e+01  2.03e+00  2.46e-01  1.53e-01   1.60
2003 02 06  0845   52676   31500  0  5.00e+02  1.52e+01  0  4.96e+02  4.09e+01  1.80e+00  5.10e-01  7.64e-02   1.26
2003 02 06  0850   52676   31800  0  5.10e+02  1.54e+01  0  6.27e+02  3.59e+01  2.22e+00  3.39e-01  1.23e-01   1.85
2003 02 06  0855   52676   32100  0  5.10e+02  1.52e+01  0  4.91e+02  3.66e+01  2.03e+00  3.74e-01  2.06e-01   1.28
2003 02 06  0900   52676   32400  0  4.76e+02  1.74e+01  0  5.12e+02  4.20e+01  2.92e+00  4.04e-01  4.16e-02  -1.00
2003 02 06  0905   52676   32700  0  5.39e+02  1.45e+01  0  4.49e+02  4.51e+01  2.74e+00  3.33e-01  1.67e-01  -1.00
2003 02 06  0910   52676   33000  0  4.73e+02  1.29e+01  0  5.00e+02  4.01e+01  2.46e+00  2.86e-01  8.81e-02   1.18
2003 02 06  0915   52676   33300  0  4.53e+02  1.86e+01  0  3.94e+02  4.34e+01  2.13e+00  1.62e-01  1.91e-01   1.87
2003 02 06  0920   52676   33600  0  5.08e+02  1.40e+01  0  4.48e+02  4.59e+01  2.54e+00  1.28e-01  1.25e-01   2.00
2003 02 06  0925   52676   33900  0  5.11e+02  1.72e+01  0  5.94e+02  4.57e+01  2.48e+00  2.97e-01  1.79e-01  -1.00
2003 02 06  0930   52676   34200  0  5.02e+02  1.41e+01  0  4.42e+02  4.15e+01  2.69e+00  4.57e-01  6.87e-02   0.48
2003 02 06  0935   52676   34500  0  4.73e+02  1.41e+01  0  3.76e+02  4.49e+01  2.62e+00  5.66e-01  9.16e-02   1.07
2003 02 06  0940   52676   34800  0  4.64e+02  1.47e+01  0  3.82e+02  4.25e+01  2.31e+00  4.54e-01  1.15e-01   2.00
2003 02 06  0945   52676   35100  0  5.36e+02  1.51e+01  0  4.93e+02  5.59e+01  2.50e+00  3.99e-01  0.00e+00   0.67
2003 02 06  0950   52676   35400  0  4.43e+02  1.53e+01  0  4.88e+02  7.69e+01  3.22e+00  1.66e-01  1.06e-01  -1.00
2003 02 06  0955   52676   35700  0  4.76e+02  1.53e+01  0  3.89e+02  4.84e+01  1.96e+00  3.37e-01  0.00e+00  -1.00
2003 02 06  1000   52676   36000  0  3.77e+02  1.68e+01  0  2.93e+02  5.99e+01  2.56e+00  5.63e-01  1.37e-01   0.98
2003 02 06  1005   52676   36300  0  4.76e+02  1.87e+01  0  3.14e+02  5.91e+01  2.83e+00  2.95e-01  0.00e+00   2.00
2003 02 06  1010   52676   36600  0  4.82e+02  1.71e+01  0  5.05e+02  7.25e+01  2.61e+00  3.52e-01  0.00e+00   2.00
2003 02 06  1015   52676   36900  0  4.76e+02  1.55e+01  0  5.22e+02  7.44e+01  3.52e+00  4.13e-01  0.00e+00   1.22
2003 02 06  1020   52676   37200  0  4.35e+02  1.31e+01  0  4.97e+02  5.58e+01  3.00e+00  1.88e-01  2.56e-01   1.85
2003 02 06  1025   52676   37500  0  4.29e+02  1.56e+01  0  3.94e+02  5.45e+01  3.21e+00  3.05e-01  1.23e-01   2.00
2003 02 06  1030   52676   37800  0  4.51e+02  1.64e+01  0  3.44e+02  4.61e+01  2.61e+00  4.39e-01  1.53e-01   2.00
2003 02 06  1035   52676   38100  0  4.68e+02  1.42e+01  0  3.84e+02  6.32e+01  3.16e+00  5.55e-01  2.29e-01  -1.00
2003 02 06  1040   52676   38400  0  4.84e+02  1.29e+01  0  4.47e+02  6.07e+01  3.26e+00  4.39e-01  0.00e+00   1.07
2003 02 06  1045   52676   38700  0  5.13e+02  1.85e+01  0  3.41e+02  5.08e+01  2.30e+00  3.87e-01  0.00e+00   1.36
2003 02 06  1050   52676   39000  0  4.67e+02  1.93e+01  0  3.31e+02  5.24e+01  2.51e+00  4.80e-01  2.03e-01   2.00
2003 02 06  1055   52676   39300  0  4.21e+02  1.46e+01  0  3.76e+02  4.41e+01  2.34e+00  5.10e-01  2.83e-01   2.00
2003 02 06  1100   52676   39600  0  4.46e+02  1.50e+01  0  3.75e+02  4.47e+01  2.36e+00  4.57e-01  1.15e-01  -1.00
2003 02 06  1105   52676   39900  0  4.66e+02  1.67e+01  0  5.31e+02  4.39e+01  2.69e+00  3.40e-01  1.04e-01  -1.00
2003 02 06  1110   52676   40200  0  4.71e+02  1.29e+01  0  4.62e+02  5.04e+01  2.41e+00  4.11e-01  2.05e-01   0.71
2003 02 06  1115   52676   40500  0  4.49e+02  1.86e+01  0  5.48e+02  4.62e+01  1.93e+00  3.70e-01  0.00e+00   0.40
2003 02 06  1120   52676   40800  0  4.98e+02  1.58e+01  0  6.79e+02  5.82e+01  3.06e+00  5.41e-01  2.69e-01   0.99
2003 02 06  1125   52676   41100  0  4.21e+02  1.54e+01  0  9.95e+02  8.13e+01  2.70e+00  2.55e-01  2.13e-01   1.07
2003 02 06  1130   52676   41400  0  5.03e+02  1.71e+01  0  1.00e+03  9.30e+01  2.88e+00  4.35e-01  0.00e+00  -1.00
2003 02 06  1135   52676   41700  0  4.35e+02  1.82e+01  0  5.85e+02  5.05e+01  3.29e+00  3.52e-01  2.16e-01  -1.00
2003 02 06  1140   52676   42000  0  4.42e+02  1.56e+01  0  8.06e+02  8.71e+01  3.03e+00  2.58e-01  4.17e-02   1.41
2003 02 06  1145   52676   42300  0  4.66e+02  1.64e+01  0  5.92e+02  6.02e+01  3.37e+00  2.78e-01  0.00e+00   1.49
2003 02 06  1150   52676   42600  0  4.36e+02  1.67e+01  0  5.03e+02  5.11e+01  2.37e+00  4.10e-01  0.00e+00  -1.00
2003 02 06  1155   52676   42900  0  4.44e+02  1.68e+01  0  6.55e+02  5.38e+01  2.39e+00  4.22e-01  1.37e-01   2.00
2003 02 06  1200   52676   43200  0  4.61e+02  1.90e+01  0  7.57e+02  7.86e+01  2.49e+00  3.24e-01  1.15e-01   1.87
2003 02 06  1205   52676   43500  0  4.73e+02  1.46e+01  0  8.60e+02  9.40e+01  3.88e+00  5.05e-01  1.96e-01   2.00
2003 02 06  1210   52676   43800  0  4.32e+02  1.40e+01  0  6.38e+02  5.81e+01  2.38e+00  4.04e-01  1.91e-01  -1.00
2003 02 06  1215   52676   44100  0  4.37e+02  1.48e+01  0  6.99e+02  6.11e+01  2.84e+00  3.70e-01  9.55e-02   1.41
2003 02 06  1220   52676   44400  0  5.05e+02  1.45e+01  0  6.42e+02  5.64e+01  2.47e+00  4.22e-01  0.00e+00   0.77
2003 02 06  1225   52676   44700  0  4.91e+02  1.19e+01  0  7.84e+02  6.04e+01  2.25e+00  3.47e-01  5.73e-02   0.26
2003 02 06  1230   52676   45000  0  5.34e+02  1.48e+01  0  6.97e+02  6.60e+01  1.86e+00  3.02e-01  2.84e-01  -1.00
2003 02 06  1235   52676   45300  0  5.23e+02  1.44e+01  0  6.64e+02  5.38e+01  2.23e+00  4.40e-01  2.93e-01   1.28
2003 02 06  1240   52676   45600  0  4.40e+02  1.83e+01  0  5.17e+02  4.81e+01  2.86e+00  2.11e-01  1.25e-01   1.41
2003 02 06  1245   52676   45900  0  4.66e+02  1.37e+01  0  5.25e+02  3.75e+01  2.64e+00  4.63e-01  0.00e+00   1.41
2003 02 06  1250   52676   46200  0  4.45e+02  1.73e+01  0  4.97e+02  5.24e+01  1.88e+00  2.97e-01  1.50e-01   0.67
2003 02 06  1255   52676   46500  0  4.84e+02  1.20e+01  0  5.81e+02  4.52e+01  2.82e+00  5.16e-01  0.00e+00   1.41
2003 02 06  1300   52676   46800  0  3.97e+02  1.74e+01  0  4.87e+02  3.62e+01  1.97e+00  4.79e-01  0.00e+00   0.67
2003 02 06  1305   52676   47100  0  4.94e+02  1.52e+01  0  4.73e+02  4.09e+01  2.07e+00  3.77e-01  2.20e-01   0.92
2003 02 06  1310   52676   47400  0  4.54e+02  1.52e+01  0  3.68e+02  3.53e+01  2.03e+00  2.80e-01  1.24e-01   2.00
2003 02 06  1315   52676   47700  0  4.00e+02  1.95e+01  0  5.45e+02  5.75e+01  2.15e+00  1.45e-01  9.82e-02  -1.00
2003 02 06  1320   52676   48000  0  5.03e+02  1.74e+01  0  6.39e+02  7.65e+01  2.88e+00  5.86e-01  1.34e-01   2.00
2003 02 06  1325   52676   48300  0  6.00e+02  1.35e+01  0  2.87e+02  4.20e+01  2.33e+00  4.90e-01  0.00e+00  -1.00
2003 02 06  1330   52676   48600  0  4.56e+02  1.29e+01  0  3.07e+02  3.89e+01  3.17e+00  4.09e-01  0.00e+00   0.77
2003 02 06  1335   52676   48900  0  5.13e+02  1.81e+01  0  4.24e+02  4.18e+01  2.45e+00  3.66e-01  8.33e-02   1.41
2003 02 06  1340   52676   49200  0  4.55e+02  1.66e+01  0  4.74e+02  4.40e+01  2.04e+00  3.28e-01  3.60e-01   2.00
2003 02 06  1345   52676   49500  0  4.08e+02  1.45e+01  0  5.07e+02  4.18e+01  2.16e+00  4.81e-01  8.81e-02   0.77
2003 02 06  1350   52676   49800  0  4.27e+02  1.36e+01  0  6.13e+02  4.69e+01  1.92e+00  4.44e-01  0.00e+00   0.17
2003 02 06  1355   52676   50100  0  3.84e+02  1.76e+01  0  6.31e+02  6.40e+01  1.56e+00  3.24e-01  0.00e+00  -1.00
2003 02 06  1400   52676   50400  0  4.68e+02  1.49e+01  0  2.97e+02  4.26e+01  2.26e+00  3.58e-01  8.59e-02  -1.00
2003 02 06  1405   52676   50700  0  4.85e+02  1.43e+01  0  3.35e+02  3.70e+01  1.60e+00  4.04e-01  0.00e+00   1.07
2003 02 06  1410   52676   51000  0  5.22e+02  1.40e+01  0  2.56e+02  3.44e+01  2.57e+00  3.39e-01  0.00e+00   1.15
2003 02 06  1415   52676   51300  0  4.51e+02  1.58e+01  0  3.65e+02  3.29e+01  2.23e+00  4.80e-01  1.37e-01   1.22
2003 02 06  1420   52676   51600  0  4.49e+02  1.47e+01  0  5.59e+02  6.21e+01  2.28e+00  3.09e-01  0.00e+00  -1.00
2003 02 06  1425   52676   51900  0  4.22e+02  1.28e+01  0  4.95e+02  6.68e+01  2.16e+00  2.99e-01  4.58e-02  -1.00
2003 02 06  1430   52676   52200  0  4.63e+02  1.43e+01  0  4.50e+02  5.41e+01  2.10e+00  3.15e-01  0.00e+00   0.29
2003 02 06  1435   52676   52500  0  5.14e+02  1.56e+01  0  3.13e+02  4.33e+01  2.34e+00  3.47e-01  0.00e+00   1.25
2003 02 06  1440   52676   52800  0  4.37e+02  1.63e+01  0  4.67e+02  4.16e+01  2.47e+00  3.01e-01  0.00e+00   2.00
2003 02 06  1445   52676   53100  9 -1.00e+05 -1.00e+05  9 -1.00e+05 -1.00e+05 -1.00e+05 -1.00e+05 -1.00e+05  -1.00
2003 02 06  1450   52676   53400  9 -1.00e+05 -1.00e+05  9 -1.00e+05 -1.00e+05 -1.00e+05 -1.00e+05 -1.00e+05  -1.00
2003 02 06  1455   52676   53700  0  4.61e+02  1.56e+01  0  5.73e+02  3.16e+01  2.82e+00  3.05e-01  0.00e+00  -1.00
2003 02 06  1500   52676   54000  0  4.56e+02  1.58e+01  0  6.77e+02  3.28e+01  1.59e+00  3.37e-01  0.00e+00   0.71
2003 02 06  1505   52676   54300  0  5.07e+02  1.42e+01  0  7.95e+02  2.95e+01  2.31e+00  3.66e-01  1.15e-01  -1.00
2003 02 06  1510   52676   54600  0  3.99e+02  1.75e+01  0  7.22e+02  3.51e+01  1.93e+00  4.62e-01  0.00e+00   0.77
2003 02 06  1515   52676   54900  0  4.34e+02  1.47e+01  0  6.97e+02  3.89e+01  1.99e+00  3.69e-01  0.00e+00  -1.00
2003 02 06  1520   52676   55200  0  5.22e+02  1.47e+01  0  8.12e+02  3.92e+01  2.34e+00  4.51e-01  0.00e+00  -1.00
2003 02 06  1525   52676   55500  0  4.64e+02  1.62e+01  0  4.86e+02  4.67e+01  1.82e+00  3.69e-01  1.30e-01  -1.00
2003 02 06  1530   52676   55800  0  5.56e+02  1.63e+01  0  4.55e+02  3.97e+01  2.23e+00  4.10e-01  0.00e+00   1.87
2003 02 06  1535   52676   56100  0  4.44e+02  1.66e+01  0  5.34e+02  4.04e+01  3.14e+00  5.53e-01  1.25e-01   0.69
2003 02 06  1540   52676   56400  0  4.35e+02  1.27e+01  0  4.68e+02  4.41e+01  2.08e+00  4.68e-01  3.52e-02   1.49
2003 02 06  1545   52676   56700  0  4.43e+02  1.58e+01  0  3.77e+02  4.30e+01  3.13e+00  3.63e-01  1.53e-01   0.98
2003 02 06  1550   52676   57000  0  5.07e+02  1.54e+01  0  3.90e+02  4.02e+01  1.92e+00  3.78e-01  7.05e-02   1.14
2003 02 06  1555   52676   57300  0  4.66e+02  1.47e+01  0  3.76e+02  3.14e+01  1.96e+00  1.31e-01  0.00e+00  -1.00
2003 02 06  1600   52676   57600  0  4.12e+02  1.58e+01  0  2.04e+02  2.83e+01  1.48e+00  4.16e-01  0.00e+00  -1.00
2003 02 06  1605   52676   57900  0  4.82e+02  1.47e+01  0  2.88e+02  3.61e+01  2.16e+00  5.05e-01  0.00e+00   0.66
2003 02 06  1610   52676   58200  0  5.56e+02  1.12e+01  0  4.11e+02  4.00e+01  2.25e+00  3.81e-01  1.64e-01  -1.00
2003 02 06  1615   52676   58500  0  4.61e+02  1.56e+01  0  4.04e+02  4.06e+01  1.80e+00  3.58e-01  1.53e-01   2.00
2003 02 06  1620   52676   58800  0  4.45e+02  1.43e+01  0  2.98e+02  4.34e+01  3.07e+00  2.81e-01  1.25e-01   0.77
2003 02 06  1625   52676   59100  0  3.84e+02  1.60e+01  0  2.49e+02  3.61e+01  2.22e+00  4.14e-01  1.31e-01  -1.00
2003 02 06  1630   52676   59400  0  4.64e+02  1.95e+01  0  3.37e+02  3.73e+01  2.16e+00  4.52e-01  0.00e+00   1.41
2003 02 06  1635   52676   59700  0  4.34e+02  1.56e+01  0  2.20e+02  4.10e+01  2.46e+00  3.05e-01  0.00e+00   2.00
2003 02 06  1640   52676   60000  0  3.88e+02  1.47e+01  0  1.86e+02  3.31e+01  1.90e+00  3.60e-01  2.10e-01  -1.00
2003 02 06  1645   52676   60300  0  3.10e+02  1.68e+01  0  1.86e+02  3.63e+01  2.60e+00  4.57e-01  0.00e+00  -1.00
2003 02 06  1650   52676   60600  0  4.73e+02  1.74e+01  0  1.59e+02  4.10e+01  2.16e+00  4.12e-01  0.00e+00   1.15
2003 02 06  1655   52676   60900  0  5.06e+02  2.16e+01  0  1.62e+02  2.69e+01  2.29e+00  2.19e-01  2.29e-01   1.41
2003 02 06  1700   52676   61200  0  4.87e+02  1.21e+01  0  2.46e+02  2.71e+01  2.35e+00  4.28e-01  2.21e-01  -1.00
2003 02 06  1705   52676   61500  0  4.21e+02  1.45e+01  0  3.12e+02  3.01e+01  1.63e+00  4.22e-01  0.00e+00   1.85
2003 02 06  1710   52676   61800  0  4.74e+02  1.45e+01  0  3.20e+02  4.50e+01  3.19e+00  3.10e-01  5.09e-02   2.00
2003 02 06  1715   52676   62100  0  3.37e+02  1.23e+01  0  3.75e+02  4.53e+01  1.38e+00  3.75e-01  0.00e+00   1.15
2003 02 06  1720   52676   62400  0  4.30e+02  1.24e+01  0  3.85e+02  3.61e+01  2.08e+00  3.65e-01  0.00e+00  -1.00
2003 02 06  1725   52676   62700  0  5.11e+02  2.04e+01  0  3.29e+02  2.97e+01  1.87e+00  4.42e-01  8.81e-02  -1.00
2003 02 06  1730   52676   63000  0  4.50e+02  1.66e+01  0  3.47e+02  2.67e+01  2.65e+00  3.09e-01  0.00e+00   0.67
2003 02 06  1735   52676   63300  0  4.19e+02  1.75e+01  0  4.03e+02  3.11e+01  1.68e+00  2.98e-01  0.00e+00   1.85
2003 02 06  1740   52676   63600  0  3.68e+02  1.75e+01  0  3.17e+02  2.03e+01  1.61e+00  2.11e-01  1.15e-01   2.00
2003 02 06  1745   52676   63900  0  3.55e+02  1.33e+01  0  3.34e+02  2.68e+01  2.00e+00  4.75e-01  8.81e-02  -1.00
2003 02 06  1750   52676   64200  0  4.76e+02  1.47e+01  0  3.80e+02  2.52e+01  1.51e+00  4.22e-01  0.00e+00  -1.00
2003 02 06  1755   52676   64500  0  6.51e+02  1.29e+01  0  5.91e+02  2.18e+01  1.35e+00  4.04e-01  0.00e+00  -1.00
2003 02 06  1800   52676   64800  0  6.90e+02  1.72e+01  0  6.50e+02  2.24e+01  2.09e+00  3.33e-01  2.70e-01  -1.00
2003 02 06  1805   52676   65100  0  6.75e+02  1.48e+01  0  6.00e+02  3.11e+01  1.56e+00  3.52e-01  3.27e-02  -1.00
2003 02 06  1810   52676   65400  0  5.28e+02  1.43e+01  0  7.81e+02  2.55e+01  1.31e+00  2.61e-01  1.06e-01  -1.00
2003 02 06  1815   52676   65700  0  5.23e+02  1.29e+01  0  6.30e+02  2.55e+01  1.44e+00  2.34e-01  0.00e+00   2.00
2003 02 06  1820   52676   66000  0  4.27e+02  1.78e+01  0  8.38e+02  3.62e+01  2.04e+00  4.70e-01  0.00e+00   0.77
2003 02 06  1825   52676   66300  0  5.02e+02  2.29e+01  0  8.08e+02  3.04e+01  1.28e+00  4.28e-01  0.00e+00  -1.00
2003 02 06  1830   52676   66600  0  4.04e+02  1.48e+01  0  6.88e+02  3.44e+01  1.80e+00  3.72e-01  0.00e+00   2.00
2003 02 06  1835   52676   66900  0  2.59e+02  2.14e+01  0  5.79e+02  3.97e+01  3.63e+00  4.25e-01  5.09e-02  -1.00
2003 02 06  1840   52676   67200  0  4.88e+02  1.60e+01  0  2.84e+02  2.97e+01  1.78e+00  2.85e-01  1.96e-01  -1.00
2003 02 06  1845   52676   67500  0  4.99e+02  1.53e+01  0  5.48e+02  2.78e+01  1.70e+00  3.05e-01  0.00e+00  -1.00
2003 02 06  1850   52676   67800  0  5.71e+02  1.73e+01  0  6.44e+02  2.72e+01  1.44e+00  1.96e-01  1.53e-01  -1.00
2003 02 06  1855   52676   68100  0  3.67e+02  1.40e+01  0  5.23e+02  2.72e+01  2.04e+00  5.81e-01  0.00e+00   0.17
2003 02 06  1900   52676   68400  0  4.50e+02  1.81e+01  0  5.41e+02  3.85e+01  1.35e+00  3.99e-01  0.00e+00   0.77
2003 02 06  1905   52676   68700  0  5.27e+02  1.96e+01  0  6.13e+02  2.83e+01  1.17e+00  6.03e-01  0.00e+00   1.85
2003 02 06  1910   52676   69000  0  4.52e+02  1.48e+01  0  5.77e+02  3.24e+01  1.80e+00  2.58e-01  1.07e-01   0.77
2003 02 06  1915   52676   69300  0  4.05e+02  1.26e+01  0  5.66e+02  3.83e+01  1.80e+00  3.21e-01  0.00e+00  -1.00
2003 02 06  1920   52676   69600  0  3.71e+02  1.25e+01  0  5.10e+02  3.30e+01  1.99e+00  3.62e-01  0.00e+00   1.85
2003 02 06  1925   52676   69900  0  4.71e+02  1.89e+01  0  5.69e+02  2.94e+01  1.78e+00  3.44e-01  0.00e+00   0.67
2003 02 06  1930   52676   70200  0  4.50e+02  1.63e+01  0  6.26e+02  3.16e+01  1.32e+00  3.00e-01  1.25e-01  -1.00
2003 02 06  1935   52676   70500  0  3.97e+02  1.30e+01  0  6.13e+02  2.59e+01  1.98e+00  4.57e-01  4.58e-02   0.82
2003 02 06  1940   52676   70800  0  5.56e+02  2.43e+01  0  3.85e+02  2.72e+01  1.68e+00  2.61e-01  0.00e+00  -1.00
2003 02 06  1945   52676   71100  0  3.97e+02  1.44e+01  0  4.72e+02  2.63e+01  2.32e+00  3.99e-01  7.64e-02   1.41
2003 02 06  1950   52676   71400  0  4.61e+02  1.54e+01  0  5.38e+02  3.58e+01  2.01e+00  5.75e-01  0.00e+00   1.87
2003 02 06  1955   52676   71700  0  4.69e+02  1.40e+01  0  5.24e+02  3.39e+01  2.11e+00  3.56e-01  1.02e-01  -1.00
2003 02 06  2000   52676   72000  0  4.67e+02  1.18e+01  0  4.99e+02  3.62e+01  1.96e+00  4.69e-01  2.08e-01   1.85
2003 02 06  2005   52676   72300  0  5.94e+02  2.04e+01  0  5.24e+02  2.58e+01  2.61e+00  6.21e-01  1.96e-01   1.68
2003 02 06  2010   52676   72600  0  4.70e+02  1.42e+01  0  4.18e+02  3.18e+01  1.44e+00  3.24e-01  1.04e-01  -1.00
2003 02 06  2015   52676   72900  0  4.40e+02  1.19e+01  0  4.56e+02  2.11e+01  1.44e+00  4.55e-01  9.55e-02   1.85
2003 02 06  2020   52676   73200  0  4.26e+02  1.78e+01  0  4.36e+02  3.31e+01  2.46e+00  3.34e-01  1.15e-01   2.00
2003 02 06  2025   52676   73500  0  4.47e+02  1.14e+01  0  5.48e+02  4.01e+01  2.59e+00  1.90e-01  9.16e-02  -1.00
2003 02 06  2030   52676   73800  0  4.77e+02  1.35e+01  0  5.05e+02  3.12e+01  3.00e+00  2.58e-01  8.33e-02   2.00
2003 02 06  2035   52676   74100  0  3.66e+02  1.89e+01  0  5.08e+02  2.78e+01  1.44e+00  4.38e-01  0.00e+00  -1.00
2003 02 06  2040   52676   74400  0  4.24e+02  1.82e+01  0  4.71e+02  3.38e+01  2.46e+00  3.75e-01  0.00e+00   0.77
2003 02 06  2045   52676   74700  0  4.86e+02  1.54e+01  0  5.40e+02  3.54e+01  1.54e+00  4.37e-01  1.47e-01   1.71
2003 02 06  2050   52676   75000  0  4.12e+02  1.31e+01  0  5.74e+02  2.99e+01  2.38e+00  3.42e-01  0.00e+00   1.87
2003 02 06  2055   52676   75300  0  4.05e+02  2.09e+01  0  6.54e+02  4.01e+01  1.75e+00  1.74e-01  6.55e-02  -1.00
2003 02 06  2100   52676   75600  0  4.50e+02  1.61e+01  0  6.02e+02  4.08e+01  1.08e+00  3.72e-01  8.33e-02   0.77
2003 02 06  2105   52676   75900  0  4.17e+02  1.63e+01  0  1.75e+03  1.71e+02  2.50e+00  3.03e-01  1.27e-01  -1.00
2003 02 06  2110   52676   76200  0  4.03e+02  1.48e+01  0  8.83e+02  4.51e+01  1.84e+00  4.22e-01  2.62e-01   0.89
2003 02 06  2115   52676   76500  0  4.83e+02  1.48e+01  0  1.31e+03  9.53e+01  2.94e+00  4.22e-01  1.96e-01  -1.00
2003 02 06  2120   52676   76800  0  5.32e+02  2.38e+01  0  1.06e+03  6.42e+01  2.77e+00  5.75e-01  1.06e-01  -1.00
2003 02 06  2125   52676   77100  0  4.46e+02  1.23e+01  0  9.02e+02  7.87e+01  2.16e+00  3.73e-01  5.73e-02   0.97
2003 02 06  2130   52676   77400  0  4.34e+02  1.70e+01  0  9.44e+02  5.29e+01  2.23e+00  3.48e-01  4.58e-02  -1.00
2003 02 06  2135   52676   77700  0  4.76e+02  1.60e+01  0  8.40e+02  8.84e+01  2.96e+00  4.30e-01  2.06e-01   2.00
2003 02 06  2140   52676   78000  0  4.31e+02  1.57e+01  0  8.33e+02  8.86e+01  1.88e+00  2.58e-01  2.11e-01   0.54
2003 02 06  2145   52676   78300  0  4.68e+02  1.36e+01  0  1.07e+03  1.10e+02  2.76e+00  3.29e-01  1.43e-01   0.89
2003 02 06  2150   52676   78600  0  4.20e+02  1.48e+01  0  1.03e+03  1.08e+02  1.95e+00  4.15e-01  1.47e-01   1.20
2003 02 06  2155   52676   78900  0  4.56e+02  1.42e+01  0  1.07e+03  1.10e+02  2.94e+00  4.86e-01  4.58e-02   1.77
2003 02 06  2200   52676   79200  0  5.95e+02  1.53e+01  0  1.03e+03  1.20e+02  2.43e+00  3.83e-01  0.00e+00   0.17
2003 02 06  2205   52676   79500  0  3.83e+02  2.16e+01  0  8.84e+02  1.13e+02  3.29e+00  4.57e-01  0.00e+00  -1.00
2003 02 06  2210   52676   79800  0  4.68e+02  1.60e+01  0  1.15e+03  1.23e+02  3.23e+00  3.05e-01  0.00e+00   2.00
2003 02 06  2215   52676   80100  0  5.16e+02  1.29e+01  0  2.04e+03  2.74e+02  5.47e+00  3.18e-01  0.00e+00   0.28
2003 02 06  2220   52676   80400  0  3.87e+02  1.66e+01  0  1.51e+03  2.07e+02  4.26e+00  3.28e-01  0.00e+00   2.00
2003 02 06  2225   52676   80700  0  4.36e+02  1.39e+01  0  1.10e+03  1.39e+02  3.71e+00  4.40e-01  3.82e-02   0.20
2003 02 06  2230   52676   81000  0  4.46e+02  1.65e+01  0  1.39e+03  1.47e+02  3.09e+00  4.60e-01  2.29e-01   0.59
2003 02 06  2235   52676   81300  0  4.31e+02  1.56e+01  0  1.44e+03  1.13e+02  3.27e+00  3.47e-01  1.53e-01   1.85
2003 02 06  2240   52676   81600  0  4.10e+02  1.74e+01  0  1.30e+03  1.31e+02  3.16e+00  4.30e-01  5.09e-02   1.22
2003 02 06  2245   52676   81900  0  4.00e+02  1.44e+01  0  1.50e+03  1.27e+02  3.90e+00  6.19e-01  7.64e-02   0.66
2003 02 06  2250   52676   82200  0  4.34e+02  1.43e+01  0  1.05e+03  9.21e+01  2.32e+00  4.24e-01  1.64e-01   1.31
2003 02 06  2255   52676   82500  0  4.50e+02  1.88e+01  0  1.05e+03  7.32e+01  2.40e+00  4.97e-01  1.83e-01   0.00
2003 02 06  2300   52676   82800  0  4.40e+02  1.53e+01  0  1.17e+03  1.03e+02  2.82e+00  4.21e-01  1.34e-01   0.59
2003 02 06  2305   52676   83100  0  4.41e+02  1.40e+01  0  1.60e+03  1.63e+02  5.91e+00  3.56e-01  2.29e-01  -1.00
2003 02 06  2310   52676   83400  0  4.79e+02  1.55e+01  0  1.59e+03  1.71e+02  3.86e+00  4.67e-01  1.86e-01   2.00
2003 02 06  2315   52676   83700  0  4.43e+02  1.44e+01  0  1.03e+03  7.06e+01  1.63e+00  3.52e-01  1.25e-01   1.85
2003 02 06  2320   52676   84000  0  4.37e+02  1.71e+01  0  9.38e+02  8.54e+01  1.68e+00  3.52e-01  0.00e+00   1.85
2003 02 06  2325   52676   84300  0  4.22e+02  1.42e+01  0  9.01e+02  7.53e+01  3.20e+00  4.28e-01  1.67e-01   0.44
2003 02 06  2330   52676   84600  0  4.00e+02  1.32e+01  0  1.10e+03  7.38e+01  2.04e+00  4.84e-01  1.37e-01   0.94
2003 02 06  2335   52676   84900  0  4.67e+02  1.54e+01  0  1.17e+03  6.73e+01  2.39e+00  3.05e-01  7.64e-02  -1.00
2003 02 06  2340   52676   85200  0  3.95e+02  1.52e+01  0  7.88e+02  4.28e+01  2.15e+00  2.31e-01  1.06e-01   2.00
2003 02 06  2345   52676   85500  0  4.73e+02  1.57e+01  0  9.45e+02  8.47e+01  3.68e+00  5.32e-01  2.64e-01  -1.00
2003 02 06  2350   52676   85800  0  4.11e+02  1.79e+01  0  8.74e+02  6.71e+01  2.23e+00  2.83e-01  2.11e-01  -1.00
2003 02 06  2355   52676   86100  0  3.81e+02  1.50e+01  0  6.76e+02  5.24e+01  2.39e+00  4.44e-01  2.00e-01  -1.00
