:Data_list: 20030216_ace_epam_5m.txt
:Created: 2003 Feb 17 0012 UT
# Prepared by the U.S. Dept. of Commerce, NOAA, Space Environment Center.
# Please send comments and suggestions to sec@sec.noaa.gov 
# 
# Units: Differential Flux particles/cm2-s-ster-MeV
# Units: Anisotropy Index 0.0 - 2.0
# Status(S): 0 = nominal, 4,6,7,8 = bad data, unable to process, 9 = no data
# Missing data values: -1.00e+05, index = -1.00
# Source: ACE Satellite - Electron, Proton, and Alpha Monitor
# Note: 2002 Mar 18: First Proton channel changed from 47-65 to 65-112keV.
#
#                      5-minute averaged Real-time Differential Electron and Proton Flux 
# 
#                Modified Seconds ---------------------------- Differential Flux --------------------------- 
# UT Date   Time  Julian  of the  ----- Electron -----   ------------------- Protons keV -------------------   Anis.
# YR MO DA  HHMM    Day    Day    S    38-53   175-315   S   65-112   112-187   310-580   761-1220 060-1910   Ratio
#-------------------------------------------------------------------------------------------------------------------
2003 02 16  0000   52686       0  0  7.69e+02  1.72e+01  0  3.33e+03  1.19e+03  8.04e+01  9.49e+00  2.98e+00   0.22
2003 02 16  0005   52686     300  0  7.19e+02  1.87e+01  0  3.65e+03  1.26e+03  8.73e+01  1.02e+01  3.13e+00   0.10
2003 02 16  0010   52686     600  0  6.48e+02  1.47e+01  0  2.84e+03  9.27e+02  5.94e+01  8.80e+00  3.11e+00   0.21
2003 02 16  0015   52686     900  0  7.28e+02  1.56e+01  0  2.66e+03  8.75e+02  5.79e+01  8.82e+00  2.37e+00   0.38
2003 02 16  0020   52686    1200  0  6.96e+02  1.44e+01  0  2.73e+03  8.60e+02  5.86e+01  9.75e+00  2.12e+00   0.35
2003 02 16  0025   52686    1500  0  7.13e+02  1.43e+01  0  3.29e+03  1.23e+03  8.35e+01  1.03e+01  2.73e+00   0.09
2003 02 16  0030   52686    1800  0  6.63e+02  1.16e+01  0  3.48e+03  1.19e+03  7.91e+01  9.97e+00  2.84e+00   0.17
2003 02 16  0035   52686    2100  0  7.14e+02  1.58e+01  0  3.67e+03  1.18e+03  8.01e+01  9.87e+00  2.44e+00   0.19
2003 02 16  0040   52686    2400  0  7.68e+02  1.70e+01  0  3.22e+03  1.09e+03  7.23e+01  9.71e+00  2.34e+00   0.20
2003 02 16  0045   52686    2700  0  6.68e+02  1.35e+01  0  3.20e+03  1.04e+03  7.07e+01  9.51e+00  2.48e+00   0.37
2003 02 16  0050   52686    3000  0  7.47e+02  1.76e+01  0  3.07e+03  1.05e+03  6.29e+01  8.29e+00  2.33e+00   0.36
2003 02 16  0055   52686    3300  0  7.72e+02  1.60e+01  0  3.58e+03  1.13e+03  7.10e+01  8.95e+00  2.38e+00   0.26
2003 02 16  0100   52686    3600  0  6.51e+02  1.70e+01  0  3.00e+03  9.50e+02  5.47e+01  9.17e+00  2.12e+00   0.29
2003 02 16  0105   52686    3900  0  7.47e+02  1.49e+01  0  2.95e+03  1.06e+03  6.87e+01  8.90e+00  2.79e+00   0.12
2003 02 16  0110   52686    4200  0  7.98e+02  1.51e+01  0  3.70e+03  1.11e+03  7.19e+01  9.97e+00  2.31e+00   0.02
2003 02 16  0115   52686    4500  0  7.32e+02  1.52e+01  0  3.89e+03  1.22e+03  8.25e+01  1.04e+01  2.89e+00   0.25
2003 02 16  0120   52686    4800  0  6.79e+02  1.47e+01  0  3.91e+03  1.24e+03  7.72e+01  9.23e+00  2.84e+00   0.13
2003 02 16  0125   52686    5100  0  6.90e+02  1.65e+01  0  2.79e+03  8.73e+02  5.64e+01  9.16e+00  2.24e+00   0.25
2003 02 16  0130   52686    5400  0  6.96e+02  1.66e+01  0  2.93e+03  8.43e+02  5.13e+01  8.50e+00  2.46e+00   0.19
2003 02 16  0135   52686    5700  0  7.28e+02  1.67e+01  0  3.84e+03  9.62e+02  6.04e+01  9.41e+00  2.38e+00   0.19
2003 02 16  0140   52686    6000  0  7.29e+02  1.62e+01  0  3.83e+03  1.01e+03  6.21e+01  8.36e+00  2.25e+00   0.12
2003 02 16  0145   52686    6300  0  7.94e+02  1.52e+01  0  3.31e+03  9.06e+02  5.70e+01  9.46e+00  2.64e+00   0.30
2003 02 16  0150   52686    6600  0  7.16e+02  1.81e+01  0  3.60e+03  9.56e+02  5.77e+01  1.01e+01  2.66e+00   0.33
2003 02 16  0155   52686    6900  0  6.58e+02  1.47e+01  0  3.21e+03  8.73e+02  5.89e+01  1.02e+01  2.46e+00   0.25
2003 02 16  0200   52686    7200  0  7.44e+02  1.53e+01  0  2.93e+03  8.23e+02  5.28e+01  8.80e+00  1.72e+00   0.27
2003 02 16  0205   52686    7500  0  7.40e+02  1.69e+01  0  3.30e+03  8.74e+02  5.85e+01  9.64e+00  2.20e+00   0.13
2003 02 16  0210   52686    7800  0  7.02e+02  1.82e+01  0  3.36e+03  9.36e+02  5.95e+01  1.04e+01  2.17e+00   0.34
2003 02 16  0215   52686    8100  0  7.24e+02  1.66e+01  0  2.89e+03  7.81e+02  5.41e+01  8.88e+00  2.18e+00   0.30
2003 02 16  0220   52686    8400  0  8.66e+02  1.51e+01  0  2.88e+03  8.46e+02  5.53e+01  9.34e+00  2.16e+00   0.17
2003 02 16  0225   52686    8700  0  6.58e+02  1.58e+01  0  3.37e+03  1.11e+03  7.26e+01  9.98e+00  2.94e+00   0.03
2003 02 16  0230   52686    9000  0  7.23e+02  1.52e+01  0  3.81e+03  1.20e+03  7.54e+01  9.22e+00  3.02e+00   0.10
2003 02 16  0235   52686    9300  0  7.32e+02  1.57e+01  0  3.53e+03  1.25e+03  7.69e+01  9.83e+00  3.53e+00   0.09
2003 02 16  0240   52686    9600  0  7.21e+02  1.55e+01  0  3.21e+03  1.07e+03  7.07e+01  9.24e+00  2.69e+00   0.07
2003 02 16  0245   52686    9900  0  6.65e+02  1.78e+01  0  5.03e+03  1.70e+03  9.49e+01  1.09e+01  2.79e+00   0.17
2003 02 16  0250   52686   10200  0  7.24e+02  1.61e+01  0  4.89e+03  1.66e+03  9.04e+01  1.07e+01  3.46e+00   0.16
2003 02 16  0255   52686   10500  0  6.70e+02  1.73e+01  0  3.80e+03  1.22e+03  7.52e+01  9.79e+00  2.96e+00   0.29
2003 02 16  0300   52686   10800  0  7.41e+02  1.49e+01  0  3.66e+03  1.28e+03  7.87e+01  9.17e+00  2.89e+00   0.19
2003 02 16  0305   52686   11100  0  6.58e+02  1.78e+01  0  3.35e+03  1.09e+03  7.09e+01  9.37e+00  3.02e+00   0.09
2003 02 16  0310   52686   11400  0  7.79e+02  1.46e+01  0  3.02e+03  9.42e+02  6.37e+01  9.66e+00  2.96e+00   0.06
2003 02 16  0315   52686   11700  0  7.07e+02  1.82e+01  0  2.92e+03  9.35e+02  6.25e+01  8.29e+00  2.69e+00   0.20
2003 02 16  0320   52686   12000  0  7.43e+02  1.54e+01  0  2.95e+03  1.02e+03  6.86e+01  9.20e+00  3.19e+00   0.14
2003 02 16  0325   52686   12300  0  7.16e+02  1.41e+01  0  3.31e+03  1.16e+03  7.31e+01  9.88e+00  3.00e+00   0.06
2003 02 16  0330   52686   12600  0  7.92e+02  1.42e+01  0  3.29e+03  1.13e+03  7.24e+01  1.02e+01  3.12e+00   0.10
2003 02 16  0335   52686   12900  0  7.34e+02  1.53e+01  0  2.81e+03  9.11e+02  6.17e+01  9.48e+00  2.85e+00   0.20
2003 02 16  0340   52686   13200  0  6.62e+02  1.69e+01  0  3.02e+03  9.56e+02  7.00e+01  1.10e+01  2.62e+00   0.25
2003 02 16  0345   52686   13500  0  7.43e+02  1.56e+01  0  3.36e+03  1.04e+03  7.11e+01  9.58e+00  3.37e+00   0.25
2003 02 16  0350   52686   13800  0  6.85e+02  1.56e+01  0  3.24e+03  1.04e+03  6.67e+01  9.92e+00  3.15e+00   0.19
2003 02 16  0355   52686   14100  0  7.18e+02  1.62e+01  0  3.50e+03  1.20e+03  8.22e+01  1.11e+01  3.89e+00   0.14
2003 02 16  0400   52686   14400  0  7.28e+02  1.46e+01  0  3.44e+03  1.04e+03  7.02e+01  1.06e+01  3.08e+00   0.32
2003 02 16  0405   52686   14700  0  6.88e+02  1.48e+01  0  3.66e+03  1.09e+03  7.46e+01  9.96e+00  3.14e+00   0.37
2003 02 16  0410   52686   15000  0  7.79e+02  1.68e+01  0  3.59e+03  9.86e+02  6.32e+01  1.01e+01  2.71e+00   0.36
2003 02 16  0415   52686   15300  0  7.05e+02  1.67e+01  0  3.67e+03  9.39e+02  6.31e+01  1.10e+01  3.01e+00   0.27
2003 02 16  0420   52686   15600  0  7.41e+02  1.56e+01  0  4.51e+03  1.14e+03  7.19e+01  9.83e+00  2.67e+00   0.22
2003 02 16  0425   52686   15900  0  7.09e+02  1.62e+01  0  4.47e+03  9.53e+02  6.32e+01  9.35e+00  2.56e+00   0.23
2003 02 16  0430   52686   16200  0  6.85e+02  1.65e+01  0  4.02e+03  9.25e+02  6.36e+01  9.70e+00  3.05e+00   0.13
2003 02 16  0435   52686   16500  0  7.56e+02  1.80e+01  0  3.50e+03  8.52e+02  6.20e+01  8.83e+00  2.81e+00   0.24
2003 02 16  0440   52686   16800  0  6.43e+02  1.50e+01  0  3.08e+03  8.97e+02  6.20e+01  9.68e+00  2.84e+00   0.30
2003 02 16  0445   52686   17100  0  7.71e+02  1.38e+01  0  3.11e+03  9.33e+02  6.40e+01  1.02e+01  3.21e+00   0.20
2003 02 16  0450   52686   17400  0  8.80e+02  1.47e+01  0  3.47e+03  9.52e+02  6.42e+01  1.22e+01  3.73e+00   0.04
2003 02 16  0455   52686   17700  0  7.72e+02  1.50e+01  0  3.30e+03  9.61e+02  7.36e+01  1.29e+01  3.99e+00   0.03
2003 02 16  0500   52686   18000  0  7.97e+02  1.45e+01  0  3.46e+03  9.21e+02  7.26e+01  1.14e+01  4.31e+00   0.17
2003 02 16  0505   52686   18300  0  7.59e+02  1.52e+01  0  2.98e+03  8.75e+02  6.98e+01  1.28e+01  3.94e+00   0.14
2003 02 16  0510   52686   18600  0  8.13e+02  1.98e+01  0  2.92e+03  8.90e+02  6.61e+01  1.16e+01  3.67e+00   0.20
2003 02 16  0515   52686   18900  0  7.94e+02  1.82e+01  0  2.93e+03  8.88e+02  6.30e+01  1.25e+01  3.82e+00   0.16
2003 02 16  0520   52686   19200  0  7.52e+02  1.44e+01  0  2.76e+03  6.82e+02  5.91e+01  1.20e+01  3.15e+00   0.17
2003 02 16  0525   52686   19500  0  7.99e+02  1.68e+01  0  2.39e+03  6.32e+02  5.61e+01  1.13e+01  3.68e+00   0.14
2003 02 16  0530   52686   19800  0  8.15e+02  1.85e+01  0  2.24e+03  6.11e+02  5.49e+01  1.20e+01  4.10e+00   0.17
2003 02 16  0535   52686   20100  0  7.94e+02  1.41e+01  0  1.82e+03  5.43e+02  5.89e+01  1.22e+01  3.68e+00   0.15
2003 02 16  0540   52686   20400  0  7.63e+02  1.52e+01  0  2.15e+03  6.13e+02  6.12e+01  1.25e+01  4.19e+00   0.04
2003 02 16  0545   52686   20700  0  8.60e+02  1.63e+01  0  2.35e+03  6.39e+02  5.94e+01  1.27e+01  4.31e+00   0.05
2003 02 16  0550   52686   21000  0  8.10e+02  1.36e+01  0  2.07e+03  6.17e+02  5.91e+01  1.31e+01  3.86e+00   0.12
2003 02 16  0555   52686   21300  0  7.85e+02  1.42e+01  0  1.98e+03  5.15e+02  5.30e+01  1.17e+01  3.85e+00   0.23
2003 02 16  0600   52686   21600  0  8.42e+02  1.47e+01  0  2.31e+03  5.98e+02  5.78e+01  1.31e+01  4.05e+00   0.10
2003 02 16  0605   52686   21900  0  7.82e+02  1.70e+01  0  2.05e+03  5.18e+02  5.54e+01  1.24e+01  4.03e+00   0.23
2003 02 16  0610   52686   22200  0  8.39e+02  1.55e+01  0  1.97e+03  5.14e+02  5.40e+01  1.41e+01  4.08e+00   0.29
2003 02 16  0615   52686   22500  0  8.17e+02  1.28e+01  0  1.77e+03  5.31e+02  5.85e+01  1.30e+01  4.14e+00   0.25
2003 02 16  0620   52686   22800  0  8.21e+02  1.31e+01  0  2.23e+03  5.62e+02  6.21e+01  1.32e+01  4.21e+00   0.18
2003 02 16  0625   52686   23100  0  8.51e+02  1.84e+01  0  2.29e+03  5.62e+02  6.00e+01  1.39e+01  3.89e+00   0.20
2003 02 16  0630   52686   23400  0  7.63e+02  1.65e+01  0  1.59e+03  4.57e+02  5.05e+01  1.23e+01  3.61e+00   0.17
2003 02 16  0635   52686   23700  0  7.59e+02  1.60e+01  0  1.54e+03  4.49e+02  5.02e+01  1.21e+01  3.44e+00   0.28
2003 02 16  0640   52686   24000  0  7.99e+02  1.73e+01  0  1.78e+03  5.18e+02  5.50e+01  1.25e+01  3.72e+00   0.38
2003 02 16  0645   52686   24300  0  8.12e+02  1.80e+01  0  2.10e+03  5.47e+02  5.69e+01  1.35e+01  4.14e+00   0.21
2003 02 16  0650   52686   24600  0  6.39e+02  1.74e+01  0  2.21e+03  5.91e+02  5.64e+01  1.39e+01  3.81e+00   0.30
2003 02 16  0655   52686   24900  0  7.68e+02  1.67e+01  0  2.30e+03  5.69e+02  5.62e+01  1.31e+01  3.86e+00   0.29
2003 02 16  0700   52686   25200  0  7.85e+02  1.66e+01  0  2.13e+03  4.88e+02  5.36e+01  1.27e+01  3.75e+00   0.30
2003 02 16  0705   52686   25500  0  7.27e+02  1.60e+01  0  1.97e+03  4.71e+02  5.38e+01  1.37e+01  3.85e+00   0.44
2003 02 16  0710   52686   25800  0  8.62e+02  1.54e+01  0  1.94e+03  4.64e+02  5.19e+01  1.46e+01  3.75e+00   0.35
2003 02 16  0715   52686   26100  0  7.61e+02  1.72e+01  0  1.51e+03  4.41e+02  5.12e+01  1.28e+01  3.46e+00   0.25
2003 02 16  0720   52686   26400  0  8.17e+02  1.57e+01  0  1.57e+03  4.23e+02  4.51e+01  1.41e+01  3.51e+00   0.32
2003 02 16  0725   52686   26700  0  8.76e+02  1.49e+01  0  1.70e+03  4.32e+02  4.75e+01  1.22e+01  3.56e+00   0.26
2003 02 16  0730   52686   27000  0  7.95e+02  1.50e+01  0  2.04e+03  4.36e+02  4.98e+01  1.37e+01  3.27e+00   0.18
2003 02 16  0735   52686   27300  0  7.56e+02  1.70e+01  0  1.93e+03  4.32e+02  5.20e+01  1.31e+01  4.09e+00   0.22
2003 02 16  0740   52686   27600  0  7.66e+02  1.45e+01  0  1.99e+03  4.27e+02  5.22e+01  1.24e+01  3.55e+00   0.09
2003 02 16  0745   52686   27900  0  8.33e+02  1.49e+01  0  1.95e+03  4.40e+02  4.84e+01  1.22e+01  3.89e+00   0.27
2003 02 16  0750   52686   28200  0  7.64e+02  1.52e+01  0  1.66e+03  3.81e+02  4.49e+01  1.14e+01  3.51e+00   0.10
2003 02 16  0755   52686   28500  0  8.56e+02  1.67e+01  0  1.97e+03  4.40e+02  4.95e+01  1.24e+01  3.80e+00   0.23
2003 02 16  0800   52686   28800  0  8.47e+02  1.48e+01  0  2.06e+03  4.16e+02  5.10e+01  1.32e+01  3.51e+00   0.16
2003 02 16  0805   52686   29100  0  7.95e+02  1.52e+01  0  1.72e+03  4.17e+02  4.95e+01  1.26e+01  4.16e+00   0.10
2003 02 16  0810   52686   29400  0  8.38e+02  1.45e+01  0  1.96e+03  3.96e+02  4.85e+01  1.32e+01  3.91e+00   0.08
2003 02 16  0815   52686   29700  0  8.33e+02  1.63e+01  0  2.00e+03  4.08e+02  5.37e+01  1.22e+01  3.80e+00   0.05
2003 02 16  0820   52686   30000  0  8.68e+02  1.58e+01  0  1.93e+03  4.17e+02  5.15e+01  1.17e+01  3.79e+00   0.10
2003 02 16  0825   52686   30300  0  8.23e+02  1.70e+01  0  2.31e+03  4.39e+02  5.62e+01  1.23e+01  4.12e+00   0.05
2003 02 16  0830   52686   30600  0  7.90e+02  2.14e+01  0  2.02e+03  4.47e+02  5.35e+01  1.26e+01  3.99e+00   0.05
2003 02 16  0835   52686   30900  0  8.75e+02  1.71e+01  0  2.08e+03  4.75e+02  5.84e+01  1.35e+01  4.10e+00   0.08
2003 02 16  0840   52686   31200  0  8.01e+02  1.54e+01  0  1.89e+03  4.93e+02  6.17e+01  1.30e+01  4.67e+00   0.06
2003 02 16  0845   52686   31500  0  8.27e+02  1.50e+01  0  2.87e+03  6.37e+02  6.41e+01  1.43e+01  4.26e+00   0.05
2003 02 16  0850   52686   31800  0  8.17e+02  1.48e+01  0  1.93e+03  4.80e+02  5.36e+01  1.29e+01  4.00e+00   0.05
2003 02 16  0855   52686   32100  0  9.04e+02  1.60e+01  0  1.97e+03  4.47e+02  5.08e+01  1.25e+01  3.75e+00   0.18
2003 02 16  0900   52686   32400  0  7.79e+02  1.60e+01  0  2.49e+03  6.14e+02  6.35e+01  1.35e+01  4.83e+00   0.11
2003 02 16  0905   52686   32700  0  8.26e+02  1.53e+01  0  7.25e+03  1.30e+03  7.46e+01  1.38e+01  4.58e+00   0.22
2003 02 16  0910   52686   33000  0  7.77e+02  1.49e+01  0  2.61e+03  6.49e+02  6.82e+01  1.44e+01  4.93e+00   0.12
2003 02 16  0915   52686   33300  0  8.84e+02  1.42e+01  0  1.94e+03  5.99e+02  6.48e+01  1.39e+01  4.60e+00   0.16
2003 02 16  0920   52686   33600  0  7.83e+02  1.65e+01  0  2.36e+03  6.42e+02  6.95e+01  1.46e+01  4.67e+00   0.19
2003 02 16  0925   52686   33900  0  8.17e+02  1.85e+01  0  3.42e+03  7.25e+02  6.66e+01  1.32e+01  5.00e+00   0.11
2003 02 16  0930   52686   34200  0  8.44e+02  1.54e+01  0  2.12e+03  4.92e+02  5.91e+01  1.32e+01  4.16e+00   0.16
2003 02 16  0935   52686   34500  0  8.99e+02  1.28e+01  0  1.57e+03  5.16e+02  6.09e+01  1.36e+01  4.16e+00   0.24
2003 02 16  0940   52686   34800  0  8.35e+02  1.32e+01  0  2.08e+03  5.93e+02  6.43e+01  1.38e+01  4.29e+00   0.31
2003 02 16  0945   52686   35100  0  9.27e+02  1.52e+01  0  2.34e+03  6.77e+02  7.31e+01  1.58e+01  4.85e+00   0.04
2003 02 16  0950   52686   35400  0  8.26e+02  1.51e+01  0  2.39e+03  6.47e+02  7.20e+01  1.54e+01  4.90e+00   0.07
2003 02 16  0955   52686   35700  0  7.76e+02  1.58e+01  0  1.76e+03  4.93e+02  6.18e+01  1.36e+01  3.89e+00   0.17
2003 02 16  1000   52686   36000  0  8.65e+02  1.59e+01  0  2.13e+03  5.59e+02  6.83e+01  1.45e+01  4.49e+00   0.20
2003 02 16  1005   52686   36300  0  7.63e+02  1.50e+01  0  1.56e+03  3.78e+02  5.38e+01  1.33e+01  4.25e+00   0.14
2003 02 16  1010   52686   36600  0  7.74e+02  1.52e+01  0  2.21e+03  4.83e+02  5.87e+01  1.26e+01  4.21e+00   0.24
2003 02 16  1015   52686   36900  0  8.30e+02  1.15e+01  0  1.74e+03  2.92e+02  4.40e+01  1.18e+01  3.89e+00   0.13
2003 02 16  1020   52686   37200  0  7.41e+02  1.63e+01  0  1.67e+03  2.92e+02  4.55e+01  1.09e+01  3.05e+00   0.03
2003 02 16  1025   52686   37500  0  7.90e+02  1.91e+01  0  1.65e+03  3.23e+02  4.55e+01  1.25e+01  3.83e+00   0.08
2003 02 16  1030   52686   37800  0  8.13e+02  1.65e+01  0  1.42e+03  2.83e+02  4.63e+01  1.16e+01  3.57e+00   0.04
2003 02 16  1035   52686   38100  0  8.52e+02  1.56e+01  0  1.27e+03  2.85e+02  4.49e+01  1.25e+01  3.36e+00   0.06
2003 02 16  1040   52686   38400  0  8.71e+02  1.41e+01  0  1.41e+03  3.38e+02  4.85e+01  1.24e+01  4.60e+00   0.15
2003 02 16  1045   52686   38700  0  8.20e+02  1.46e+01  0  1.86e+03  4.23e+02  5.30e+01  1.34e+01  3.97e+00   0.18
2003 02 16  1050   52686   39000  0  8.37e+02  1.37e+01  0  1.49e+03  2.88e+02  4.46e+01  1.19e+01  3.63e+00   0.16
2003 02 16  1055   52686   39300  0  7.36e+02  1.72e+01  0  1.20e+03  2.52e+02  4.34e+01  1.17e+01  3.49e+00   0.12
2003 02 16  1100   52686   39600  0  7.86e+02  1.54e+01  0  1.47e+03  2.77e+02  4.56e+01  1.18e+01  3.31e+00   0.16
2003 02 16  1105   52686   39900  0  7.72e+02  1.73e+01  0  1.83e+03  3.34e+02  4.57e+01  1.25e+01  3.19e+00   0.14
2003 02 16  1110   52686   40200  0  8.12e+02  1.70e+01  0  1.61e+03  3.37e+02  4.75e+01  1.33e+01  3.82e+00   0.15
2003 02 16  1115   52686   40500  0  7.54e+02  1.77e+01  0  1.45e+03  3.97e+02  5.27e+01  1.30e+01  3.23e+00   0.09
2003 02 16  1120   52686   40800  0  7.62e+02  1.48e+01  0  1.56e+03  3.85e+02  4.88e+01  1.34e+01  4.16e+00   0.03
2003 02 16  1125   52686   41100  0  8.93e+02  1.44e+01  0  1.44e+03  3.35e+02  4.65e+01  1.25e+01  3.63e+00   0.20
2003 02 16  1130   52686   41400  0  8.35e+02  1.76e+01  0  1.13e+03  2.51e+02  4.29e+01  1.44e+01  3.39e+00   0.40
2003 02 16  1135   52686   41700  0  7.80e+02  1.34e+01  0  1.01e+03  2.46e+02  4.45e+01  1.31e+01  3.44e+00   0.35
2003 02 16  1140   52686   42000  0  8.53e+02  1.70e+01  0  7.96e+02  2.75e+02  4.48e+01  1.43e+01  4.41e+00   0.40
2003 02 16  1145   52686   42300  0  8.17e+02  1.66e+01  0  8.12e+02  2.75e+02  4.86e+01  1.33e+01  3.71e+00   0.44
2003 02 16  1150   52686   42600  0  8.10e+02  1.60e+01  0  1.01e+03  2.71e+02  4.53e+01  1.22e+01  3.59e+00   0.12
2003 02 16  1155   52686   42900  0  8.62e+02  1.60e+01  0  8.28e+02  2.30e+02  3.95e+01  1.17e+01  3.25e+00   0.02
2003 02 16  1200   52686   43200  0  8.44e+02  1.56e+01  0  1.20e+03  2.28e+02  4.02e+01  1.13e+01  3.38e+00   0.14
2003 02 16  1205   52686   43500  0  7.88e+02  1.49e+01  0  1.08e+03  2.45e+02  3.84e+01  1.18e+01  3.10e+00   0.17
2003 02 16  1210   52686   43800  0  7.97e+02  1.73e+01  0  7.46e+02  2.25e+02  4.06e+01  1.10e+01  3.19e+00   0.08
2003 02 16  1215   52686   44100  0  8.84e+02  1.48e+01  0  1.13e+03  2.37e+02  4.11e+01  1.02e+01  3.40e+00   0.14
2003 02 16  1220   52686   44400  0  7.79e+02  1.70e+01  0  9.12e+02  2.50e+02  4.12e+01  1.13e+01  3.54e+00   0.10
2003 02 16  1225   52686   44700  0  8.52e+02  1.43e+01  0  1.14e+03  2.75e+02  4.47e+01  1.17e+01  3.33e+00   0.06
2003 02 16  1230   52686   45000  0  7.95e+02  1.70e+01  0  1.09e+03  2.60e+02  4.36e+01  1.03e+01  3.21e+00   0.16
2003 02 16  1235   52686   45300  0  8.66e+02  1.59e+01  0  1.50e+03  2.95e+02  4.53e+01  1.10e+01  3.87e+00   0.02
2003 02 16  1240   52686   45600  0  8.12e+02  1.69e+01  0  1.55e+03  2.51e+02  4.16e+01  1.19e+01  3.53e+00   0.04
2003 02 16  1245   52686   45900  0  7.42e+02  1.84e+01  0  1.45e+03  2.94e+02  4.43e+01  1.20e+01  3.28e+00   0.12
2003 02 16  1250   52686   46200  0  8.82e+02  1.36e+01  0  2.19e+03  4.16e+02  5.30e+01  1.20e+01  3.83e+00   0.32
2003 02 16  1255   52686   46500  0  8.30e+02  1.63e+01  0  1.59e+03  4.19e+02  5.46e+01  1.12e+01  3.72e+00   0.30
2003 02 16  1300   52686   46800  0  8.32e+02  1.41e+01  0  1.43e+03  3.98e+02  5.57e+01  1.15e+01  3.65e+00   0.26
2003 02 16  1305   52686   47100  0  8.41e+02  1.41e+01  0  1.22e+03  2.42e+02  4.52e+01  1.08e+01  3.67e+00   0.07
2003 02 16  1310   52686   47400  0  8.35e+02  1.67e+01  0  1.58e+03  2.36e+02  4.03e+01  1.03e+01  2.96e+00   0.23
2003 02 16  1315   52686   47700  0  8.07e+02  1.48e+01  0  1.76e+03  2.49e+02  4.39e+01  1.13e+01  3.57e+00   0.11
2003 02 16  1320   52686   48000  0  8.30e+02  1.75e+01  0  1.88e+03  3.14e+02  5.07e+01  1.13e+01  4.20e+00   0.18
2003 02 16  1325   52686   48300  0  8.81e+02  1.56e+01  0  2.06e+03  3.42e+02  4.91e+01  1.11e+01  3.49e+00   0.21
2003 02 16  1330   52686   48600  0  8.98e+02  1.77e+01  0  1.44e+03  2.87e+02  4.64e+01  1.08e+01  3.23e+00   0.07
2003 02 16  1335   52686   48900  0  7.09e+02  1.63e+01  0  1.94e+03  3.82e+02  5.43e+01  1.18e+01  4.03e+00   0.28
2003 02 16  1340   52686   49200  0  8.28e+02  1.75e+01  0  2.20e+03  3.11e+02  4.49e+01  1.06e+01  3.75e+00   0.15
2003 02 16  1345   52686   49500  0  8.65e+02  1.64e+01  0  2.57e+03  4.16e+02  5.50e+01  1.13e+01  3.97e+00   0.11
2003 02 16  1350   52686   49800  0  8.00e+02  1.42e+01  0  2.34e+03  4.55e+02  6.42e+01  1.25e+01  4.54e+00   0.16
2003 02 16  1355   52686   50100  0  7.61e+02  1.48e+01  0  2.11e+03  3.89e+02  5.55e+01  1.25e+01  3.77e+00   0.17
2003 02 16  1400   52686   50400  0  8.74e+02  1.56e+01  0  1.74e+03  2.80e+02  4.61e+01  1.34e+01  3.21e+00   0.24
2003 02 16  1405   52686   50700  0  8.38e+02  1.56e+01  0  1.76e+03  3.27e+02  5.49e+01  1.27e+01  3.74e+00   0.34
2003 02 16  1410   52686   51000  0  8.64e+02  1.80e+01  0  1.39e+03  2.10e+02  4.00e+01  1.11e+01  3.12e+00   0.25
2003 02 16  1415   52686   51300  0  7.39e+02  1.42e+01  0  1.36e+03  2.20e+02  4.11e+01  1.18e+01  2.85e+00   0.21
2003 02 16  1420   52686   51600  0  8.48e+02  1.57e+01  0  1.63e+03  3.46e+02  5.02e+01  1.26e+01  3.87e+00   0.07
2003 02 16  1425   52686   51900  0  8.23e+02  1.76e+01  0  1.61e+03  3.46e+02  5.77e+01  1.27e+01  4.06e+00   0.18
2003 02 16  1430   52686   52200  0  8.91e+02  1.19e+01  0  1.57e+03  2.83e+02  4.66e+01  1.16e+01  3.61e+00   0.11
2003 02 16  1435   52686   52500  0  8.17e+02  1.80e+01  0  1.21e+03  2.57e+02  4.71e+01  1.26e+01  3.17e+00   0.07
2003 02 16  1440   52686   52800  0  7.94e+02  1.82e+01  0  1.04e+03  2.64e+02  4.82e+01  1.26e+01  3.52e+00   0.12
2003 02 16  1445   52686   53100  0  7.51e+02  1.45e+01  0  1.41e+03  2.50e+02  4.64e+01  1.13e+01  3.68e+00   0.09
2003 02 16  1450   52686   53400  0  8.30e+02  1.60e+01  0  1.14e+03  2.41e+02  4.69e+01  1.12e+01  3.29e+00   0.13
2003 02 16  1455   52686   53700  0  8.01e+02  1.65e+01  0  1.42e+03  3.52e+02  5.94e+01  1.38e+01  4.76e+00   0.32
2003 02 16  1500   52686   54000  0  7.99e+02  1.45e+01  0  1.94e+03  3.30e+02  6.21e+01  1.47e+01  4.08e+00   0.48
2003 02 16  1505   52686   54300  0  9.13e+02  1.57e+01  0  1.69e+03  3.12e+02  5.61e+01  1.44e+01  4.10e+00   0.42
2003 02 16  1510   52686   54600  0  8.26e+02  1.59e+01  0  2.24e+03  3.45e+02  5.40e+01  1.49e+01  3.81e+00   0.38
2003 02 16  1515   52686   54900  0  8.64e+02  1.76e+01  0  1.64e+03  2.91e+02  4.92e+01  1.47e+01  3.56e+00   0.34
2003 02 16  1520   52686   55200  0  7.97e+02  1.79e+01  0  1.55e+03  2.92e+02  4.96e+01  1.31e+01  3.25e+00   0.26
2003 02 16  1525   52686   55500  0  8.04e+02  1.56e+01  0  1.46e+03  2.74e+02  4.54e+01  1.23e+01  3.38e+00   0.11
2003 02 16  1530   52686   55800  0  8.73e+02  1.41e+01  0  1.57e+03  3.25e+02  5.18e+01  1.34e+01  3.33e+00   0.27
2003 02 16  1535   52686   56100  0  7.85e+02  1.85e+01  0  1.26e+03  3.10e+02  4.89e+01  1.29e+01  3.80e+00   0.14
2003 02 16  1540   52686   56400  0  8.05e+02  1.49e+01  0  1.11e+03  2.94e+02  4.75e+01  1.19e+01  3.49e+00   0.27
2003 02 16  1545   52686   56700  0  7.76e+02  1.60e+01  0  9.25e+02  2.53e+02  4.48e+01  1.16e+01  2.96e+00   0.34
2003 02 16  1550   52686   57000  0  8.48e+02  1.55e+01  0  9.35e+02  2.54e+02  4.65e+01  1.19e+01  3.65e+00   0.29
2003 02 16  1555   52686   57300  0  8.73e+02  1.39e+01  0  1.56e+03  3.30e+02  4.74e+01  1.35e+01  3.38e+00   0.21
2003 02 16  1600   52686   57600  0  8.22e+02  1.62e+01  0  1.24e+03  2.95e+02  5.17e+01  1.29e+01  3.51e+00   0.40
2003 02 16  1605   52686   57900  0  8.32e+02  1.57e+01  0  1.40e+03  3.12e+02  4.86e+01  1.29e+01  3.61e+00   0.16
2003 02 16  1610   52686   58200  0  7.97e+02  1.26e+01  0  1.82e+03  3.78e+02  5.48e+01  1.25e+01  3.49e+00   0.07
2003 02 16  1615   52686   58500  0  8.57e+02  1.80e+01  0  1.23e+03  2.79e+02  4.51e+01  1.21e+01  3.78e+00   0.26
2003 02 16  1620   52686   58800  0  7.67e+02  1.31e+01  0  1.20e+03  2.78e+02  4.71e+01  1.27e+01  3.52e+00   0.20
2003 02 16  1625   52686   59100  0  8.04e+02  1.71e+01  0  1.25e+03  3.19e+02  5.65e+01  1.33e+01  3.30e+00   0.17
2003 02 16  1630   52686   59400  0  8.17e+02  1.67e+01  0  1.35e+03  3.28e+02  5.35e+01  1.38e+01  4.03e+00   0.29
2003 02 16  1635   52686   59700  0  8.75e+02  1.80e+01  0  1.16e+03  3.11e+02  5.09e+01  1.35e+01  3.50e+00   0.34
2003 02 16  1640   52686   60000  0  8.03e+02  1.35e+01  0  1.25e+03  3.20e+02  5.32e+01  1.30e+01  3.77e+00   0.17
2003 02 16  1645   52686   60300  0  8.04e+02  1.39e+01  0  1.33e+03  3.07e+02  5.14e+01  1.35e+01  3.86e+00   0.25
2003 02 16  1650   52686   60600  0  8.66e+02  1.62e+01  0  1.51e+03  3.42e+02  5.45e+01  1.41e+01  4.00e+00   0.41
2003 02 16  1655   52686   60900  0  8.49e+02  1.85e+01  0  1.60e+03  3.91e+02  6.19e+01  1.44e+01  4.03e+00   0.25
2003 02 16  1700   52686   61200  0  8.48e+02  1.74e+01  0  1.41e+03  3.46e+02  5.63e+01  1.57e+01  4.14e+00   0.38
2003 02 16  1705   52686   61500  0  9.16e+02  2.07e+01  0  1.46e+03  3.56e+02  5.65e+01  1.61e+01  4.04e+00   0.39
2003 02 16  1710   52686   61800  0  8.17e+02  1.53e+01  0  1.67e+03  3.90e+02  6.49e+01  1.54e+01  4.81e+00   0.44
2003 02 16  1715   52686   62100  0  8.19e+02  1.47e+01  0  1.40e+03  3.21e+02  5.24e+01  1.42e+01  3.87e+00   0.26
2003 02 16  1720   52686   62400  0  8.39e+02  1.35e+01  0  1.55e+03  3.50e+02  5.55e+01  1.49e+01  3.89e+00   0.32
2003 02 16  1725   52686   62700  0  9.22e+02  1.40e+01  0  1.37e+03  3.19e+02  5.31e+01  1.43e+01  3.82e+00   0.32
2003 02 16  1730   52686   63000  0  8.95e+02  1.49e+01  0  1.45e+03  3.08e+02  5.20e+01  1.42e+01  3.69e+00   0.32
2003 02 16  1735   52686   63300  0  6.87e+02  1.45e+01  0  1.70e+03  3.14e+02  5.28e+01  1.42e+01  3.82e+00   0.31
2003 02 16  1740   52686   63600  0  8.95e+02  1.74e+01  0  1.46e+03  3.32e+02  5.44e+01  1.38e+01  3.42e+00   0.10
2003 02 16  1745   52686   63900  0  7.77e+02  1.64e+01  0  1.04e+03  3.50e+02  5.74e+01  1.24e+01  3.83e+00   0.11
2003 02 16  1750   52686   64200  0  8.42e+02  1.54e+01  0  1.04e+03  3.08e+02  5.44e+01  1.22e+01  3.63e+00   0.00
2003 02 16  1755   52686   64500  0  8.53e+02  1.76e+01  0  1.16e+03  3.16e+02  5.60e+01  1.26e+01  4.19e+00   0.11
2003 02 16  1800   52686   64800  0  8.37e+02  1.48e+01  0  1.28e+03  3.10e+02  5.30e+01  1.31e+01  4.05e+00   0.17
2003 02 16  1805   52686   65100  0  7.63e+02  1.72e+01  0  1.22e+03  3.05e+02  5.65e+01  1.34e+01  3.52e+00   0.14
2003 02 16  1810   52686   65400  0  8.10e+02  1.66e+01  0  1.34e+03  3.19e+02  5.77e+01  1.52e+01  3.83e+00   0.17
2003 02 16  1815   52686   65700  0  8.73e+02  1.74e+01  0  1.18e+03  3.16e+02  5.70e+01  1.43e+01  3.42e+00   0.22
2003 02 16  1820   52686   66000  0  8.66e+02  1.58e+01  0  1.18e+03  3.23e+02  5.48e+01  1.53e+01  3.61e+00   0.24
2003 02 16  1825   52686   66300  0  8.10e+02  1.62e+01  0  1.11e+03  3.21e+02  5.85e+01  1.36e+01  3.67e+00   0.18
2003 02 16  1830   52686   66600  0  8.40e+02  1.48e+01  0  9.76e+02  3.33e+02  5.46e+01  1.43e+01  3.63e+00   0.22
2003 02 16  1835   52686   66900  0  8.40e+02  1.32e+01  0  1.35e+03  3.36e+02  5.46e+01  1.43e+01  3.72e+00   0.16
2003 02 16  1840   52686   67200  0  9.33e+02  1.71e+01  0  1.05e+03  3.15e+02  5.35e+01  1.43e+01  3.84e+00   0.07
2003 02 16  1845   52686   67500  0  8.10e+02  1.23e+01  0  1.02e+03  3.20e+02  5.14e+01  1.45e+01  3.47e+00   0.14
2003 02 16  1850   52686   67800  0  9.01e+02  1.57e+01  0  1.08e+03  3.49e+02  5.65e+01  1.50e+01  4.43e+00   0.26
2003 02 16  1855   52686   68100  0  8.37e+02  1.63e+01  0  1.07e+03  3.80e+02  6.34e+01  1.43e+01  3.80e+00   0.16
2003 02 16  1900   52686   68400  0  7.97e+02  1.25e+01  0  1.06e+03  3.60e+02  6.29e+01  1.28e+01  4.16e+00   0.30
2003 02 16  1905   52686   68700  0  8.70e+02  1.52e+01  0  1.23e+03  3.72e+02  6.02e+01  1.46e+01  4.26e+00   0.19
2003 02 16  1910   52686   69000  0  8.52e+02  1.54e+01  0  1.38e+03  3.70e+02  6.62e+01  1.53e+01  4.52e+00   0.25
2003 02 16  1915   52686   69300  0  8.03e+02  1.48e+01  0  1.11e+03  3.32e+02  5.80e+01  1.39e+01  3.79e+00   0.18
2003 02 16  1920   52686   69600  0  8.96e+02  1.72e+01  0  9.77e+02  3.75e+02  5.85e+01  1.42e+01  4.00e+00   0.12
2003 02 16  1925   52686   69900  0  8.33e+02  1.35e+01  0  1.01e+03  3.92e+02  6.19e+01  1.40e+01  3.93e+00   0.16
2003 02 16  1930   52686   70200  0  8.64e+02  1.70e+01  0  1.00e+03  3.87e+02  6.33e+01  1.37e+01  4.48e+00   0.19
2003 02 16  1935   52686   70500  0  8.32e+02  1.53e+01  0  1.03e+03  4.05e+02  6.31e+01  1.54e+01  4.11e+00   0.16
2003 02 16  1940   52686   70800  0  8.71e+02  1.61e+01  0  1.04e+03  4.00e+02  6.45e+01  1.40e+01  4.31e+00   0.19
2003 02 16  1945   52686   71100  0  8.08e+02  1.58e+01  0  1.02e+03  4.17e+02  6.45e+01  1.52e+01  4.25e+00   0.11
2003 02 16  1950   52686   71400  0  7.60e+02  1.74e+01  0  1.27e+03  6.29e+02  8.44e+01  1.58e+01  4.81e+00   0.14
2003 02 16  1955   52686   71700  0  9.42e+02  1.17e+01  0  1.08e+03  5.46e+02  7.89e+01  1.54e+01  4.39e+00   0.18
2003 02 16  2000   52686   72000  0  8.20e+02  1.46e+01  0  9.24e+02  4.79e+02  6.96e+01  1.56e+01  4.35e+00   0.14
2003 02 16  2005   52686   72300  0  8.35e+02  1.69e+01  0  1.08e+03  5.13e+02  7.79e+01  1.52e+01  4.33e+00   0.16
2003 02 16  2010   52686   72600  0  8.46e+02  1.69e+01  0  8.47e+02  3.98e+02  6.41e+01  1.51e+01  4.19e+00   0.24
2003 02 16  2015   52686   72900  0  8.65e+02  1.36e+01  0  1.11e+03  5.29e+02  7.82e+01  1.58e+01  4.81e+00   0.16
2003 02 16  2020   52686   73200  0  8.41e+02  1.59e+01  0  1.26e+03  6.21e+02  8.68e+01  1.59e+01  4.72e+00   0.13
2003 02 16  2025   52686   73500  0  8.39e+02  1.41e+01  0  1.22e+03  5.80e+02  8.21e+01  1.60e+01  4.39e+00   0.13
2003 02 16  2030   52686   73800  0  7.84e+02  1.52e+01  0  1.45e+03  6.47e+02  9.23e+01  1.54e+01  5.09e+00   0.15
2003 02 16  2035   52686   74100  0  8.06e+02  1.51e+01  0  2.09e+03  7.78e+02  1.03e+02  1.66e+01  5.93e+00   0.14
2003 02 16  2040   52686   74400  0  8.14e+02  1.45e+01  0  1.59e+03  7.18e+02  1.01e+02  1.66e+01  4.98e+00   0.17
2003 02 16  2045   52686   74700  0  9.16e+02  1.42e+01  0  1.18e+03  5.30e+02  7.36e+01  1.49e+01  4.44e+00   0.06
2003 02 16  2050   52686   75000  0  8.51e+02  1.44e+01  0  1.25e+03  4.77e+02  7.33e+01  1.42e+01  4.33e+00   0.11
2003 02 16  2055   52686   75300  0  8.48e+02  1.53e+01  0  1.89e+03  7.25e+02  9.22e+01  1.56e+01  5.69e+00   0.12
2003 02 16  2100   52686   75600  0  8.15e+02  1.47e+01  0  1.69e+03  6.94e+02  9.13e+01  1.64e+01  5.25e+00   0.19
2003 02 16  2105   52686   75900  0  9.13e+02  1.71e+01  0  1.49e+03  6.41e+02  8.65e+01  1.54e+01  5.46e+00   0.12
2003 02 16  2110   52686   76200  0  8.80e+02  1.49e+01  0  1.34e+03  5.94e+02  8.39e+01  1.46e+01  4.71e+00   0.24
2003 02 16  2115   52686   76500  0  8.27e+02  1.50e+01  0  1.18e+03  4.42e+02  6.93e+01  1.37e+01  4.12e+00   0.10
2003 02 16  2120   52686   76800  0  9.26e+02  1.66e+01  0  1.35e+03  4.48e+02  6.76e+01  1.42e+01  4.21e+00   0.18
2003 02 16  2125   52686   77100  0  8.48e+02  1.30e+01  0  1.37e+03  3.93e+02  6.42e+01  1.43e+01  4.68e+00   0.23
2003 02 16  2130   52686   77400  0  9.08e+02  1.44e+01  0  1.30e+03  5.17e+02  7.57e+01  1.50e+01  4.96e+00   0.26
2003 02 16  2135   52686   77700  0  9.33e+02  1.37e+01  0  1.13e+03  4.19e+02  6.38e+01  1.51e+01  4.39e+00   0.10
2003 02 16  2140   52686   78000  0  9.14e+02  1.66e+01  0  1.16e+03  4.15e+02  6.37e+01  1.46e+01  3.85e+00   0.22
2003 02 16  2145   52686   78300  0  9.31e+02  1.52e+01  0  1.05e+03  4.60e+02  6.79e+01  1.47e+01  4.49e+00   0.22
2003 02 16  2150   52686   78600  0  9.08e+02  1.75e+01  0  1.01e+03  4.12e+02  5.99e+01  1.42e+01  3.49e+00   0.12
2003 02 16  2155   52686   78900  0  9.24e+02  1.68e+01  0  1.25e+03  4.63e+02  6.79e+01  1.55e+01  4.73e+00   0.07
2003 02 16  2200   52686   79200  0  8.97e+02  1.64e+01  0  1.18e+03  5.28e+02  7.31e+01  1.56e+01  5.00e+00   0.29
2003 02 16  2205   52686   79500  0  8.76e+02  1.72e+01  0  1.27e+03  5.13e+02  7.69e+01  1.52e+01  4.66e+00   0.17
2003 02 16  2210   52686   79800  0  8.23e+02  1.45e+01  0  1.53e+03  4.70e+02  6.82e+01  1.47e+01  4.98e+00   0.27
2003 02 16  2215   52686   80100  0  8.93e+02  1.68e+01  0  1.55e+03  4.82e+02  6.67e+01  1.38e+01  4.21e+00   0.22
2003 02 16  2220   52686   80400  0  8.08e+02  1.56e+01  0  1.48e+03  5.04e+02  7.22e+01  1.49e+01  4.87e+00   0.12
2003 02 16  2225   52686   80700  0  8.59e+02  1.47e+01  0  1.15e+03  3.77e+02  6.12e+01  1.37e+01  3.85e+00   0.06
2003 02 16  2230   52686   81000  0  8.88e+02  1.53e+01  0  1.31e+03  3.85e+02  6.10e+01  1.33e+01  4.49e+00   0.09
2003 02 16  2235   52686   81300  0  8.55e+02  1.54e+01  0  1.11e+03  3.66e+02  5.74e+01  1.39e+01  4.23e+00   0.19
2003 02 16  2240   52686   81600  0  8.68e+02  1.54e+01  0  1.16e+03  3.79e+02  5.91e+01  1.33e+01  3.93e+00   0.03
2003 02 16  2245   52686   81900  0  8.10e+02  1.77e+01  0  1.05e+03  3.44e+02  5.85e+01  1.21e+01  4.18e+00   0.04
2003 02 16  2250   52686   82200  0  9.47e+02  1.81e+01  0  1.25e+03  3.35e+02  5.82e+01  1.42e+01  3.79e+00   0.10
2003 02 16  2255   52686   82500  0  8.39e+02  1.44e+01  0  1.31e+03  4.12e+02  6.13e+01  1.35e+01  4.33e+00   0.07
2003 02 16  2300   52686   82800  0  8.95e+02  1.58e+01  0  1.32e+03  3.89e+02  5.95e+01  1.36e+01  4.37e+00   0.08
2003 02 16  2305   52686   83100  0  1.03e+03  1.45e+01  0  1.03e+03  3.47e+02  5.41e+01  1.34e+01  4.08e+00   0.04
2003 02 16  2310   52686   83400  0  8.23e+02  1.56e+01  0  1.01e+03  3.44e+02  5.69e+01  1.29e+01  3.81e+00   0.02
2003 02 16  2315   52686   83700  0  8.84e+02  1.84e+01  0  1.11e+03  3.33e+02  5.26e+01  1.36e+01  3.87e+00   0.10
2003 02 16  2320   52686   84000  0  9.62e+02  1.88e+01  0  1.08e+03  3.48e+02  5.59e+01  1.28e+01  4.14e+00   0.04
2003 02 16  2325   52686   84300  0  9.66e+02  1.58e+01  0  1.16e+03  3.43e+02  5.08e+01  1.26e+01  3.77e+00   0.05
2003 02 16  2330   52686   84600  0  8.98e+02  1.70e+01  0  8.74e+02  3.44e+02  5.62e+01  1.30e+01  3.33e+00   0.05
2003 02 16  2335   52686   84900  0  8.98e+02  1.70e+01  0  9.09e+02  3.37e+02  5.45e+01  1.31e+01  3.67e+00   0.20
2003 02 16  2340   52686   85200  0  8.94e+02  1.83e+01  0  9.25e+02  3.51e+02  5.77e+01  1.53e+01  3.63e+00   0.25
2003 02 16  2345   52686   85500  0  8.91e+02  1.61e+01  0  8.54e+02  3.67e+02  6.03e+01  1.50e+01  4.37e+00   0.29
2003 02 16  2350   52686   85800  0  8.60e+02  1.62e+01  0  8.60e+02  3.94e+02  6.20e+01  1.60e+01  4.41e+00   0.35
2003 02 16  2355   52686   86100  0  9.85e+02  1.66e+01  0  9.97e+02  3.71e+02  6.09e+01  1.61e+01  4.41e+00   0.20
