:Data_list: 20030514_ace_epam_5m.txt
:Created: 2003 May 15 0012 UT
# Prepared by the U.S. Dept. of Commerce, NOAA, Space Environment Center.
# Please send comments and suggestions to sec@sec.noaa.gov 
# 
# Units: Differential Flux particles/cm2-s-ster-MeV
# Units: Anisotropy Index 0.0 - 2.0
# Status(S): 0 = nominal, 4,6,7,8 = bad data, unable to process, 9 = no data
# Missing data values: -1.00e+05, index = -1.00
# Source: ACE Satellite - Electron, Proton, and Alpha Monitor
# Note: 2002 Mar 18: First Proton channel changed from 47-65 to 65-112keV.
#
#                      5-minute averaged Real-time Differential Electron and Proton Flux 
# 
#                Modified Seconds ---------------------------- Differential Flux --------------------------- 
# UT Date   Time  Julian  of the  ----- Electron -----   ------------------- Protons keV -------------------   Anis.
# YR MO DA  HHMM    Day    Day    S    38-53   175-315   S   65-112   112-187   310-580   761-1220 060-1910   Ratio
#-------------------------------------------------------------------------------------------------------------------
2003 05 14  0000   52773       0  0  6.94e+02  1.08e+01  0  6.08e+01  1.33e+01  9.92e-01  3.36e-01  9.55e-02   0.85
2003 05 14  0005   52773     300  0  9.25e+02  1.37e+01  0  6.26e+01  1.12e+01  6.10e-01  2.11e-01  0.00e+00   1.41
2003 05 14  0010   52773     600  0  8.05e+02  1.63e+01  0  6.60e+01  1.46e+01  1.27e+00  3.61e-01  0.00e+00   1.41
2003 05 14  0015   52773     900  0  7.23e+02  1.41e+01  0  6.04e+01  1.35e+01  1.20e+00  3.56e-01  1.76e-01  -1.00
2003 05 14  0020   52773    1200  0  8.11e+02  1.36e+01  0  4.49e+01  1.56e+01  1.38e+00  3.56e-01  0.00e+00  -1.00
2003 05 14  0025   52773    1500  0  7.62e+02  1.12e+01  0  5.10e+01  1.39e+01  8.81e-01  2.91e-01  0.00e+00  -1.00
2003 05 14  0030   52773    1800  0  9.36e+02  1.05e+01  0  4.90e+01  1.71e+01  1.71e+00  3.75e-01  0.00e+00   1.61
2003 05 14  0035   52773    2100  0  8.07e+02  1.13e+01  0  5.16e+01  1.17e+01  1.28e+00  4.28e-01  5.09e-02  -1.00
2003 05 14  0040   52773    2400  0  9.41e+02  1.53e+01  0  3.73e+01  1.44e+01  1.42e+00  2.31e-01  0.00e+00   1.00
2003 05 14  0045   52773    2700  0  7.34e+02  1.37e+01  0  4.09e+01  1.64e+01  1.44e+00  4.37e-01  0.00e+00  -1.00
2003 05 14  0050   52773    3000  0  7.87e+02  1.45e+01  0  6.58e+01  1.49e+01  1.52e+00  3.06e-01  8.81e-02   2.00
2003 05 14  0055   52773    3300  0  7.69e+02  1.62e+01  0  7.93e+01  1.55e+01  1.13e+00  3.24e-01  0.00e+00   1.20
2003 05 14  0100   52773    3600  0  8.62e+02  1.59e+01  0  1.16e+02  3.40e+01  1.68e+00  3.56e-01  0.00e+00  -1.00
2003 05 14  0105   52773    3900  0  7.91e+02  1.67e+01  0  3.02e+02  9.46e+01  2.97e+00  3.38e-01  1.06e-01   2.00
2003 05 14  0110   52773    4200  0  7.42e+02  1.69e+01  0  2.05e+02  5.48e+01  2.71e+00  4.15e-01  0.00e+00  -1.00
2003 05 14  0115   52773    4500  0  7.83e+02  1.59e+01  0  7.01e+01  1.57e+01  1.10e+00  3.56e-01  0.00e+00  -1.00
2003 05 14  0120   52773    4800  0  8.02e+02  1.42e+01  0  4.84e+02  1.18e+02  2.78e+00  2.40e-01  3.52e-02  -1.00
2003 05 14  0125   52773    5100  0  8.33e+02  1.60e+01  0  1.19e+02  3.76e+01  1.80e+00  4.11e-01  1.41e-01   0.67
2003 05 14  0130   52773    5400  0  7.20e+02  1.42e+01  0  1.48e+02  4.44e+01  2.20e+00  1.91e-01  1.15e-01   2.00
2003 05 14  0135   52773    5700  0  7.58e+02  1.59e+01  0  7.22e+01  1.79e+01  1.55e+00  2.63e-01  5.73e-02   1.85
2003 05 14  0140   52773    6000  0  9.19e+02  1.23e+01  0  6.37e+01  1.96e+01  1.19e+00  2.14e-01  0.00e+00  -1.00
2003 05 14  0145   52773    6300  0  7.68e+02  1.53e+01  0  6.64e+01  1.25e+01  1.38e+00  2.83e-01  0.00e+00  -1.00
2003 05 14  0150   52773    6600  0  9.32e+02  1.42e+01  0  5.07e+01  1.25e+01  1.10e+00  1.74e-01  5.09e-02  -1.00
2003 05 14  0155   52773    6900  0  8.90e+02  1.16e+01  0  5.04e+01  9.54e+00  1.15e+00  3.99e-01  4.58e-02   1.85
2003 05 14  0200   52773    7200  0  9.82e+02  1.27e+01  0  4.77e+01  1.12e+01  1.22e+00  2.15e-01  0.00e+00   2.00
2003 05 14  0205   52773    7500  0  9.33e+02  1.48e+01  0  5.83e+01  1.34e+01  1.70e+00  3.35e-01  0.00e+00   1.41
2003 05 14  0210   52773    7800  0  1.10e+03  1.30e+01  0  4.06e+01  1.07e+01  1.10e+00  4.36e-01  5.73e-02   0.66
2003 05 14  0215   52773    8100  0  9.96e+02  1.61e+01  0  3.89e+01  1.21e+01  1.26e+00  2.86e-01  2.11e-01   1.20
2003 05 14  0220   52773    8400  0  9.56e+02  2.17e+01  0  4.70e+01  1.03e+01  1.25e+00  3.27e-01  0.00e+00  -1.00
2003 05 14  0225   52773    8700  0  9.42e+02  1.39e+01  0  4.11e+01  1.24e+01  1.20e+00  2.22e-01  9.16e-02  -1.00
2003 05 14  0230   52773    9000  0  9.79e+02  1.18e+01  0  5.88e+01  1.13e+01  1.53e+00  2.08e-01  0.00e+00   0.17
2003 05 14  0235   52773    9300  0  1.05e+03  1.36e+01  0  5.03e+01  1.24e+01  9.13e-01  2.49e-01  0.00e+00   2.00
2003 05 14  0240   52773    9600  0  1.08e+03  1.80e+01  0  5.74e+01  1.14e+01  1.24e+00  4.61e-01  0.00e+00   1.61
2003 05 14  0245   52773    9900  0  1.03e+03  1.54e+01  0  4.27e+01  1.39e+01  1.70e+00  3.66e-01  1.59e-01   0.33
2003 05 14  0250   52773   10200  0  1.11e+03  1.32e+01  0  8.40e+01  3.57e+01  1.14e+00  5.73e-01  2.10e-01   2.00
2003 05 14  0255   52773   10500  0  9.44e+02  1.05e+01  0  2.17e+02  5.04e+01  1.02e+00  4.22e-01  1.04e-01   0.38
2003 05 14  0300   52773   10800  0  9.90e+02  1.22e+01  0  1.49e+02  2.22e+01  1.35e+00  2.54e-01  4.17e-02  -1.00
2003 05 14  0305   52773   11100  0  9.57e+02  1.68e+01  0  4.10e+01  1.22e+01  1.74e+00  3.58e-01  0.00e+00   2.00
2003 05 14  0310   52773   11400  0  9.81e+02  1.43e+01  0  2.90e+01  1.33e+01  1.39e+00  4.25e-01  1.59e-01  -1.00
2003 05 14  0315   52773   11700  0  8.60e+02  1.13e+01  0  3.45e+01  1.26e+01  1.29e+00  3.56e-01  3.82e-02  -1.00
2003 05 14  0320   52773   12000  0  1.12e+03  1.29e+01  0  3.41e+01  1.52e+01  1.16e+00  3.26e-01  8.33e-02   0.99
2003 05 14  0325   52773   12300  0  1.10e+03  1.47e+01  0  3.08e+01  1.40e+01  1.32e+00  2.38e-01  1.76e-01  -1.00
2003 05 14  0330   52773   12600  0  1.14e+03  1.35e+01  0  3.43e+01  1.28e+01  1.58e+00  2.36e-01  1.06e-01   0.71
2003 05 14  0335   52773   12900  0  9.88e+02  1.42e+01  0  2.52e+01  1.32e+01  1.17e+00  4.53e-01  1.15e-01   0.69
2003 05 14  0340   52773   13200  0  9.66e+02  1.88e+01  0  2.75e+01  1.25e+01  1.30e+00  3.95e-01  9.16e-02   2.00
2003 05 14  0345   52773   13500  0  9.40e+02  1.61e+01  0  3.74e+01  1.35e+01  1.62e+00  3.15e-01  0.00e+00   0.98
2003 05 14  0350   52773   13800  0  9.97e+02  1.23e+01  0  3.99e+01  1.27e+01  1.71e+00  2.54e-01  0.00e+00  -1.00
2003 05 14  0355   52773   14100  0  1.02e+03  1.37e+01  0  3.57e+01  1.38e+01  1.23e+00  1.29e-01  0.00e+00   2.00
2003 05 14  0400   52773   14400  0  1.14e+03  1.49e+01  0  3.71e+01  1.34e+01  1.08e+00  3.01e-01  0.00e+00   1.85
2003 05 14  0405   52773   14700  0  1.16e+03  1.64e+01  0  3.31e+01  1.22e+01  1.36e+00  4.16e-01  0.00e+00  -1.00
2003 05 14  0410   52773   15000  0  9.68e+02  1.48e+01  0  4.09e+01  1.62e+01  1.60e+00  1.51e-01  4.17e-02   2.00
2003 05 14  0415   52773   15300  0  8.32e+02  1.48e+01  0  5.23e+01  2.12e+01  1.33e+00  2.27e-01  0.00e+00  -1.00
2003 05 14  0420   52773   15600  0  9.20e+02  1.80e+01  0  3.24e+01  1.52e+01  1.44e+00  3.66e-01  0.00e+00  -1.00
2003 05 14  0425   52773   15900  0  9.71e+02  1.38e+01  0  4.28e+01  1.16e+01  1.10e+00  3.79e-01  0.00e+00  -1.00
2003 05 14  0430   52773   16200  0  9.05e+02  1.58e+01  0  4.97e+01  1.44e+01  1.59e+00  2.74e-01  4.58e-02  -1.00
2003 05 14  0435   52773   16500  0  8.93e+02  1.29e+01  0  3.68e+01  1.53e+01  1.90e+00  2.86e-01  1.53e-01   1.41
2003 05 14  0440   52773   16800  0  9.29e+02  1.50e+01  0  5.27e+01  1.46e+01  1.28e+00  3.44e-01  0.00e+00   0.00
2003 05 14  0445   52773   17100  0  1.00e+03  1.53e+01  0  4.18e+01  1.58e+01  1.08e+00  4.72e-01  0.00e+00   0.54
2003 05 14  0450   52773   17400  0  7.77e+02  1.48e+01  0  3.15e+01  1.43e+01  1.11e+00  2.35e-01  0.00e+00  -1.00
2003 05 14  0455   52773   17700  0  8.05e+02  1.33e+01  0  3.72e+01  1.54e+01  1.30e+00  3.52e-01  0.00e+00   1.41
2003 05 14  0500   52773   18000  0  1.12e+03  1.45e+01  0  4.06e+01  1.50e+01  1.24e+00  4.35e-01  0.00e+00  -1.00
2003 05 14  0505   52773   18300  0  1.02e+03  1.51e+01  0  4.28e+01  1.30e+01  1.44e+00  4.04e-01  1.02e-01   1.87
2003 05 14  0510   52773   18600  0  9.09e+02  1.45e+01  0  6.15e+01  1.60e+01  7.21e-01  3.35e-01  1.62e-01  -1.00
2003 05 14  0515   52773   18900  0  1.08e+03  1.47e+01  0  7.09e+01  1.94e+01  1.25e+00  3.69e-01  7.64e-02   1.12
2003 05 14  0520   52773   19200  0  9.14e+02  1.47e+01  0  5.68e+01  2.06e+01  1.43e+00  3.23e-01  1.07e-01   0.67
2003 05 14  0525   52773   19500  0  1.01e+03  1.50e+01  0  5.16e+01  2.08e+01  1.01e+00  3.43e-01  1.15e-01   2.00
2003 05 14  0530   52773   19800  0  9.82e+02  1.35e+01  0  6.59e+01  2.06e+01  1.12e+00  4.25e-01  8.33e-02   1.85
2003 05 14  0535   52773   20100  0  1.02e+03  1.59e+01  0  6.90e+01  2.09e+01  1.17e+00  5.21e-01  1.06e-01   2.00
2003 05 14  0540   52773   20400  0  1.06e+03  1.48e+01  0  6.15e+01  3.90e+01  1.27e+00  2.11e-01  0.00e+00   2.00
2003 05 14  0545   52773   20700  0  1.03e+03  1.33e+01  0  1.93e+02  5.01e+01  1.72e+00  2.98e-01  1.34e-01   0.28
2003 05 14  0550   52773   21000  0  1.07e+03  1.38e+01  0  3.63e+02  7.92e+01  2.62e+00  2.85e-01  0.00e+00  -1.00
2003 05 14  0555   52773   21300  0  8.65e+02  1.54e+01  0  1.62e+02  2.86e+01  1.08e+00  1.43e-01  0.00e+00  -1.00
2003 05 14  0600   52773   21600  0  9.35e+02  1.29e+01  0  4.54e+01  1.53e+01  1.23e+00  1.64e-01  0.00e+00   2.00
2003 05 14  0605   52773   21900  0  1.11e+03  1.49e+01  0  5.20e+01  1.52e+01  1.33e+00  3.09e-01  0.00e+00  -1.00
2003 05 14  0610   52773   22200  0  1.12e+03  1.31e+01  0  4.90e+01  1.38e+01  1.25e+00  3.53e-01  6.25e-02  -1.00
2003 05 14  0615   52773   22500  0  9.35e+02  1.21e+01  0  4.18e+01  1.50e+01  1.35e+00  4.28e-01  5.73e-02  -1.00
2003 05 14  0620   52773   22800  0  3.97e+02  1.20e+01  0  4.17e+01  1.05e+01  9.98e-01  1.90e-01  0.00e+00  -1.00
2003 05 14  0625   52773   23100  0  9.29e+02  1.65e+01  0  5.26e+01  1.43e+01  1.66e+00  1.91e-01  0.00e+00  -1.00
2003 05 14  0630   52773   23400  0  7.86e+02  1.34e+01  0  2.56e+01  1.22e+01  1.35e+00  1.64e-01  0.00e+00   2.00
2003 05 14  0635   52773   23700  0  1.08e+03  1.50e+01  0  2.82e+01  1.28e+01  1.38e+00  5.20e-01  0.00e+00   2.00
2003 05 14  0640   52773   24000  0  9.73e+02  1.40e+01  0  2.19e+01  1.34e+01  1.52e+00  2.52e-01  3.82e-02   2.00
2003 05 14  0645   52773   24300  0  1.13e+03  1.68e+01  0  2.74e+01  1.21e+01  1.63e+00  3.43e-01  0.00e+00   2.00
2003 05 14  0650   52773   24600  0  1.04e+03  1.27e+01  0  3.69e+01  1.13e+01  1.08e+00  3.37e-01  0.00e+00   1.33
2003 05 14  0655   52773   24900  0  9.86e+02  1.59e+01  0  2.68e+01  1.12e+01  1.78e+00  3.73e-01  0.00e+00   2.00
2003 05 14  0700   52773   25200  0  1.39e+03  1.81e+01  0  3.73e+01  1.32e+01  8.11e-01  5.21e-01  2.29e-01   0.71
2003 05 14  0705   52773   25500  0  9.82e+02  1.69e+01  0  2.87e+01  1.31e+01  1.53e+00  1.89e-01  5.09e-02   2.00
2003 05 14  0710   52773   25800  0  1.10e+03  1.44e+01  0  3.47e+01  1.25e+01  9.69e-01  3.58e-01  0.00e+00   1.41
2003 05 14  0715   52773   26100  0  9.52e+02  1.56e+01  0  3.49e+01  1.30e+01  8.88e-01  3.75e-01  5.09e-02   1.87
2003 05 14  0720   52773   26400  0  1.20e+03  1.54e+01  0  3.13e+01  1.18e+01  1.39e+00  5.04e-01  1.60e-01   0.71
2003 05 14  0725   52773   26700  0  1.17e+03  1.65e+01  0  3.19e+01  1.39e+01  9.92e-01  3.27e-01  3.82e-02  -1.00
2003 05 14  0730   52773   27000  0  1.24e+03  1.54e+01  0  3.10e+01  1.33e+01  1.30e+00  3.70e-01  1.31e-01  -1.00
2003 05 14  0735   52773   27300  0  1.05e+03  1.14e+01  0  3.38e+01  1.27e+01  1.24e+00  2.14e-01  0.00e+00  -1.00
2003 05 14  0740   52773   27600  0  9.86e+02  1.62e+01  0  3.03e+01  1.59e+01  1.38e+00  2.40e-01  1.15e-01  -1.00
2003 05 14  0745   52773   27900  0  9.93e+02  1.33e+01  0  4.53e+01  1.13e+01  1.37e+00  3.70e-01  0.00e+00  -1.00
2003 05 14  0750   52773   28200  0  1.10e+03  1.38e+01  0  5.09e+01  1.15e+01  1.80e+00  3.80e-01  0.00e+00  -1.00
2003 05 14  0755   52773   28500  0  9.25e+02  1.33e+01  0  3.87e+01  1.15e+01  1.22e+00  1.31e-01  4.58e-02  -1.00
2003 05 14  0800   52773   28800  0  8.97e+02  1.13e+01  0  3.85e+01  1.48e+01  1.24e+00  1.31e-01  0.00e+00  -1.00
2003 05 14  0805   52773   29100  0  1.12e+03  1.75e+01  0  5.79e+01  1.95e+01  1.03e+00  3.61e-01  0.00e+00   1.41
2003 05 14  0810   52773   29400  0  1.01e+03  1.22e+01  0  5.58e+01  3.40e+01  1.68e+00  1.99e-01  8.18e-02   1.85
2003 05 14  0815   52773   29700  0  9.86e+02  1.50e+01  0  4.85e+01  1.79e+01  1.71e+00  4.22e-01  0.00e+00   1.85
2003 05 14  0820   52773   30000  0  1.14e+03  1.12e+01  0  4.22e+01  1.60e+01  1.49e+00  3.52e-01  0.00e+00   1.58
2003 05 14  0825   52773   30300  0  9.98e+02  1.21e+01  0  5.59e+02  1.41e+02  3.40e+00  3.18e-01  0.00e+00   2.00
2003 05 14  0830   52773   30600  0  1.14e+03  1.57e+01  0  7.78e+02  1.39e+02  4.18e+00  2.44e-01  0.00e+00   0.98
2003 05 14  0835   52773   30900  0  9.48e+02  1.35e+01  0  1.59e+02  3.78e+01  1.28e+00  3.80e-01  1.87e-01  -1.00
2003 05 14  0840   52773   31200  0  1.05e+03  1.39e+01  0  6.49e+01  1.70e+01  1.06e+00  3.18e-01  9.16e-02   1.61
2003 05 14  0845   52773   31500  0  9.60e+02  1.24e+01  0  6.30e+01  1.43e+01  1.59e+00  2.32e-01  0.00e+00  -1.00
2003 05 14  0850   52773   31800  0  1.14e+03  1.48e+01  0  6.77e+01  1.98e+01  1.32e+00  3.61e-01  1.15e-01   1.48
2003 05 14  0855   52773   32100  0  1.04e+03  1.80e+01  0  6.72e+01  2.02e+01  1.51e+00  4.10e-01  1.37e-01   0.67
2003 05 14  0900   52773   32400  0  1.04e+03  1.27e+01  0  8.36e+01  2.63e+01  1.44e+00  3.86e-01  1.25e-01   1.15
2003 05 14  0905   52773   32700  0  1.12e+03  1.57e+01  0  8.58e+01  2.52e+01  1.40e+00  1.81e-01  1.68e-01  -1.00
2003 05 14  0910   52773   33000  0  1.30e+03  1.72e+01  0  1.32e+02  2.62e+01  1.80e+00  2.22e-01  1.47e-01  -1.00
2003 05 14  0915   52773   33300  0  1.01e+03  1.37e+01  0  2.10e+02  3.85e+01  2.07e+00  3.24e-01  0.00e+00   1.36
2003 05 14  0920   52773   33600  0  8.75e+02  1.32e+01  0  1.79e+02  3.75e+01  1.01e+00  4.27e-01  0.00e+00   1.85
2003 05 14  0925   52773   33900  0  1.17e+03  1.52e+01  0  2.63e+02  4.67e+01  2.76e+00  5.26e-01  5.73e-02   1.35
2003 05 14  0930   52773   34200  0  1.08e+03  1.32e+01  0  3.68e+02  9.37e+01  2.54e+00  2.66e-01  0.00e+00   1.20
2003 05 14  0935   52773   34500  0  1.27e+03  1.75e+01  0  1.28e+03  2.15e+02  3.69e+00  2.94e-01  1.31e-01   2.00
2003 05 14  0940   52773   34800  0  1.19e+03  1.50e+01  0  1.30e+03  1.89e+02  3.02e+00  4.24e-01  1.02e-01   0.90
2003 05 14  0945   52773   35100  0  1.10e+03  1.18e+01  0  6.49e+02  1.19e+02  2.75e+00  4.89e-01  1.06e-01   1.60
2003 05 14  0950   52773   35400  0  1.03e+03  1.50e+01  0  5.55e+01  2.18e+01  1.34e+00  1.83e-01  4.17e-02  -1.00
2003 05 14  0955   52773   35700  0  9.13e+02  1.48e+01  0  1.17e+02  3.20e+01  2.12e+00  3.47e-01  1.49e-01   1.48
2003 05 14  1000   52773   36000  0  1.05e+03  1.56e+01  0  2.42e+03  3.65e+02  7.21e+00  3.01e-01  2.67e-01   1.41
2003 05 14  1005   52773   36300  0  1.23e+03  1.24e+01  0  1.31e+03  2.06e+02  4.33e+00  3.40e-01  7.05e-02  -1.00
2003 05 14  1010   52773   36600  0  9.58e+02  1.61e+01  0  3.83e+02  7.61e+01  3.03e+00  3.82e-01  0.00e+00  -1.00
2003 05 14  1015   52773   36900  0  9.51e+02  1.38e+01  0  3.36e+02  6.52e+01  2.32e+00  2.38e-01  2.47e-01  -1.00
2003 05 14  1020   52773   37200  0  8.81e+02  1.36e+01  0  2.08e+02  4.16e+01  1.18e+00  3.66e-01  0.00e+00  -1.00
2003 05 14  1025   52773   37500  0  8.93e+02  1.46e+01  0  3.20e+02  5.91e+01  2.07e+00  2.37e-01  0.00e+00   0.67
2003 05 14  1030   52773   37800  0  1.04e+03  1.59e+01  0  2.60e+02  5.77e+01  2.13e+00  3.99e-01  0.00e+00   1.15
2003 05 14  1035   52773   38100  0  1.08e+03  1.52e+01  0  1.82e+02  3.86e+01  1.28e+00  1.90e-01  6.25e-02  -1.00
2003 05 14  1040   52773   38400  0  1.12e+03  1.52e+01  0  1.79e+02  3.81e+01  1.69e+00  3.19e-01  0.00e+00   0.71
2003 05 14  1045   52773   38700  0  1.05e+03  1.69e+01  0  2.23e+02  5.58e+01  1.76e+00  1.88e-01  1.47e-01   2.00
2003 05 14  1050   52773   39000  0  9.84e+02  1.62e+01  0  3.71e+02  5.96e+01  1.77e+00  4.43e-01  1.15e-01   0.49
2003 05 14  1055   52773   39300  0  9.55e+02  1.76e+01  0  4.21e+02  7.26e+01  1.52e+00  1.66e-01  8.81e-02  -1.00
2003 05 14  1100   52773   39600  0  7.87e+02  1.68e+01  0  3.65e+02  6.54e+01  1.35e+00  3.82e-01  6.55e-02   2.00
2003 05 14  1105   52773   39900  0  1.15e+03  1.57e+01  0  4.53e+02  8.24e+01  2.58e+00  2.78e-01  1.68e-01   0.71
2003 05 14  1110   52773   40200  0  1.11e+03  1.73e+01  0  3.77e+02  7.49e+01  2.38e+00  2.09e-01  1.15e-01  -1.00
2003 05 14  1115   52773   40500  0  1.01e+03  1.51e+01  0  2.50e+02  7.10e+01  1.85e+00  2.50e-01  1.15e-01   2.00
2003 05 14  1120   52773   40800  0  1.16e+03  1.56e+01  0  2.62e+02  6.73e+01  2.58e+00  2.41e-01  2.08e-01  -1.00
2003 05 14  1125   52773   41100  0  1.19e+03  1.15e+01  0  2.06e+02  4.91e+01  1.73e+00  4.21e-01  0.00e+00   0.98
2003 05 14  1130   52773   41400  0  1.06e+03  1.56e+01  0  1.62e+02  3.92e+01  1.35e+00  4.57e-01  8.81e-02   0.67
2003 05 14  1135   52773   41700  0  1.19e+03  1.62e+01  0  2.11e+02  4.87e+01  1.67e+00  3.52e-01  0.00e+00   2.00
2003 05 14  1140   52773   42000  0  1.11e+03  1.44e+01  0  1.97e+02  3.71e+01  1.85e+00  2.97e-01  0.00e+00   1.23
2003 05 14  1145   52773   42300  0  1.21e+03  1.40e+01  0  2.24e+02  4.43e+01  2.08e+00  1.95e-01  1.02e-01  -1.00
2003 05 14  1150   52773   42600  0  1.14e+03  1.62e+01  0  1.86e+02  4.32e+01  1.58e+00  5.69e-01  9.55e-02   1.15
2003 05 14  1155   52773   42900  0  1.12e+03  1.31e+01  0  2.18e+02  4.51e+01  1.15e+00  3.99e-01  0.00e+00   2.00
2003 05 14  1200   52773   43200  0  1.14e+03  1.71e+01  0  3.07e+02  5.85e+01  3.15e+00  4.02e-01  0.00e+00  -1.00
2003 05 14  1205   52773   43500  0  1.08e+03  1.24e+01  0  2.02e+02  4.69e+01  1.62e+00  3.33e-01  5.09e-02  -1.00
2003 05 14  1210   52773   43800  0  1.22e+03  1.72e+01  0  1.46e+02  3.87e+01  1.33e+00  2.31e-01  0.00e+00   0.94
2003 05 14  1215   52773   44100  9 -1.00e+05 -1.00e+05  9 -1.00e+05 -1.00e+05 -1.00e+05 -1.00e+05 -1.00e+05  -1.00
2003 05 14  1220   52773   44400  9 -1.00e+05 -1.00e+05  9 -1.00e+05 -1.00e+05 -1.00e+05 -1.00e+05 -1.00e+05  -1.00
2003 05 14  1225   52773   44700  0  1.12e+03  1.20e+01  0  3.77e+02  9.24e+01  2.49e+00  3.66e-01  0.00e+00  -1.00
2003 05 14  1230   52773   45000  0  9.60e+02  1.57e+01  0  1.11e+02  2.67e+01  1.60e+00  1.72e-01  0.00e+00   2.00
2003 05 14  1235   52773   45300  0  1.07e+03  1.24e+01  0  1.19e+02  2.59e+01  1.84e+00  1.74e-01  1.47e-01  -1.00
2003 05 14  1240   52773   45600  0  1.20e+03  1.12e+01  0  1.16e+02  2.59e+01  1.85e+00  4.14e-01  0.00e+00  -1.00
2003 05 14  1245   52773   45900  0  1.01e+03  1.36e+01  0  4.78e+02  1.52e+02  2.99e+00  3.01e-01  1.29e-01   0.38
2003 05 14  1250   52773   46200  0  1.16e+03  1.48e+01  0  7.23e+01  1.90e+01  1.73e+00  4.42e-01  2.19e-01   0.21
2003 05 14  1255   52773   46500  0  1.02e+03  1.56e+01  0  2.42e+02  6.76e+01  2.47e+00  3.78e-01  0.00e+00   0.67
2003 05 14  1300   52773   46800  0  1.05e+03  1.39e+01  0  1.55e+03  2.94e+02  4.26e+00  3.36e-01  0.00e+00   1.41
2003 05 14  1305   52773   47100  0  1.07e+03  1.35e+01  0  4.31e+02  8.41e+01  1.62e+00  2.74e-01  6.55e-02  -1.00
2003 05 14  1310   52773   47400  0  1.11e+03  1.24e+01  0  1.27e+02  3.90e+01  1.61e+00  2.35e-01  4.58e-02  -1.00
2003 05 14  1315   52773   47700  0  1.19e+03  1.29e+01  0  3.00e+02  5.05e+01  1.53e+00  2.58e-01  4.58e-02   0.67
2003 05 14  1320   52773   48000  0  1.04e+03  1.23e+01  0  3.89e+02  5.23e+01  1.42e+00  2.83e-01  0.00e+00  -1.00
2003 05 14  1325   52773   48300  0  1.27e+03  1.11e+01  0  2.35e+02  4.87e+01  2.10e+00  4.57e-01  0.00e+00   1.61
2003 05 14  1330   52773   48600  0  1.18e+03  1.39e+01  0  2.43e+02  4.80e+01  1.91e+00  2.78e-01  8.81e-02   0.98
2003 05 14  1335   52773   48900  0  1.16e+03  1.82e+01  0  2.35e+02  3.60e+01  2.43e+00  3.12e-01  0.00e+00   2.00
2003 05 14  1340   52773   49200  0  1.13e+03  1.51e+01  0  2.72e+02  4.34e+01  9.91e-01  3.65e-01  0.00e+00   2.00
2003 05 14  1345   52773   49500  0  1.54e+03  1.75e+01  0  2.36e+02  5.25e+01  2.13e+00  1.82e-01  1.25e-01   0.67
2003 05 14  1350   52773   49800  9 -1.00e+05 -1.00e+05  9 -1.00e+05 -1.00e+05 -1.00e+05 -1.00e+05 -1.00e+05  -1.00
2003 05 14  1355   52773   50100  9 -1.00e+05 -1.00e+05  9 -1.00e+05 -1.00e+05 -1.00e+05 -1.00e+05 -1.00e+05  -1.00
2003 05 14  1400   52773   50400  0  1.16e+03  2.01e+01  0  7.38e+02  1.30e+02  1.78e+00  1.64e-01  1.04e-01   1.41
2003 05 14  1405   52773   50700  0  1.13e+03  1.86e+01  0  1.12e+03  1.55e+02  3.22e+00  3.24e-01  4.58e-02   1.00
2003 05 14  1410   52773   51000  0  1.10e+03  1.30e+01  0  3.59e+02  6.28e+01  1.35e+00  4.91e-01  1.68e-01   0.00
2003 05 14  1415   52773   51300  0  1.26e+03  1.44e+01  0  2.15e+02  2.65e+01  1.26e+00  4.28e-01  1.15e-01  -1.00
2003 05 14  1420   52773   51600  0  1.19e+03  1.42e+01  0  9.71e+01  1.36e+01  1.06e+00  3.94e-01  1.15e-01   1.49
2003 05 14  1425   52773   51900  0  8.97e+02  1.05e+01  0  1.05e+02  2.04e+01  1.14e+00  3.73e-01  0.00e+00  -1.00
2003 05 14  1430   52773   52200  0  1.14e+03  1.72e+01  0  9.29e+01  1.44e+01  1.25e+00  3.59e-01  0.00e+00  -1.00
2003 05 14  1435   52773   52500  0  1.35e+03  1.24e+01  0  7.83e+01  1.72e+01  1.70e+00  2.35e-01  3.13e-01   0.77
2003 05 14  1440   52773   52800  0  1.66e+03  1.76e+01  0  1.67e+02  2.84e+01  2.16e+00  3.86e-01  1.21e-01  -1.00
2003 05 14  1445   52773   53100  0  1.21e+03  1.36e+01  0  1.13e+02  1.74e+01  2.11e+00  2.14e-01  0.00e+00  -1.00
2003 05 14  1450   52773   53400  0  1.30e+03  1.74e+01  0  1.21e+02  1.60e+01  1.37e+00  4.10e-01  0.00e+00   2.00
2003 05 14  1455   52773   53700  0  1.10e+03  1.56e+01  0  1.07e+02  1.70e+01  1.27e+00  3.57e-01  1.96e-01   1.27
2003 05 14  1500   52773   54000  0  1.45e+03  1.64e+01  0  1.07e+02  1.56e+01  1.63e+00  3.80e-01  9.16e-02  -1.00
2003 05 14  1505   52773   54300  0  1.34e+03  2.07e+01  0  9.24e+01  1.40e+01  1.20e+00  4.42e-01  0.00e+00   1.49
2003 05 14  1510   52773   54600  0  1.15e+03  1.47e+01  0  6.97e+01  1.35e+01  8.48e-01  3.92e-01  7.64e-02  -1.00
2003 05 14  1515   52773   54900  0  1.22e+03  1.60e+01  0  7.74e+01  1.28e+01  1.42e+00  2.81e-01  0.00e+00   1.85
2003 05 14  1520   52773   55200  0  1.12e+03  1.29e+01  0  9.33e+01  1.25e+01  9.98e-01  4.35e-01  4.17e-02   0.59
2003 05 14  1525   52773   55500  0  1.32e+03  1.65e+01  0  8.25e+01  1.21e+01  1.20e+00  4.21e-01  1.23e-01  -1.00
2003 05 14  1530   52773   55800  0  1.31e+03  1.28e+01  0  6.06e+01  1.08e+01  1.21e+00  2.35e-01  2.29e-01   2.00
2003 05 14  1535   52773   56100  0  1.22e+03  1.29e+01  0  6.73e+01  9.93e+00  1.34e+00  2.38e-01  0.00e+00   2.00
2003 05 14  1540   52773   56400  0  1.25e+03  1.44e+01  0  8.77e+01  1.59e+01  1.55e+00  2.53e-01  0.00e+00   1.41
2003 05 14  1545   52773   56700  0  1.27e+03  1.70e+01  0  7.25e+01  1.19e+01  1.65e+00  3.38e-01  0.00e+00   0.71
2003 05 14  1550   52773   57000  0  1.16e+03  1.66e+01  0  8.71e+01  1.46e+01  9.61e-01  3.52e-01  0.00e+00   1.41
2003 05 14  1555   52773   57300  0  1.17e+03  1.64e+01  0  1.09e+02  1.10e+01  1.57e+00  3.86e-01  1.15e-01   1.31
2003 05 14  1600   52773   57600  0  1.43e+03  1.32e+01  0  1.13e+02  9.37e+00  1.46e+00  3.33e-01  0.00e+00  -1.00
2003 05 14  1605   52773   57900  0  1.38e+03  1.40e+01  0  1.36e+02  1.38e+01  8.17e-01  3.24e-01  0.00e+00   0.98
2003 05 14  1610   52773   58200  0  1.28e+03  1.89e+01  0  1.13e+02  1.17e+01  1.13e+00  4.14e-01  0.00e+00   0.77
2003 05 14  1615   52773   58500  0  1.27e+03  1.37e+01  0  1.02e+02  1.23e+01  1.82e+00  2.06e-01  0.00e+00   1.85
2003 05 14  1620   52773   58800  0  1.24e+03  1.49e+01  0  1.10e+02  1.35e+01  1.29e+00  3.35e-01  0.00e+00   2.00
2003 05 14  1625   52773   59100  0  9.50e+02  1.20e+01  0  9.06e+01  1.22e+01  1.82e+00  2.39e-01  0.00e+00   0.66
2003 05 14  1630   52773   59400  0  1.39e+03  1.48e+01  0  7.61e+01  1.19e+01  9.13e-01  6.53e-02  1.02e-01  -1.00
2003 05 14  1635   52773   59700  0  1.29e+03  1.53e+01  0  5.58e+01  1.12e+01  1.92e+00  2.87e-01  1.15e-01  -1.00
2003 05 14  1640   52773   60000  0  1.11e+03  1.23e+01  0  1.17e+02  1.88e+01  6.76e-01  3.74e-01  1.47e-01  -1.00
2003 05 14  1645   52773   60300  0  1.23e+03  1.50e+01  0  1.33e+02  1.22e+01  1.25e+00  3.52e-01  1.04e-01   1.71
2003 05 14  1650   52773   60600  0  1.10e+03  1.30e+01  0  1.49e+02  2.05e+01  1.83e+00  1.99e-01  5.09e-02   2.00
2003 05 14  1655   52773   60900  0  1.30e+03  1.70e+01  0  1.51e+02  2.29e+01  8.76e-01  8.71e-02  1.06e-01  -1.00
2003 05 14  1700   52773   61200  0  1.26e+03  1.22e+01  0  1.58e+02  1.97e+01  1.52e+00  2.38e-01  1.53e-01  -1.00
2003 05 14  1705   52773   61500  0  1.65e+03  1.81e+01  0  2.27e+02  2.63e+01  1.84e+00  1.16e-01  9.55e-02  -1.00
2003 05 14  1710   52773   61800  0  1.08e+03  1.42e+01  0  2.19e+02  1.81e+01  1.70e+00  2.11e-01  1.31e-01   1.85
2003 05 14  1715   52773   62100  0  1.30e+03  1.55e+01  0  2.26e+02  1.99e+01  1.25e+00  3.36e-01  2.82e-01  -1.00
2003 05 14  1720   52773   62400  0  1.25e+03  1.87e+01  0  1.69e+02  1.68e+01  1.23e+00  3.82e-01  3.27e-02  -1.00
2003 05 14  1725   52773   62700  0  1.16e+03  1.48e+01  0  1.35e+02  1.51e+01  1.32e+00  1.88e-01  5.09e-02   1.15
2003 05 14  1730   52773   63000  0  1.01e+03  1.19e+01  0  1.14e+02  1.88e+01  1.10e+00  1.98e-01  7.05e-02   1.41
2003 05 14  1735   52773   63300  0  1.07e+03  1.53e+01  0  1.20e+02  2.74e+01  1.72e+00  2.65e-01  1.67e-01  -1.00
2003 05 14  1740   52773   63600  0  1.26e+03  1.33e+01  0  1.18e+02  1.78e+01  1.53e+00  3.09e-01  1.15e-01  -1.00
2003 05 14  1745   52773   63900  0  1.18e+03  1.43e+01  0  1.12e+02  1.30e+01  1.58e+00  1.41e-01  0.00e+00   2.00
2003 05 14  1750   52773   64200  0  1.20e+03  1.50e+01  0  1.11e+02  1.53e+01  1.36e+00  3.93e-01  8.33e-02  -1.00
2003 05 14  1755   52773   64500  0  1.22e+03  1.32e+01  0  1.44e+02  1.41e+01  1.78e+00  3.47e-01  4.58e-02   0.98
2003 05 14  1800   52773   64800  0  1.14e+03  1.36e+01  0  1.24e+02  1.25e+01  1.22e+00  3.87e-01  0.00e+00   2.00
2003 05 14  1805   52773   65100  0  1.22e+03  1.46e+01  0  1.15e+02  1.71e+01  1.52e+00  4.97e-01  0.00e+00  -1.00
2003 05 14  1810   52773   65400  0  1.28e+03  1.39e+01  0  1.46e+02  1.39e+01  6.76e-01  2.97e-01  1.53e-01  -1.00
2003 05 14  1815   52773   65700  0  1.19e+03  1.32e+01  0  1.09e+02  1.67e+01  1.53e+00  1.81e-01  0.00e+00   0.67
2003 05 14  1820   52773   66000  0  1.24e+03  1.46e+01  0  6.79e+01  1.39e+01  1.34e+00  2.38e-01  1.07e-01  -1.00
2003 05 14  1825   52773   66300  0  1.05e+03  1.21e+01  0  6.43e+01  1.20e+01  2.07e+00  1.90e-01  0.00e+00  -1.00
2003 05 14  1830   52773   66600  0  1.32e+03  1.32e+01  0  4.31e+01  1.30e+01  2.32e+00  3.52e-01  0.00e+00   0.92
2003 05 14  1835   52773   66900  0  1.13e+03  1.40e+01  0  5.39e+01  1.21e+01  9.62e-01  1.94e-01  0.00e+00   2.00
2003 05 14  1840   52773   67200  0  1.31e+03  1.57e+01  0  9.56e+01  1.71e+01  1.54e+00  3.23e-01  7.64e-02   2.00
2003 05 14  1845   52773   67500  0  1.14e+03  1.77e+01  0  1.20e+02  1.67e+01  1.26e+00  3.28e-01  1.67e-01   0.28
2003 05 14  1850   52773   67800  0  1.20e+03  1.71e+01  0  1.04e+02  1.56e+01  1.22e+00  3.39e-01  6.25e-02  -1.00
2003 05 14  1855   52773   68100  0  1.33e+03  1.21e+01  0  6.50e+01  1.65e+01  1.26e+00  2.32e-01  0.00e+00  -1.00
2003 05 14  1900   52773   68400  0  1.54e+03  1.48e+01  0  7.14e+01  1.56e+01  2.16e+00  3.99e-01  0.00e+00   2.00
2003 05 14  1905   52773   68700  0  1.12e+03  1.70e+01  0  7.05e+01  1.64e+01  1.47e+00  3.62e-01  0.00e+00  -1.00
2003 05 14  1910   52773   69000  0  1.07e+03  1.27e+01  0  6.49e+01  1.61e+01  1.34e+00  2.27e-01  0.00e+00  -1.00
2003 05 14  1915   52773   69300  0  1.06e+03  1.37e+01  0  1.24e+02  2.52e+01  1.80e+00  2.61e-01  9.16e-02  -1.00
2003 05 14  1920   52773   69600  0  1.18e+03  1.37e+01  0  2.04e+02  4.20e+01  1.48e+00  1.21e-01  1.53e-01  -1.00
2003 05 14  1925   52773   69900  0  1.32e+03  1.68e+01  0  3.25e+02  7.80e+01  2.66e+00  3.28e-01  0.00e+00   0.67
2003 05 14  1930   52773   70200  0  1.24e+03  1.42e+01  0  1.01e+02  1.97e+01  1.21e+00  3.50e-01  3.82e-02   1.61
2003 05 14  1935   52773   70500  0  1.31e+03  1.54e+01  0  3.11e+02  5.66e+01  1.36e+00  2.97e-01  0.00e+00   1.12
2003 05 14  1940   52773   70800  0  1.30e+03  1.92e+01  0  4.33e+02  7.68e+01  1.58e+00  2.61e-01  0.00e+00  -1.00
2003 05 14  1945   52773   71100  0  1.31e+03  1.64e+01  0  1.07e+03  1.65e+02  2.67e+00  4.18e-01  1.94e-01   1.15
2003 05 14  1950   52773   71400  0  1.36e+03  1.52e+01  0  7.93e+02  1.30e+02  2.52e+00  2.61e-01  4.58e-02  -1.00
2003 05 14  1955   52773   71700  0  1.10e+03  1.05e+01  0  3.94e+02  6.63e+01  1.92e+00  2.14e-01  0.00e+00  -1.00
2003 05 14  2000   52773   72000  0  1.03e+03  1.29e+01  0  2.17e+02  6.81e+01  1.94e+00  3.74e-01  1.37e-01  -1.00
2003 05 14  2005   52773   72300  0  1.37e+03  1.36e+01  0  1.15e+03  3.12e+02  3.87e+00  4.51e-01  0.00e+00  -1.00
2003 05 14  2010   52773   72600  0  1.26e+03  1.59e+01  0  1.42e+03  3.42e+02  3.51e+00  4.19e-01  0.00e+00   1.85
2003 05 14  2015   52773   72900  0  1.21e+03  1.66e+01  0  4.31e+03  9.68e+02  6.65e+00  5.12e-01  8.33e-02   0.85
2003 05 14  2020   52773   73200  0  1.37e+03  1.40e+01  0  2.41e+03  5.44e+02  4.74e+00  4.17e-01  1.53e-01   0.38
2003 05 14  2025   52773   73500  0  1.22e+03  1.24e+01  0  1.45e+03  3.41e+02  5.55e+00  3.23e-01  1.47e-01   2.00
2003 05 14  2030   52773   73800  0  1.42e+03  1.54e+01  0  3.41e+02  7.24e+01  1.52e+00  3.44e-01  0.00e+00   1.41
2003 05 14  2035   52773   74100  0  1.30e+03  1.80e+01  0  7.34e+02  1.75e+02  3.92e+00  3.33e-01  1.91e-01  -1.00
2003 05 14  2040   52773   74400  0  1.12e+03  1.41e+01  0  3.65e+02  8.21e+01  2.01e+00  3.05e-01  5.73e-02   0.67
2003 05 14  2045   52773   74700  0  1.49e+03  1.84e+01  0  8.32e+01  1.71e+01  1.37e+00  3.70e-01  1.72e-01  -1.00
2003 05 14  2050   52773   75000  0  1.42e+03  1.56e+01  0  3.97e+02  9.19e+01  3.20e+00  3.19e-01  8.81e-02   0.77
2003 05 14  2055   52773   75300  0  1.41e+03  1.38e+01  0  5.29e+02  1.35e+02  2.96e+00  3.24e-01  0.00e+00   0.00
2003 05 14  2100   52773   75600  0  1.31e+03  1.42e+01  0  2.28e+02  5.24e+01  2.51e+00  2.83e-01  1.94e-01  -1.00
2003 05 14  2105   52773   75900  0  1.21e+03  1.46e+01  0  1.63e+02  4.65e+01  1.19e+00  2.34e-01  0.00e+00   0.92
2003 05 14  2110   52773   76200  0  1.33e+03  1.07e+01  0  2.01e+02  5.34e+01  2.52e+00  3.09e-01  0.00e+00   2.00
2003 05 14  2115   52773   76500  0  1.30e+03  1.57e+01  0  8.67e+01  1.79e+01  1.33e+00  4.12e-01  1.15e-01   0.77
2003 05 14  2120   52773   76800  0  1.28e+03  1.72e+01  0  7.37e+01  1.53e+01  1.42e+00  2.30e-01  1.04e-01  -1.00
2003 05 14  2125   52773   77100  0  1.33e+03  1.64e+01  0  1.56e+02  4.31e+01  1.73e+00  3.13e-01  0.00e+00   0.38
2003 05 14  2130   52773   77400  0  1.04e+03  1.29e+01  0  6.90e+01  1.19e+01  1.54e+00  2.41e-01  0.00e+00  -1.00
2003 05 14  2135   52773   77700  0  1.05e+03  1.50e+01  0  8.55e+01  1.44e+01  1.73e+00  2.85e-01  1.67e-01  -1.00
2003 05 14  2140   52773   78000  0  1.22e+03  1.60e+01  0  6.44e+01  1.40e+01  1.23e+00  3.43e-01  0.00e+00   0.67
2003 05 14  2145   52773   78300  0  1.06e+03  1.09e+01  0  7.14e+01  1.84e+01  1.18e+00  4.42e-01  7.64e-02  -1.00
2003 05 14  2150   52773   78600  0  1.16e+03  1.53e+01  0  1.50e+02  3.19e+01  1.29e+00  3.80e-01  1.25e-01  -1.00
2003 05 14  2155   52773   78900  0  1.03e+03  1.67e+01  0  7.00e+01  1.48e+01  7.21e-01  4.28e-01  5.73e-02  -1.00
2003 05 14  2200   52773   79200  0  9.23e+02  1.63e+01  0  2.35e+02  5.10e+01  1.37e+00  6.59e-01  0.00e+00   0.66
2003 05 14  2205   52773   79500  0  1.36e+03  1.70e+01  0  1.47e+02  2.44e+01  1.92e+00  4.52e-01  0.00e+00   0.17
2003 05 14  2210   52773   79800  0  1.24e+03  1.30e+01  0  1.25e+02  3.10e+01  1.93e+00  2.41e-01  0.00e+00  -1.00
2003 05 14  2215   52773   80100  0  1.24e+03  1.22e+01  0  1.45e+02  3.57e+01  1.39e+00  3.00e-01  0.00e+00   1.00
2003 05 14  2220   52773   80400  0  1.16e+03  1.09e+01  0  1.59e+02  3.63e+01  1.53e+00  2.78e-01  0.00e+00   0.98
2003 05 14  2225   52773   80700  0  1.18e+03  1.50e+01  0  8.12e+01  2.07e+01  1.38e+00  5.18e-01  1.45e-01   1.06
2003 05 14  2230   52773   81000  0  1.16e+03  1.40e+01  0  1.58e+02  4.36e+01  2.86e+00  2.85e-01  1.15e-01  -1.00
2003 05 14  2235   52773   81300  0  1.05e+03  1.29e+01  0  1.37e+02  3.44e+01  1.54e+00  3.52e-01  0.00e+00   0.67
2003 05 14  2240   52773   81600  0  1.29e+03  1.71e+01  0  1.61e+02  3.58e+01  1.87e+00  3.42e-01  0.00e+00  -1.00
2003 05 14  2245   52773   81900  0  1.24e+03  1.33e+01  0  2.34e+02  5.77e+01  1.42e+00  4.69e-01  0.00e+00   0.40
2003 05 14  2250   52773   82200  0  1.06e+03  1.57e+01  0  4.86e+02  1.32e+02  2.09e+00  2.40e-01  0.00e+00  -1.00
2003 05 14  2255   52773   82500  0  1.10e+03  1.37e+01  0  6.03e+02  1.48e+02  2.74e+00  3.70e-01  0.00e+00  -1.00
2003 05 14  2300   52773   82800  0  1.38e+03  1.62e+01  0  7.03e+02  1.96e+02  6.36e+00  1.90e-01  1.46e-01  -1.00
2003 05 14  2305   52773   83100  0  1.33e+03  1.39e+01  0  6.73e+02  1.18e+02  3.73e+00  3.85e-01  0.00e+00   0.54
2003 05 14  2310   52773   83400  0  1.12e+03  1.28e+01  0  1.30e+03  2.28e+02  3.43e+00  3.14e-01  0.00e+00   1.67
2003 05 14  2315   52773   83700  0  1.17e+03  1.36e+01  0  4.98e+02  8.99e+01  1.30e+00  4.28e-01  5.73e-02  -1.00
2003 05 14  2320   52773   84000  0  1.05e+03  1.50e+01  0  3.91e+02  7.51e+01  2.29e+00  4.17e-01  5.09e-02   1.49
2003 05 14  2325   52773   84300  0  1.09e+03  1.25e+01  0  1.03e+03  1.92e+02  2.90e+00  1.52e-01  0.00e+00  -1.00
2003 05 14  2330   52773   84600  0  1.21e+03  1.99e+01  0  2.54e+02  4.26e+01  2.21e+00  4.25e-01  3.82e-02   0.36
2003 05 14  2335   52773   84900  0  1.12e+03  1.18e+01  0  9.63e+02  1.42e+02  1.92e+00  1.90e-01  1.06e-01  -1.00
2003 05 14  2340   52773   85200  0  1.11e+03  1.38e+01  0  4.52e+02  8.40e+01  2.34e+00  1.31e-01  0.00e+00  -1.00
2003 05 14  2345   52773   85500  0  1.02e+03  1.25e+01  0  6.80e+02  1.11e+02  2.56e+00  3.66e-01  1.37e-01  -1.00
2003 05 14  2350   52773   85800  0  1.10e+03  1.49e+01  0  1.52e+03  2.13e+02  2.45e+00  1.88e-01  0.00e+00   1.41
2003 05 14  2355   52773   86100  0  1.26e+03  1.24e+01  0  1.19e+03  2.00e+02  4.46e+00  3.50e-01  1.41e-01  -1.00
