:Data_list: 20030813_ace_sis_5m.txt
:Created: 2003 Aug 14 0011 UT
# Prepared by the U.S. Dept. of Commerce, NOAA, Space Environment Center.
# Please send comments and suggestions to sec@sec.noaa.gov 
# 
# Units: proton flux p/cs2-sec-ster
# Status(S): 0 = nominal data, 1 to 8 = bad data record, 9 = no data
# Missing data values: -1.00e+05
# Source: ACE Satellite - Solar Isotope Spectrometer
#
# 5-minute averaged Real-time Integral Flux of High-energy Solar Protons
# 
#                 Modified Seconds
# UT Date   Time   Julian  of the      ---- Integral Proton Flux ----
# YR MO DA  HHMM     Day     Day       S    > 10 MeV    S    > 30 MeV
#--------------------------------------------------------------------
2003 08 13  0000    52864       0      0    8.11e-01    0    5.69e-01
2003 08 13  0005    52864     300      0    7.96e-01    0    5.59e-01
2003 08 13  0010    52864     600      0    8.37e-01    0    5.92e-01
2003 08 13  0015    52864     900      0    8.18e-01    0    5.72e-01
2003 08 13  0020    52864    1200      0    8.17e-01    0    5.87e-01
2003 08 13  0025    52864    1500      0    8.21e-01    0    5.80e-01
2003 08 13  0030    52864    1800      0    8.17e-01    0    5.76e-01
2003 08 13  0035    52864    2100      0    8.11e-01    0    5.70e-01
2003 08 13  0040    52864    2400      0    8.12e-01    0    5.77e-01
2003 08 13  0045    52864    2700      0    8.14e-01    0    5.73e-01
2003 08 13  0050    52864    3000      0    8.18e-01    0    5.76e-01
2003 08 13  0055    52864    3300      0    8.03e-01    0    5.58e-01
2003 08 13  0100    52864    3600      0    7.99e-01    0    5.57e-01
2003 08 13  0105    52864    3900      0    8.13e-01    0    5.71e-01
2003 08 13  0110    52864    4200      0    8.13e-01    0    5.68e-01
2003 08 13  0115    52864    4500      0    8.30e-01    0    5.88e-01
2003 08 13  0120    52864    4800      0    8.14e-01    0    5.80e-01
2003 08 13  0125    52864    5100      0    8.10e-01    0    5.67e-01
2003 08 13  0130    52864    5400      0    8.19e-01    0    5.77e-01
2003 08 13  0135    52864    5700      0    8.09e-01    0    5.75e-01
2003 08 13  0140    52864    6000      0    8.19e-01    0    5.80e-01
2003 08 13  0145    52864    6300      0    8.21e-01    0    5.79e-01
2003 08 13  0150    52864    6600      0    8.02e-01    0    5.72e-01
2003 08 13  0155    52864    6900      0    8.04e-01    0    5.62e-01
2003 08 13  0200    52864    7200      0    8.41e-01    0    5.94e-01
2003 08 13  0205    52864    7500      0    7.83e-01    0    5.51e-01
2003 08 13  0210    52864    7800      0    8.07e-01    0    5.69e-01
2003 08 13  0215    52864    8100      0    8.03e-01    0    5.65e-01
2003 08 13  0220    52864    8400      0    8.33e-01    0    5.86e-01
2003 08 13  0225    52864    8700      0    8.22e-01    0    5.74e-01
2003 08 13  0230    52864    9000      0    8.26e-01    0    5.84e-01
2003 08 13  0235    52864    9300      0    7.98e-01    0    5.72e-01
2003 08 13  0240    52864    9600      0    8.14e-01    0    5.73e-01
2003 08 13  0245    52864    9900      9   -1.00e+05    9   -1.00e+05
2003 08 13  0250    52864   10200      0    8.10e-01    0    5.73e-01
2003 08 13  0255    52864   10500      0    8.16e-01    0    5.85e-01
2003 08 13  0300    52864   10800      0    8.17e-01    0    5.78e-01
2003 08 13  0305    52864   11100      0    8.04e-01    0    5.63e-01
2003 08 13  0310    52864   11400      0    8.04e-01    0    5.70e-01
2003 08 13  0315    52864   11700      0    8.36e-01    0    5.90e-01
2003 08 13  0320    52864   12000      0    8.36e-01    0    5.89e-01
2003 08 13  0325    52864   12300      0    8.19e-01    0    5.86e-01
2003 08 13  0330    52864   12600      0    8.10e-01    0    5.71e-01
2003 08 13  0335    52864   12900      0    8.18e-01    0    5.86e-01
2003 08 13  0340    52864   13200      0    8.11e-01    0    5.74e-01
2003 08 13  0345    52864   13500      0    8.36e-01    0    5.96e-01
2003 08 13  0350    52864   13800      0    8.11e-01    0    5.68e-01
2003 08 13  0355    52864   14100      0    8.04e-01    0    5.57e-01
2003 08 13  0400    52864   14400      0    7.96e-01    0    5.68e-01
2003 08 13  0405    52864   14700      0    7.88e-01    0    5.58e-01
2003 08 13  0410    52864   15000      0    8.12e-01    0    5.72e-01
2003 08 13  0415    52864   15300      0    8.14e-01    0    5.78e-01
2003 08 13  0420    52864   15600      0    8.07e-01    0    5.71e-01
2003 08 13  0425    52864   15900      0    8.13e-01    0    5.72e-01
2003 08 13  0430    52864   16200      0    8.16e-01    0    5.79e-01
2003 08 13  0435    52864   16500      0    8.34e-01    0    5.89e-01
2003 08 13  0440    52864   16800      0    8.01e-01    0    5.60e-01
2003 08 13  0445    52864   17100      0    8.23e-01    0    5.82e-01
2003 08 13  0450    52864   17400      0    8.23e-01    0    5.78e-01
2003 08 13  0455    52864   17700      0    8.27e-01    0    5.80e-01
2003 08 13  0500    52864   18000      0    8.10e-01    0    5.69e-01
2003 08 13  0505    52864   18300      0    8.24e-01    0    5.88e-01
2003 08 13  0510    52864   18600      0    8.12e-01    0    5.73e-01
2003 08 13  0515    52864   18900      0    8.10e-01    0    5.68e-01
2003 08 13  0520    52864   19200      0    8.16e-01    0    5.67e-01
2003 08 13  0525    52864   19500      0    8.19e-01    0    5.77e-01
2003 08 13  0530    52864   19800      0    8.06e-01    0    5.63e-01
2003 08 13  0535    52864   20100      0    8.31e-01    0    5.84e-01
2003 08 13  0540    52864   20400      0    8.07e-01    0    5.68e-01
2003 08 13  0545    52864   20700      0    8.14e-01    0    5.74e-01
2003 08 13  0550    52864   21000      0    8.25e-01    0    5.86e-01
2003 08 13  0555    52864   21300      0    8.13e-01    0    5.74e-01
2003 08 13  0600    52864   21600      0    8.11e-01    0    5.72e-01
2003 08 13  0605    52864   21900      0    8.23e-01    0    5.86e-01
2003 08 13  0610    52864   22200      0    7.89e-01    0    5.51e-01
2003 08 13  0615    52864   22500      0    8.22e-01    0    5.74e-01
2003 08 13  0620    52864   22800      0    8.16e-01    0    5.80e-01
2003 08 13  0625    52864   23100      0    8.30e-01    0    5.87e-01
2003 08 13  0630    52864   23400      0    8.32e-01    0    5.93e-01
2003 08 13  0635    52864   23700      0    8.16e-01    0    5.71e-01
2003 08 13  0640    52864   24000      0    8.22e-01    0    5.73e-01
2003 08 13  0645    52864   24300      0    8.06e-01    0    5.66e-01
2003 08 13  0650    52864   24600      0    8.00e-01    0    5.72e-01
2003 08 13  0655    52864   24900      0    7.94e-01    0    5.65e-01
2003 08 13  0700    52864   25200      0    8.10e-01    0    5.69e-01
2003 08 13  0705    52864   25500      0    8.26e-01    0    5.89e-01
2003 08 13  0710    52864   25800      0    8.10e-01    0    5.70e-01
2003 08 13  0715    52864   26100      0    8.40e-01    0    5.94e-01
2003 08 13  0720    52864   26400      0    8.28e-01    0    5.82e-01
2003 08 13  0725    52864   26700      0    8.28e-01    0    5.81e-01
2003 08 13  0730    52864   27000      0    8.10e-01    0    5.73e-01
2003 08 13  0735    52864   27300      0    8.14e-01    0    5.79e-01
2003 08 13  0740    52864   27600      0    8.23e-01    0    5.72e-01
2003 08 13  0745    52864   27900      0    8.28e-01    0    5.82e-01
2003 08 13  0750    52864   28200      0    8.11e-01    0    5.66e-01
2003 08 13  0755    52864   28500      0    8.29e-01    0    5.81e-01
2003 08 13  0800    52864   28800      0    8.14e-01    0    5.71e-01
2003 08 13  0805    52864   29100      0    8.28e-01    0    5.86e-01
2003 08 13  0810    52864   29400      0    8.30e-01    0    5.92e-01
2003 08 13  0815    52864   29700      0    8.10e-01    0    5.74e-01
2003 08 13  0820    52864   30000      0    8.12e-01    0    5.74e-01
2003 08 13  0825    52864   30300      0    8.24e-01    0    5.83e-01
2003 08 13  0830    52864   30600      0    8.24e-01    0    5.82e-01
2003 08 13  0835    52864   30900      0    8.04e-01    0    5.72e-01
2003 08 13  0840    52864   31200      0    8.13e-01    0    5.72e-01
2003 08 13  0845    52864   31500      0    8.27e-01    0    5.82e-01
2003 08 13  0850    52864   31800      0    8.36e-01    0    5.91e-01
2003 08 13  0855    52864   32100      0    8.02e-01    0    5.66e-01
2003 08 13  0900    52864   32400      0    8.12e-01    0    5.70e-01
2003 08 13  0905    52864   32700      0    8.28e-01    0    5.82e-01
2003 08 13  0910    52864   33000      0    8.24e-01    0    5.81e-01
2003 08 13  0915    52864   33300      0    8.12e-01    0    5.69e-01
2003 08 13  0920    52864   33600      0    8.14e-01    0    5.75e-01
2003 08 13  0925    52864   33900      0    8.18e-01    0    5.73e-01
2003 08 13  0930    52864   34200      0    8.40e-01    0    5.94e-01
2003 08 13  0935    52864   34500      0    8.11e-01    0    5.69e-01
2003 08 13  0940    52864   34800      0    8.02e-01    0    5.60e-01
2003 08 13  0945    52864   35100      0    8.32e-01    0    5.88e-01
2003 08 13  0950    52864   35400      0    8.10e-01    0    5.73e-01
2003 08 13  0955    52864   35700      0    7.98e-01    0    5.60e-01
2003 08 13  1000    52864   36000      0    8.29e-01    0    5.81e-01
2003 08 13  1005    52864   36300      0    8.39e-01    0    5.86e-01
2003 08 13  1010    52864   36600      0    8.24e-01    0    5.76e-01
2003 08 13  1015    52864   36900      0    8.08e-01    0    5.69e-01
2003 08 13  1020    52864   37200      0    8.19e-01    0    5.79e-01
2003 08 13  1025    52864   37500      0    8.16e-01    0    5.76e-01
2003 08 13  1030    52864   37800      0    8.02e-01    0    5.63e-01
2003 08 13  1035    52864   38100      0    8.58e-01    0    6.08e-01
2003 08 13  1040    52864   38400      0    8.19e-01    0    5.76e-01
2003 08 13  1045    52864   38700      0    8.16e-01    0    5.69e-01
2003 08 13  1050    52864   39000      0    8.27e-01    0    5.82e-01
2003 08 13  1055    52864   39300      0    8.13e-01    0    5.76e-01
2003 08 13  1100    52864   39600      0    8.12e-01    0    5.76e-01
2003 08 13  1105    52864   39900      0    8.10e-01    0    5.66e-01
2003 08 13  1110    52864   40200      0    8.24e-01    0    5.81e-01
2003 08 13  1115    52864   40500      0    8.00e-01    0    5.63e-01
2003 08 13  1120    52864   40800      0    8.08e-01    0    5.69e-01
2003 08 13  1125    52864   41100      0    8.19e-01    0    5.78e-01
2003 08 13  1130    52864   41400      0    8.22e-01    0    5.77e-01
2003 08 13  1135    52864   41700      0    8.21e-01    0    5.79e-01
2003 08 13  1140    52864   42000      0    8.10e-01    0    5.83e-01
2003 08 13  1145    52864   42300      0    8.37e-01    0    5.89e-01
2003 08 13  1150    52864   42600      0    8.06e-01    0    5.70e-01
2003 08 13  1155    52864   42900      0    8.44e-01    0    5.91e-01
2003 08 13  1200    52864   43200      0    8.20e-01    0    5.72e-01
2003 08 13  1205    52864   43500      0    8.23e-01    0    5.73e-01
2003 08 13  1210    52864   43800      0    8.03e-01    0    5.62e-01
2003 08 13  1215    52864   44100      0    8.20e-01    0    5.75e-01
2003 08 13  1220    52864   44400      0    8.23e-01    0    5.82e-01
2003 08 13  1225    52864   44700      0    8.31e-01    0    5.83e-01
2003 08 13  1230    52864   45000      0    7.92e-01    0    5.57e-01
2003 08 13  1235    52864   45300      0    8.27e-01    0    5.82e-01
2003 08 13  1240    52864   45600      0    8.22e-01    0    5.87e-01
2003 08 13  1245    52864   45900      0    8.12e-01    0    5.70e-01
2003 08 13  1250    52864   46200      0    8.41e-01    0    5.92e-01
2003 08 13  1255    52864   46500      0    1.90e-01    0    1.20e-01
2003 08 13  1300    52864   46800      0    1.36e+00    0    3.95e+00
2003 08 13  1305    52864   47100      9   -1.00e+05    9   -1.00e+05
2003 08 13  1310    52864   47400      9   -1.00e+05    9   -1.00e+05
2003 08 13  1315    52864   47700      0    8.60e-01    0    6.20e-01
2003 08 13  1320    52864   48000      9   -1.00e+05    9   -1.00e+05
2003 08 13  1325    52864   48300      9   -1.00e+05    9   -1.00e+05
2003 08 13  1330    52864   48600      0    9.02e+00    0    6.03e+00
2003 08 13  1335    52864   48900      9   -1.00e+05    9   -1.00e+05
2003 08 13  1340    52864   49200      9   -1.00e+05    9   -1.00e+05
2003 08 13  1345    52864   49500      9   -1.00e+05    9   -1.00e+05
2003 08 13  1350    52864   49800      9   -1.00e+05    9   -1.00e+05
2003 08 13  1355    52864   50100      9   -1.00e+05    9   -1.00e+05
2003 08 13  1400    52864   50400      9   -1.00e+05    9   -1.00e+05
2003 08 13  1405    52864   50700      9   -1.00e+05    9   -1.00e+05
2003 08 13  1410    52864   51000      9   -1.00e+05    9   -1.00e+05
2003 08 13  1415    52864   51300      9   -1.00e+05    9   -1.00e+05
2003 08 13  1420    52864   51600      9   -1.00e+05    9   -1.00e+05
2003 08 13  1425    52864   51900      9   -1.00e+05    9   -1.00e+05
2003 08 13  1430    52864   52200      9   -1.00e+05    9   -1.00e+05
2003 08 13  1435    52864   52500      9   -1.00e+05    9   -1.00e+05
2003 08 13  1440    52864   52800      9   -1.00e+05    9   -1.00e+05
2003 08 13  1445    52864   53100      9   -1.00e+05    9   -1.00e+05
2003 08 13  1450    52864   53400      9   -1.00e+05    9   -1.00e+05
2003 08 13  1455    52864   53700      9   -1.00e+05    9   -1.00e+05
2003 08 13  1500    52864   54000      9   -1.00e+05    9   -1.00e+05
2003 08 13  1505    52864   54300      9   -1.00e+05    9   -1.00e+05
2003 08 13  1510    52864   54600      9   -1.00e+05    9   -1.00e+05
2003 08 13  1515    52864   54900      9   -1.00e+05    9   -1.00e+05
2003 08 13  1520    52864   55200      9   -1.00e+05    9   -1.00e+05
2003 08 13  1525    52864   55500      9   -1.00e+05    9   -1.00e+05
2003 08 13  1530    52864   55800      9   -1.00e+05    9   -1.00e+05
2003 08 13  1535    52864   56100      9   -1.00e+05    9   -1.00e+05
2003 08 13  1540    52864   56400      9   -1.00e+05    9   -1.00e+05
2003 08 13  1545    52864   56700      9   -1.00e+05    9   -1.00e+05
2003 08 13  1550    52864   57000      9   -1.00e+05    9   -1.00e+05
2003 08 13  1555    52864   57300      9   -1.00e+05    9   -1.00e+05
2003 08 13  1600    52864   57600      9   -1.00e+05    9   -1.00e+05
2003 08 13  1605    52864   57900      9   -1.00e+05    9   -1.00e+05
2003 08 13  1610    52864   58200      0    8.11e-01    0    5.70e-01
2003 08 13  1615    52864   58500      0    8.27e-01    0    5.92e-01
2003 08 13  1620    52864   58800      0    8.26e-01    0    5.78e-01
2003 08 13  1625    52864   59100      0    8.28e-01    0    5.83e-01
2003 08 13  1630    52864   59400      0    8.30e-01    0    5.85e-01
2003 08 13  1635    52864   59700      0    8.14e-01    0    5.74e-01
2003 08 13  1640    52864   60000      0    8.22e-01    0    5.80e-01
2003 08 13  1645    52864   60300      0    8.27e-01    0    5.84e-01
2003 08 13  1650    52864   60600      0    8.14e-01    0    5.69e-01
2003 08 13  1655    52864   60900      0    8.16e-01    0    5.84e-01
2003 08 13  1700    52864   61200      0    8.24e-01    0    5.78e-01
2003 08 13  1705    52864   61500      0    8.29e-01    0    5.88e-01
2003 08 13  1710    52864   61800      0    8.21e-01    0    5.78e-01
2003 08 13  1715    52864   62100      0    8.27e-01    0    5.91e-01
2003 08 13  1720    52864   62400      0    8.33e-01    0    5.91e-01
2003 08 13  1725    52864   62700      0    8.46e-01    0    5.88e-01
2003 08 13  1730    52864   63000      0    8.26e-01    0    5.83e-01
2003 08 13  1735    52864   63300      0    8.29e-01    0    5.85e-01
2003 08 13  1740    52864   63600      0    8.06e-01    0    5.63e-01
2003 08 13  1745    52864   63900      0    8.40e-01    0    5.93e-01
2003 08 13  1750    52864   64200      0    8.18e-01    0    5.78e-01
2003 08 13  1755    52864   64500      0    8.13e-01    0    5.80e-01
2003 08 13  1800    52864   64800      0    8.24e-01    0    5.82e-01
2003 08 13  1805    52864   65100      0    8.19e-01    0    5.73e-01
2003 08 13  1810    52864   65400      0    8.13e-01    0    5.68e-01
2003 08 13  1815    52864   65700      0    8.21e-01    0    5.80e-01
2003 08 13  1820    52864   66000      0    8.00e-01    0    5.66e-01
2003 08 13  1825    52864   66300      0    8.20e-01    0    5.81e-01
2003 08 13  1830    52864   66600      0    8.15e-01    0    5.78e-01
2003 08 13  1835    52864   66900      0    8.19e-01    0    5.78e-01
2003 08 13  1840    52864   67200      0    8.06e-01    0    5.68e-01
2003 08 13  1845    52864   67500      0    8.12e-01    0    5.60e-01
2003 08 13  1850    52864   67800      0    8.28e-01    0    5.81e-01
2003 08 13  1855    52864   68100      0    8.32e-01    0    5.84e-01
2003 08 13  1900    52864   68400      0    8.26e-01    0    5.83e-01
2003 08 13  1905    52864   68700      0    8.13e-01    0    5.64e-01
2003 08 13  1910    52864   69000      0    8.36e-01    0    5.78e-01
2003 08 13  1915    52864   69300      0    8.34e-01    0    5.88e-01
2003 08 13  1920    52864   69600      0    8.50e-01    0    6.03e-01
2003 08 13  1925    52864   69900      0    8.19e-01    0    5.78e-01
2003 08 13  1930    52864   70200      0    8.14e-01    0    5.83e-01
2003 08 13  1935    52864   70500      0    8.37e-01    0    5.85e-01
2003 08 13  1940    52864   70800      0    8.08e-01    0    5.71e-01
2003 08 13  1945    52864   71100      0    8.30e-01    0    5.89e-01
2003 08 13  1950    52864   71400      0    8.20e-01    0    5.74e-01
2003 08 13  1955    52864   71700      0    8.14e-01    0    5.73e-01
2003 08 13  2000    52864   72000      0    8.48e-01    0    5.95e-01
2003 08 13  2005    52864   72300      0    8.21e-01    0    5.76e-01
2003 08 13  2010    52864   72600      0    8.28e-01    0    5.84e-01
2003 08 13  2015    52864   72900      0    8.33e-01    0    5.82e-01
2003 08 13  2020    52864   73200      0    8.11e-01    0    5.69e-01
2003 08 13  2025    52864   73500      0    8.29e-01    0    5.83e-01
2003 08 13  2030    52864   73800      0    8.20e-01    0    5.82e-01
2003 08 13  2035    52864   74100      0    8.23e-01    0    5.83e-01
2003 08 13  2040    52864   74400      0    8.23e-01    0    5.78e-01
2003 08 13  2045    52864   74700      0    8.17e-01    0    5.78e-01
2003 08 13  2050    52864   75000      0    8.30e-01    0    5.83e-01
2003 08 13  2055    52864   75300      0    8.35e-01    0    5.93e-01
2003 08 13  2100    52864   75600      0    8.10e-01    0    5.70e-01
2003 08 13  2105    52864   75900      0    8.39e-01    0    5.97e-01
2003 08 13  2110    52864   76200      0    8.24e-01    0    5.76e-01
2003 08 13  2115    52864   76500      0    8.20e-01    0    5.82e-01
2003 08 13  2120    52864   76800      0    8.20e-01    0    5.78e-01
2003 08 13  2125    52864   77100      0    8.28e-01    0    5.79e-01
2003 08 13  2130    52864   77400      0    8.31e-01    0    5.79e-01
2003 08 13  2135    52864   77700      0    8.42e-01    0    5.96e-01
2003 08 13  2140    52864   78000      0    8.42e-01    0    5.99e-01
2003 08 13  2145    52864   78300      0    8.23e-01    0    5.77e-01
2003 08 13  2150    52864   78600      0    8.27e-01    0    5.84e-01
2003 08 13  2155    52864   78900      0    8.40e-01    0    5.94e-01
2003 08 13  2200    52864   79200      0    8.21e-01    0    5.80e-01
2003 08 13  2205    52864   79500      0    8.50e-01    0    6.07e-01
2003 08 13  2210    52864   79800      0    8.48e-01    0    6.04e-01
2003 08 13  2215    52864   80100      0    8.18e-01    0    5.77e-01
2003 08 13  2220    52864   80400      0    8.39e-01    0    5.92e-01
2003 08 13  2225    52864   80700      0    8.14e-01    0    5.74e-01
2003 08 13  2230    52864   81000      0    8.20e-01    0    5.77e-01
2003 08 13  2235    52864   81300      0    8.39e-01    0    5.93e-01
2003 08 13  2240    52864   81600      0    8.45e-01    0    6.03e-01
2003 08 13  2245    52864   81900      0    8.14e-01    0    5.77e-01
2003 08 13  2250    52864   82200      0    8.21e-01    0    5.78e-01
2003 08 13  2255    52864   82500      0    8.16e-01    0    5.81e-01
2003 08 13  2300    52864   82800      0    8.13e-01    0    5.68e-01
2003 08 13  2305    52864   83100      0    8.37e-01    0    5.94e-01
2003 08 13  2310    52864   83400      0    8.24e-01    0    5.82e-01
2003 08 13  2315    52864   83700      0    8.17e-01    0    5.76e-01
2003 08 13  2320    52864   84000      0    8.27e-01    0    5.83e-01
2003 08 13  2325    52864   84300      0    8.24e-01    0    5.81e-01
2003 08 13  2330    52864   84600      0    8.20e-01    0    5.73e-01
2003 08 13  2335    52864   84900      0    8.08e-01    0    5.66e-01
2003 08 13  2340    52864   85200      0    8.31e-01    0    5.97e-01
2003 08 13  2345    52864   85500      0    8.44e-01    0    5.97e-01
2003 08 13  2350    52864   85800      0    8.23e-01    0    5.79e-01
2003 08 13  2355    52864   86100      0    8.16e-01    0    5.78e-01
