:Data_list: 20030130_ace_epam_5m.txt
:Created: 2003 Jan 31 0012 UT
# Prepared by the U.S. Dept. of Commerce, NOAA, Space Environment Center.
# Please send comments and suggestions to sec@sec.noaa.gov 
# 
# Units: Differential Flux particles/cm2-s-ster-MeV
# Units: Anisotropy Index 0.0 - 2.0
# Status(S): 0 = nominal, 4,6,7,8 = bad data, unable to process, 9 = no data
# Missing data values: -1.00e+05, index = -1.00
# Source: ACE Satellite - Electron, Proton, and Alpha Monitor
# Note: 2002 Mar 18: First Proton channel changed from 47-65 to 65-112keV.
#
#                      5-minute averaged Real-time Differential Electron and Proton Flux 
# 
#                Modified Seconds ---------------------------- Differential Flux --------------------------- 
# UT Date   Time  Julian  of the  ----- Electron -----   ------------------- Protons keV -------------------   Anis.
# YR MO DA  HHMM    Day    Day    S    38-53   175-315   S   65-112   112-187   310-580   761-1220 060-1910   Ratio
#-------------------------------------------------------------------------------------------------------------------
2003 01 30  0000   52669       0  0  9.66e+02  1.68e+01  0  2.58e+03  2.64e+01  1.64e+00  3.99e-01  1.86e-01   2.00
2003 01 30  0005   52669     300  0  8.90e+02  1.60e+01  0  2.57e+03  2.43e+01  2.45e+00  4.89e-01  1.23e-01   1.49
2003 01 30  0010   52669     600  0  1.14e+03  1.44e+01  0  2.40e+03  2.58e+01  2.51e+00  6.29e-01  5.09e-02   0.15
2003 01 30  0015   52669     900  0  1.02e+03  1.55e+01  0  1.58e+03  2.83e+01  2.76e+00  6.74e-01  0.00e+00   1.41
2003 01 30  0020   52669    1200  0  8.66e+02  1.65e+01  0  1.44e+03  2.54e+01  2.66e+00  5.76e-01  5.73e-02  -1.00
2003 01 30  0025   52669    1500  0  1.04e+03  1.54e+01  0  1.50e+03  2.73e+01  1.82e+00  4.68e-01  5.09e-02   0.99
2003 01 30  0030   52669    1800  0  9.72e+02  1.73e+01  0  1.85e+03  2.65e+01  2.34e+00  6.17e-01  2.37e-01   0.65
2003 01 30  0035   52669    2100  0  9.58e+02  1.65e+01  0  2.11e+03  2.68e+01  2.27e+00  8.94e-01  1.04e-01   0.69
2003 01 30  0040   52669    2400  0  9.55e+02  1.28e+01  0  2.01e+03  3.25e+01  2.44e+00  5.59e-01  0.00e+00   1.41
2003 01 30  0045   52669    2700  0  1.04e+03  1.48e+01  0  2.37e+03  3.66e+01  2.43e+00  5.58e-01  2.29e-01  -1.00
2003 01 30  0050   52669    3000  0  9.33e+02  1.37e+01  0  2.06e+03  3.33e+01  1.92e+00  5.56e-01  1.04e-01   0.71
2003 01 30  0055   52669    3300  0  9.61e+02  1.50e+01  0  2.68e+03  3.01e+01  2.48e+00  5.25e-01  2.94e-01   1.25
2003 01 30  0100   52669    3600  0  9.77e+02  1.47e+01  0  2.24e+03  3.07e+01  2.74e+00  6.42e-01  1.91e-01   1.35
2003 01 30  0105   52669    3900  0  9.09e+02  1.74e+01  0  1.87e+03  2.62e+01  2.63e+00  6.23e-01  1.25e-01  -1.00
2003 01 30  0110   52669    4200  0  8.71e+02  1.66e+01  0  2.30e+03  2.92e+01  1.99e+00  6.18e-01  1.15e-01   0.17
2003 01 30  0115   52669    4500  0  9.92e+02  1.67e+01  0  1.88e+03  2.83e+01  2.27e+00  7.16e-01  1.72e-01   0.52
2003 01 30  0120   52669    4800  0  8.59e+02  1.49e+01  0  2.07e+03  2.90e+01  2.71e+00  6.66e-01  4.04e-01   0.71
2003 01 30  0125   52669    5100  0  9.02e+02  1.13e+01  0  1.99e+03  3.58e+01  2.40e+00  4.24e-01  1.39e-01   1.54
2003 01 30  0130   52669    5400  0  8.73e+02  1.58e+01  0  1.67e+03  3.40e+01  2.87e+00  4.33e-01  2.08e-01   2.00
2003 01 30  0135   52669    5700  0  9.42e+02  1.21e+01  0  1.58e+03  2.92e+01  2.16e+00  7.78e-01  2.83e-01   0.00
2003 01 30  0140   52669    6000  0  9.35e+02  1.86e+01  0  1.28e+03  3.42e+01  3.36e+00  4.40e-01  3.51e-01   2.00
2003 01 30  0145   52669    6300  0  9.19e+02  1.55e+01  0  1.43e+03  4.65e+01  3.64e+00  4.95e-01  1.37e-01   1.41
2003 01 30  0150   52669    6600  0  9.37e+02  1.38e+01  0  1.50e+03  4.27e+01  2.16e+00  4.82e-01  2.71e-01   0.15
2003 01 30  0155   52669    6900  0  9.60e+02  1.62e+01  0  1.24e+03  4.47e+01  2.82e+00  4.99e-01  2.58e-01  -1.00
2003 01 30  0200   52669    7200  0  8.93e+02  1.65e+01  0  1.66e+03  4.27e+01  2.76e+00  7.42e-01  0.00e+00   0.27
2003 01 30  0205   52669    7500  0  8.42e+02  1.37e+01  0  2.36e+03  4.38e+01  3.67e+00  6.79e-01  1.78e-01   0.71
2003 01 30  0210   52669    7800  0  8.31e+02  1.78e+01  0  2.57e+03  4.37e+01  2.54e+00  5.70e-01  2.62e-01  -1.00
2003 01 30  0215   52669    8100  0  8.47e+02  1.26e+01  0  2.54e+03  4.46e+01  3.76e+00  4.47e-01  1.76e-01   1.60
2003 01 30  0220   52669    8400  0  9.84e+02  1.39e+01  0  2.16e+03  4.56e+01  2.04e+00  5.00e-01  8.33e-02   0.92
2003 01 30  0225   52669    8700  0  9.89e+02  1.65e+01  0  2.35e+03  3.07e+01  3.65e+00  6.82e-01  7.64e-02   0.34
2003 01 30  0230   52669    9000  0  8.35e+02  1.34e+01  0  2.05e+03  3.22e+01  2.27e+00  6.85e-01  9.55e-02  -1.00
2003 01 30  0235   52669    9300  0  9.28e+02  1.64e+01  0  2.75e+03  4.65e+01  3.05e+00  6.63e-01  5.73e-02   1.00
2003 01 30  0240   52669    9600  0  8.69e+02  1.50e+01  0  2.51e+03  6.14e+01  2.64e+00  6.60e-01  2.92e-01   0.17
2003 01 30  0245   52669    9900  0  1.11e+03  1.59e+01  0  2.96e+03  5.78e+01  3.17e+00  6.44e-01  4.82e-01   0.86
2003 01 30  0250   52669   10200  0  9.51e+02  1.45e+01  0  2.36e+03  5.65e+01  3.16e+00  6.43e-01  8.18e-02   0.44
2003 01 30  0255   52669   10500  0  1.00e+03  1.34e+01  0  2.37e+03  6.19e+01  3.31e+00  4.52e-01  0.00e+00   1.72
2003 01 30  0300   52669   10800  0  1.06e+03  1.58e+01  0  3.17e+03  5.34e+01  3.92e+00  4.96e-01  2.29e-01   0.28
2003 01 30  0305   52669   11100  9 -1.00e+05 -1.00e+05  9 -1.00e+05 -1.00e+05 -1.00e+05 -1.00e+05 -1.00e+05  -1.00
2003 01 30  0310   52669   11400  0  9.45e+02  1.70e+01  0  1.95e+03  4.65e+01  2.88e+00  5.78e-01  7.64e-02   0.46
2003 01 30  0315   52669   11700  0  1.08e+03  1.72e+01  0  2.14e+03  5.69e+01  2.94e+00  5.19e-01  1.41e-01   0.66
2003 01 30  0320   52669   12000  0  9.67e+02  1.16e+01  0  2.20e+03  6.34e+01  3.03e+00  8.48e-01  1.25e-01   0.59
2003 01 30  0325   52669   12300  0  9.60e+02  1.55e+01  0  2.14e+03  4.87e+01  2.95e+00  6.79e-01  2.08e-01   0.58
2003 01 30  0330   52669   12600  0  8.98e+02  1.68e+01  0  1.85e+03  5.48e+01  2.76e+00  8.03e-01  9.16e-02   0.92
2003 01 30  0335   52669   12900  0  9.36e+02  1.28e+01  0  2.44e+03  5.83e+01  3.17e+00  7.32e-01  2.64e-01   0.65
2003 01 30  0340   52669   13200  0  1.02e+03  1.72e+01  0  2.24e+03  5.66e+01  3.34e+00  5.46e-01  2.15e-01   2.00
2003 01 30  0345   52669   13500  0  9.30e+02  1.43e+01  0  2.46e+03  6.07e+01  3.16e+00  4.06e-01  2.10e-01   1.10
2003 01 30  0350   52669   13800  0  1.04e+03  1.26e+01  0  2.50e+03  5.99e+01  2.96e+00  8.12e-01  2.72e-01   0.93
2003 01 30  0355   52669   14100  0  9.87e+02  1.59e+01  0  1.86e+03  5.76e+01  2.74e+00  6.02e-01  2.47e-01   0.97
2003 01 30  0400   52669   14400  0  9.67e+02  1.58e+01  0  2.81e+03  5.00e+01  3.16e+00  6.63e-01  1.15e-01   0.90
2003 01 30  0405   52669   14700  0  1.04e+03  1.67e+01  0  2.75e+03  5.57e+01  2.76e+00  7.31e-01  1.89e-01   0.47
2003 01 30  0410   52669   15000  0  1.07e+03  1.74e+01  0  2.62e+03  5.64e+01  2.62e+00  5.09e-01  3.13e-01   1.20
2003 01 30  0415   52669   15300  9 -1.00e+05 -1.00e+05  9 -1.00e+05 -1.00e+05 -1.00e+05 -1.00e+05 -1.00e+05  -1.00
2003 01 30  0420   52669   15600  9 -1.00e+05 -1.00e+05  9 -1.00e+05 -1.00e+05 -1.00e+05 -1.00e+05 -1.00e+05  -1.00
2003 01 30  0425   52669   15900  0  1.00e+03  1.43e+01  0  2.44e+03  5.45e+01  3.44e+00  6.70e-01  3.44e-01   1.58
2003 01 30  0430   52669   16200  0  8.28e+02  1.69e+01  0  2.10e+03  5.12e+01  2.85e+00  9.24e-01  1.82e-01   0.30
2003 01 30  0435   52669   16500  0  8.09e+02  1.58e+01  0  2.32e+03  3.87e+01  3.73e+00  6.18e-01  2.11e-01   0.66
2003 01 30  0440   52669   16800  0  8.21e+02  1.19e+01  0  2.54e+03  4.11e+01  3.12e+00  8.82e-01  3.13e-01   0.06
2003 01 30  0445   52669   17100  0  7.91e+02  1.44e+01  0  2.22e+03  3.99e+01  3.00e+00  6.54e-01  1.15e-01   0.66
2003 01 30  0450   52669   17400  0  7.66e+02  1.54e+01  0  2.60e+03  3.86e+01  3.47e+00  7.06e-01  6.55e-02   2.00
2003 01 30  0455   52669   17700  0  8.27e+02  1.53e+01  0  2.03e+03  4.24e+01  3.08e+00  9.88e-01  2.04e-01   0.69
2003 01 30  0500   52669   18000  0  7.98e+02  1.74e+01  0  1.65e+03  3.70e+01  3.25e+00  5.42e-01  1.06e-01   0.67
2003 01 30  0505   52669   18300  0  8.47e+02  1.37e+01  0  1.97e+03  4.46e+01  1.90e+00  6.10e-01  3.35e-01   1.41
2003 01 30  0510   52669   18600  0  8.50e+02  1.96e+01  0  1.86e+03  4.54e+01  3.29e+00  6.53e-01  2.99e-01  -1.00
2003 01 30  0515   52669   18900  0  8.36e+02  1.53e+01  0  2.22e+03  5.02e+01  3.54e+00  5.89e-01  2.49e-01   0.98
2003 01 30  0520   52669   19200  0  7.41e+02  1.43e+01  0  2.05e+03  3.00e+01  3.08e+00  7.40e-01  0.00e+00   0.70
2003 01 30  0525   52669   19500  0  7.18e+02  1.50e+01  0  1.78e+03  3.09e+01  2.56e+00  6.74e-01  1.53e-01   1.85
2003 01 30  0530   52669   19800  0  6.94e+02  1.50e+01  0  1.70e+03  3.37e+01  2.83e+00  5.91e-01  1.34e-01   1.15
2003 01 30  0535   52669   20100  0  6.87e+02  1.47e+01  0  1.96e+03  3.46e+01  2.87e+00  7.20e-01  1.41e-01   0.74
2003 01 30  0540   52669   20400  0  6.87e+02  1.44e+01  0  2.43e+03  3.78e+01  3.34e+00  6.48e-01  1.91e-01   0.86
2003 01 30  0545   52669   20700  0  7.03e+02  1.53e+01  0  2.52e+03  2.91e+01  3.95e+00  6.98e-01  1.15e-01   1.85
2003 01 30  0550   52669   21000  0  7.14e+02  1.51e+01  0  2.44e+03  3.20e+01  3.98e+00  5.55e-01  1.53e-01   0.31
2003 01 30  0555   52669   21300  0  7.12e+02  1.59e+01  0  2.31e+03  3.78e+01  4.19e+00  6.78e-01  4.58e-02   0.46
2003 01 30  0600   52669   21600  0  6.94e+02  1.28e+01  0  1.74e+03  2.99e+01  2.43e+00  6.16e-01  1.15e-01   1.22
2003 01 30  0605   52669   21900  0  7.03e+02  1.29e+01  0  1.94e+03  3.30e+01  4.57e+00  4.73e-01  8.33e-02   1.61
2003 01 30  0610   52669   22200  0  6.42e+02  1.36e+01  0  1.86e+03  2.83e+01  3.64e+00  5.93e-01  2.43e-01   1.49
2003 01 30  0615   52669   22500  0  6.70e+02  1.65e+01  0  2.18e+03  3.46e+01  3.43e+00  6.94e-01  3.44e-01   1.13
2003 01 30  0620   52669   22800  0  6.45e+02  1.76e+01  0  3.37e+03  3.21e+01  3.87e+00  7.31e-01  1.25e-01   1.41
2003 01 30  0625   52669   23100  0  6.97e+02  1.60e+01  0  4.22e+03  3.36e+01  3.16e+00  8.33e-01  1.85e-01   0.59
2003 01 30  0630   52669   23400  0  7.16e+02  1.39e+01  0  3.05e+03  3.51e+01  3.16e+00  7.37e-01  2.29e-01   0.80
2003 01 30  0635   52669   23700  0  7.06e+02  1.58e+01  0  3.23e+03  3.45e+01  3.26e+00  7.32e-01  2.29e-01   1.35
2003 01 30  0640   52669   24000  0  7.19e+02  1.45e+01  0  2.70e+03  3.57e+01  3.52e+00  7.32e-01  1.23e-01   0.80
2003 01 30  0645   52669   24300  0  6.47e+02  1.19e+01  0  2.69e+03  3.35e+01  3.12e+00  8.43e-01  3.52e-02   0.12
2003 01 30  0650   52669   24600  0  7.46e+02  1.58e+01  0  3.07e+03  2.85e+01  3.69e+00  9.88e-01  6.55e-02   1.12
2003 01 30  0655   52669   24900  0  6.31e+02  1.37e+01  0  2.88e+03  3.58e+01  3.29e+00  6.36e-01  2.76e-01   0.64
2003 01 30  0700   52669   25200  0  7.68e+02  1.62e+01  0  3.30e+03  3.52e+01  3.23e+00  4.75e-01  3.44e-01  -1.00
2003 01 30  0705   52669   25500  0  6.68e+02  1.52e+01  0  3.78e+03  3.04e+01  2.81e+00  6.71e-01  3.03e-01   0.49
2003 01 30  0710   52669   25800  0  7.92e+02  1.68e+01  0  3.54e+03  3.16e+01  3.89e+00  4.96e-01  2.29e-01   0.85
2003 01 30  0715   52669   26100  0  7.19e+02  1.17e+01  0  3.43e+03  2.93e+01  3.08e+00  7.18e-01  1.59e-01   0.29
2003 01 30  0720   52669   26400  0  7.03e+02  1.36e+01  0  2.62e+03  2.98e+01  2.92e+00  6.55e-01  1.94e-01   1.48
2003 01 30  0725   52669   26700  0  5.85e+02  1.39e+01  0  2.52e+03  3.41e+01  3.40e+00  5.95e-01  2.00e-01  -1.00
2003 01 30  0730   52669   27000  0  6.87e+02  1.79e+01  0  2.52e+03  2.78e+01  3.43e+00  6.99e-01  1.04e-01   0.19
2003 01 30  0735   52669   27300  0  7.14e+02  1.42e+01  0  2.67e+03  2.98e+01  3.61e+00  6.30e-01  1.95e-01   0.73
2003 01 30  0740   52669   27600  0  7.14e+02  1.29e+01  0  2.75e+03  2.93e+01  2.45e+00  6.70e-01  2.55e-01   0.33
2003 01 30  0745   52669   27900  0  6.47e+02  1.21e+01  0  2.02e+03  3.30e+01  3.15e+00  6.89e-01  4.58e-02  -1.00
2003 01 30  0750   52669   28200  0  6.94e+02  1.70e+01  0  2.21e+03  3.16e+01  3.02e+00  7.62e-01  2.50e-01   1.10
2003 01 30  0755   52669   28500  0  5.90e+02  1.68e+01  0  1.80e+03  3.12e+01  2.52e+00  8.79e-01  2.62e-01   1.85
2003 01 30  0800   52669   28800  0  7.00e+02  1.58e+01  0  1.96e+03  2.88e+01  2.69e+00  6.53e-01  6.87e-02   0.22
2003 01 30  0805   52669   29100  0  7.71e+02  1.57e+01  0  2.68e+03  3.51e+01  2.74e+00  7.45e-01  2.50e-01   1.29
2003 01 30  0810   52669   29400  0  6.69e+02  1.29e+01  0  2.22e+03  3.24e+01  3.91e+00  7.69e-01  1.72e-01   0.38
2003 01 30  0815   52669   29700  0  7.26e+02  1.42e+01  0  1.91e+03  3.67e+01  3.14e+00  7.10e-01  4.66e-01   1.85
2003 01 30  0820   52669   30000  0  7.38e+02  1.49e+01  0  1.86e+03  2.86e+01  3.30e+00  6.46e-01  2.11e-01   0.15
2003 01 30  0825   52669   30300  0  7.52e+02  1.55e+01  0  1.78e+03  2.95e+01  2.67e+00  7.53e-01  1.06e-01   0.35
2003 01 30  0830   52669   30600  0  7.36e+02  1.77e+01  0  1.50e+03  3.19e+01  3.15e+00  7.06e-01  2.29e-01   0.80
2003 01 30  0835   52669   30900  0  7.74e+02  1.30e+01  0  1.63e+03  3.86e+01  3.85e+00  7.00e-01  2.56e-01   1.00
2003 01 30  0840   52669   31200  0  7.82e+02  1.47e+01  0  1.60e+03  4.49e+01  2.10e+00  6.54e-01  2.13e-01  -1.00
2003 01 30  0845   52669   31500  0  7.47e+02  1.59e+01  0  1.70e+03  3.32e+01  2.85e+00  5.66e-01  2.15e-01  -1.00
2003 01 30  0850   52669   31800  0  7.03e+02  1.33e+01  0  1.43e+03  4.37e+01  2.61e+00  5.72e-01  2.54e-01   0.21
2003 01 30  0855   52669   32100  0  7.99e+02  1.36e+01  0  1.67e+03  4.05e+01  3.25e+00  4.72e-01  1.24e-01   0.41
2003 01 30  0900   52669   32400  0  6.86e+02  1.40e+01  0  1.93e+03  3.59e+01  2.60e+00  5.39e-01  2.15e-01   0.92
2003 01 30  0905   52669   32700  0  6.81e+02  1.80e+01  0  1.65e+03  4.22e+01  2.36e+00  9.61e-01  1.15e-01   0.61
2003 01 30  0910   52669   33000  0  7.21e+02  1.37e+01  0  1.32e+03  4.09e+01  3.16e+00  7.55e-01  1.62e-01   0.54
2003 01 30  0915   52669   33300  0  6.89e+02  1.87e+01  0  1.61e+03  3.95e+01  3.37e+00  5.56e-01  2.13e-01   0.82
2003 01 30  0920   52669   33600  0  6.50e+02  1.37e+01  0  1.30e+03  4.18e+01  3.25e+00  7.13e-01  1.53e-01   0.21
2003 01 30  0925   52669   33900  0  7.75e+02  1.17e+01  0  1.37e+03  3.95e+01  3.87e+00  5.45e-01  2.80e-01   1.85
2003 01 30  0930   52669   34200  0  7.69e+02  1.38e+01  0  1.94e+03  4.19e+01  3.41e+00  6.38e-01  1.53e-01   1.60
2003 01 30  0935   52669   34500  0  7.86e+02  1.17e+01  0  2.19e+03  3.93e+01  3.33e+00  5.81e-01  2.61e-01   1.15
2003 01 30  0940   52669   34800  0  7.22e+02  1.50e+01  0  1.94e+03  4.96e+01  3.50e+00  7.75e-01  1.15e-01   0.56
2003 01 30  0945   52669   35100  0  6.61e+02  1.37e+01  0  2.78e+03  4.74e+01  3.50e+00  5.49e-01  1.76e-01   0.45
2003 01 30  0950   52669   35400  0  6.59e+02  1.50e+01  0  2.40e+03  4.58e+01  3.94e+00  8.68e-01  1.15e-01   0.92
2003 01 30  0955   52669   35700  0  6.75e+02  1.47e+01  0  2.19e+03  4.20e+01  3.46e+00  7.45e-01  2.75e-01   2.00
2003 01 30  1000   52669   36000  0  7.65e+02  1.47e+01  0  2.14e+03  3.66e+01  3.02e+00  8.13e-01  3.17e-01   0.50
2003 01 30  1005   52669   36300  0  7.28e+02  1.43e+01  0  2.10e+03  4.51e+01  3.11e+00  6.16e-01  2.15e-01   0.68
2003 01 30  1010   52669   36600  0  6.58e+02  1.87e+01  0  2.26e+03  4.60e+01  2.96e+00  5.46e-01  2.29e-01  -1.00
2003 01 30  1015   52669   36900  0  5.98e+02  1.40e+01  0  2.19e+03  3.76e+01  3.43e+00  6.81e-01  3.05e-01   0.44
2003 01 30  1020   52669   37200  0  7.54e+02  1.59e+01  0  1.64e+03  3.50e+01  3.03e+00  5.89e-01  2.05e-01  -1.00
2003 01 30  1025   52669   37500  0  7.78e+02  1.48e+01  0  1.34e+03  3.00e+01  2.70e+00  6.69e-01  3.44e-01   0.41
2003 01 30  1030   52669   37800  0  7.12e+02  1.48e+01  0  1.48e+03  3.44e+01  3.34e+00  5.96e-01  2.56e-01   0.87
2003 01 30  1035   52669   38100  0  7.24e+02  1.75e+01  0  1.20e+03  3.75e+01  2.26e+00  5.54e-01  1.25e-01   1.85
2003 01 30  1040   52669   38400  0  7.16e+02  1.54e+01  0  1.11e+03  3.63e+01  3.71e+00  8.21e-01  1.04e-01   2.00
2003 01 30  1045   52669   38700  0  5.78e+02  1.78e+01  0  1.21e+03  3.25e+01  2.56e+00  7.24e-01  0.00e+00   1.25
2003 01 30  1050   52669   39000  0  6.83e+02  1.63e+01  0  1.45e+03  3.01e+01  3.21e+00  6.76e-01  1.67e-01   0.28
2003 01 30  1055   52669   39300  0  7.42e+02  1.57e+01  0  1.49e+03  3.44e+01  2.46e+00  6.64e-01  2.52e-01   0.57
2003 01 30  1100   52669   39600  0  7.46e+02  1.33e+01  0  1.81e+03  3.76e+01  2.56e+00  6.02e-01  2.05e-01   0.43
2003 01 30  1105   52669   39900  0  5.93e+02  1.31e+01  0  1.79e+03  3.75e+01  3.00e+00  7.35e-01  0.00e+00   1.12
2003 01 30  1110   52669   40200  0  6.15e+02  1.53e+01  0  2.14e+03  3.66e+01  2.68e+00  7.48e-01  2.29e-01   1.24
2003 01 30  1115   52669   40500  0  6.49e+02  1.55e+01  0  2.19e+03  3.23e+01  3.33e+00  4.69e-01  2.76e-01   0.69
2003 01 30  1120   52669   40800  0  6.81e+02  1.53e+01  0  1.65e+03  2.99e+01  3.02e+00  7.40e-01  2.82e-01  -1.00
2003 01 30  1125   52669   41100  0  6.07e+02  1.83e+01  0  1.21e+03  3.41e+01  3.42e+00  5.88e-01  2.86e-01  -1.00
2003 01 30  1130   52669   41400  0  6.55e+02  1.12e+01  0  1.44e+03  3.18e+01  2.75e+00  6.40e-01  0.00e+00   1.02
2003 01 30  1135   52669   41700  0  5.58e+02  1.65e+01  0  1.23e+03  3.01e+01  2.77e+00  7.72e-01  2.47e-01   0.65
2003 01 30  1140   52669   42000  0  6.73e+02  1.54e+01  0  8.47e+02  2.95e+01  2.67e+00  7.18e-01  2.00e-01   1.03
2003 01 30  1145   52669   42300  0  6.35e+02  1.66e+01  0  9.13e+02  2.92e+01  2.95e+00  6.90e-01  1.83e-01  -1.00
2003 01 30  1150   52669   42600  0  7.54e+02  1.68e+01  0  1.20e+03  3.17e+01  2.76e+00  5.62e-01  0.00e+00   0.36
2003 01 30  1155   52669   42900  0  6.94e+02  1.39e+01  0  1.26e+03  2.86e+01  3.41e+00  5.33e-01  2.29e-01   0.76
2003 01 30  1200   52669   43200  0  6.05e+02  1.43e+01  0  9.60e+02  3.33e+01  3.10e+00  6.93e-01  2.08e-01   1.06
2003 01 30  1205   52669   43500  0  6.23e+02  1.80e+01  0  1.01e+03  3.38e+01  3.06e+00  8.14e-01  1.76e-01   0.46
2003 01 30  1210   52669   43800  0  6.19e+02  1.47e+01  0  1.13e+03  3.04e+01  2.18e+00  5.39e-01  2.71e-01   0.42
2003 01 30  1215   52669   44100  0  5.69e+02  1.52e+01  0  1.23e+03  3.06e+01  2.88e+00  5.32e-01  1.89e-01  -1.00
2003 01 30  1220   52669   44400  0  6.11e+02  1.30e+01  0  1.52e+03  3.30e+01  3.41e+00  3.70e-01  3.15e-01   1.41
2003 01 30  1225   52669   44700  0  6.59e+02  1.63e+01  0  1.33e+03  3.52e+01  3.15e+00  4.53e-01  3.60e-01   2.00
2003 01 30  1230   52669   45000  0  5.99e+02  1.67e+01  0  1.11e+03  2.74e+01  3.12e+00  6.49e-01  2.61e-01  -1.00
2003 01 30  1235   52669   45300  0  5.83e+02  1.33e+01  0  1.74e+03  2.91e+01  2.62e+00  6.72e-01  1.80e-01   1.53
2003 01 30  1240   52669   45600  0  6.52e+02  1.37e+01  0  1.60e+03  2.99e+01  2.82e+00  5.17e-01  2.83e-01   1.25
2003 01 30  1245   52669   45900  0  5.47e+02  1.49e+01  0  1.22e+03  2.66e+01  2.66e+00  7.37e-01  1.43e-01   0.94
2003 01 30  1250   52669   46200  0  5.65e+02  1.47e+01  0  1.11e+03  3.29e+01  2.82e+00  4.34e-01  1.34e-01   0.28
2003 01 30  1255   52669   46500  0  5.83e+02  1.68e+01  0  1.08e+03  2.94e+01  2.49e+00  6.86e-01  2.29e-01   0.45
2003 01 30  1300   52669   46800  0  5.67e+02  1.65e+01  0  1.16e+03  2.96e+01  3.06e+00  7.45e-01  2.42e-01   0.58
2003 01 30  1305   52669   47100  0  5.63e+02  1.58e+01  0  1.15e+03  2.61e+01  2.80e+00  6.40e-01  2.11e-01   0.36
2003 01 30  1310   52669   47400  0  6.55e+02  1.74e+01  0  9.51e+02  2.86e+01  3.32e+00  5.10e-01  1.24e-01   0.73
2003 01 30  1315   52669   47700  0  6.25e+02  1.42e+01  0  1.47e+03  3.08e+01  3.61e+00  7.07e-01  0.00e+00   1.09
2003 01 30  1320   52669   48000  0  5.75e+02  1.31e+01  0  1.24e+03  2.96e+01  2.87e+00  5.93e-01  0.00e+00   2.00
2003 01 30  1325   52669   48300  0  6.20e+02  1.61e+01  0  1.08e+03  2.66e+01  3.02e+00  6.50e-01  2.94e-01   0.71
2003 01 30  1330   52669   48600  0  6.77e+02  1.59e+01  0  1.62e+03  2.81e+01  2.99e+00  7.23e-01  1.79e-01   0.44
2003 01 30  1335   52669   48900  0  5.73e+02  1.19e+01  0  1.55e+03  2.57e+01  3.46e+00  7.33e-01  1.68e-01   0.62
2003 01 30  1340   52669   49200  0  5.75e+02  1.66e+01  0  1.58e+03  3.07e+01  2.34e+00  5.87e-01  4.58e-02   1.49
2003 01 30  1345   52669   49500  0  5.68e+02  1.45e+01  0  1.67e+03  2.95e+01  2.57e+00  4.43e-01  2.67e-01  -1.00
2003 01 30  1350   52669   49800  0  6.32e+02  1.48e+01  0  1.36e+03  2.73e+01  2.54e+00  4.84e-01  1.50e-01   0.64
2003 01 30  1355   52669   50100  0  5.99e+02  1.49e+01  0  1.36e+03  2.83e+01  2.86e+00  6.18e-01  2.37e-01   0.40
2003 01 30  1400   52669   50400  0  6.18e+02  1.38e+01  0  1.28e+03  3.13e+01  2.35e+00  8.41e-01  4.17e-02   0.35
2003 01 30  1405   52669   50700  0  6.15e+02  1.43e+01  0  1.74e+03  3.12e+01  2.82e+00  5.94e-01  2.11e-01   0.67
2003 01 30  1410   52669   51000  0  5.48e+02  1.50e+01  0  1.44e+03  2.52e+01  2.75e+00  5.65e-01  1.86e-01   1.44
2003 01 30  1415   52669   51300  0  6.31e+02  1.54e+01  0  1.37e+03  2.41e+01  2.71e+00  5.22e-01  3.03e-01   0.97
2003 01 30  1420   52669   51600  0  5.79e+02  1.13e+01  0  1.56e+03  2.53e+01  2.66e+00  4.69e-01  1.23e-01   1.41
2003 01 30  1425   52669   51900  0  5.97e+02  1.34e+01  0  2.05e+03  2.85e+01  2.43e+00  5.09e-01  2.77e-01   1.59
2003 01 30  1430   52669   52200  0  5.68e+02  1.69e+01  0  1.78e+03  2.86e+01  3.22e+00  4.48e-01  1.96e-01   2.00
2003 01 30  1435   52669   52500  0  4.99e+02  1.44e+01  0  1.41e+03  2.66e+01  2.20e+00  7.95e-01  1.31e-01   0.54
2003 01 30  1440   52669   52800  0  5.61e+02  1.59e+01  0  1.13e+03  2.80e+01  4.05e+00  4.69e-01  1.60e-01   2.00
2003 01 30  1445   52669   53100  0  5.70e+02  1.65e+01  0  1.21e+03  2.36e+01  2.52e+00  7.08e-01  9.55e-02  -1.00
2003 01 30  1450   52669   53400  0  6.47e+02  1.53e+01  0  1.25e+03  2.71e+01  2.52e+00  7.11e-01  1.24e-01   0.46
2003 01 30  1455   52669   53700  0  6.17e+02  1.55e+01  0  1.25e+03  2.72e+01  3.12e+00  4.52e-01  0.00e+00   1.67
2003 01 30  1500   52669   54000  0  5.33e+02  1.28e+01  0  1.20e+03  2.98e+01  2.81e+00  5.87e-01  2.11e-01   1.48
2003 01 30  1505   52669   54300  0  5.36e+02  1.24e+01  0  1.61e+03  2.71e+01  2.75e+00  6.29e-01  1.85e-01   1.12
2003 01 30  1510   52669   54600  0  5.39e+02  1.38e+01  0  1.30e+03  2.58e+01  2.62e+00  5.83e-01  4.17e-02   0.33
2003 01 30  1515   52669   54900  0  6.22e+02  1.64e+01  0  1.69e+03  2.80e+01  1.82e+00  3.84e-01  2.67e-01   0.66
2003 01 30  1520   52669   55200  0  5.26e+02  1.52e+01  0  1.64e+03  2.40e+01  3.11e+00  6.26e-01  2.21e-01  -1.00
2003 01 30  1525   52669   55500  0  5.12e+02  1.76e+01  0  1.83e+03  2.94e+01  2.13e+00  5.59e-01  1.29e-01   1.36
2003 01 30  1530   52669   55800  0  6.35e+02  1.40e+01  0  1.69e+03  2.59e+01  2.36e+00  3.94e-01  0.00e+00   1.00
2003 01 30  1535   52669   56100  0  6.55e+02  1.25e+01  0  1.58e+03  2.67e+01  2.16e+00  6.36e-01  4.58e-02  -1.00
2003 01 30  1540   52669   56400  0  5.41e+02  1.28e+01  0  1.63e+03  2.71e+01  2.90e+00  5.22e-01  1.99e-01   0.92
2003 01 30  1545   52669   56700  0  5.75e+02  1.56e+01  0  1.03e+03  2.50e+01  1.95e+00  4.22e-01  1.87e-01   1.41
2003 01 30  1550   52669   57000  0  5.01e+02  1.57e+01  0  1.27e+03  2.69e+01  2.63e+00  5.11e-01  2.05e-01  -1.00
2003 01 30  1555   52669   57300  0  5.53e+02  1.46e+01  0  1.62e+03  2.70e+01  3.20e+00  6.02e-01  3.01e-01   0.55
2003 01 30  1600   52669   57600  0  5.11e+02  1.46e+01  0  1.62e+03  2.57e+01  3.28e+00  6.07e-01  1.02e-01   0.61
2003 01 30  1605   52669   57900  0  5.56e+02  1.50e+01  0  1.57e+03  2.24e+01  2.88e+00  4.09e-01  0.00e+00   2.00
2003 01 30  1610   52669   58200  0  5.16e+02  1.27e+01  0  1.12e+03  2.57e+01  3.02e+00  4.57e-01  1.53e-01   2.00
2003 01 30  1615   52669   58500  0  5.78e+02  1.49e+01  0  1.24e+03  2.37e+01  2.43e+00  6.04e-01  1.02e-01   0.58
2003 01 30  1620   52669   58800  0  5.42e+02  1.42e+01  0  1.24e+03  2.81e+01  2.49e+00  5.51e-01  3.37e-01   1.17
2003 01 30  1625   52669   59100  0  5.70e+02  1.53e+01  0  1.16e+03  2.86e+01  3.26e+00  4.88e-01  1.67e-01   1.08
2003 01 30  1630   52669   59400  0  4.90e+02  1.72e+01  0  1.64e+03  2.96e+01  3.16e+00  5.24e-01  1.15e-01   1.41
2003 01 30  1635   52669   59700  0  5.51e+02  1.68e+01  0  1.55e+03  2.35e+01  2.81e+00  4.38e-01  2.54e-01   0.54
2003 01 30  1640   52669   60000  0  5.48e+02  1.90e+01  0  1.77e+03  2.42e+01  2.82e+00  4.68e-01  1.85e-01   0.82
2003 01 30  1645   52669   60300  0  5.10e+02  1.39e+01  0  1.81e+03  2.70e+01  2.79e+00  5.81e-01  1.23e-01   1.41
2003 01 30  1650   52669   60600  0  5.63e+02  1.56e+01  0  2.14e+03  2.69e+01  2.58e+00  4.76e-01  2.77e-01   0.89
2003 01 30  1655   52669   60900  0  5.20e+02  1.20e+01  0  3.85e+03  2.52e+01  3.50e+00  5.14e-01  2.09e-01   1.03
2003 01 30  1700   52669   61200  0  5.08e+02  1.62e+01  0  2.64e+03  2.76e+01  2.52e+00  5.94e-01  1.23e-01   0.46
2003 01 30  1705   52669   61500  0  5.23e+02  1.31e+01  0  2.33e+03  2.94e+01  2.49e+00  5.17e-01  1.37e-01   0.42
2003 01 30  1710   52669   61800  0  5.08e+02  1.63e+01  0  1.77e+03  2.96e+01  3.26e+00  6.09e-01  2.56e-01   0.92
2003 01 30  1715   52669   62100  0  5.33e+02  1.39e+01  0  2.01e+03  4.46e+01  2.98e+00  6.62e-01  2.14e-01   1.27
2003 01 30  1720   52669   62400  0  5.06e+02  1.45e+01  0  2.37e+03  3.97e+01  3.52e+00  6.90e-01  2.67e-01   0.38
2003 01 30  1725   52669   62700  0  5.19e+02  1.32e+01  0  2.65e+03  3.91e+01  3.43e+00  4.40e-01  2.29e-01   0.57
2003 01 30  1730   52669   63000  0  5.78e+02  1.48e+01  0  2.73e+03  4.61e+01  2.69e+00  5.53e-01  2.58e-01   0.28
2003 01 30  1735   52669   63300  0  4.78e+02  1.47e+01  0  2.27e+03  4.33e+01  2.45e+00  5.62e-01  1.91e-01   1.36
2003 01 30  1740   52669   63600  0  4.81e+02  1.38e+01  0  1.71e+03  4.13e+01  2.72e+00  5.95e-01  2.21e-01   0.03
2003 01 30  1745   52669   63900  0  4.44e+02  1.34e+01  0  1.95e+03  4.48e+01  2.50e+00  4.40e-01  0.00e+00   1.60
2003 01 30  1750   52669   64200  0  5.22e+02  1.58e+01  0  2.26e+03  3.56e+01  3.45e+00  4.18e-01  9.55e-02   1.85
2003 01 30  1755   52669   64500  0  4.76e+02  1.50e+01  0  2.27e+03  3.80e+01  3.02e+00  6.33e-01  2.54e-01   1.22
2003 01 30  1800   52669   64800  0  4.14e+02  1.41e+01  0  2.02e+03  4.25e+01  3.67e+00  6.64e-01  1.83e-01   0.38
2003 01 30  1805   52669   65100  0  5.51e+02  1.49e+01  0  1.99e+03  5.19e+01  3.16e+00  5.72e-01  1.91e-01   0.67
2003 01 30  1810   52669   65400  0  4.94e+02  1.53e+01  0  2.39e+03  2.93e+01  2.54e+00  6.59e-01  1.34e-01   0.21
2003 01 30  1815   52669   65700  0  5.62e+02  1.61e+01  0  3.01e+03  2.94e+01  3.13e+00  5.38e-01  6.55e-02   0.00
2003 01 30  1820   52669   66000  0  5.32e+02  1.21e+01  0  2.22e+03  2.52e+01  2.60e+00  6.80e-01  3.75e-01   0.77
2003 01 30  1825   52669   66300  0  5.93e+02  1.43e+01  0  2.56e+03  2.62e+01  2.27e+00  4.92e-01  1.88e-01   0.66
2003 01 30  1830   52669   66600  0  5.50e+02  1.46e+01  0  2.95e+03  2.47e+01  3.21e+00  6.23e-01  1.31e-01   0.44
2003 01 30  1835   52669   66900  0  5.03e+02  1.26e+01  0  2.30e+03  2.93e+01  2.85e+00  4.41e-01  5.73e-02   0.67
2003 01 30  1840   52669   67200  0  6.28e+02  1.60e+01  0  2.30e+03  2.62e+01  1.68e+00  6.17e-01  0.00e+00   1.41
2003 01 30  1845   52669   67500  0  4.59e+02  1.51e+01  0  2.27e+03  2.78e+01  2.61e+00  5.74e-01  1.37e-01  -1.00
2003 01 30  1850   52669   67800  0  4.74e+02  1.51e+01  0  2.46e+03  2.27e+01  2.69e+00  5.46e-01  5.09e-02   2.00
2003 01 30  1855   52669   68100  0  6.08e+02  1.38e+01  0  1.98e+03  3.71e+01  2.36e+00  5.01e-01  0.00e+00  -1.00
2003 01 30  1900   52669   68400  0  4.34e+02  1.68e+01  0  1.60e+03  2.26e+01  2.90e+00  5.43e-01  1.15e-01   1.18
2003 01 30  1905   52669   68700  0  4.89e+02  1.53e+01  0  1.29e+03  2.47e+01  2.04e+00  4.05e-01  0.00e+00  -1.00
2003 01 30  1910   52669   69000  0  4.92e+02  1.55e+01  0  1.23e+03  2.74e+01  2.51e+00  5.37e-01  3.02e-01   0.98
2003 01 30  1915   52669   69300  0  6.07e+02  1.72e+01  0  1.47e+03  2.36e+01  2.01e+00  5.16e-01  7.64e-02   1.15
2003 01 30  1920   52669   69600  0  5.20e+02  1.75e+01  0  1.19e+03  2.79e+01  1.79e+00  5.70e-01  1.15e-01   0.44
2003 01 30  1925   52669   69900  0  4.78e+02  1.28e+01  0  1.81e+03  2.19e+01  2.21e+00  5.47e-01  1.64e-01   0.21
2003 01 30  1930   52669   70200  0  6.28e+02  1.77e+01  0  2.03e+03  2.27e+01  2.01e+00  7.36e-01  1.80e-01   0.92
2003 01 30  1935   52669   70500  0  5.34e+02  1.35e+01  0  1.75e+03  2.39e+01  2.43e+00  6.11e-01  2.16e-01   1.28
2003 01 30  1940   52669   70800  0  5.22e+02  1.82e+01  0  1.20e+03  2.96e+01  2.30e+00  6.75e-01  1.25e-01   1.07
2003 01 30  1945   52669   71100  0  5.16e+02  1.68e+01  0  1.37e+03  2.60e+01  3.16e+00  5.49e-01  1.50e-01   0.49
2003 01 30  1950   52669   71400  0  5.23e+02  1.82e+01  0  1.71e+03  2.53e+01  2.59e+00  5.57e-01  1.37e-01   1.49
2003 01 30  1955   52669   71700  0  5.84e+02  1.58e+01  0  1.71e+03  2.32e+01  2.20e+00  5.31e-01  0.00e+00  -1.00
2003 01 30  2000   52669   72000  0  4.98e+02  1.72e+01  0  2.06e+03  2.47e+01  2.38e+00  4.47e-01  0.00e+00   2.00
2003 01 30  2005   52669   72300  0  5.16e+02  1.68e+01  0  2.23e+03  2.49e+01  2.76e+00  6.72e-01  6.87e-02   0.84
2003 01 30  2010   52669   72600  0  5.26e+02  1.45e+01  0  1.57e+03  2.41e+01  1.90e+00  5.20e-01  1.15e-01   0.29
2003 01 30  2015   52669   72900  0  5.16e+02  1.83e+01  0  1.82e+03  3.11e+01  1.74e+00  4.57e-01  0.00e+00   0.74
2003 01 30  2020   52669   73200  0  5.53e+02  1.34e+01  0  2.25e+03  2.69e+01  2.24e+00  5.19e-01  0.00e+00   1.11
2003 01 30  2025   52669   73500  0  4.88e+02  1.42e+01  0  1.47e+03  2.88e+01  2.75e+00  4.46e-01  1.60e-01   1.15
2003 01 30  2030   52669   73800  0  4.96e+02  1.65e+01  0  1.23e+03  2.41e+01  2.41e+00  6.74e-01  1.41e-01   0.44
2003 01 30  2035   52669   74100  0  4.02e+02  1.51e+01  0  1.27e+03  2.87e+01  2.40e+00  5.32e-01  1.15e-01   2.00
2003 01 30  2040   52669   74400  0  5.83e+02  1.27e+01  0  1.01e+03  2.38e+01  2.81e+00  5.11e-01  6.55e-02  -1.00
2003 01 30  2045   52669   74700  0  4.70e+02  1.76e+01  0  9.42e+02  2.78e+01  2.73e+00  5.06e-01  2.67e-01   2.00
2003 01 30  2050   52669   75000  0  5.61e+02  1.57e+01  0  7.65e+02  2.97e+01  2.56e+00  7.37e-01  2.00e-01   1.15
2003 01 30  2055   52669   75300  0  5.25e+02  1.62e+01  0  9.76e+02  2.85e+01  2.23e+00  6.09e-01  1.79e-01   0.54
2003 01 30  2100   52669   75600  0  4.92e+02  1.45e+01  0  9.67e+02  3.01e+01  2.60e+00  4.14e-01  1.37e-01  -1.00
2003 01 30  2105   52669   75900  0  5.02e+02  1.47e+01  0  1.20e+03  3.01e+01  3.00e+00  5.27e-01  2.29e-01   1.33
2003 01 30  2110   52669   76200  0  5.29e+02  1.49e+01  0  1.20e+03  2.54e+01  3.02e+00  5.77e-01  2.83e-01   1.60
2003 01 30  2115   52669   76500  0  5.51e+02  1.54e+01  0  1.20e+03  2.88e+01  2.43e+00  3.23e-01  7.05e-02   0.67
2003 01 30  2120   52669   76800  0  4.59e+02  1.46e+01  0  1.27e+03  2.68e+01  2.80e+00  4.34e-01  8.33e-02   0.26
2003 01 30  2125   52669   77100  0  5.43e+02  1.18e+01  0  1.16e+03  2.43e+01  1.89e+00  4.97e-01  1.24e-01   0.80
2003 01 30  2130   52669   77400  0  5.34e+02  1.59e+01  0  1.49e+03  3.04e+01  2.70e+00  6.82e-01  7.64e-02   0.49
2003 01 30  2135   52669   77700  0  5.11e+02  1.45e+01  0  1.34e+03  3.08e+01  2.66e+00  4.84e-01  0.00e+00   0.22
2003 01 30  2140   52669   78000  0  4.99e+02  1.25e+01  0  7.32e+02  2.96e+01  2.71e+00  6.18e-01  0.00e+00   1.15
2003 01 30  2145   52669   78300  0  6.05e+02  1.31e+01  0  8.10e+02  2.72e+01  2.47e+00  7.00e-01  0.00e+00   0.54
2003 01 30  2150   52669   78600  0  5.07e+02  1.44e+01  0  9.01e+02  2.67e+01  2.28e+00  5.49e-01  0.00e+00   0.90
2003 01 30  2155   52669   78900  0  5.24e+02  1.65e+01  0  1.01e+03  2.48e+01  3.37e+00  4.52e-01  7.64e-02   1.22
2003 01 30  2200   52669   79200  0  4.71e+02  1.43e+01  0  8.35e+02  3.06e+01  2.51e+00  4.89e-01  2.86e-01   0.86
2003 01 30  2205   52669   79500  0  5.19e+02  1.59e+01  0  6.34e+02  3.14e+01  2.70e+00  6.58e-01  2.29e-01   0.91
2003 01 30  2210   52669   79800  0  5.61e+02  1.86e+01  0  6.90e+02  2.91e+01  1.97e+00  4.85e-01  2.05e-01  -1.00
2003 01 30  2215   52669   80100  0  5.53e+02  1.40e+01  0  8.22e+02  2.99e+01  2.37e+00  4.07e-01  1.72e-01   2.00
2003 01 30  2220   52669   80400  0  6.30e+02  1.33e+01  0  9.00e+02  3.07e+01  2.64e+00  5.09e-01  1.53e-01  -1.00
2003 01 30  2225   52669   80700  0  5.42e+02  1.70e+01  0  7.09e+02  2.80e+01  1.85e+00  3.80e-01  1.50e-01  -1.00
2003 01 30  2230   52669   81000  0  5.12e+02  1.48e+01  0  7.54e+02  3.16e+01  2.25e+00  2.81e-01  1.39e-01  -1.00
2003 01 30  2235   52669   81300  0  5.67e+02  1.50e+01  0  6.64e+02  3.05e+01  2.69e+00  4.77e-01  5.09e-02  -1.00
2003 01 30  2240   52669   81600  0  5.65e+02  1.58e+01  0  4.73e+02  2.81e+01  2.59e+00  5.56e-01  1.37e-01   0.91
2003 01 30  2245   52669   81900  0  5.03e+02  1.53e+01  0  4.74e+02  2.86e+01  2.27e+00  4.52e-01  1.39e-01   1.71
2003 01 30  2250   52669   82200  0  5.53e+02  1.53e+01  0  6.35e+02  3.00e+01  2.81e+00  3.12e-01  1.41e-01   2.00
2003 01 30  2255   52669   82500  0  5.82e+02  1.48e+01  0  1.08e+03  3.00e+01  2.74e+00  4.13e-01  8.59e-02   0.98
2003 01 30  2300   52669   82800  0  4.98e+02  1.33e+01  0  7.81e+02  2.91e+01  2.34e+00  6.86e-01  2.11e-01   0.31
2003 01 30  2305   52669   83100  0  4.81e+02  1.58e+01  0  6.19e+02  3.08e+01  2.00e+00  5.39e-01  3.79e-01   0.77
2003 01 30  2310   52669   83400  0  5.37e+02  1.50e+01  0  7.89e+02  2.82e+01  3.11e+00  5.31e-01  2.44e-01   2.00
2003 01 30  2315   52669   83700  0  5.95e+02  1.52e+01  0  8.97e+02  2.79e+01  2.51e+00  3.43e-01  0.00e+00   0.63
2003 01 30  2320   52669   84000  0  5.16e+02  1.68e+01  0  1.29e+03  2.65e+01  2.75e+00  4.50e-01  1.35e-01   0.98
2003 01 30  2325   52669   84300  0  5.47e+02  1.75e+01  0  1.02e+03  2.74e+01  1.50e+00  4.68e-01  1.68e-01   1.07
2003 01 30  2330   52669   84600  0  5.39e+02  1.36e+01  0  7.74e+02  3.06e+01  2.34e+00  6.55e-01  2.54e-01   0.31
2003 01 30  2335   52669   84900  0  5.16e+02  1.43e+01  0  1.16e+03  2.78e+01  2.29e+00  3.82e-01  1.41e-01   0.98
2003 01 30  2340   52669   85200  0  5.67e+02  1.25e+01  0  1.19e+03  2.62e+01  2.02e+00  4.29e-01  1.68e-01   0.47
2003 01 30  2345   52669   85500  0  6.38e+02  1.34e+01  0  1.84e+03  2.80e+01  1.64e+00  5.24e-01  1.15e-01   1.15
2003 01 30  2350   52669   85800  0  5.80e+02  1.55e+01  0  1.67e+03  2.86e+01  2.47e+00  3.99e-01  3.62e-01   0.50
2003 01 30  2355   52669   86100  0  4.88e+02  1.40e+01  0  1.12e+03  3.17e+01  1.82e+00  4.24e-01  1.99e-01   1.41
