:Data_list: 20031013_ace_epam_5m.txt
:Created: 2003 Oct 14 0012 UT
# Prepared by the U.S. Dept. of Commerce, NOAA, Space Environment Center.
# Please send comments and suggestions to SEC.Webmaster@noaa.gov 
# 
# Units: Differential Flux particles/cm2-s-ster-MeV
# Units: Anisotropy Index 0.0 - 2.0
# Status(S): 0 = nominal, 4,6,7,8 = bad data, unable to process, 9 = no data
# Missing data values: -1.00e+05, index = -1.00
# Source: ACE Satellite - Electron, Proton, and Alpha Monitor
# Note: 2002 Mar 18: First Proton channel changed from 47-65 to 65-112keV.
#
#                      5-minute averaged Real-time Differential Electron and Proton Flux 
# 
#                Modified Seconds ---------------------------- Differential Flux --------------------------- 
# UT Date   Time  Julian  of the  ----- Electron -----   ------------------- Protons keV -------------------   Anis.
# YR MO DA  HHMM    Day    Day    S    38-53   175-315   S   65-112   112-187   310-580   761-1220 060-1910   Ratio
#-------------------------------------------------------------------------------------------------------------------
2003 10 13  0000   52925       0  0  3.99e+02  2.11e+01  0  3.08e+03  1.83e+01  2.67e+00  6.11e-01  0.00e+00   1.60
2003 10 13  0005   52925     300  0  3.32e+02  2.00e+01  0  2.94e+03  1.61e+01  2.68e+00  5.04e-01  0.00e+00   0.71
2003 10 13  0010   52925     600  0  3.74e+02  1.59e+01  0  2.47e+03  1.74e+01  2.27e+00  3.62e-01  0.00e+00   0.28
2003 10 13  0015   52925     900  0  4.07e+02  1.67e+01  0  2.14e+03  1.91e+01  2.75e+00  5.39e-01  0.00e+00   1.41
2003 10 13  0020   52925    1200  0  4.23e+02  1.27e+01  0  2.24e+03  1.46e+01  1.71e+00  6.12e-01  1.15e-01   1.12
2003 10 13  0025   52925    1500  0  4.43e+02  1.61e+01  0  2.77e+03  1.65e+01  2.09e+00  5.25e-01  4.58e-02   1.85
2003 10 13  0030   52925    1800  0  3.17e+02  1.70e+01  0  2.57e+03  1.69e+01  2.12e+00  5.88e-01  1.37e-01  -1.00
2003 10 13  0035   52925    2100  0  3.42e+02  1.71e+01  0  3.74e+03  1.79e+01  1.38e+00  4.34e-01  1.37e-01   1.49
2003 10 13  0040   52925    2400  0  3.38e+02  1.97e+01  0  3.93e+03  1.45e+01  1.91e+00  3.47e-01  2.08e-01   0.98
2003 10 13  0045   52925    2700  0  4.10e+02  1.63e+01  0  3.32e+03  1.47e+01  1.55e+00  4.34e-01  6.25e-02   1.49
2003 10 13  0050   52925    3000  0  2.92e+02  1.99e+01  0  3.40e+03  1.32e+01  1.08e+00  4.30e-01  0.00e+00   2.00
2003 10 13  0055   52925    3300  0  3.60e+02  1.74e+01  0  3.46e+03  1.48e+01  1.76e+00  3.47e-01  2.54e-01   0.94
2003 10 13  0100   52925    3600  0  3.73e+02  1.88e+01  0  3.01e+03  1.59e+01  1.23e+00  4.36e-01  2.11e-01   1.36
2003 10 13  0105   52925    3900  0  3.04e+02  1.63e+01  0  3.86e+03  1.65e+01  1.30e+00  3.87e-01  8.33e-02   1.41
2003 10 13  0110   52925    4200  0  3.16e+02  1.79e+01  0  3.54e+03  1.29e+01  1.84e+00  3.80e-01  0.00e+00  -1.00
2003 10 13  0115   52925    4500  0  3.27e+02  1.70e+01  0  3.63e+03  1.20e+01  1.71e+00  2.85e-01  1.34e-01  -1.00
2003 10 13  0120   52925    4800  0  3.54e+02  1.56e+01  0  3.73e+03  1.28e+01  1.97e+00  4.14e-01  6.87e-02  -1.00
2003 10 13  0125   52925    5100  0  2.95e+02  1.63e+01  0  2.95e+03  1.15e+01  1.76e+00  3.87e-01  0.00e+00   1.49
2003 10 13  0130   52925    5400  0  2.96e+02  1.56e+01  0  3.25e+03  1.42e+01  1.80e+00  4.88e-01  0.00e+00   0.79
2003 10 13  0135   52925    5700  0  3.62e+02  1.39e+01  0  3.06e+03  1.41e+01  1.44e+00  4.38e-01  0.00e+00   1.20
2003 10 13  0140   52925    6000  0  3.03e+02  1.56e+01  0  2.68e+03  1.48e+01  1.12e+00  3.44e-01  4.17e-02   2.00
2003 10 13  0145   52925    6300  0  2.13e+02  1.49e+01  0  2.72e+03  1.31e+01  2.39e+00  4.47e-01  0.00e+00   2.00
2003 10 13  0150   52925    6600  0  3.66e+02  1.77e+01  0  3.27e+03  1.28e+01  1.48e+00  4.14e-01  1.15e-01  -1.00
2003 10 13  0155   52925    6900  0  3.37e+02  1.58e+01  0  3.53e+03  1.18e+01  1.44e+00  1.66e-01  1.41e-01  -1.00
2003 10 13  0200   52925    7200  0  3.23e+02  1.86e+01  0  2.83e+03  1.49e+01  1.55e+00  2.55e-01  2.29e-01   0.98
2003 10 13  0205   52925    7500  0  2.74e+02  1.72e+01  0  3.12e+03  1.59e+01  1.87e+00  3.60e-01  0.00e+00   1.26
2003 10 13  0210   52925    7800  0  3.60e+02  2.14e+01  0  3.19e+03  1.34e+01  1.83e+00  5.79e-01  0.00e+00  -1.00
2003 10 13  0215   52925    8100  0  3.24e+02  1.84e+01  0  3.74e+03  1.25e+01  1.56e+00  3.80e-01  8.33e-02  -1.00
2003 10 13  0220   52925    8400  0  3.45e+02  1.70e+01  0  3.45e+03  1.73e+01  1.57e+00  3.92e-01  8.81e-02  -1.00
2003 10 13  0225   52925    8700  0  3.47e+02  1.82e+01  0  3.53e+03  1.39e+01  1.44e+00  4.28e-01  2.81e-01  -1.00
2003 10 13  0230   52925    9000  0  3.54e+02  1.88e+01  0  3.61e+03  1.51e+01  1.82e+00  4.95e-01  1.64e-01   1.87
2003 10 13  0235   52925    9300  0  3.51e+02  1.80e+01  0  5.10e+03  1.55e+01  1.59e+00  4.94e-01  4.58e-02   0.48
2003 10 13  0240   52925    9600  0  3.57e+02  1.68e+01  0  5.22e+03  1.53e+01  2.45e+00  4.97e-01  5.73e-02   0.37
2003 10 13  0245   52925    9900  0  3.50e+02  1.67e+01  0  5.52e+03  1.51e+01  1.92e+00  3.42e-01  3.52e-02  -1.00
2003 10 13  0250   52925   10200  0  3.35e+02  2.03e+01  0  5.26e+03  1.70e+01  1.38e+00  6.09e-01  1.15e-01   0.36
2003 10 13  0255   52925   10500  0  3.51e+02  1.68e+01  0  5.44e+03  1.48e+01  1.80e+00  4.69e-01  1.46e-01   0.67
2003 10 13  0300   52925   10800  0  3.74e+02  1.60e+01  0  6.08e+03  1.81e+01  1.53e+00  2.75e-01  1.24e-01   0.73
2003 10 13  0305   52925   11100  0  4.58e+02  1.87e+01  0  5.32e+03  1.71e+01  1.94e+00  4.49e-01  0.00e+00   1.14
2003 10 13  0310   52925   11400  0  3.57e+02  1.55e+01  0  5.31e+03  1.30e+01  1.56e+00  3.27e-01  0.00e+00  -1.00
2003 10 13  0315   52925   11700  0  4.25e+02  1.65e+01  0  6.67e+03  1.62e+01  1.30e+00  3.87e-01  9.16e-02   0.67
2003 10 13  0320   52925   12000  0  4.01e+02  1.89e+01  0  6.44e+03  1.19e+01  1.87e+00  5.76e-01  2.10e-01   1.90
2003 10 13  0325   52925   12300  0  2.98e+02  1.53e+01  0  6.76e+03  1.40e+01  1.12e+00  4.39e-01  0.00e+00   2.00
2003 10 13  0330   52925   12600  0  3.20e+02  1.99e+01  0  5.74e+03  1.40e+01  1.93e+00  3.99e-01  0.00e+00   1.49
2003 10 13  0335   52925   12900  0  3.85e+02  2.17e+01  0  6.28e+03  1.61e+01  1.71e+00  2.48e-01  2.00e-01   1.41
2003 10 13  0340   52925   13200  0  3.99e+02  1.36e+01  0  4.64e+03  1.56e+01  1.15e+00  5.24e-01  0.00e+00   0.77
2003 10 13  0345   52925   13500  0  3.51e+02  1.58e+01  0  5.14e+03  1.47e+01  2.00e+00  4.79e-01  1.37e-01  -1.00
2003 10 13  0350   52925   13800  0  3.69e+02  1.59e+01  0  5.02e+03  1.47e+01  1.37e+00  5.39e-01  0.00e+00   0.63
2003 10 13  0355   52925   14100  0  2.76e+02  1.74e+01  0  7.04e+03  1.76e+01  1.27e+00  3.52e-01  1.91e-01   1.87
2003 10 13  0400   52925   14400  0  3.04e+02  1.73e+01  0  5.65e+03  1.24e+01  1.50e+00  4.98e-01  4.58e-02   0.46
2003 10 13  0405   52925   14700  0  4.07e+02  1.65e+01  0  5.28e+03  1.47e+01  1.44e+00  4.25e-01  0.00e+00   1.15
2003 10 13  0410   52925   15000  0  3.97e+02  1.46e+01  0  4.35e+03  1.22e+01  1.61e+00  4.92e-01  6.55e-02   0.98
2003 10 13  0415   52925   15300  0  3.33e+02  2.08e+01  0  3.61e+03  1.78e+01  1.76e+00  5.16e-01  1.99e-01   0.38
2003 10 13  0420   52925   15600  0  3.32e+02  1.74e+01  0  3.58e+03  1.61e+01  1.92e+00  4.04e-01  0.00e+00   1.36
2003 10 13  0425   52925   15900  0  3.70e+02  1.45e+01  0  3.66e+03  1.28e+01  1.71e+00  3.47e-01  2.78e-01   0.67
2003 10 13  0430   52925   16200  0  3.34e+02  1.62e+01  0  3.73e+03  1.60e+01  9.12e-01  3.58e-01  4.17e-02   0.71
2003 10 13  0435   52925   16500  0  2.62e+02  1.58e+01  0  3.52e+03  1.45e+01  1.83e+00  5.23e-01  1.53e-01  -1.00
2003 10 13  0440   52925   16800  0  3.77e+02  1.76e+01  0  4.06e+03  1.63e+01  1.54e+00  5.09e-01  0.00e+00  -1.00
2003 10 13  0445   52925   17100  0  2.74e+02  1.43e+01  0  4.11e+03  1.45e+01  1.19e+00  3.22e-01  1.53e-01  -1.00
2003 10 13  0450   52925   17400  0  3.68e+02  1.68e+01  0  5.10e+03  1.50e+01  2.21e+00  2.58e-01  1.31e-01   1.85
2003 10 13  0455   52925   17700  0  2.51e+02  1.41e+01  0  4.37e+03  1.56e+01  1.54e+00  2.87e-01  2.54e-01  -1.00
2003 10 13  0500   52925   18000  0  3.06e+02  1.34e+01  0  4.19e+03  1.55e+01  1.27e+00  2.61e-01  7.05e-02  -1.00
2003 10 13  0505   52925   18300  0  3.39e+02  1.53e+01  0  4.35e+03  1.45e+01  1.67e+00  1.83e-01  2.82e-01   2.00
2003 10 13  0510   52925   18600  0  2.84e+02  1.72e+01  0  3.22e+03  1.60e+01  1.53e+00  4.13e-01  1.86e-01   1.15
2003 10 13  0515   52925   18900  0  3.05e+02  1.35e+01  0  4.29e+03  1.39e+01  1.11e+00  5.09e-01  9.54e-02   0.67
2003 10 13  0520   52925   19200  0  3.14e+02  1.49e+01  0  3.88e+03  1.59e+01  1.97e+00  4.80e-01  0.00e+00   0.97
2003 10 13  0525   52925   19500  0  2.91e+02  1.62e+01  0  2.78e+03  1.61e+01  1.64e+00  5.39e-01  1.53e-01   1.10
2003 10 13  0530   52925   19800  0  3.66e+02  1.30e+01  0  3.04e+03  1.43e+01  1.49e+00  4.22e-01  2.82e-01   1.85
2003 10 13  0535   52925   20100  0  3.57e+02  1.79e+01  0  3.17e+03  1.31e+01  1.06e+00  3.09e-01  1.67e-01  -1.00
2003 10 13  0540   52925   20400  0  2.91e+02  1.63e+01  0  3.67e+03  1.40e+01  1.30e+00  3.58e-01  1.86e-01   0.00
2003 10 13  0545   52925   20700  0  3.37e+02  1.60e+01  0  4.11e+03  1.62e+01  1.78e+00  5.01e-01  0.00e+00   1.85
2003 10 13  0550   52925   21000  0  4.25e+02  1.74e+01  0  3.62e+03  1.25e+01  1.36e+00  4.63e-01  1.29e-01   2.00
2003 10 13  0555   52925   21300  0  2.59e+02  1.36e+01  0  3.20e+03  1.56e+01  1.53e+00  4.83e-01  4.58e-02  -1.00
2003 10 13  0600   52925   21600  0  3.22e+02  1.52e+01  0  3.96e+03  1.40e+01  1.18e+00  3.46e-01  0.00e+00  -1.00
2003 10 13  0605   52925   21900  0  3.60e+02  1.49e+01  0  4.12e+03  1.61e+01  7.85e-01  3.66e-01  8.33e-02   0.67
2003 10 13  0610   52925   22200  0  4.47e+02  1.63e+01  0  3.19e+03  1.28e+01  1.52e+00  3.05e-01  0.00e+00  -1.00
2003 10 13  0615   52925   22500  0  4.42e+02  1.93e+01  0  3.02e+03  1.57e+01  1.87e+00  3.40e-01  8.33e-02  -1.00
2003 10 13  0620   52925   22800  0  3.97e+02  1.47e+01  0  2.61e+03  1.20e+01  1.87e+00  3.78e-01  0.00e+00   0.83
2003 10 13  0625   52925   23100  0  5.26e+02  1.49e+01  0  3.90e+03  2.01e+01  1.59e+00  2.96e-01  0.00e+00  -1.00
2003 10 13  0630   52925   23400  0  3.54e+02  1.89e+01  0  3.59e+03  1.50e+01  1.46e+00  6.26e-01  5.09e-02   0.38
2003 10 13  0635   52925   23700  0  2.85e+02  1.42e+01  0  2.88e+03  1.26e+01  1.22e+00  5.09e-01  0.00e+00   0.64
2003 10 13  0640   52925   24000  0  3.55e+02  1.72e+01  0  4.26e+03  1.56e+01  1.34e+00  2.13e-01  8.33e-02   0.92
2003 10 13  0645   52925   24300  0  3.26e+02  1.43e+01  0  4.22e+03  1.23e+01  2.07e+00  4.74e-01  0.00e+00   0.60
2003 10 13  0650   52925   24600  0  2.89e+02  1.74e+01  0  3.73e+03  1.67e+01  1.89e+00  3.70e-01  1.41e-01   0.98
2003 10 13  0655   52925   24900  0  2.71e+02  1.33e+01  0  3.88e+03  1.46e+01  1.61e+00  4.57e-01  1.64e-01  -1.00
2003 10 13  0700   52925   25200  0  3.59e+02  1.65e+01  0  5.45e+03  1.66e+01  1.61e+00  5.52e-01  1.43e-01   2.00
2003 10 13  0705   52925   25500  0  2.95e+02  1.63e+01  0  4.67e+03  1.77e+01  1.73e+00  3.05e-01  0.00e+00   2.00
2003 10 13  0710   52925   25800  0  3.59e+02  2.27e+01  0  3.96e+03  1.46e+01  1.30e+00  4.67e-01  0.00e+00   0.92
2003 10 13  0715   52925   26100  0  2.84e+02  1.40e+01  0  5.26e+03  1.80e+01  1.57e+00  4.28e-01  1.60e-01  -1.00
2003 10 13  0720   52925   26400  0  2.85e+02  1.28e+01  0  4.40e+03  2.02e+01  1.56e+00  4.28e-01  0.00e+00  -1.00
2003 10 13  0725   52925   26700  0  3.12e+02  1.56e+01  0  4.62e+03  2.03e+01  1.54e+00  4.57e-01  1.15e-01   1.85
2003 10 13  0730   52925   27000  0  3.13e+02  2.02e+01  0  5.22e+03  2.62e+01  1.46e+00  6.87e-01  0.00e+00   0.71
2003 10 13  0735   52925   27300  0  4.76e+02  2.48e+01  0  7.03e+03  2.92e+01  1.44e+00  8.49e-01  0.00e+00  -1.00
2003 10 13  0740   52925   27600  9 -1.00e+05 -1.00e+05  9 -1.00e+05 -1.00e+05 -1.00e+05 -1.00e+05 -1.00e+05  -1.00
2003 10 13  0745   52925   27900  0  2.88e+02  2.02e+01  0  3.83e+03  2.25e+01  1.85e+00  2.10e-01  0.00e+00  -1.00
2003 10 13  0750   52925   28200  0  3.16e+02  1.51e+01  0  4.15e+03  1.26e+01  1.20e+00  4.18e-01  0.00e+00   0.67
2003 10 13  0755   52925   28500  0  3.49e+02  1.84e+01  0  3.63e+03  1.54e+01  1.52e+00  4.04e-01  0.00e+00  -1.00
2003 10 13  0800   52925   28800  0  2.85e+02  1.41e+01  0  3.58e+03  1.78e+01  6.25e-01  2.55e-01  1.53e-01   0.82
2003 10 13  0805   52925   29100  0  3.59e+02  1.60e+01  0  3.27e+03  1.66e+01  1.80e+00  4.37e-01  0.00e+00   1.85
2003 10 13  0810   52925   29400  0  2.96e+02  1.73e+01  0  3.27e+03  1.64e+01  1.22e+00  6.10e-01  0.00e+00   0.77
2003 10 13  0815   52925   29700  0  3.11e+02  1.79e+01  0  3.01e+03  1.71e+01  1.49e+00  5.23e-01  1.15e-01  -1.00
2003 10 13  0820   52925   30000  0  3.26e+02  1.76e+01  0  4.31e+03  1.28e+01  1.71e+00  2.01e-01  1.35e-01  -1.00
2003 10 13  0825   52925   30300  0  3.17e+02  1.50e+01  0  3.53e+03  1.64e+01  1.78e+00  3.59e-01  0.00e+00   1.60
2003 10 13  0830   52925   30600  0  3.27e+02  1.34e+01  0  3.67e+03  1.49e+01  1.42e+00  1.88e-01  0.00e+00   1.15
2003 10 13  0835   52925   30900  0  3.11e+02  1.62e+01  0  4.41e+03  1.37e+01  1.34e+00  6.30e-01  5.09e-02   0.71
2003 10 13  0840   52925   31200  0  3.41e+02  2.14e+01  0  4.94e+03  1.45e+01  1.40e+00  6.04e-01  0.00e+00   0.86
2003 10 13  0845   52925   31500  0  3.79e+02  2.02e+01  0  3.53e+03  1.43e+01  1.72e+00  3.57e-01  3.52e-02   0.73
2003 10 13  0850   52925   31800  0  3.22e+02  1.80e+01  0  4.19e+03  1.34e+01  1.68e+00  3.32e-01  4.17e-02   2.00
2003 10 13  0855   52925   32100  0  3.26e+02  1.71e+01  0  4.44e+03  1.48e+01  1.44e+00  5.39e-01  0.00e+00   0.98
2003 10 13  0900   52925   32400  0  3.43e+02  2.16e+01  0  3.33e+03  1.62e+01  2.03e+00  5.32e-01  0.00e+00   0.93
2003 10 13  0905   52925   32700  0  2.95e+02  1.30e+01  0  3.38e+03  1.55e+01  1.44e+00  3.27e-01  1.04e-01  -1.00
2003 10 13  0910   52925   33000  0  3.63e+02  1.53e+01  0  3.38e+03  1.36e+01  1.55e+00  3.48e-01  1.25e-01  -1.00
2003 10 13  0915   52925   33300  0  3.52e+02  1.57e+01  0  3.94e+03  1.51e+01  1.83e+00  6.75e-01  0.00e+00   1.06
2003 10 13  0920   52925   33600  0  3.12e+02  1.95e+01  0  3.62e+03  1.75e+01  2.31e+00  3.48e-01  1.91e-01  -1.00
2003 10 13  0925   52925   33900  0  3.87e+02  1.71e+01  0  3.79e+03  1.99e+01  1.85e+00  4.19e-01  1.59e-01   1.41
2003 10 13  0930   52925   34200  0  3.69e+02  1.66e+01  0  2.89e+03  1.21e+01  1.75e+00  3.52e-01  1.23e-01   1.41
2003 10 13  0935   52925   34500  0  3.88e+02  1.36e+01  0  3.59e+03  1.52e+01  1.98e+00  2.10e-01  0.00e+00   2.00
2003 10 13  0940   52925   34800  0  2.59e+02  1.76e+01  0  4.49e+03  1.71e+01  1.02e+00  5.02e-01  1.15e-01   0.00
2003 10 13  0945   52925   35100  0  3.03e+02  1.73e+01  0  3.39e+03  1.33e+01  1.44e+00  3.91e-01  0.00e+00  -1.00
2003 10 13  0950   52925   35400  0  3.18e+02  1.53e+01  0  3.91e+03  2.18e+01  7.59e-01  5.08e-01  2.29e-01   1.02
2003 10 13  0955   52925   35700  0  3.20e+02  1.58e+01  0  4.04e+03  1.46e+01  1.94e+00  4.04e-01  2.37e-01  -1.00
2003 10 13  1000   52925   36000  0  3.06e+02  1.58e+01  0  3.99e+03  1.53e+01  6.18e-01  3.65e-01  1.06e-01   0.67
2003 10 13  1005   52925   36300  0  3.70e+02  1.70e+01  0  4.78e+03  1.52e+01  2.30e+00  3.78e-01  5.09e-02   2.00
2003 10 13  1010   52925   36600  0  3.47e+02  1.68e+01  0  4.40e+03  1.34e+01  1.32e+00  5.56e-01  0.00e+00   0.73
2003 10 13  1015   52925   36900  0  3.17e+02  1.51e+01  0  5.64e+03  1.41e+01  1.83e+00  5.16e-01  1.37e-01   0.92
2003 10 13  1020   52925   37200  0  3.52e+02  1.41e+01  0  6.54e+03  1.50e+01  1.48e+00  4.31e-01  0.00e+00  -1.00
2003 10 13  1025   52925   37500  0  3.87e+02  1.91e+01  0  6.54e+03  1.56e+01  2.21e+00  5.58e-01  9.55e-02   0.98
2003 10 13  1030   52925   37800  0  3.20e+02  1.62e+01  0  5.29e+03  1.69e+01  1.33e+00  3.18e-01  3.82e-02   1.41
2003 10 13  1035   52925   38100  0  3.97e+02  1.66e+01  0  4.68e+03  1.60e+01  2.21e+00  3.33e-01  6.55e-02  -1.00
2003 10 13  1040   52925   38400  0  3.71e+02  1.54e+01  0  5.97e+03  1.45e+01  1.87e+00  5.63e-01  2.06e-01   0.69
2003 10 13  1045   52925   38700  0  3.17e+02  1.72e+01  0  4.39e+03  1.39e+01  1.54e+00  4.42e-01  1.43e-01  -1.00
2003 10 13  1050   52925   39000  0  3.17e+02  1.80e+01  0  4.59e+03  1.36e+01  9.91e-01  4.39e-01  2.67e-01   1.89
2003 10 13  1055   52925   39300  0  3.49e+02  1.50e+01  0  4.37e+03  1.48e+01  1.44e+00  5.09e-01  3.82e-02   0.67
2003 10 13  1100   52925   39600  0  3.51e+02  1.78e+01  0  4.53e+03  1.75e+01  1.91e+00  2.61e-01  0.00e+00  -1.00
2003 10 13  1105   52925   39900  0  3.11e+02  1.61e+01  0  5.28e+03  1.74e+01  1.28e+00  3.76e-01  0.00e+00   2.00
2003 10 13  1110   52925   40200  0  3.04e+02  1.51e+01  0  5.94e+03  1.42e+01  1.63e+00  3.48e-01  1.06e-01  -1.00
2003 10 13  1115   52925   40500  0  3.92e+02  1.91e+01  0  5.10e+03  1.70e+01  1.92e+00  5.01e-01  2.52e-01   1.42
2003 10 13  1120   52925   40800  0  3.61e+02  1.75e+01  0  5.59e+03  1.75e+01  1.44e+00  5.83e-01  1.53e-01   1.00
2003 10 13  1125   52925   41100  0  3.05e+02  1.49e+01  0  5.03e+03  1.45e+01  1.57e+00  3.13e-01  1.15e-01   1.36
2003 10 13  1130   52925   41400  0  4.08e+02  1.46e+01  0  4.72e+03  1.79e+01  2.30e+00  4.97e-01  1.46e-01  -1.00
2003 10 13  1135   52925   41700  0  3.12e+02  1.28e+01  0  4.90e+03  1.82e+01  1.68e+00  2.81e-01  2.52e-01   1.41
2003 10 13  1140   52925   42000  0  2.80e+02  1.07e+01  0  4.48e+03  1.45e+01  1.95e+00  4.68e-01  7.64e-02   1.04
2003 10 13  1145   52925   42300  0  3.75e+02  1.69e+01  0  3.82e+03  1.68e+01  1.92e+00  5.77e-01  1.04e-01   0.67
2003 10 13  1150   52925   42600  0  3.48e+02  1.66e+01  0  4.88e+03  2.06e+01  1.35e+00  4.30e-01  1.41e-01   0.28
2003 10 13  1155   52925   42900  0  2.99e+02  1.80e+01  0  3.73e+03  1.48e+01  9.92e-01  6.57e-01  1.94e-01   1.63
2003 10 13  1200   52925   43200  0  3.22e+02  1.63e+01  0  3.95e+03  1.71e+01  2.08e+00  3.87e-01  1.60e-01   1.85
2003 10 13  1205   52925   43500  0  3.13e+02  1.41e+01  0  4.11e+03  1.59e+01  2.12e+00  3.66e-01  0.00e+00   0.67
2003 10 13  1210   52925   43800  0  3.26e+02  1.59e+01  0  3.85e+03  1.52e+01  2.06e+00  4.28e-01  1.15e-01  -1.00
2003 10 13  1215   52925   44100  0  3.37e+02  1.70e+01  0  4.30e+03  1.89e+01  1.27e+00  5.66e-01  1.22e-01   1.85
2003 10 13  1220   52925   44400  0  2.89e+02  1.49e+01  0  4.77e+03  1.30e+01  1.54e+00  5.25e-01  1.04e-01   0.89
2003 10 13  1225   52925   44700  0  3.21e+02  1.71e+01  0  5.14e+03  1.72e+01  1.25e+00  2.76e-01  0.00e+00   2.00
2003 10 13  1230   52925   45000  0  2.88e+02  1.66e+01  0  4.46e+03  1.47e+01  1.68e+00  3.58e-01  1.25e-01   0.54
2003 10 13  1235   52925   45300  0  2.99e+02  2.08e+01  0  4.47e+03  1.53e+01  1.10e+00  4.46e-01  2.29e-01   0.38
2003 10 13  1240   52925   45600  0  3.41e+02  1.58e+01  0  3.53e+03  1.42e+01  1.51e+00  4.01e-01  1.15e-01   2.00
2003 10 13  1245   52925   45900  0  1.98e+02  1.38e+01  0  4.69e+03  1.82e+01  2.52e+00  2.61e-01  4.58e-01  -1.00
2003 10 13  1250   52925   46200  9 -1.00e+05 -1.00e+05  0  3.84e+03 -1.00e+05 -1.00e+05  0.00e+00 -1.00e+05  -1.00
2003 10 13  1255   52925   46500  0  3.41e+02  1.58e+01  0  3.86e+03  1.54e+01  1.89e+00  2.88e-01  1.15e-01  -1.00
2003 10 13  1300   52925   46800  0  3.34e+02  1.65e+01  0  4.03e+03  1.62e+01  2.22e+00  3.01e-01  1.76e-01   2.00
2003 10 13  1305   52925   47100  0  3.35e+02  1.70e+01  0  3.42e+03  1.37e+01  2.31e+00  7.00e-01  8.33e-02   1.27
2003 10 13  1310   52925   47400  0  3.13e+02  1.43e+01  0  3.62e+03  1.78e+01  1.77e+00  4.25e-01  1.31e-01   2.00
2003 10 13  1315   52925   47700  0  3.35e+02  1.28e+01  0  4.51e+03  1.53e+01  1.42e+00  4.47e-01  1.67e-01  -1.00
2003 10 13  1320   52925   48000  0  3.55e+02  1.73e+01  0  3.83e+03  1.55e+01  1.44e+00  3.83e-01  0.00e+00   1.12
2003 10 13  1325   52925   48300  0  2.94e+02  1.75e+01  0  4.33e+03  1.32e+01  1.63e+00  4.25e-01  6.25e-02   2.00
2003 10 13  1330   52925   48600  0  2.90e+02  1.40e+01  0  4.05e+03  1.46e+01  1.24e+00  5.45e-01  1.04e-01   1.39
2003 10 13  1335   52925   48900  0  3.42e+02  1.68e+01  0  4.57e+03  1.18e+01  1.47e+00  4.26e-01  1.91e-01   0.49
2003 10 13  1340   52925   49200  0  2.89e+02  1.67e+01  0  3.99e+03  1.72e+01  1.44e+00  3.32e-01  0.00e+00   1.85
2003 10 13  1345   52925   49500  0  3.11e+02  1.88e+01  0  4.26e+03  1.75e+01  1.67e+00  3.68e-01  0.00e+00  -1.00
2003 10 13  1350   52925   49800  0  3.00e+02  1.38e+01  0  4.91e+03  1.65e+01  1.73e+00  6.37e-01  6.25e-02   0.64
2003 10 13  1355   52925   50100  0  3.10e+02  1.85e+01  0  3.55e+03  1.39e+01  1.85e+00  5.28e-01  2.56e-01   1.61
2003 10 13  1400   52925   50400  0  3.05e+02  1.70e+01  0  3.43e+03  1.38e+01  1.15e+00  4.00e-01  8.81e-02   0.77
2003 10 13  1405   52925   50700  0  3.15e+02  2.03e+01  0  3.98e+03  1.61e+01  1.25e+00  2.90e-01  0.00e+00   1.12
2003 10 13  1410   52925   51000  0  1.59e+02  1.43e+01  0  3.45e+03  1.40e+01  1.82e+00  4.43e-01  7.64e-02   0.77
2003 10 13  1415   52925   51300  0  3.60e+02  1.50e+01  0  3.57e+03  1.50e+01  2.16e+00  3.75e-01  1.27e-01   1.53
2003 10 13  1420   52925   51600  0  3.15e+02  1.50e+01  0  5.24e+03  1.81e+01  1.13e+00  4.95e-01  7.64e-02   2.00
2003 10 13  1425   52925   51900  0  3.90e+02  1.52e+01  0  5.54e+03  1.36e+01  2.54e+00  3.92e-01  0.00e+00  -1.00
2003 10 13  1430   52925   52200  0  3.51e+02  1.90e+01  0  6.26e+03  1.16e+01  1.40e+00  3.66e-01  0.00e+00   2.00
2003 10 13  1435   52925   52500  0  3.38e+02  1.84e+01  0  5.27e+03  1.45e+01  1.26e+00  4.40e-01  0.00e+00  -1.00
2003 10 13  1440   52925   52800  0  3.18e+02  2.36e+01  0  6.58e+03  1.74e+01  1.60e+00  4.67e-01  1.15e-01  -1.00
2003 10 13  1445   52925   53100  0  2.49e+02  1.49e+01  0  5.77e+03  1.47e+01  1.03e+00  3.92e-01  1.64e-01  -1.00
2003 10 13  1450   52925   53400  0  2.96e+02  1.26e+01  0  6.46e+03  1.43e+01  9.27e-01  4.17e-01  1.53e-01   0.98
2003 10 13  1455   52925   53700  0  3.13e+02  1.44e+01  0  6.12e+03  1.64e+01  1.55e+00  3.62e-01  4.17e-02   1.12
2003 10 13  1500   52925   54000  0  6.25e+02  1.76e+01  0  4.87e+03  1.20e+01  1.47e+00  7.19e-01  0.00e+00  -1.00
2003 10 13  1505   52925   54300  0  3.63e+02  1.73e+01  0  3.32e+03  1.32e+01  1.42e+00  3.28e-01  5.73e-02   2.00
2003 10 13  1510   52925   54600  0  3.31e+02  1.79e+01  0  2.25e+03  1.60e+01  1.53e+00  4.69e-01  1.75e-01   0.28
2003 10 13  1515   52925   54900  0  4.65e+02  1.70e+01  0  3.31e+03  1.29e+01  1.22e+00  3.80e-01  2.29e-01  -1.00
2003 10 13  1520   52925   55200  0  2.82e+02  1.47e+01  0  2.87e+03  2.06e+01  2.34e+00  4.28e-01  2.62e-01  -1.00
2003 10 13  1525   52925   55500  0  3.67e+02  2.31e+01  0  3.30e+03  1.37e+01  1.21e+00  6.23e-01  2.05e-01  -1.00
2003 10 13  1530   52925   55800  0  4.02e+02  1.94e+01  0  2.89e+03  1.34e+01  1.76e+00  8.33e-01  1.59e-01   0.51
2003 10 13  1535   52925   56100  0  3.30e+02  1.76e+01  0  2.83e+03  1.27e+01  1.10e+00  4.10e-01  4.58e-02   0.67
2003 10 13  1540   52925   56400  0  2.99e+02  1.89e+01  0  3.05e+03  1.61e+01  2.12e+00  5.54e-01  0.00e+00  -1.00
2003 10 13  1545   52925   56700  0  4.28e+02  1.92e+01  0  2.98e+03  1.28e+01  2.32e+00  2.14e-01  0.00e+00  -1.00
2003 10 13  1550   52925   57000  0  4.45e+02  1.46e+01  0  1.72e+03  1.29e+01  1.36e+00  4.82e-01  1.15e-01  -1.00
2003 10 13  1555   52925   57300  0  2.15e+02  1.10e+01  0  1.80e+03  1.79e+01  1.29e+00  3.09e-01  5.73e-02  -1.00
2003 10 13  1600   52925   57600  0  2.99e+02  2.07e+01  0  1.13e+03  1.62e+01  1.74e+00  7.36e-01  0.00e+00  -1.00
2003 10 13  1605   52925   57900  0  3.20e+02  1.44e+01  0  9.88e+02  1.33e+01  1.28e+00  4.91e-01  0.00e+00  -1.00
2003 10 13  1610   52925   58200  0  2.97e+02  1.47e+01  0  1.09e+03  1.31e+01  1.44e+00  5.13e-01  0.00e+00   2.00
2003 10 13  1615   52925   58500  0  2.18e+02  1.64e+01  0  1.06e+03  1.49e+01  2.52e+00  3.80e-01  5.73e-02  -1.00
2003 10 13  1620   52925   58800  0  3.21e+02  1.47e+01  0  1.08e+03  1.62e+01  1.80e+00  5.72e-01  7.64e-02   1.15
2003 10 13  1625   52925   59100  0  3.04e+02  2.28e+01  0  1.23e+03  1.13e+01  1.85e+00  3.14e-01  0.00e+00  -1.00
2003 10 13  1630   52925   59400  0  2.00e+02  1.57e+01  0  1.33e+03  1.37e+01  1.19e+00  4.65e-01  0.00e+00  -1.00
2003 10 13  1635   52925   59700  0  2.33e+02  1.53e+01  0  1.22e+03  1.26e+01  1.23e+00  3.27e-01  1.23e-01  -1.00
2003 10 13  1640   52925   60000  0  3.79e+02  1.47e+01  0  1.34e+03  1.35e+01  1.42e+00  3.09e-01  2.50e-01  -1.00
2003 10 13  1645   52925   60300  0  3.00e+02  1.28e+01  0  8.60e+02  1.75e+01  1.42e+00  3.23e-01  1.06e-01   0.77
2003 10 13  1650   52925   60600  0  3.70e+02  1.97e+01  0  6.08e+02  1.23e+01  2.14e+00  4.37e-01  1.34e-01   0.98
2003 10 13  1655   52925   60900  0  3.66e+02  1.70e+01  0  7.78e+02  1.10e+01  1.06e+00  5.22e-01  1.87e-01   1.42
2003 10 13  1700   52925   61200  0  2.90e+02  1.49e+01  0  9.25e+02  1.26e+01  1.17e+00  3.70e-01  3.52e-02  -1.00
2003 10 13  1705   52925   61500  0  2.80e+02  1.65e+01  0  1.26e+03  1.41e+01  1.44e+00  4.57e-01  1.83e-01   2.00
2003 10 13  1710   52925   61800  0  2.79e+02  1.89e+01  0  1.03e+03  1.22e+01  1.63e+00  3.52e-01  5.73e-02   1.85
2003 10 13  1715   52925   62100  0  3.18e+02  1.51e+01  0  9.08e+02  1.28e+01  1.30e+00  5.56e-01  8.59e-02   1.03
2003 10 13  1720   52925   62400  0  3.82e+02  1.85e+01  0  9.44e+02  1.57e+01  1.55e+00  3.23e-01  0.00e+00   2.00
2003 10 13  1725   52925   62700  0  4.13e+02  1.54e+01  0  8.50e+02  1.33e+01  1.59e+00  3.44e-01  0.00e+00   2.00
2003 10 13  1730   52925   63000  0  3.70e+02  1.50e+01  0  8.51e+02  1.35e+01  1.13e+00  7.36e-01  0.00e+00  -1.00
2003 10 13  1735   52925   63300  0  7.94e+01  1.59e+01  0  7.80e+02  1.34e+01  8.24e-01  6.94e-01  0.00e+00   0.54
2003 10 13  1740   52925   63600  0  3.17e+02  1.42e+01  0  9.22e+02  1.37e+01  1.25e+00  6.59e-01  0.00e+00   1.19
2003 10 13  1745   52925   63900  0  3.39e+02  1.69e+01  0  9.63e+02  1.46e+01  2.36e+00  5.88e-01  1.64e-01   2.00
2003 10 13  1750   52925   64200  0  3.79e+02  1.52e+01  0  9.27e+02  1.71e+01  1.87e+00  6.33e-01  4.58e-02  -1.00
2003 10 13  1755   52925   64500  0  4.04e+02  1.35e+01  0  8.97e+02  1.73e+01  1.60e+00  2.74e-01  0.00e+00   1.41
2003 10 13  1800   52925   64800  0  3.44e+02  1.38e+01  0  1.05e+03  1.65e+01  1.29e+00  5.10e-01  1.15e-01  -1.00
2003 10 13  1805   52925   65100  0  3.50e+02  1.25e+01  0  9.58e+02  1.49e+01  1.95e+00  3.58e-01  2.03e-01   1.60
2003 10 13  1810   52925   65400  0  3.66e+02  1.86e+01  0  1.09e+03  1.73e+01  2.24e+00  5.09e-01  8.33e-02   1.20
2003 10 13  1815   52925   65700  0  2.68e+02  1.54e+01  0  1.20e+03  1.42e+01  2.64e+00  5.70e-01  1.37e-01  -1.00
2003 10 13  1820   52925   66000  0  3.85e+02  1.69e+01  0  1.28e+03  1.69e+01  2.47e+00  5.23e-01  2.83e-01  -1.00
2003 10 13  1825   52925   66300  0  3.59e+02  1.54e+01  0  9.35e+02  1.52e+01  1.53e+00  3.56e-01  1.53e-01  -1.00
2003 10 13  1830   52925   66600  0  3.69e+02  1.40e+01  0  7.62e+02  1.31e+01  2.27e+00  6.43e-01  2.86e-01  -1.00
2003 10 13  1835   52925   66900  0  3.07e+02  1.64e+01  0  7.99e+02  1.58e+01  1.52e+00  4.92e-01  3.44e-01   0.66
2003 10 13  1840   52925   67200  0  2.82e+02  1.99e+01  0  9.75e+02  1.62e+01  2.11e+00  5.70e-01  3.05e-01  -1.00
2003 10 13  1845   52925   67500  0  3.20e+02  1.55e+01  0  1.09e+03  1.55e+01  1.82e+00  4.11e-01  1.64e-01  -1.00
2003 10 13  1850   52925   67800  0  3.65e+02  1.67e+01  0  1.25e+03  2.03e+01  1.75e+00  4.49e-01  1.34e-01   1.69
2003 10 13  1855   52925   68100  0  2.66e+02  1.64e+01  0  1.22e+03  1.71e+01  1.68e+00  5.48e-01  0.00e+00   0.89
2003 10 13  1900   52925   68400  0  3.40e+02  1.48e+01  0  1.04e+03  1.51e+01  2.58e+00  4.54e-01  3.77e-01   1.14
2003 10 13  1905   52925   68700  0  3.37e+02  1.88e+01  0  9.54e+02  1.68e+01  2.68e+00  5.70e-01  4.58e-02  -1.00
2003 10 13  1910   52925   69000  0  3.66e+02  1.44e+01  0  1.23e+03  1.51e+01  2.64e+00  5.68e-01  1.24e-01   0.19
2003 10 13  1915   52925   69300  0  3.54e+02  1.80e+01  0  1.62e+03  1.62e+01  2.30e+00  6.27e-01  7.64e-02   1.87
2003 10 13  1920   52925   69600  0  2.92e+02  1.51e+01  0  1.48e+03  1.59e+01  1.80e+00  3.93e-01  5.73e-02  -1.00
2003 10 13  1925   52925   69900  0  2.83e+02  1.46e+01  0  1.65e+03  1.20e+01  1.73e+00  4.17e-01  0.00e+00   0.54
2003 10 13  1930   52925   70200  0  3.53e+02  1.74e+01  0  2.02e+03  1.43e+01  2.04e+00  3.83e-01  0.00e+00   1.77
2003 10 13  1935   52925   70500  0  2.84e+02  1.87e+01  0  1.70e+03  1.45e+01  2.16e+00  5.39e-01  0.00e+00   1.15
2003 10 13  1940   52925   70800  0  3.56e+02  1.27e+01  0  1.48e+03  2.03e+01  2.43e+00  3.51e-01  1.46e-01   2.00
2003 10 13  1945   52925   71100  0  3.54e+02  1.84e+01  0  1.80e+03  1.63e+01  1.71e+00  5.57e-01  1.06e-01   0.18
2003 10 13  1950   52925   71400  0  3.47e+02  1.54e+01  0  1.12e+03  1.87e+01  1.97e+00  5.72e-01  2.44e-01   0.42
2003 10 13  1955   52925   71700  0  3.15e+02  1.81e+01  0  1.36e+03  1.44e+01  2.11e+00  5.66e-01  2.48e-01   0.97
2003 10 13  2000   52925   72000  0  3.21e+02  1.50e+01  0  1.42e+03  1.46e+01  2.28e+00  5.92e-01  2.08e-01   0.80
2003 10 13  2005   52925   72300  0  3.80e+02  1.53e+01  0  1.96e+03  1.68e+01  1.44e+00  4.67e-01  2.62e-01   0.98
2003 10 13  2010   52925   72600  0  3.21e+02  1.49e+01  0  2.06e+03  1.51e+01  1.87e+00  4.63e-01  2.43e-01   1.47
2003 10 13  2015   52925   72900  0  3.75e+02  1.87e+01  0  2.95e+03  1.54e+01  1.50e+00  6.31e-01  3.28e-01   0.40
2003 10 13  2020   52925   73200  0  3.96e+02  1.44e+01  0  1.91e+03  1.95e+01  1.97e+00  4.81e-01  2.95e-01   1.20
2003 10 13  2025   52925   73500  0  3.60e+02  1.74e+01  0  2.61e+03  1.64e+01  1.36e+00  3.75e-01  4.58e-02   0.67
2003 10 13  2030   52925   73800  0  3.63e+02  1.70e+01  0  1.89e+03  1.27e+01  2.67e+00  6.10e-01  0.00e+00  -1.00
2003 10 13  2035   52925   74100  0  3.57e+02  1.79e+01  0  2.01e+03  1.72e+01  2.79e+00  5.63e-01  2.00e-01   0.67
2003 10 13  2040   52925   74400  0  3.55e+02  1.91e+01  0  2.49e+03  1.61e+01  2.24e+00  7.31e-01  1.25e-01   0.55
2003 10 13  2045   52925   74700  0  3.54e+02  1.65e+01  0  2.71e+03  1.54e+01  2.10e+00  7.10e-01  2.02e-01   0.63
2003 10 13  2050   52925   75000  0  3.75e+02  1.40e+01  0  2.12e+03  1.99e+01  2.33e+00  6.86e-01  1.95e-01   1.77
2003 10 13  2055   52925   75300  0  4.15e+02  1.62e+01  0  3.40e+03  1.50e+01  1.90e+00  5.80e-01  1.96e-01   0.73
2003 10 13  2100   52925   75600  0  4.14e+02  1.42e+01  0  2.77e+03  1.77e+01  1.67e+00  5.66e-01  2.02e-01   0.00
2003 10 13  2105   52925   75900  0  3.44e+02  1.38e+01  0  2.95e+03  1.64e+01  1.86e+00  5.77e-01  2.00e-01   0.85
2003 10 13  2110   52925   76200  0  4.69e+02  1.82e+01  0  2.91e+03  1.73e+01  2.23e+00  6.63e-01  1.72e-01  -1.00
2003 10 13  2115   52925   76500  0  3.56e+02  1.52e+01  0  3.48e+03  1.31e+01  1.78e+00  6.93e-01  2.29e-01  -1.00
2003 10 13  2120   52925   76800  0  4.06e+02  1.76e+01  0  4.39e+03  1.85e+01  2.09e+00  7.64e-01  2.13e-01  -1.00
2003 10 13  2125   52925   77100  0  3.77e+02  1.39e+01  0  4.28e+03  1.84e+01  1.82e+00  6.49e-01  2.14e-01   0.87
2003 10 13  2130   52925   77400  0  4.53e+02  1.85e+01  0  5.01e+03  1.69e+01  1.85e+00  5.39e-01  1.23e-01   0.77
2003 10 13  2135   52925   77700  0  3.87e+02  1.57e+01  0  3.42e+03  1.78e+01  2.84e+00  5.56e-01  2.43e-01  -1.00
2003 10 13  2140   52925   78000  0  3.88e+02  1.39e+01  0  3.62e+03  1.52e+01  2.77e+00  7.34e-01  2.29e-01  -1.00
2003 10 13  2145   52925   78300  0  4.10e+02  1.82e+01  0  3.83e+03  1.61e+01  2.62e+00  5.86e-01  0.00e+00   0.66
2003 10 13  2150   52925   78600  0  4.28e+02  1.65e+01  0  3.71e+03  1.68e+01  2.57e+00  7.86e-01  1.77e-01   1.07
2003 10 13  2155   52925   78900  0  3.42e+02  2.00e+01  0  4.44e+03  2.01e+01  2.81e+00  6.73e-01  1.68e-01   0.67
2003 10 13  2200   52925   79200  0  3.45e+02  1.90e+01  0  3.58e+03  1.65e+01  1.48e+00  7.82e-01  1.02e-01   0.91
2003 10 13  2205   52925   79500  0  4.15e+02  1.68e+01  0  3.68e+03  1.95e+01  1.87e+00  4.63e-01  2.93e-01   0.51
2003 10 13  2210   52925   79800  0  3.52e+02  1.70e+01  0  4.08e+03  1.85e+01  2.42e+00  6.81e-01  2.98e-01   0.37
2003 10 13  2215   52925   80100  0  3.41e+02  1.80e+01  0  3.34e+03  1.80e+01  2.27e+00  4.08e-01  3.93e-01   1.00
2003 10 13  2220   52925   80400  0  4.45e+02  2.31e+01  0  3.15e+03  1.66e+01  1.86e+00  4.78e-01  2.86e-01   0.67
2003 10 13  2225   52925   80700  0  3.27e+02  1.96e+01  0  2.32e+03  1.75e+01  2.62e+00  8.32e-01  1.91e-01   0.28
2003 10 13  2230   52925   81000  0  3.72e+02  1.26e+01  0  2.56e+03  1.63e+01  2.54e+00  7.10e-01  1.64e-01   1.49
2003 10 13  2235   52925   81300  0  4.31e+02  1.60e+01  0  2.70e+03  1.68e+01  2.31e+00  8.82e-01  0.00e+00   1.40
2003 10 13  2240   52925   81600  0  4.19e+02  1.73e+01  0  2.78e+03  1.48e+01  2.33e+00  6.15e-01  1.23e-01   0.67
2003 10 13  2245   52925   81900  0  3.63e+02  1.42e+01  0  3.04e+03  1.48e+01  2.63e+00  1.05e+00  2.78e-01   0.51
2003 10 13  2250   52925   82200  0  3.99e+02  1.68e+01  0  2.98e+03  1.98e+01  2.08e+00  7.63e-01  2.41e-01   1.07
2003 10 13  2255   52925   82500  0  4.19e+02  1.90e+01  0  2.98e+03  1.92e+01  2.52e+00  8.29e-01  3.88e-01   0.29
2003 10 13  2300   52925   82800  0  3.74e+02  2.00e+01  0  3.20e+03  1.80e+01  2.93e+00  8.25e-01  2.44e-01   0.55
2003 10 13  2305   52925   83100  0  3.74e+02  1.86e+01  0  3.01e+03  1.96e+01  2.16e+00  9.35e-01  1.77e-01   0.40
2003 10 13  2310   52925   83400  0  4.89e+02  1.52e+01  0  3.74e+03  2.17e+01  2.67e+00  8.66e-01  4.31e-01  -1.00
2003 10 13  2315   52925   83700  0  3.67e+02  1.74e+01  0  3.28e+03  1.97e+01  2.64e+00  6.96e-01  3.44e-01   2.00
2003 10 13  2320   52925   84000  0  3.93e+02  1.50e+01  0  3.01e+03  1.83e+01  3.57e+00  8.34e-01  5.86e-01   0.11
2003 10 13  2325   52925   84300  0  4.71e+02  1.77e+01  0  4.11e+03  2.13e+01  2.65e+00  6.56e-01  3.23e-01   1.41
2003 10 13  2330   52925   84600  0  4.40e+02  1.87e+01  0  3.65e+03  2.11e+01  2.39e+00  8.82e-01  2.75e-01   0.32
2003 10 13  2335   52925   84900  0  4.14e+02  1.92e+01  0  3.55e+03  2.18e+01  2.68e+00  9.09e-01  2.70e-01   0.64
2003 10 13  2340   52925   85200  0  3.77e+02  1.93e+01  0  2.80e+03  2.08e+01  2.96e+00  6.15e-01  2.90e-01   0.17
2003 10 13  2345   52925   85500  0  4.44e+02  1.45e+01  0  3.55e+03  1.95e+01  2.47e+00  8.21e-01  2.90e-01   0.97
2003 10 13  2350   52925   85800  0  4.22e+02  1.44e+01  0  3.94e+03  2.19e+01  3.12e+00  9.25e-01  2.80e-01   0.26
2003 10 13  2355   52925   86100  0  4.56e+02  1.76e+01  0  2.77e+03  1.72e+01  3.25e+00  8.34e-01  1.59e-01   0.79
