:Data_list: 20030314_ace_epam_5m.txt
:Created: 2003 Mar 15 0012 UT
# Prepared by the U.S. Dept. of Commerce, NOAA, Space Environment Center.
# Please send comments and suggestions to sec@sec.noaa.gov 
# 
# Units: Differential Flux particles/cm2-s-ster-MeV
# Units: Anisotropy Index 0.0 - 2.0
# Status(S): 0 = nominal, 4,6,7,8 = bad data, unable to process, 9 = no data
# Missing data values: -1.00e+05, index = -1.00
# Source: ACE Satellite - Electron, Proton, and Alpha Monitor
# Note: 2002 Mar 18: First Proton channel changed from 47-65 to 65-112keV.
#
#                      5-minute averaged Real-time Differential Electron and Proton Flux 
# 
#                Modified Seconds ---------------------------- Differential Flux --------------------------- 
# UT Date   Time  Julian  of the  ----- Electron -----   ------------------- Protons keV -------------------   Anis.
# YR MO DA  HHMM    Day    Day    S    38-53   175-315   S   65-112   112-187   310-580   761-1220 060-1910   Ratio
#-------------------------------------------------------------------------------------------------------------------
2003 03 14  0000   52712       0  0  5.42e+02  1.66e+01  0  8.72e+01  1.57e+01  2.82e+00  7.78e-01  3.72e-01   0.98
2003 03 14  0005   52712     300  0  5.64e+02  1.37e+01  0  7.76e+01  1.94e+01  2.52e+00  8.58e-01  2.00e-01   0.72
2003 03 14  0010   52712     600  0  5.05e+02  1.45e+01  0  9.11e+01  1.77e+01  2.67e+00  9.90e-01  2.83e-01   0.69
2003 03 14  0015   52712     900  0  5.49e+02  1.27e+01  0  8.08e+01  1.85e+01  2.34e+00  8.62e-01  3.37e-01   0.44
2003 03 14  0020   52712    1200  0  5.23e+02  1.53e+01  0  8.01e+01  2.04e+01  2.75e+00  8.35e-01  2.94e-01   1.02
2003 03 14  0025   52712    1500  0  6.43e+02  1.60e+01  0  1.02e+02  2.12e+01  3.62e+00  6.72e-01  4.38e-01   0.41
2003 03 14  0030   52712    1800  0  5.30e+02  1.88e+01  0  1.02e+02  2.05e+01  1.88e+00  6.82e-01  1.86e-01   0.66
2003 03 14  0035   52712    2100  0  5.04e+02  1.46e+01  0  1.14e+02  1.72e+01  2.68e+00  7.91e-01  4.01e-01  -1.00
2003 03 14  0040   52712    2400  0  5.64e+02  1.61e+01  0  1.22e+02  1.95e+01  2.45e+00  9.34e-01  3.87e-01   1.06
2003 03 14  0045   52712    2700  0  5.43e+02  1.54e+01  0  9.94e+01  2.15e+01  2.86e+00  1.02e+00  4.30e-01   0.69
2003 03 14  0050   52712    3000  0  5.55e+02  1.50e+01  0  9.57e+01  2.06e+01  2.09e+00  8.06e-01  3.12e-01   0.29
2003 03 14  0055   52712    3300  0  5.26e+02  1.67e+01  0  1.28e+02  1.45e+01  1.94e+00  9.63e-01  3.24e-01   0.94
2003 03 14  0100   52712    3600  0  4.82e+02  1.72e+01  0  1.27e+02  1.79e+01  3.02e+00  7.77e-01  2.37e-01   1.12
2003 03 14  0105   52712    3900  0  5.48e+02  1.40e+01  0  1.21e+02  2.53e+01  2.74e+00  6.95e-01  2.58e-01   0.76
2003 03 14  0110   52712    4200  0  5.43e+02  1.59e+01  0  1.37e+02  1.88e+01  3.16e+00  8.76e-01  3.23e-01   1.60
2003 03 14  0115   52712    4500  0  4.53e+02  1.51e+01  0  1.46e+02  2.13e+01  2.20e+00  8.15e-01  3.29e-01   1.18
2003 03 14  0120   52712    4800  0  4.71e+02  1.46e+01  0  9.75e+01  2.18e+01  2.70e+00  1.12e+00  4.91e-01   0.66
2003 03 14  0125   52712    5100  0  5.75e+02  1.79e+01  0  9.34e+01  1.93e+01  2.49e+00  7.91e-01  3.05e-01   0.74
2003 03 14  0130   52712    5400  0  5.50e+02  1.55e+01  0  1.13e+02  1.68e+01  3.45e+00  8.90e-01  3.51e-01   0.58
2003 03 14  0135   52712    5700  0  5.68e+02  1.38e+01  0  9.94e+01  1.93e+01  2.18e+00  8.39e-01  3.32e-01   0.69
2003 03 14  0140   52712    6000  0  5.82e+02  1.54e+01  0  8.51e+01  2.42e+01  2.09e+00  8.13e-01  3.17e-01   0.57
2003 03 14  0145   52712    6300  0  5.38e+02  1.47e+01  0  1.15e+02  2.23e+01  2.25e+00  1.14e+00  2.52e-01   0.44
2003 03 14  0150   52712    6600  0  5.82e+02  1.74e+01  0  7.65e+01  2.35e+01  2.34e+00  9.78e-01  3.37e-01   0.51
2003 03 14  0155   52712    6900  0  4.92e+02  1.64e+01  0  6.33e+01  1.99e+01  3.25e+00  8.83e-01  4.05e-01   0.88
2003 03 14  0200   52712    7200  0  5.69e+02  1.57e+01  0  6.46e+01  2.02e+01  2.82e+00  1.09e+00  3.51e-01   0.41
2003 03 14  0205   52712    7500  0  5.63e+02  1.44e+01  0  6.28e+01  2.10e+01  2.88e+00  9.45e-01  3.37e-01   0.69
2003 03 14  0210   52712    7800  0  5.56e+02  1.84e+01  0  8.49e+01  2.09e+01  3.08e+00  1.15e+00  3.59e-01   0.63
2003 03 14  0215   52712    8100  0  4.96e+02  1.68e+01  0  7.08e+01  2.42e+01  2.61e+00  9.02e-01  1.02e-01   0.42
2003 03 14  0220   52712    8400  0  5.62e+02  1.64e+01  0  8.68e+01  1.98e+01  3.79e+00  8.92e-01  2.67e-01   0.63
2003 03 14  0225   52712    8700  0  5.75e+02  1.29e+01  0  7.80e+01  1.82e+01  2.61e+00  1.11e+00  3.94e-01   0.72
2003 03 14  0230   52712    9000  0  5.05e+02  1.57e+01  0  8.39e+01  1.64e+01  2.46e+00  9.02e-01  2.29e-01   0.63
2003 03 14  0235   52712    9300  0  5.51e+02  1.51e+01  0  1.09e+02  2.08e+01  3.07e+00  1.23e+00  4.65e-01   0.51
2003 03 14  0240   52712    9600  0  6.00e+02  1.40e+01  0  1.82e+02  2.28e+01  2.25e+00  1.11e+00  4.84e-01   0.69
2003 03 14  0245   52712    9900  0  5.78e+02  1.58e+01  0  1.68e+02  2.19e+01  2.63e+00  9.02e-01  3.72e-01   0.00
2003 03 14  0250   52712   10200  0  5.77e+02  1.61e+01  0  1.78e+02  2.25e+01  3.25e+00  1.04e+00  3.10e-01   0.27
2003 03 14  0255   52712   10500  0  6.06e+02  1.81e+01  0  1.34e+02  2.27e+01  2.76e+00  1.04e+00  4.84e-01   0.62
2003 03 14  0300   52712   10800  0  5.85e+02  1.74e+01  0  1.52e+02  2.23e+01  2.85e+00  1.07e+00  3.60e-01   0.31
2003 03 14  0305   52712   11100  0  5.93e+02  1.53e+01  0  1.14e+02  2.52e+01  3.40e+00  8.71e-01  3.17e-01   0.63
2003 03 14  0310   52712   11400  0  5.59e+02  1.74e+01  0  1.73e+02  3.20e+01  3.05e+00  1.12e+00  4.76e-01   1.24
2003 03 14  0315   52712   11700  0  5.34e+02  1.60e+01  0  1.32e+02  2.31e+01  3.25e+00  1.12e+00  4.01e-01   0.47
2003 03 14  0320   52712   12000  0  5.56e+02  1.28e+01  0  1.26e+02  2.35e+01  3.39e+00  1.06e+00  2.90e-01   0.79
2003 03 14  0325   52712   12300  0  4.99e+02  1.68e+01  0  1.37e+02  2.22e+01  3.04e+00  1.13e+00  4.30e-01   0.52
2003 03 14  0330   52712   12600  0  5.84e+02  1.74e+01  0  1.69e+02  2.26e+01  3.21e+00  1.07e+00  2.45e-01   1.34
2003 03 14  0335   52712   12900  0  5.56e+02  1.68e+01  0  2.05e+02  2.06e+01  3.35e+00  9.54e-01  3.84e-01   0.99
2003 03 14  0340   52712   13200  0  5.29e+02  1.45e+01  0  2.11e+02  2.34e+01  2.95e+00  1.04e+00  2.67e-01   0.33
2003 03 14  0345   52712   13500  0  5.51e+02  1.62e+01  0  2.41e+02  1.92e+01  3.80e+00  1.08e+00  1.94e-01   0.77
2003 03 14  0350   52712   13800  0  6.20e+02  1.94e+01  0  1.61e+02  1.96e+01  3.65e+00  1.34e+00  2.58e-01   0.13
2003 03 14  0355   52712   14100  0  5.31e+02  1.45e+01  0  1.36e+02  2.10e+01  3.30e+00  1.14e+00  2.56e-01   0.74
2003 03 14  0400   52712   14400  0  5.95e+02  1.55e+01  0  1.39e+02  2.15e+01  2.83e+00  1.10e+00  3.36e-01   0.32
2003 03 14  0405   52712   14700  0  5.84e+02  1.81e+01  0  1.70e+02  2.00e+01  3.87e+00  1.12e+00  2.14e-01   0.50
2003 03 14  0410   52712   15000  0  4.94e+02  1.53e+01  0  1.54e+02  2.13e+01  3.15e+00  1.20e+00  3.44e-01   0.47
2003 03 14  0415   52712   15300  0  5.72e+02  1.73e+01  0  1.08e+02  2.02e+01  2.94e+00  1.13e+00  4.04e-01   0.30
2003 03 14  0420   52712   15600  0  5.51e+02  1.58e+01  0  8.70e+01  2.45e+01  3.01e+00  9.83e-01  4.08e-01   0.00
2003 03 14  0425   52712   15900  0  5.32e+02  1.60e+01  0  1.02e+02  1.81e+01  4.08e+00  9.40e-01  5.27e-01   0.43
2003 03 14  0430   52712   16200  0  5.10e+02  1.82e+01  0  8.54e+01  2.53e+01  3.79e+00  1.06e+00  4.58e-01   0.59
2003 03 14  0435   52712   16500  0  5.93e+02  1.56e+01  0  9.76e+01  2.10e+01  3.41e+00  1.17e+00  4.29e-01   0.46
2003 03 14  0440   52712   16800  0  5.12e+02  1.49e+01  0  8.42e+01  1.82e+01  3.64e+00  1.05e+00  3.23e-01   0.50
2003 03 14  0445   52712   17100  0  5.28e+02  1.41e+01  0  1.01e+02  2.29e+01  3.39e+00  1.13e+00  6.49e-01   1.32
2003 03 14  0450   52712   17400  0  5.75e+02  1.60e+01  0  9.04e+01  2.49e+01  3.34e+00  1.59e+00  3.93e-01   0.26
2003 03 14  0455   52712   17700  0  5.92e+02  1.36e+01  0  1.09e+02  2.29e+01  4.15e+00  9.94e-01  7.09e-01   0.50
2003 03 14  0500   52712   18000  0  5.37e+02  1.55e+01  0  1.01e+02  2.10e+01  2.88e+00  1.43e+00  3.98e-01   0.09
2003 03 14  0505   52712   18300  0  6.25e+02  1.49e+01  0  1.59e+02  2.39e+01  3.02e+00  1.09e+00  2.67e-01   0.64
2003 03 14  0510   52712   18600  0  5.31e+02  1.48e+01  0  1.12e+02  2.41e+01  4.14e+00  1.41e+00  2.93e-01   0.37
2003 03 14  0515   52712   18900  0  5.67e+02  1.75e+01  0  1.33e+02  3.00e+01  4.24e+00  1.36e+00  4.81e-01   0.62
2003 03 14  0520   52712   19200  0  6.20e+02  1.48e+01  0  1.11e+02  2.67e+01  3.70e+00  1.26e+00  4.11e-01   0.44
2003 03 14  0525   52712   19500  0  6.26e+02  1.96e+01  0  9.79e+01  2.02e+01  4.36e+00  1.40e+00  4.58e-01   0.62
2003 03 14  0530   52712   19800  0  5.59e+02  1.58e+01  0  1.07e+02  2.06e+01  4.39e+00  1.39e+00  3.44e-01   0.17
2003 03 14  0535   52712   20100  0  5.72e+02  1.61e+01  0  9.11e+01  2.41e+01  3.79e+00  1.14e+00  5.98e-01   0.23
2003 03 14  0540   52712   20400  0  5.77e+02  1.82e+01  0  1.11e+02  2.62e+01  3.57e+00  1.41e+00  4.38e-01   0.57
2003 03 14  0545   52712   20700  0  5.77e+02  1.39e+01  0  1.26e+02  2.35e+01  3.61e+00  1.45e+00  5.83e-01   0.81
2003 03 14  0550   52712   21000  0  6.01e+02  1.42e+01  0  1.28e+02  2.28e+01  3.67e+00  1.19e+00  5.91e-01   0.71
2003 03 14  0555   52712   21300  0  6.50e+02  1.75e+01  0  1.07e+02  2.32e+01  3.98e+00  1.29e+00  6.43e-01   0.20
2003 03 14  0600   52712   21600  0  5.85e+02  1.82e+01  0  9.88e+01  2.49e+01  4.87e+00  1.37e+00  4.22e-01   1.41
2003 03 14  0605   52712   21900  0  7.07e+02  1.57e+01  0  1.25e+02  2.20e+01  3.41e+00  1.05e+00  4.85e-01   0.43
2003 03 14  0610   52712   22200  0  5.60e+02  1.53e+01  0  1.38e+02  2.78e+01  4.06e+00  1.30e+00  4.29e-01   0.57
2003 03 14  0615   52712   22500  0  5.92e+02  1.94e+01  0  1.38e+02  2.50e+01  4.05e+00  1.31e+00  4.37e-01   0.32
2003 03 14  0620   52712   22800  0  6.08e+02  1.61e+01  0  1.53e+02  2.02e+01  3.93e+00  1.20e+00  5.67e-01   0.13
2003 03 14  0625   52712   23100  0  5.65e+02  1.90e+01  0  1.25e+02  2.39e+01  3.41e+00  1.24e+00  3.21e-01   0.67
2003 03 14  0630   52712   23400  0  6.42e+02  1.68e+01  0  1.32e+02  2.17e+01  3.97e+00  1.32e+00  3.95e-01   0.59
2003 03 14  0635   52712   23700  0  5.68e+02  1.52e+01  0  1.19e+02  2.48e+01  3.87e+00  1.46e+00  4.58e-01   0.57
2003 03 14  0640   52712   24000  0  5.50e+02  1.40e+01  0  2.11e+02  4.06e+01  4.65e+00  1.42e+00  5.85e-01   0.68
2003 03 14  0645   52712   24300  0  5.86e+02  1.36e+01  0  4.82e+02  8.85e+01  4.65e+00  1.34e+00  4.90e-01   0.41
2003 03 14  0650   52712   24600  0  5.68e+02  1.65e+01  0  3.95e+02  6.94e+01  4.72e+00  1.43e+00  3.82e-01   0.26
2003 03 14  0655   52712   24900  0  5.80e+02  1.54e+01  0  2.04e+02  3.39e+01  4.88e+00  1.20e+00  5.55e-01   0.10
2003 03 14  0700   52712   25200  0  5.42e+02  1.31e+01  0  1.57e+02  2.29e+01  3.73e+00  1.23e+00  2.14e-01   0.65
2003 03 14  0705   52712   25500  0  5.46e+02  1.53e+01  0  1.64e+02  2.15e+01  4.72e+00  1.33e+00  4.07e-01   0.50
2003 03 14  0710   52712   25800  0  5.69e+02  1.90e+01  0  1.92e+02  2.42e+01  4.37e+00  1.38e+00  3.74e-01   0.49
2003 03 14  0715   52712   26100  0  5.62e+02  1.29e+01  0  1.89e+02  2.82e+01  4.92e+00  1.43e+00  5.09e-01   0.46
2003 03 14  0720   52712   26400  0  4.80e+02  1.52e+01  0  2.25e+02  2.38e+01  4.81e+00  1.42e+00  4.39e-01   0.17
2003 03 14  0725   52712   26700  0  5.86e+02  1.56e+01  0  2.14e+02  2.39e+01  3.45e+00  1.11e+00  3.22e-01   0.58
2003 03 14  0730   52712   27000  0  5.03e+02  1.80e+01  0  1.94e+02  2.07e+01  3.14e+00  1.09e+00  5.44e-01   0.68
2003 03 14  0735   52712   27300  0  5.19e+02  1.83e+01  0  1.84e+02  1.86e+01  2.36e+00  1.15e+00  5.24e-01   0.45
2003 03 14  0740   52712   27600  0  5.27e+02  1.57e+01  0  1.37e+02  2.18e+01  3.67e+00  9.99e-01  4.16e-01   0.34
2003 03 14  0745   52712   27900  0  5.20e+02  1.50e+01  0  1.49e+02  1.99e+01  3.02e+00  8.95e-01  4.01e-01   0.72
2003 03 14  0750   52712   28200  0  5.56e+02  1.76e+01  0  1.37e+02  1.95e+01  3.57e+00  1.06e+00  4.25e-01   0.19
2003 03 14  0755   52712   28500  0  5.31e+02  1.54e+01  0  2.39e+02  1.60e+01  3.56e+00  1.27e+00  4.34e-01   0.91
2003 03 14  0800   52712   28800  0  5.56e+02  1.48e+01  0  1.73e+02  2.42e+01  5.47e+00  1.30e+00  3.36e-01   0.17
2003 03 14  0805   52712   29100  0  5.99e+02  1.53e+01  0  1.70e+02  2.06e+01  4.85e+00  1.20e+00  5.32e-01   0.85
2003 03 14  0810   52712   29400  0  4.86e+02  1.48e+01  0  1.94e+02  2.60e+01  4.09e+00  1.21e+00  3.63e-01   0.79
2003 03 14  0815   52712   29700  0  4.73e+02  1.52e+01  0  1.87e+02  2.54e+01  4.75e+00  1.11e+00  4.81e-01  -1.00
2003 03 14  0820   52712   30000  0  5.73e+02  1.74e+01  0  2.29e+02  2.02e+01  3.87e+00  1.05e+00  4.37e-01   0.82
2003 03 14  0825   52712   30300  0  5.28e+02  1.40e+01  0  1.94e+02  2.20e+01  4.21e+00  1.16e+00  4.91e-01   0.47
2003 03 14  0830   52712   30600  0  5.23e+02  1.55e+01  0  1.78e+02  2.24e+01  3.61e+00  9.25e-01  5.15e-01   0.30
2003 03 14  0835   52712   30900  0  5.56e+02  1.51e+01  0  1.67e+02  2.03e+01  4.79e+00  1.04e+00  4.72e-01   0.34
2003 03 14  0840   52712   31200  0  5.65e+02  1.81e+01  0  1.52e+02  2.08e+01  3.88e+00  1.12e+00  2.86e-01   0.85
2003 03 14  0845   52712   31500  0  6.35e+02  1.57e+01  0  1.85e+02  2.04e+01  4.06e+00  1.19e+00  3.35e-01   0.65
2003 03 14  0850   52712   31800  0  5.50e+02  1.53e+01  0  1.43e+02  1.85e+01  5.05e+00  1.52e+00  4.29e-01   0.20
2003 03 14  0855   52712   32100  0  6.73e+02  1.17e+01  0  2.01e+02  2.06e+01  4.49e+00  8.07e-01  6.03e-01   1.42
2003 03 14  0900   52712   32400  0  5.73e+02  1.74e+01  0  2.15e+02  2.04e+01  4.33e+00  1.23e+00  3.97e-01   0.64
2003 03 14  0905   52712   32700  0  5.82e+02  1.41e+01  0  2.08e+02  1.92e+01  4.53e+00  1.08e+00  3.70e-01   0.86
2003 03 14  0910   52712   33000  0  6.08e+02  1.48e+01  0  2.27e+02  2.04e+01  4.49e+00  1.21e+00  2.86e-01   0.49
2003 03 14  0915   52712   33300  0  5.16e+02  1.69e+01  0  1.85e+02  1.55e+01  4.62e+00  8.36e-01  4.04e-01   0.59
2003 03 14  0920   52712   33600  0  5.30e+02  1.56e+01  0  1.79e+02  2.27e+01  4.67e+00  1.09e+00  4.27e-01   0.66
2003 03 14  0925   52712   33900  0  5.82e+02  1.64e+01  0  2.06e+02  2.07e+01  4.85e+00  9.03e-01  4.29e-01   0.76
2003 03 14  0930   52712   34200  0  5.73e+02  1.49e+01  0  1.87e+02  1.86e+01  4.59e+00  1.10e+00  3.21e-01   0.45
2003 03 14  0935   52712   34500  0  5.65e+02  1.69e+01  0  1.49e+02  1.85e+01  4.94e+00  1.05e+00  2.70e-01   0.65
2003 03 14  0940   52712   34800  0  4.96e+02  1.50e+01  0  1.13e+02  1.96e+01  4.20e+00  1.24e+00  3.84e-01   0.12
2003 03 14  0945   52712   35100  0  5.73e+02  1.68e+01  0  1.59e+02  2.00e+01  3.80e+00  9.26e-01  5.19e-01   0.38
2003 03 14  0950   52712   35400  0  5.25e+02  1.93e+01  0  1.57e+02  1.65e+01  3.80e+00  7.87e-01  4.04e-01   0.50
2003 03 14  0955   52712   35700  0  5.32e+02  1.64e+01  0  1.37e+02  2.33e+01  3.70e+00  8.86e-01  3.15e-01   1.41
2003 03 14  1000   52712   36000  0  5.26e+02  1.80e+01  0  1.22e+02  1.87e+01  4.45e+00  9.56e-01  2.16e-01   0.17
2003 03 14  1005   52712   36300  0  5.30e+02  1.52e+01  0  1.41e+02  1.68e+01  4.20e+00  1.11e+00  5.97e-01   0.38
2003 03 14  1010   52712   36600  0  5.23e+02  1.64e+01  0  1.34e+02  2.15e+01  4.98e+00  9.35e-01  3.69e-01   0.82
2003 03 14  1015   52712   36900  0  5.24e+02  1.63e+01  0  1.62e+02  2.06e+01  3.73e+00  1.04e+00  4.72e-01   0.30
2003 03 14  1020   52712   37200  0  5.70e+02  1.58e+01  0  2.29e+02  2.13e+01  4.57e+00  8.33e-01  4.07e-01   0.42
2003 03 14  1025   52712   37500  0  5.26e+02  1.38e+01  0  2.15e+02  2.44e+01  3.54e+00  1.06e+00  3.52e-01   0.36
2003 03 14  1030   52712   37800  0  5.13e+02  1.40e+01  0  1.92e+02  1.87e+01  3.61e+00  1.09e+00  2.99e-01   0.27
2003 03 14  1035   52712   38100  0  5.28e+02  1.66e+01  0  1.58e+02  2.20e+01  4.09e+00  9.99e-01  3.68e-01   0.80
2003 03 14  1040   52712   38400  0  5.18e+02  1.47e+01  0  2.10e+02  2.14e+01  4.52e+00  1.02e+00  3.21e-01   1.12
2003 03 14  1045   52712   38700  0  5.38e+02  1.32e+01  0  2.08e+02  1.95e+01  4.33e+00  7.17e-01  3.19e-01   0.44
2003 03 14  1050   52712   39000  0  5.09e+02  1.71e+01  0  1.90e+02  2.08e+01  3.85e+00  8.54e-01  2.14e-01   0.31
2003 03 14  1055   52712   39300  0  5.65e+02  1.56e+01  0  1.86e+02  2.14e+01  4.27e+00  1.19e+00  7.11e-01   0.80
2003 03 14  1100   52712   39600  0  5.25e+02  1.80e+01  0  1.68e+02  2.20e+01  4.00e+00  1.12e+00  4.39e-01   0.80
2003 03 14  1105   52712   39900  0  5.50e+02  1.20e+01  0  2.25e+02  2.30e+01  4.51e+00  1.23e+00  5.61e-01   0.27
2003 03 14  1110   52712   40200  0  5.85e+02  1.47e+01  0  1.60e+02  2.23e+01  4.14e+00  1.28e+00  6.00e-01   0.31
2003 03 14  1115   52712   40500  0  5.58e+02  1.35e+01  0  1.63e+02  2.01e+01  3.87e+00  1.27e+00  5.40e-01   0.88
2003 03 14  1120   52712   40800  0  5.12e+02  1.62e+01  0  1.80e+02  2.08e+01  3.22e+00  1.32e+00  4.79e-01   0.38
2003 03 14  1125   52712   41100  0  5.28e+02  1.45e+01  0  1.55e+02  2.55e+01  4.00e+00  1.17e+00  5.04e-01   0.36
2003 03 14  1130   52712   41400  0  5.79e+02  1.67e+01  0  1.62e+02  1.97e+01  2.82e+00  1.43e+00  4.26e-01   0.76
2003 03 14  1135   52712   41700  0  5.34e+02  1.61e+01  0  2.07e+02  2.14e+01  5.02e+00  1.24e+00  3.68e-01   0.85
2003 03 14  1140   52712   42000  0  5.09e+02  1.51e+01  0  2.38e+02  2.12e+01  4.74e+00  1.44e+00  5.19e-01   0.26
2003 03 14  1145   52712   42300  0  5.30e+02  1.42e+01  0  2.79e+02  2.27e+01  3.41e+00  1.19e+00  5.34e-01   0.29
2003 03 14  1150   52712   42600  0  5.85e+02  1.52e+01  0  3.07e+02  2.30e+01  5.94e+00  1.53e+00  3.37e-01   0.51
2003 03 14  1155   52712   42900  0  5.13e+02  1.39e+01  0  2.79e+02  3.59e+01  4.58e+00  1.01e+00  4.80e-01   0.24
2003 03 14  1200   52712   43200  0  5.32e+02  1.49e+01  0  3.31e+02  3.29e+01  3.83e+00  1.42e+00  4.53e-01   0.41
2003 03 14  1205   52712   43500  0  6.13e+02  1.54e+01  0  2.85e+02  2.03e+01  3.93e+00  1.03e+00  6.04e-01   1.31
2003 03 14  1210   52712   43800  0  4.98e+02  1.52e+01  0  2.59e+02  2.24e+01  4.33e+00  1.48e+00  4.58e-01   0.39
2003 03 14  1215   52712   44100  0  5.59e+02  1.59e+01  0  1.90e+02  2.32e+01  4.66e+00  1.13e+00  6.59e-01   0.38
2003 03 14  1220   52712   44400  0  5.49e+02  1.66e+01  0  2.01e+02  2.54e+01  4.46e+00  1.30e+00  4.04e-01   0.44
2003 03 14  1225   52712   44700  0  5.60e+02  1.46e+01  0  1.48e+02  1.82e+01  4.07e+00  1.15e+00  3.82e-01   0.60
2003 03 14  1230   52712   45000  0  5.48e+02  1.61e+01  0  1.48e+02  2.74e+01  3.12e+00  8.38e-01  5.61e-01   0.41
2003 03 14  1235   52712   45300  0  5.21e+02  1.83e+01  0  1.28e+02  2.18e+01  3.74e+00  1.13e+00  4.08e-01   0.70
2003 03 14  1240   52712   45600  0  5.14e+02  1.83e+01  0  1.42e+02  2.44e+01  3.97e+00  1.30e+00  3.17e-01   0.21
2003 03 14  1245   52712   45900  0  6.50e+02  1.83e+01  0  1.42e+02  2.27e+01  3.75e+00  1.09e+00  2.86e-01   0.44
2003 03 14  1250   52712   46200  0  4.76e+02  1.50e+01  0  1.17e+02  2.07e+01  4.00e+00  1.02e+00  5.09e-02   0.50
2003 03 14  1255   52712   46500  0  5.19e+02  1.70e+01  0  1.31e+02  2.22e+01  2.76e+00  1.17e+00  4.31e-01   0.60
2003 03 14  1300   52712   46800  0  5.05e+02  1.52e+01  0  1.22e+02  2.08e+01  3.20e+00  1.43e+00  3.86e-01   0.20
2003 03 14  1305   52712   47100  0  5.27e+02  1.55e+01  0  1.38e+02  2.06e+01  3.42e+00  9.47e-01  4.23e-01  -1.00
2003 03 14  1310   52712   47400  0  4.98e+02  1.37e+01  0  1.32e+02  2.42e+01  3.76e+00  9.79e-01  4.01e-01   0.38
2003 03 14  1315   52712   47700  0  5.07e+02  1.85e+01  0  1.51e+02  1.70e+01  3.70e+00  1.20e+00  3.15e-01   0.61
2003 03 14  1320   52712   48000  0  4.80e+02  1.53e+01  0  2.27e+02  2.20e+01  4.14e+00  1.26e+00  3.88e-01   0.08
2003 03 14  1325   52712   48300  0  5.22e+02  1.54e+01  0  2.03e+02  2.88e+01  3.16e+00  1.23e+00  5.15e-01   0.26
2003 03 14  1330   52712   48600  0  5.12e+02  1.66e+01  0  1.94e+02  2.39e+01  3.85e+00  1.05e+00  5.79e-01   2.00
2003 03 14  1335   52712   48900  0  4.93e+02  1.40e+01  0  1.76e+02  2.23e+01  4.08e+00  1.30e+00  5.39e-01   0.48
2003 03 14  1340   52712   49200  0  4.98e+02  1.65e+01  0  1.83e+02  1.99e+01  3.61e+00  1.13e+00  5.25e-01   0.30
2003 03 14  1345   52712   49500  0  5.67e+02  1.48e+01  0  2.02e+02  2.00e+01  5.23e+00  1.52e+00  4.80e-01   0.22
2003 03 14  1350   52712   49800  0  5.93e+02  1.48e+01  0  2.02e+02  2.47e+01  3.43e+00  1.41e+00  5.51e-01   0.16
2003 03 14  1355   52712   50100  0  5.30e+02  1.84e+01  0  2.07e+02  2.20e+01  4.54e+00  1.81e+00  5.18e-01   0.57
2003 03 14  1400   52712   50400  0  5.13e+02  2.08e+01  0  2.27e+02  2.00e+01  4.05e+00  1.58e+00  4.10e-01   0.73
2003 03 14  1405   52712   50700  0  6.15e+02  1.46e+01  0  2.09e+02  1.93e+01  4.52e+00  1.25e+00  4.22e-01   0.24
2003 03 14  1410   52712   51000  0  5.48e+02  1.51e+01  0  2.03e+02  2.15e+01  4.48e+00  1.68e+00  5.89e-01   0.38
2003 03 14  1415   52712   51300  0  5.67e+02  1.25e+01  0  2.53e+02  2.21e+01  2.76e+00  1.05e+00  5.15e-01   1.31
2003 03 14  1420   52712   51600  0  5.63e+02  1.40e+01  0  2.51e+02  2.04e+01  3.41e+00  1.44e+00  4.18e-01   0.41
2003 03 14  1425   52712   51900  0  4.61e+02  1.60e+01  0  2.59e+02  2.69e+01  3.30e+00  1.72e+00  3.60e-01   0.24
2003 03 14  1430   52712   52200  0  5.70e+02  1.58e+01  0  2.31e+02  2.26e+01  3.40e+00  1.65e+00  4.46e-01   0.06
2003 03 14  1435   52712   52500  0  5.01e+02  1.39e+01  0  2.79e+02  2.40e+01  3.15e+00  1.48e+00  5.12e-01   0.37
2003 03 14  1440   52712   52800  0  6.11e+02  1.54e+01  0  1.90e+02  2.32e+01  4.66e+00  1.10e+00  6.74e-01   1.46
2003 03 14  1445   52712   53100  0  5.21e+02  1.66e+01  0  2.03e+02  2.62e+01  4.36e+00  1.23e+00  3.62e-01  -1.00
2003 03 14  1450   52712   53400  0  5.56e+02  1.78e+01  0  1.73e+02  2.16e+01  4.11e+00  1.51e+00  5.09e-01   0.58
2003 03 14  1455   52712   53700  0  5.48e+02  1.78e+01  0  1.80e+02  1.83e+01  4.63e+00  1.43e+00  5.84e-01   0.30
2003 03 14  1500   52712   54000  0  5.58e+02  1.56e+01  0  9.53e+01  2.08e+01  3.95e+00  1.63e+00  2.52e-01   0.16
2003 03 14  1505   52712   54300  0  5.38e+02  1.45e+01  0  8.55e+01  2.03e+01  4.72e+00  1.45e+00  5.55e-01   0.29
2003 03 14  1510   52712   54600  0  5.56e+02  1.83e+01  0  1.47e+02  2.68e+01  4.92e+00  1.38e+00  5.86e-01   0.79
2003 03 14  1515   52712   54900  0  5.41e+02  1.47e+01  0  1.09e+02  2.94e+01  4.95e+00  1.71e+00  4.58e-01   0.35
2003 03 14  1520   52712   55200  0  5.07e+02  1.72e+01  0  1.14e+02  2.64e+01  5.22e+00  1.34e+00  5.19e-01   0.44
2003 03 14  1525   52712   55500  0  5.73e+02  1.89e+01  0  1.29e+02  2.80e+01  4.48e+00  1.36e+00  7.49e-01   0.78
2003 03 14  1530   52712   55800  0  4.99e+02  1.48e+01  0  1.66e+02  3.00e+01  4.55e+00  1.28e+00  6.01e-01   0.48
2003 03 14  1535   52712   56100  0  5.19e+02  1.48e+01  0  1.14e+02  2.29e+01  5.11e+00  1.83e+00  4.75e-01   0.21
2003 03 14  1540   52712   56400  0  4.96e+02  1.50e+01  0  7.80e+01  2.80e+01  5.20e+00  1.74e+00  4.70e-01   0.20
2003 03 14  1545   52712   56700  0  5.68e+02  1.48e+01  0  1.67e+02  2.01e+01  5.37e+00  1.75e+00  7.64e-01   0.46
2003 03 14  1550   52712   57000  0  5.77e+02  1.68e+01  0  1.66e+02  2.14e+01  5.11e+00  1.35e+00  3.72e-01   0.52
2003 03 14  1555   52712   57300  0  5.64e+02  1.46e+01  0  1.83e+02  3.06e+01  4.75e+00  1.36e+00  5.66e-01   0.33
2003 03 14  1600   52712   57600  0  5.07e+02  1.41e+01  0  1.90e+02  2.51e+01  4.33e+00  1.87e+00  4.92e-01   0.79
2003 03 14  1605   52712   57900  0  5.23e+02  1.16e+01  0  1.83e+02  2.29e+01  3.93e+00  1.37e+00  4.72e-01   0.18
2003 03 14  1610   52712   58200  0  5.03e+02  1.37e+01  0  1.97e+02  2.30e+01  4.91e+00  1.38e+00  5.66e-01   0.12
2003 03 14  1615   52712   58500  0  5.21e+02  1.53e+01  0  2.13e+02  2.64e+01  5.41e+00  1.37e+00  6.06e-01   0.43
2003 03 14  1620   52712   58800  0  5.56e+02  1.56e+01  0  1.62e+02  1.96e+01  4.26e+00  1.40e+00  4.33e-01   0.52
2003 03 14  1625   52712   59100  0  5.16e+02  1.56e+01  0  2.33e+02  2.39e+01  5.23e+00  1.67e+00  4.01e-01   0.05
2003 03 14  1630   52712   59400  0  4.89e+02  1.62e+01  0  1.72e+02  2.60e+01  4.39e+00  1.41e+00  6.30e-01   0.05
2003 03 14  1635   52712   59700  0  5.71e+02  1.53e+01  0  1.39e+02  2.33e+01  4.79e+00  1.67e+00  5.61e-01   0.46
2003 03 14  1640   52712   60000  0  5.22e+02  1.47e+01  0  1.70e+02  3.14e+01  4.44e+00  1.48e+00  5.21e-01   0.41
2003 03 14  1645   52712   60300  0  5.59e+02  1.58e+01  0  1.82e+02  2.62e+01  5.18e+00  1.70e+00  6.16e-01   0.51
2003 03 14  1650   52712   60600  0  5.59e+02  2.00e+01  0  1.50e+02  2.67e+01  4.13e+00  1.29e+00  5.34e-01   0.34
2003 03 14  1655   52712   60900  0  5.53e+02  1.40e+01  0  1.20e+02  3.09e+01  5.02e+00  1.34e+00  6.77e-01   0.31
2003 03 14  1700   52712   61200  0  6.33e+02  1.58e+01  0  1.26e+02  3.13e+01  6.49e+00  1.67e+00  5.27e-01   0.18
2003 03 14  1705   52712   61500  0  5.81e+02  1.13e+01  0  1.77e+02  3.21e+01  5.44e+00  1.40e+00  6.37e-01   0.44
2003 03 14  1710   52712   61800  0  5.92e+02  1.22e+01  0  1.87e+02  2.85e+01  4.79e+00  1.50e+00  5.18e-01   0.22
2003 03 14  1715   52712   62100  0  5.95e+02  1.88e+01  0  2.16e+02  3.06e+01  4.60e+00  1.72e+00  6.17e-01   0.28
2003 03 14  1720   52712   62400  0  5.13e+02  1.34e+01  0  2.17e+02  2.75e+01  5.21e+00  2.17e+00  6.01e-01   0.21
2003 03 14  1725   52712   62700  0  6.07e+02  1.83e+01  0  2.53e+02  2.58e+01  5.24e+00  1.52e+00  7.35e-01   0.09
2003 03 14  1730   52712   63000  0  5.50e+02  1.56e+01  0  2.34e+02  2.75e+01  4.65e+00  1.90e+00  5.23e-01   0.08
2003 03 14  1735   52712   63300  0  5.63e+02  1.57e+01  0  2.56e+02  2.68e+01  5.88e+00  1.70e+00  7.96e-01   0.20
2003 03 14  1740   52712   63600  0  6.25e+02  1.30e+01  0  2.20e+02  2.96e+01  5.05e+00  1.91e+00  6.51e-01   0.31
2003 03 14  1745   52712   63900  0  5.18e+02  1.54e+01  0  2.64e+02  3.01e+01  5.36e+00  1.71e+00  6.24e-01   0.41
2003 03 14  1750   52712   64200  0  5.63e+02  1.58e+01  0  2.33e+02  2.90e+01  5.19e+00  1.83e+00  4.96e-01   0.09
2003 03 14  1755   52712   64500  0  5.88e+02  1.18e+01  0  3.70e+02  2.64e+01  6.83e+00  1.69e+00  5.04e-01   0.14
2003 03 14  1800   52712   64800  0  6.30e+02  1.61e+01  0  3.50e+02  2.73e+01  6.46e+00  1.97e+00  5.67e-01   0.39
2003 03 14  1805   52712   65100  0  5.74e+02  1.75e+01  0  2.44e+02  3.05e+01  6.16e+00  1.57e+00  5.91e-01   0.35
2003 03 14  1810   52712   65400  0  5.84e+02  1.38e+01  0  1.59e+02  2.36e+01  4.72e+00  1.74e+00  5.12e-01   0.22
2003 03 14  1815   52712   65700  0  5.26e+02  1.38e+01  0  1.50e+02  2.68e+01  5.41e+00  1.62e+00  4.58e-01   0.37
2003 03 14  1820   52712   66000  0  5.79e+02  1.80e+01  0  2.70e+02  2.71e+01  5.05e+00  1.49e+00  6.20e-01   0.85
2003 03 14  1825   52712   66300  0  5.59e+02  1.76e+01  0  3.93e+02  2.74e+01  5.83e+00  1.74e+00  5.97e-01   0.14
2003 03 14  1830   52712   66600  0  5.57e+02  1.66e+01  0  4.13e+02  2.21e+01  5.71e+00  2.15e+00  5.85e-01  -1.00
2003 03 14  1835   52712   66900  0  5.72e+02  1.53e+01  0  2.62e+02  2.43e+01  4.88e+00  1.47e+00  7.16e-01   0.48
2003 03 14  1840   52712   67200  0  5.56e+02  1.29e+01  0  3.28e+02  2.53e+01  5.11e+00  1.17e+00  5.55e-01   0.52
2003 03 14  1845   52712   67500  0  5.65e+02  1.54e+01  0  2.36e+02  2.94e+01  5.56e+00  1.48e+00  6.45e-01   0.42
2003 03 14  1850   52712   67800  0  5.74e+02  1.67e+01  0  2.02e+02  3.09e+01  6.26e+00  1.75e+00  4.79e-01   0.35
2003 03 14  1855   52712   68100  0  5.38e+02  1.66e+01  0  1.90e+02  3.09e+01  5.58e+00  1.62e+00  6.18e-01   0.33
2003 03 14  1900   52712   68400  0  5.23e+02  1.52e+01  0  1.89e+02  2.50e+01  4.60e+00  1.58e+00  5.66e-01   0.55
2003 03 14  1905   52712   68700  0  5.49e+02  1.51e+01  0  2.64e+02  2.92e+01  5.29e+00  1.79e+00  4.87e-01   0.24
2003 03 14  1910   52712   69000  0  5.47e+02  1.36e+01  0  2.67e+02  3.31e+01  6.31e+00  1.62e+00  4.58e-01   0.35
2003 03 14  1915   52712   69300  0  4.98e+02  1.39e+01  0  2.57e+02  2.84e+01  5.01e+00  1.98e+00  7.96e-01   0.38
2003 03 14  1920   52712   69600  0  5.91e+02  1.54e+01  0  2.02e+02  2.73e+01  5.33e+00  2.44e+00  5.68e-01   0.60
2003 03 14  1925   52712   69900  0  6.09e+02  1.74e+01  0  1.91e+02  3.10e+01  5.70e+00  2.20e+00  5.66e-01   0.21
2003 03 14  1930   52712   70200  0  5.93e+02  1.44e+01  0  2.37e+02  2.29e+01  4.92e+00  1.92e+00  5.32e-01   0.31
2003 03 14  1935   52712   70500  0  5.42e+02  1.41e+01  0  3.55e+02  2.66e+01  4.38e+00  2.10e+00  6.82e-01   0.48
2003 03 14  1940   52712   70800  0  4.98e+02  1.44e+01  0  2.58e+02  3.26e+01  6.42e+00  2.19e+00  5.52e-01   0.23
2003 03 14  1945   52712   71100  0  5.63e+02  1.62e+01  0  2.02e+02  2.54e+01  5.57e+00  1.89e+00  8.26e-01   0.20
2003 03 14  1950   52712   71400  0  5.33e+02  1.80e+01  0  1.42e+02  2.55e+01  4.44e+00  1.92e+00  6.01e-01   0.44
2003 03 14  1955   52712   71700  0  5.12e+02  1.68e+01  0  2.17e+02  2.25e+01  4.60e+00  2.04e+00  6.03e-01   0.05
2003 03 14  2000   52712   72000  0  5.30e+02  1.47e+01  0  3.01e+02  2.56e+01  4.27e+00  1.79e+00  5.92e-01   0.47
2003 03 14  2005   52712   72300  0  5.30e+02  1.62e+01  0  3.48e+02  2.71e+01  4.65e+00  1.76e+00  5.30e-01   0.12
2003 03 14  2010   52712   72600  0  5.73e+02  1.36e+01  0  3.69e+02  2.88e+01  6.10e+00  1.87e+00  7.06e-01   0.06
2003 03 14  2015   52712   72900  0  5.52e+02  1.54e+01  0  3.30e+02  2.55e+01  6.66e+00  1.70e+00  6.46e-01   0.17
2003 03 14  2020   52712   73200  0  5.41e+02  1.41e+01  0  3.96e+02  2.35e+01  3.85e+00  1.64e+00  7.23e-01   0.49
2003 03 14  2025   52712   73500  0  5.42e+02  1.62e+01  0  2.91e+02  2.81e+01  5.05e+00  1.94e+00  6.03e-01   0.63
2003 03 14  2030   52712   73800  0  5.28e+02  1.45e+01  0  3.66e+02  3.06e+01  5.88e+00  1.90e+00  5.88e-01   0.36
2003 03 14  2035   52712   74100  0  5.83e+02  1.45e+01  0  3.89e+02  3.09e+01  6.88e+00  2.12e+00  5.85e-01   0.75
2003 03 14  2040   52712   74400  0  5.74e+02  1.76e+01  0  4.42e+02  3.16e+01  4.57e+00  1.63e+00  5.30e-01   0.34
2003 03 14  2045   52712   74700  0  5.46e+02  1.64e+01  0  3.49e+02  2.44e+01  5.17e+00  1.93e+00  6.37e-01   0.50
2003 03 14  2050   52712   75000  0  5.59e+02  1.50e+01  0  4.09e+02  2.91e+01  4.85e+00  1.83e+00  4.35e-01   0.09
2003 03 14  2055   52712   75300  0  5.31e+02  1.59e+01  0  3.57e+02  2.75e+01  5.53e+00  1.98e+00  6.47e-01   0.39
2003 03 14  2100   52712   75600  0  5.75e+02  1.48e+01  0  3.35e+02  2.88e+01  6.43e+00  1.85e+00  6.94e-01   0.31
2003 03 14  2105   52712   75900  0  5.36e+02  1.54e+01  0  3.63e+02  2.64e+01  5.64e+00  2.08e+00  5.73e-01   0.53
2003 03 14  2110   52712   76200  0  5.75e+02  1.77e+01  0  4.15e+02  3.18e+01  6.70e+00  1.60e+00  6.66e-01   0.53
2003 03 14  2115   52712   76500  0  5.84e+02  1.58e+01  0  3.48e+02  3.27e+01  6.67e+00  1.85e+00  5.45e-01   0.34
2003 03 14  2120   52712   76800  0  5.82e+02  1.88e+01  0  1.95e+02  3.22e+01  5.29e+00  2.25e+00  5.27e-01   0.40
2003 03 14  2125   52712   77100  0  5.63e+02  1.50e+01  0  1.77e+02  3.02e+01  6.23e+00  2.37e+00  9.99e-01   0.24
2003 03 14  2130   52712   77400  0  5.92e+02  1.12e+01  0  1.65e+02  3.29e+01  6.91e+00  2.15e+00  6.17e-01   0.20
2003 03 14  2135   52712   77700  0  5.14e+02  1.63e+01  0  1.41e+02  3.37e+01  5.83e+00  2.24e+00  6.76e-01   0.16
2003 03 14  2140   52712   78000  0  5.57e+02  1.45e+01  0  1.43e+02  3.13e+01  5.91e+00  2.48e+00  6.27e-01   0.32
2003 03 14  2145   52712   78300  0  5.97e+02  1.52e+01  0  1.73e+02  3.35e+01  5.95e+00  2.09e+00  9.53e-01   0.72
2003 03 14  2150   52712   78600  0  5.74e+02  1.58e+01  0  1.50e+02  3.58e+01  6.25e+00  2.10e+00  8.54e-01   0.11
2003 03 14  2155   52712   78900  0  5.77e+02  1.72e+01  0  2.22e+02  2.42e+01  4.39e+00  2.19e+00  5.50e-01   0.22
2003 03 14  2200   52712   79200  0  5.42e+02  1.46e+01  0  2.27e+02  2.76e+01  5.44e+00  1.99e+00  6.54e-01   0.06
2003 03 14  2205   52712   79500  0  5.66e+02  1.68e+01  0  2.41e+02  2.93e+01  7.01e+00  2.13e+00  6.87e-01   0.12
2003 03 14  2210   52712   79800  0  6.00e+02  1.44e+01  0  3.07e+02  3.12e+01  6.36e+00  2.27e+00  6.60e-01   0.26
2003 03 14  2215   52712   80100  0  6.19e+02  1.67e+01  0  2.84e+02  2.82e+01  6.27e+00  1.79e+00  7.25e-01   0.64
2003 03 14  2220   52712   80400  0  5.72e+02  1.62e+01  0  1.92e+02  2.69e+01  5.24e+00  2.11e+00  8.65e-01   0.23
2003 03 14  2225   52712   80700  0  5.70e+02  1.92e+01  0  2.68e+02  2.38e+01  5.64e+00  2.08e+00  7.06e-01   0.20
2003 03 14  2230   52712   81000  0  5.64e+02  1.34e+01  0  2.22e+02  3.12e+01  6.49e+00  2.32e+00  7.07e-01   0.18
2003 03 14  2235   52712   81300  0  5.47e+02  1.34e+01  0  3.40e+02  2.62e+01  7.15e+00  2.12e+00  7.34e-01   0.23
2003 03 14  2240   52712   81600  0  5.22e+02  1.46e+01  0  3.52e+02  3.05e+01  6.10e+00  2.23e+00  8.57e-01   0.42
2003 03 14  2245   52712   81900  0  5.86e+02  1.38e+01  0  3.82e+02  2.94e+01  6.36e+00  2.09e+00  7.89e-01   0.06
2003 03 14  2250   52712   82200  0  6.15e+02  1.52e+01  0  4.64e+02  3.19e+01  7.07e+00  1.90e+00  7.76e-01   0.11
2003 03 14  2255   52712   82500  0  5.98e+02  1.63e+01  0  4.35e+02  2.89e+01  6.98e+00  1.91e+00  8.11e-01   0.49
2003 03 14  2300   52712   82800  0  5.12e+02  1.65e+01  0  3.32e+02  2.74e+01  4.65e+00  2.09e+00  8.75e-01   0.55
2003 03 14  2305   52712   83100  0  5.19e+02  1.07e+01  0  2.81e+02  3.21e+01  6.16e+00  1.68e+00  6.41e-01   0.42
2003 03 14  2310   52712   83400  0  5.85e+02  1.39e+01  0  2.81e+02  3.41e+01  6.82e+00  2.15e+00  5.50e-01   0.19
2003 03 14  2315   52712   83700  0  5.49e+02  1.54e+01  0  3.27e+02  3.32e+01  8.46e+00  1.85e+00  7.25e-01   0.46
2003 03 14  2320   52712   84000  0  5.82e+02  1.28e+01  0  3.09e+02  3.54e+01  7.03e+00  2.20e+00  6.61e-01   0.30
2003 03 14  2325   52712   84300  0  5.82e+02  1.40e+01  0  3.28e+02  3.22e+01  6.79e+00  2.43e+00  7.70e-01   0.13
2003 03 14  2330   52712   84600  0  5.65e+02  1.72e+01  0  4.11e+02  2.74e+01  5.64e+00  2.32e+00  4.70e-01   0.14
2003 03 14  2335   52712   84900  0  5.21e+02  1.35e+01  0  3.20e+02  3.81e+01  7.57e+00  2.39e+00  9.22e-01   0.10
2003 03 14  2340   52712   85200  0  5.70e+02  1.66e+01  0  4.38e+02  4.07e+01  7.63e+00  2.16e+00  8.21e-01   0.21
2003 03 14  2345   52712   85500  0  5.65e+02  1.65e+01  0  4.00e+02  4.30e+01  8.06e+00  2.37e+00  8.84e-01   0.16
2003 03 14  2350   52712   85800  0  5.99e+02  1.48e+01  0  3.79e+02  3.65e+01  8.11e+00  2.54e+00  1.10e+00   0.31
2003 03 14  2355   52712   86100  0  6.48e+02  1.43e+01  0  4.05e+02  3.14e+01  8.11e+00  2.14e+00  8.46e-01   0.14
