:Data_list: 20030814_ace_epam_5m.txt
:Created: 2003 Aug 15 0012 UT
# Prepared by the U.S. Dept. of Commerce, NOAA, Space Environment Center.
# Please send comments and suggestions to sec@sec.noaa.gov 
# 
# Units: Differential Flux particles/cm2-s-ster-MeV
# Units: Anisotropy Index 0.0 - 2.0
# Status(S): 0 = nominal, 4,6,7,8 = bad data, unable to process, 9 = no data
# Missing data values: -1.00e+05, index = -1.00
# Source: ACE Satellite - Electron, Proton, and Alpha Monitor
# Note: 2002 Mar 18: First Proton channel changed from 47-65 to 65-112keV.
#
#                      5-minute averaged Real-time Differential Electron and Proton Flux 
# 
#                Modified Seconds ---------------------------- Differential Flux --------------------------- 
# UT Date   Time  Julian  of the  ----- Electron -----   ------------------- Protons keV -------------------   Anis.
# YR MO DA  HHMM    Day    Day    S    38-53   175-315   S   65-112   112-187   310-580   761-1220 060-1910   Ratio
#-------------------------------------------------------------------------------------------------------------------
2003 08 14  0000   52865       0  0  3.03e+02  1.49e+01  0  2.21e+02  1.41e+01  1.36e+00  4.59e-01  5.09e-02   0.20
2003 08 14  0005   52865     300  0  3.85e+02  1.56e+01  0  2.83e+02  1.68e+01  2.03e+00  2.94e-01  0.00e+00   0.46
2003 08 14  0010   52865     600  0  3.20e+02  1.44e+01  0  4.11e+02  2.83e+01  9.24e-01  4.15e-01  0.00e+00   0.69
2003 08 14  0015   52865     900  0  3.24e+02  1.52e+01  0  4.80e+02  2.98e+01  1.37e+00  3.99e-01  9.55e-02   0.00
2003 08 14  0020   52865    1200  0  3.40e+02  1.51e+01  0  4.59e+02  2.15e+01  1.28e+00  3.11e-01  5.73e-02   0.79
2003 08 14  0025   52865    1500  0  3.35e+02  1.76e+01  0  5.45e+02  1.95e+01  1.71e+00  2.35e-01  0.00e+00   2.00
2003 08 14  0030   52865    1800  0  2.58e+02  1.52e+01  0  5.34e+02  3.34e+01  1.51e+00  4.90e-01  1.15e-01   0.69
2003 08 14  0035   52865    2100  0  4.02e+02  1.08e+01  0  7.43e+02  3.49e+01  1.51e+00  3.10e-01  1.41e-01   2.00
2003 08 14  0040   52865    2400  0  3.23e+02  1.40e+01  0  4.61e+02  3.27e+01  1.75e+00  3.94e-01  1.80e-01   0.92
2003 08 14  0045   52865    2700  0  2.89e+02  1.49e+01  0  5.92e+02  5.13e+01  1.98e+00  3.52e-01  0.00e+00   0.28
2003 08 14  0050   52865    3000  0  4.71e+02  1.65e+01  0  5.76e+02  4.21e+01  1.41e+00  3.31e-01  7.64e-02   0.00
2003 08 14  0055   52865    3300  0  3.27e+02  1.49e+01  0  4.66e+02  4.58e+01  1.29e+00  4.12e-01  0.00e+00  -1.00
2003 08 14  0100   52865    3600  0  4.86e+02  1.42e+01  0  5.29e+02  4.26e+01  2.28e+00  3.92e-01  9.16e-02  -1.00
2003 08 14  0105   52865    3900  0  3.12e+02  1.34e+01  0  6.51e+02  3.78e+01  1.53e+00  4.90e-01  8.33e-02  -1.00
2003 08 14  0110   52865    4200  0  2.98e+02  1.28e+01  0  6.22e+02  3.19e+01  1.82e+00  4.18e-01  1.04e-01   0.80
2003 08 14  0115   52865    4500  0  2.98e+02  1.79e+01  0  5.73e+02  3.14e+01  1.44e+00  4.03e-01  5.09e-02  -1.00
2003 08 14  0120   52865    4800  0  2.48e+02  1.42e+01  0  6.57e+02  2.67e+01  1.68e+00  2.80e-01  1.64e-01   1.61
2003 08 14  0125   52865    5100  0  3.08e+02  1.52e+01  0  9.72e+02  2.38e+01  1.52e+00  5.07e-01  1.15e-01   1.85
2003 08 14  0130   52865    5400  0  2.84e+02  1.64e+01  0  8.73e+02  2.08e+01  1.69e+00  2.18e-01  4.58e-02  -1.00
2003 08 14  0135   52865    5700  0  3.10e+02  1.51e+01  0  6.96e+02  1.89e+01  1.51e+00  3.32e-01  9.16e-02   2.00
2003 08 14  0140   52865    6000  0  3.33e+02  1.38e+01  0  5.46e+02  1.95e+01  1.27e+00  1.57e-01  5.09e-02  -1.00
2003 08 14  0145   52865    6300  0  2.74e+02  1.50e+01  0  4.01e+02  1.99e+01  1.57e+00  3.33e-01  5.73e-02  -1.00
2003 08 14  0150   52865    6600  0  2.78e+02  1.44e+01  0  4.07e+02  1.73e+01  1.59e+00  2.95e-01  1.23e-01  -1.00
2003 08 14  0155   52865    6900  0  3.32e+02  1.21e+01  0  2.41e+02  1.64e+01  2.11e+00  3.33e-01  5.73e-02  -1.00
2003 08 14  0200   52865    7200  0  3.41e+02  1.51e+01  0  2.85e+02  1.76e+01  1.88e+00  2.90e-01  1.04e-01   1.65
2003 08 14  0205   52865    7500  0  3.33e+02  1.42e+01  0  3.18e+02  2.05e+01  1.40e+00  3.96e-01  2.11e-01   0.71
2003 08 14  0210   52865    7800  0  2.93e+02  1.57e+01  0  3.64e+02  1.94e+01  1.37e+00  2.94e-01  2.51e-01   0.87
2003 08 14  0215   52865    8100  0  3.12e+02  1.66e+01  0  3.90e+02  1.46e+01  1.22e+00  3.28e-01  9.55e-02   0.28
2003 08 14  0220   52865    8400  0  2.71e+02  1.40e+01  0  4.81e+02  3.17e+01  1.69e+00  3.78e-01  8.33e-02   1.41
2003 08 14  0225   52865    8700  0  3.37e+02  1.40e+01  0  6.62e+02  6.05e+01  2.20e+00  3.89e-01  7.64e-02   1.20
2003 08 14  0230   52865    9000  0  3.85e+02  1.50e+01  0  7.57e+02  4.37e+01  1.57e+00  4.65e-01  0.00e+00  -1.00
2003 08 14  0235   52865    9300  0  3.45e+02  1.43e+01  0  6.57e+02  3.87e+01  1.96e+00  3.81e-01  9.16e-02   2.00
2003 08 14  0240   52865    9600  0  3.60e+02  1.79e+01  0  5.04e+02  3.09e+01  2.06e+00  2.07e-01  9.16e-02  -1.00
2003 08 14  0245   52865    9900  0  3.88e+02  1.22e+01  0  3.99e+02  2.30e+01  1.82e+00  4.60e-01  5.73e-02  -1.00
2003 08 14  0250   52865   10200  0  3.57e+02  1.40e+01  0  4.03e+02  2.15e+01  1.42e+00  4.46e-01  1.15e-01   2.00
2003 08 14  0255   52865   10500  0  2.86e+02  1.25e+01  0  4.12e+02  2.24e+01  1.62e+00  3.91e-01  8.33e-02  -1.00
2003 08 14  0300   52865   10800  0  4.00e+02  1.55e+01  0  3.71e+02  2.31e+01  1.82e+00  4.71e-01  2.14e-01   0.98
2003 08 14  0305   52865   11100  0  2.82e+02  1.21e+01  0  3.79e+02  2.47e+01  1.76e+00  2.78e-01  4.16e-02   0.62
2003 08 14  0310   52865   11400  0  3.57e+02  1.27e+01  0  4.53e+02  3.59e+01  1.35e+00  3.86e-01  2.18e-01   0.77
2003 08 14  0315   52865   11700  0  2.98e+02  1.77e+01  0  2.76e+02  2.35e+01  1.31e+00  3.31e-01  8.33e-02   0.44
2003 08 14  0320   52865   12000  0  2.75e+02  1.53e+01  0  2.73e+02  2.06e+01  1.25e+00  2.38e-01  1.25e-01  -1.00
2003 08 14  0325   52865   12300  0  2.89e+02  1.25e+01  0  2.14e+02  1.88e+01  1.62e+00  2.49e-01  6.87e-02   0.77
2003 08 14  0330   52865   12600  0  2.44e+02  1.30e+01  0  1.69e+02  2.24e+01  1.20e+00  4.22e-01  4.17e-02  -1.00
2003 08 14  0335   52865   12900  0  3.08e+02  1.18e+01  0  1.25e+02  1.69e+01  1.44e+00  3.44e-01  8.33e-02  -1.00
2003 08 14  0340   52865   13200  0  2.78e+02  1.70e+01  0  2.15e+02  1.91e+01  1.35e+00  3.12e-01  2.21e-01  -1.00
2003 08 14  0345   52865   13500  0  2.81e+02  1.50e+01  0  2.29e+02  1.39e+01  1.49e+00  3.90e-01  1.23e-01   0.67
2003 08 14  0350   52865   13800  0  2.78e+02  1.56e+01  0  2.91e+02  1.75e+01  1.80e+00  1.60e-01  1.02e-01  -1.00
2003 08 14  0355   52865   14100  0  2.75e+02  1.45e+01  0  2.89e+02  1.71e+01  1.42e+00  4.10e-01  0.00e+00   0.77
2003 08 14  0400   52865   14400  0  3.54e+02  1.43e+01  0  2.84e+02  1.75e+01  1.10e+00  1.91e-01  0.00e+00   2.00
2003 08 14  0405   52865   14700  0  2.58e+02  1.28e+01  0  2.54e+02  1.77e+01  1.69e+00  1.73e-01  0.00e+00   2.00
2003 08 14  0410   52865   15000  0  2.31e+02  1.16e+01  0  3.67e+02  2.19e+01  1.32e+00  2.35e-01  1.02e-01   2.00
2003 08 14  0415   52865   15300  0  3.03e+02  1.55e+01  0  3.66e+02  1.77e+01  1.39e+00  3.70e-01  1.72e-01  -1.00
2003 08 14  0420   52865   15600  0  2.94e+02  1.47e+01  0  3.87e+02  1.95e+01  1.53e+00  3.33e-01  0.00e+00  -1.00
2003 08 14  0425   52865   15900  0  2.74e+02  1.19e+01  0  4.89e+02  3.61e+01  1.82e+00  3.70e-01  1.59e-01   1.85
2003 08 14  0430   52865   16200  0  2.47e+02  1.16e+01  0  6.26e+02  4.59e+01  1.82e+00  2.66e-01  1.35e-01  -1.00
2003 08 14  0435   52865   16500  0  3.47e+02  1.82e+01  0  3.99e+02  2.43e+01  1.24e+00  3.66e-01  1.15e-01   0.71
2003 08 14  0440   52865   16800  0  2.89e+02  1.55e+01  0  3.59e+02  1.22e+01  9.37e-01  3.01e-01  9.16e-02   0.29
2003 08 14  0445   52865   17100  0  2.33e+02  1.40e+01  0  3.97e+02  1.75e+01  8.71e-01  4.34e-01  2.29e-01   0.98
2003 08 14  0450   52865   17400  0  2.80e+02  1.18e+01  0  4.57e+02  1.80e+01  1.44e+00  3.52e-01  0.00e+00   1.49
2003 08 14  0455   52865   17700  0  2.41e+02  1.48e+01  0  4.51e+02  1.57e+01  1.38e+00  3.59e-01  9.16e-02   1.20
2003 08 14  0500   52865   18000  0  3.04e+02  1.80e+01  0  3.65e+02  1.63e+01  1.61e+00  4.04e-01  0.00e+00   0.67
2003 08 14  0505   52865   18300  0  3.20e+02  1.44e+01  0  3.46e+02  1.67e+01  1.53e+00  4.52e-01  1.15e-01   1.85
2003 08 14  0510   52865   18600  0  3.60e+02  1.55e+01  0  3.32e+02  1.27e+01  1.77e+00  5.72e-01  0.00e+00   1.03
2003 08 14  0515   52865   18900  0  3.05e+02  1.34e+01  0  4.32e+02  2.08e+01  1.36e+00  4.02e-01  0.00e+00  -1.00
2003 08 14  0520   52865   19200  0  3.25e+02  1.37e+01  0  3.40e+02  1.58e+01  1.44e+00  4.31e-01  8.81e-02   2.00
2003 08 14  0525   52865   19500  0  2.86e+02  1.11e+01  0  3.26e+02  1.36e+01  1.44e+00  4.07e-01  3.29e-01   2.00
2003 08 14  0530   52865   19800  0  4.35e+02  1.45e+01  0  4.17e+02  1.35e+01  1.51e+00  5.43e-01  2.21e-01   0.15
2003 08 14  0535   52865   20100  0  3.74e+02  1.27e+01  0  4.18e+02  1.55e+01  2.02e+00  5.14e-01  3.27e-01   0.91
2003 08 14  0540   52865   20400  0  4.13e+02  1.58e+01  0  5.08e+02  1.13e+01  1.33e+00  5.83e-01  1.29e-01   0.60
2003 08 14  0545   52865   20700  0  4.02e+02  1.19e+01  0  3.80e+02  1.35e+01  1.86e+00  3.27e-01  2.37e-01   1.00
2003 08 14  0550   52865   21000  0  3.60e+02  1.64e+01  0  3.01e+02  1.42e+01  1.95e+00  4.17e-01  2.44e-01   0.89
2003 08 14  0555   52865   21300  0  3.79e+02  1.40e+01  0  2.88e+02  1.56e+01  2.06e+00  3.82e-01  1.75e-01  -1.00
2003 08 14  0600   52865   21600  0  3.82e+02  1.42e+01  0  1.98e+02  1.40e+01  1.44e+00  4.38e-01  2.22e-01   0.54
2003 08 14  0605   52865   21900  0  3.07e+02  1.52e+01  0  2.30e+02  1.39e+01  1.30e+00  4.28e-01  2.29e-01  -1.00
2003 08 14  0610   52865   22200  0  3.28e+02  1.36e+01  0  1.89e+02  1.33e+01  1.42e+00  5.64e-01  1.72e-01   0.77
2003 08 14  0615   52865   22500  0  4.02e+02  1.48e+01  0  3.58e+02  1.10e+01  1.82e+00  2.72e-01  1.85e-01   0.00
2003 08 14  0620   52865   22800  0  3.51e+02  1.52e+01  0  4.47e+02  1.32e+01  8.65e-01  5.25e-01  1.64e-01  -1.00
2003 08 14  0625   52865   23100  0  2.83e+02  1.41e+01  0  4.68e+02  1.06e+01  1.99e+00  3.27e-01  3.00e-01  -1.00
2003 08 14  0630   52865   23400  0  3.26e+02  1.51e+01  0  5.13e+02  1.46e+01  1.06e+00  4.79e-01  1.72e-01   0.00
2003 08 14  0635   52865   23700  0  3.80e+02  1.10e+01  0  4.94e+02  1.42e+01  2.30e+00  4.28e-01  1.64e-01  -1.00
2003 08 14  0640   52865   24000  0  3.38e+02  1.51e+01  0  5.53e+02  1.45e+01  2.03e+00  4.57e-01  1.64e-01  -1.00
2003 08 14  0645   52865   24300  0  2.58e+02  1.48e+01  0  5.04e+02  1.59e+01  1.61e+00  3.65e-01  1.72e-01   0.98
2003 08 14  0650   52865   24600  0  3.77e+02  1.58e+01  0  4.18e+02  1.41e+01  1.44e+00  2.74e-01  2.08e-01  -1.00
2003 08 14  0655   52865   24900  0  3.45e+02  1.25e+01  0  4.36e+02  1.51e+01  2.08e+00  5.89e-01  5.73e-02   1.87
2003 08 14  0700   52865   25200  0  2.58e+02  1.56e+01  0  5.08e+02  1.48e+01  1.67e+00  6.02e-01  0.00e+00   1.07
2003 08 14  0705   52865   25500  0  4.00e+02  1.15e+01  0  4.85e+02  1.44e+01  1.24e+00  5.25e-01  7.64e-02   0.67
2003 08 14  0710   52865   25800  0  3.60e+02  1.67e+01  0  4.59e+02  1.24e+01  1.41e+00  5.37e-01  0.00e+00  -1.00
2003 08 14  0715   52865   26100  0  3.73e+02  1.38e+01  0  4.82e+02  1.55e+01  1.39e+00  3.62e-01  0.00e+00  -1.00
2003 08 14  0720   52865   26400  0  3.17e+02  1.26e+01  0  4.57e+02  1.75e+01  1.76e+00  4.51e-01  0.00e+00  -1.00
2003 08 14  0725   52865   26700  0  4.27e+02  1.68e+01  0  4.45e+02  1.43e+01  1.73e+00  4.15e-01  1.53e-01   0.69
2003 08 14  0730   52865   27000  0  2.93e+02  1.48e+01  0  4.08e+02  9.02e+00  1.19e+00  4.69e-01  4.58e-02   0.80
2003 08 14  0735   52865   27300  0  3.12e+02  1.65e+01  0  3.87e+02  1.11e+01  1.15e+00  4.89e-01  0.00e+00   2.00
2003 08 14  0740   52865   27600  0  3.93e+02  1.45e+01  0  5.74e+02  1.40e+01  1.27e+00  2.86e-01  0.00e+00  -1.00
2003 08 14  0745   52865   27900  0  3.27e+02  1.35e+01  0  4.37e+02  1.19e+01  2.12e+00  5.39e-01  5.09e-02   1.85
2003 08 14  0750   52865   28200  0  3.72e+02  1.60e+01  0  4.18e+02  1.55e+01  1.72e+00  5.05e-01  1.23e-01   0.76
2003 08 14  0755   52865   28500  0  5.81e+02  1.18e+01  0  3.96e+02  1.43e+01  1.73e+00  4.82e-01  8.59e-02  -1.00
2003 08 14  0800   52865   28800  0  4.02e+02  1.15e+01  0  3.61e+02  1.09e+01  1.66e+00  5.09e-01  1.15e-01   0.26
2003 08 14  0805   52865   29100  0  3.26e+02  1.25e+01  0  3.45e+02  1.51e+01  1.92e+00  3.63e-01  1.94e-01   1.61
2003 08 14  0810   52865   29400  0  3.51e+02  1.61e+01  0  3.66e+02  1.48e+01  2.18e+00  5.96e-01  3.18e-01   0.69
2003 08 14  0815   52865   29700  0  3.70e+02  1.50e+01  0  3.68e+02  1.45e+01  1.37e+00  4.92e-01  2.86e-01   2.00
2003 08 14  0820   52865   30000  0  3.46e+02  1.46e+01  0  3.41e+02  1.42e+01  1.44e+00  2.96e-01  1.46e-01   1.36
2003 08 14  0825   52865   30300  9 -1.00e+05 -1.00e+05  9 -1.00e+05 -1.00e+05 -1.00e+05 -1.00e+05 -1.00e+05  -1.00
2003 08 14  0830   52865   30600  9 -1.00e+05 -1.00e+05  9 -1.00e+05 -1.00e+05 -1.00e+05 -1.00e+05 -1.00e+05  -1.00
2003 08 14  0835   52865   30900  9 -1.00e+05  1.49e+01  0  4.83e+02  2.34e+01  2.88e+00  1.14e+00  4.58e-01  -1.00
2003 08 14  0840   52865   31200  0  4.03e+02  1.40e+01  0  3.92e+02  1.20e+01  1.96e+00  5.09e-01  2.29e-01   1.41
2003 08 14  0845   52865   31500  0  2.87e+02  1.11e+01  0  3.85e+02  1.39e+01  1.44e+00  6.14e-01  1.50e-01   2.00
2003 08 14  0850   52865   31800  0  3.68e+02  1.49e+01  0  4.45e+02  1.64e+01  1.18e+00  4.15e-01  1.04e-01   2.00
2003 08 14  0855   52865   32100  0  3.17e+02  1.57e+01  0  5.70e+02  1.41e+01  1.35e+00  5.08e-01  1.62e-01   1.02
2003 08 14  0900   52865   32400  0  3.57e+02  1.39e+01  0  3.19e+02  1.79e+01  1.29e+00  3.95e-01  1.59e-01   0.54
2003 08 14  0905   52865   32700  0  3.80e+02  1.21e+01  0  3.68e+02  1.53e+01  1.49e+00  3.48e-01  1.60e-01  -1.00
2003 08 14  0910   52865   33000  0  3.31e+02  1.46e+01  0  3.64e+02  1.24e+01  1.25e+00  5.56e-01  2.55e-01   0.62
2003 08 14  0915   52865   33300  0  3.26e+02  1.30e+01  0  2.80e+02  1.19e+01  1.97e+00  3.44e-01  2.43e-01   0.00
2003 08 14  0920   52865   33600  0  3.20e+02  1.61e+01  0  3.72e+02  1.62e+01  1.40e+00  4.64e-01  2.00e-01   0.00
2003 08 14  0925   52865   33900  0  3.81e+02  1.48e+01  0  4.74e+02  1.49e+01  1.37e+00  5.09e-01  2.90e-01   0.62
2003 08 14  0930   52865   34200  0  3.75e+02  1.43e+01  0  3.41e+02  1.68e+01  2.02e+00  4.57e-01  2.43e-01   1.13
2003 08 14  0935   52865   34500  0  3.32e+02  1.28e+01  0  3.66e+02  1.61e+01  1.64e+00  4.57e-01  1.59e-01   0.77
2003 08 14  0940   52865   34800  0  3.68e+02  1.28e+01  0  4.22e+02  1.42e+01  1.60e+00  4.80e-01  0.00e+00   1.36
2003 08 14  0945   52865   35100  0  3.14e+02  1.49e+01  0  4.27e+02  1.69e+01  2.28e+00  4.29e-01  0.00e+00   0.37
2003 08 14  0950   52865   35400  0  3.68e+02  1.24e+01  0  4.08e+02  1.38e+01  2.18e+00  2.80e-01  2.55e-01   2.00
2003 08 14  0955   52865   35700  0  3.84e+02  1.25e+01  0  4.19e+02  1.46e+01  1.06e+00  5.19e-01  3.05e-01   0.66
2003 08 14  1000   52865   36000  0  4.69e+02  1.50e+01  0  1.20e+03  8.88e+01  2.16e+00  2.06e-01  4.17e-02   2.00
2003 08 14  1005   52865   36300  0  3.42e+02  1.39e+01  0  1.32e+03  9.57e+01  2.01e+00  5.87e-01  1.15e-01   1.11
2003 08 14  1010   52865   36600  0  3.15e+02  1.34e+01  0  2.76e+03  1.93e+02  2.20e+00  5.48e-01  6.87e-02   1.22
2003 08 14  1015   52865   36900  0  3.69e+02  1.52e+01  0  6.39e+02  3.88e+01  1.75e+00  4.37e-01  1.24e-01   1.15
2003 08 14  1020   52865   37200  0  3.57e+02  1.47e+01  0  4.16e+02  1.31e+01  1.32e+00  3.80e-01  4.58e-02   1.12
2003 08 14  1025   52865   37500  0  3.10e+02  1.24e+01  0  4.18e+02  1.44e+01  1.03e+00  3.18e-01  1.95e-01   0.77
2003 08 14  1030   52865   37800  0  3.43e+02  1.37e+01  0  4.02e+02  1.50e+01  1.20e+00  3.93e-01  9.16e-02   0.80
2003 08 14  1035   52865   38100  0  3.45e+02  1.41e+01  0  3.65e+02  1.25e+01  1.60e+00  4.18e-01  1.76e-01   2.00
2003 08 14  1040   52865   38400  0  3.64e+02  1.23e+01  0  4.73e+02  1.18e+01  1.62e+00  4.84e-01  5.09e-02   0.97
2003 08 14  1045   52865   38700  0  3.70e+02  1.45e+01  0  3.85e+02  1.47e+01  1.51e+00  4.38e-01  0.00e+00   0.40
2003 08 14  1050   52865   39000  0  3.87e+02  1.50e+01  0  4.40e+02  1.12e+01  1.44e+00  5.31e-01  0.00e+00   0.62
2003 08 14  1055   52865   39300  0  3.14e+02  1.70e+01  0  4.34e+02  1.40e+01  2.03e+00  5.72e-01  0.00e+00   0.58
2003 08 14  1100   52865   39600  0  3.06e+02  1.33e+01  0  4.09e+02  1.76e+01  2.10e+00  3.86e-01  9.55e-02   2.00
2003 08 14  1105   52865   39900  0  4.10e+02  1.36e+01  0  3.70e+02  1.24e+01  1.22e+00  3.28e-01  2.93e-01   0.77
2003 08 14  1110   52865   40200  0  3.06e+02  1.48e+01  0  3.80e+02  1.25e+01  1.70e+00  4.07e-01  1.15e-01   2.00
2003 08 14  1115   52865   40500  0  2.81e+02  1.48e+01  0  5.10e+02  1.34e+01  1.04e+00  2.93e-01  5.73e-02  -1.00
2003 08 14  1120   52865   40800  0  3.36e+02  1.32e+01  0  5.26e+02  1.48e+01  1.38e+00  3.05e-01  1.53e-01   1.85
2003 08 14  1125   52865   41100  0  3.97e+02  1.28e+01  0  3.86e+02  1.27e+01  1.30e+00  4.79e-01  6.87e-02   0.94
2003 08 14  1130   52865   41400  0  3.30e+02  1.34e+01  0  3.20e+02  1.54e+01  1.58e+00  3.62e-01  2.65e-01  -1.00
2003 08 14  1135   52865   41700  0  3.15e+02  1.74e+01  0  5.95e+02  1.09e+01  1.28e+00  4.18e-01  1.80e-01  -1.00
2003 08 14  1140   52865   42000  0  3.87e+02  1.74e+01  0  7.45e+02  1.39e+01  1.53e+00  4.14e-01  1.55e-01  -1.00
2003 08 14  1145   52865   42300  0  3.39e+02  1.61e+01  0  6.59e+02  1.19e+01  9.41e-01  4.02e-01  4.17e-02  -1.00
2003 08 14  1150   52865   42600  0  2.78e+02  1.26e+01  0  5.89e+02  1.28e+01  1.52e+00  5.22e-01  1.15e-01   0.69
2003 08 14  1155   52865   42900  0  3.79e+02  1.45e+01  0  5.62e+02  1.52e+01  1.55e+00  4.21e-01  0.00e+00   2.00
2003 08 14  1200   52865   43200  0  4.01e+02  1.27e+01  0  3.93e+02  1.42e+01  2.40e+00  4.52e-01  1.72e-01   1.87
2003 08 14  1205   52865   43500  0  2.98e+02  1.57e+01  0  2.81e+02  1.25e+01  2.00e+00  4.98e-01  1.94e-01   2.00
2003 08 14  1210   52865   43800  0  2.85e+02  1.27e+01  0  3.21e+02  1.36e+01  1.79e+00  4.97e-01  0.00e+00   0.28
2003 08 14  1215   52865   44100  0  3.79e+02  1.56e+01  0  3.84e+02  1.58e+01  1.34e+00  3.70e-01  2.15e-01  -1.00
2003 08 14  1220   52865   44400  0  3.12e+02  1.39e+01  0  3.25e+02  1.36e+01  8.79e-01  4.89e-01  2.23e-01   0.42
2003 08 14  1225   52865   44700  0  2.87e+02  1.33e+01  0  3.75e+02  1.21e+01  1.26e+00  3.24e-01  9.55e-02  -1.00
2003 08 14  1230   52865   45000  0  3.59e+02  1.52e+01  0  4.94e+02  1.76e+01  1.63e+00  4.84e-01  9.37e-02   1.36
2003 08 14  1235   52865   45300  0  3.04e+02  1.47e+01  0  3.89e+02  1.29e+01  1.57e+00  5.83e-01  0.00e+00   0.40
2003 08 14  1240   52865   45600  0  3.31e+02  1.46e+01  0  3.09e+02  1.53e+01  1.58e+00  3.01e-01  1.76e-01   1.87
2003 08 14  1245   52865   45900  0  3.41e+02  1.57e+01  0  3.82e+02  1.57e+01  1.31e+00  4.57e-01  6.55e-02  -1.00
2003 08 14  1250   52865   46200  0  3.92e+02  1.38e+01  0  4.46e+02  1.32e+01  1.77e+00  5.47e-01  0.00e+00   0.91
2003 08 14  1255   52865   46500  0  3.00e+02  1.58e+01  0  3.24e+02  1.62e+01  1.52e+00  3.09e-01  1.96e-01  -1.00
2003 08 14  1300   52865   46800  0  2.98e+02  1.54e+01  0  2.85e+02  1.17e+01  1.66e+00  2.81e-01  2.75e-01  -1.00
2003 08 14  1305   52865   47100  0  3.48e+02  1.06e+01  0  3.83e+02  1.43e+01  1.72e+00  1.90e-01  2.64e-01  -1.00
2003 08 14  1310   52865   47400  0  3.06e+02  1.48e+01  0  2.90e+02  1.98e+01  1.24e+00  4.30e-01  1.94e-01  -1.00
2003 08 14  1315   52865   47700  0  3.25e+02  1.40e+01  0  3.60e+02  1.48e+01  1.59e+00  3.42e-01  0.00e+00  -1.00
2003 08 14  1320   52865   48000  0  3.91e+02  1.35e+01  0  2.96e+02  1.36e+01  1.32e+00  3.00e-01  0.00e+00  -1.00
2003 08 14  1325   52865   48300  0  3.32e+02  1.42e+01  0  4.12e+02  1.35e+01  2.00e+00  5.57e-01  0.00e+00   0.63
2003 08 14  1330   52865   48600  0  3.41e+02  1.31e+01  0  3.72e+02  1.29e+01  1.72e+00  3.93e-01  1.93e-01  -1.00
2003 08 14  1335   52865   48900  0  3.31e+02  1.07e+01  0  3.31e+02  1.15e+01  1.36e+00  1.53e-01  0.00e+00   2.00
2003 08 14  1340   52865   49200  0  3.45e+02  1.42e+01  0  2.91e+02  1.59e+01  1.26e+00  2.96e-01  0.00e+00   0.51
2003 08 14  1345   52865   49500  0  2.73e+02  1.37e+01  0  2.21e+02  1.27e+01  1.13e+00  2.87e-01  0.00e+00   1.87
2003 08 14  1350   52865   49800  0  2.58e+02  1.81e+01  0  2.52e+02  1.26e+01  1.37e+00  1.83e-01  9.16e-02  -1.00
2003 08 14  1355   52865   50100  0  3.37e+02  1.31e+01  0  2.23e+02  1.31e+01  1.33e+00  6.53e-01  1.83e-01   0.25
2003 08 14  1400   52865   50400  0  2.78e+02  1.54e+01  0  1.94e+02  1.25e+01  1.33e+00  2.38e-01  2.45e-01  -1.00
2003 08 14  1405   52865   50700  0  3.17e+02  1.48e+01  0  2.38e+02  1.06e+01  1.06e+00  4.52e-01  9.16e-02   0.89
2003 08 14  1410   52865   51000  0  3.08e+02  1.50e+01  0  3.65e+02  1.67e+01  1.64e+00  4.18e-01  4.17e-02   1.20
2003 08 14  1415   52865   51300  0  3.02e+02  1.36e+01  0  3.95e+02  1.40e+01  1.62e+00  3.93e-01  0.00e+00  -1.00
2003 08 14  1420   52865   51600  0  2.92e+02  1.59e+01  0  3.62e+02  1.03e+01  1.42e+00  4.76e-01  5.09e-02  -1.00
2003 08 14  1425   52865   51900  0  3.17e+02  1.62e+01  0  3.59e+02  1.54e+01  1.95e+00  4.01e-01  0.00e+00  -1.00
2003 08 14  1430   52865   52200  0  3.37e+02  1.13e+01  0  4.28e+02  1.30e+01  7.44e-01  4.46e-01  2.10e-01   2.00
2003 08 14  1435   52865   52500  0  2.84e+02  1.39e+01  0  4.13e+02  1.73e+01  1.72e+00  4.04e-01  3.82e-02  -1.00
2003 08 14  1440   52865   52800  0  3.09e+02  1.55e+01  0  3.91e+02  1.75e+01  1.24e+00  3.99e-01  1.47e-01  -1.00
2003 08 14  1445   52865   53100  0  2.95e+02  1.56e+01  0  4.28e+02  1.22e+01  1.49e+00  4.40e-01  0.00e+00   0.98
2003 08 14  1450   52865   53400  0  4.22e+02  1.53e+01  0  5.96e+02  1.31e+01  1.84e+00  4.96e-01  6.55e-02  -1.00
2003 08 14  1455   52865   53700  0  3.34e+02  1.53e+01  0  5.87e+02  1.35e+01  7.89e-01  3.58e-01  1.94e-01   2.00
2003 08 14  1500   52865   54000  0  3.67e+02  1.34e+01  0  8.50e+02  6.57e+01  1.63e+00  4.64e-01  9.16e-02   1.41
2003 08 14  1505   52865   54300  0  3.55e+02  1.44e+01  0  5.94e+02  2.03e+01  1.44e+00  4.34e-01  5.09e-02   1.15
2003 08 14  1510   52865   54600  0  4.96e+02  1.49e+01  0  6.20e+02  3.33e+01  1.77e+00  4.26e-01  1.94e-01   2.00
2003 08 14  1515   52865   54900  0  3.30e+02  1.75e+01  0  6.71e+02  4.05e+01  1.82e+00  4.30e-01  1.80e-01   0.77
2003 08 14  1520   52865   55200  0  3.67e+02  1.52e+01  0  4.89e+02  1.45e+01  1.31e+00  3.66e-01  7.64e-02   0.77
2003 08 14  1525   52865   55500  0  2.92e+02  1.36e+01  0  5.51e+02  1.42e+01  1.52e+00  3.55e-01  1.59e-01   2.00
2003 08 14  1530   52865   55800  0  3.13e+02  1.38e+01  0  5.63e+02  1.79e+01  1.63e+00  4.87e-01  8.59e-02   0.33
2003 08 14  1535   52865   56100  0  3.45e+02  1.70e+01  0  6.75e+02  2.42e+01  1.37e+00  3.68e-01  1.04e-01  -1.00
2003 08 14  1540   52865   56400  0  4.07e+02  1.21e+01  0  5.81e+02  2.27e+01  1.44e+00  4.95e-01  0.00e+00   0.91
2003 08 14  1545   52865   56700  9 -1.00e+05 -1.00e+05  9 -1.00e+05 -1.00e+05 -1.00e+05 -1.00e+05 -1.00e+05  -1.00
2003 08 14  1550   52865   57000  9 -1.00e+05 -1.00e+05  9 -1.00e+05 -1.00e+05 -1.00e+05 -1.00e+05 -1.00e+05  -1.00
2003 08 14  1555   52865   57300  9 -1.00e+05 -1.00e+05  9 -1.00e+05 -1.00e+05 -1.00e+05 -1.00e+05 -1.00e+05  -1.00
2003 08 14  1600   52865   57600  0  2.94e+02  1.26e+01  0  1.57e+03  1.21e+02  2.20e+00  3.05e-01  1.64e-01   0.71
2003 08 14  1605   52865   57900  0  3.47e+02  1.33e+01  0  8.42e+02  4.99e+01  1.40e+00  7.07e-01  1.25e-01   0.00
2003 08 14  1610   52865   58200  0  3.10e+02  1.23e+01  0  6.97e+02  4.67e+01  2.04e+00  2.46e-01  1.31e-01   1.60
2003 08 14  1615   52865   58500  0  3.15e+02  1.64e+01  0  6.35e+02  2.94e+01  1.15e+00  2.90e-01  1.53e-01  -1.00
2003 08 14  1620   52865   58800  0  3.32e+02  1.43e+01  0  6.78e+02  3.35e+01  1.68e+00  5.22e-01  1.50e-01   1.41
2003 08 14  1625   52865   59100  9 -1.00e+05 -1.00e+05  9 -1.00e+05 -1.00e+05 -1.00e+05 -1.00e+05 -1.00e+05  -1.00
2003 08 14  1630   52865   59400  9 -1.00e+05 -1.00e+05  9 -1.00e+05 -1.00e+05 -1.00e+05 -1.00e+05 -1.00e+05  -1.00
2003 08 14  1635   52865   59700  9 -1.00e+05 -1.00e+05  9 -1.00e+05 -1.00e+05 -1.00e+05 -1.00e+05 -1.00e+05  -1.00
2003 08 14  1640   52865   60000  9 -1.00e+05 -1.00e+05  9 -1.00e+05 -1.00e+05 -1.00e+05 -1.00e+05 -1.00e+05  -1.00
2003 08 14  1645   52865   60300  9 -1.00e+05 -1.00e+05  9 -1.00e+05 -1.00e+05 -1.00e+05 -1.00e+05 -1.00e+05  -1.00
2003 08 14  1650   52865   60600  9 -1.00e+05 -1.00e+05  9 -1.00e+05 -1.00e+05 -1.00e+05 -1.00e+05 -1.00e+05  -1.00
2003 08 14  1655   52865   60900  9 -1.00e+05 -1.00e+05  9 -1.00e+05 -1.00e+05 -1.00e+05 -1.00e+05 -1.00e+05  -1.00
2003 08 14  1700   52865   61200  9 -1.00e+05 -1.00e+05  9 -1.00e+05 -1.00e+05 -1.00e+05 -1.00e+05 -1.00e+05  -1.00
2003 08 14  1705   52865   61500  9 -1.00e+05 -1.00e+05  9 -1.00e+05 -1.00e+05 -1.00e+05 -1.00e+05 -1.00e+05  -1.00
2003 08 14  1710   52865   61800  9 -1.00e+05 -1.00e+05  9 -1.00e+05 -1.00e+05 -1.00e+05 -1.00e+05 -1.00e+05  -1.00
2003 08 14  1715   52865   62100  9 -1.00e+05 -1.00e+05  9 -1.00e+05 -1.00e+05 -1.00e+05 -1.00e+05 -1.00e+05  -1.00
2003 08 14  1720   52865   62400  9 -1.00e+05 -1.00e+05  9 -1.00e+05 -1.00e+05 -1.00e+05 -1.00e+05 -1.00e+05  -1.00
2003 08 14  1725   52865   62700  9 -1.00e+05 -1.00e+05  9 -1.00e+05 -1.00e+05 -1.00e+05 -1.00e+05 -1.00e+05  -1.00
2003 08 14  1730   52865   63000  9 -1.00e+05 -1.00e+05  9 -1.00e+05 -1.00e+05 -1.00e+05 -1.00e+05 -1.00e+05  -1.00
2003 08 14  1735   52865   63300  9 -1.00e+05 -1.00e+05  9 -1.00e+05 -1.00e+05 -1.00e+05 -1.00e+05 -1.00e+05  -1.00
2003 08 14  1740   52865   63600  9 -1.00e+05 -1.00e+05  9 -1.00e+05 -1.00e+05 -1.00e+05 -1.00e+05 -1.00e+05  -1.00
2003 08 14  1745   52865   63900  9 -1.00e+05 -1.00e+05  9 -1.00e+05 -1.00e+05 -1.00e+05 -1.00e+05 -1.00e+05  -1.00
2003 08 14  1750   52865   64200  9 -1.00e+05 -1.00e+05  9 -1.00e+05 -1.00e+05 -1.00e+05 -1.00e+05 -1.00e+05  -1.00
2003 08 14  1755   52865   64500  9 -1.00e+05 -1.00e+05  9 -1.00e+05 -1.00e+05 -1.00e+05 -1.00e+05 -1.00e+05  -1.00
2003 08 14  1800   52865   64800  9 -1.00e+05 -1.00e+05  9 -1.00e+05 -1.00e+05 -1.00e+05 -1.00e+05 -1.00e+05  -1.00
2003 08 14  1805   52865   65100  9 -1.00e+05 -1.00e+05  9 -1.00e+05 -1.00e+05 -1.00e+05 -1.00e+05 -1.00e+05  -1.00
2003 08 14  1810   52865   65400  9 -1.00e+05 -1.00e+05  9 -1.00e+05 -1.00e+05 -1.00e+05 -1.00e+05 -1.00e+05  -1.00
2003 08 14  1815   52865   65700  9 -1.00e+05 -1.00e+05  9 -1.00e+05 -1.00e+05 -1.00e+05 -1.00e+05 -1.00e+05  -1.00
2003 08 14  1820   52865   66000  9 -1.00e+05 -1.00e+05  9 -1.00e+05 -1.00e+05 -1.00e+05 -1.00e+05 -1.00e+05  -1.00
2003 08 14  1825   52865   66300  9 -1.00e+05 -1.00e+05  9 -1.00e+05 -1.00e+05 -1.00e+05 -1.00e+05 -1.00e+05  -1.00
2003 08 14  1830   52865   66600  9 -1.00e+05 -1.00e+05  9 -1.00e+05 -1.00e+05 -1.00e+05 -1.00e+05 -1.00e+05  -1.00
2003 08 14  1835   52865   66900  9 -1.00e+05 -1.00e+05  9 -1.00e+05 -1.00e+05 -1.00e+05 -1.00e+05 -1.00e+05  -1.00
2003 08 14  1840   52865   67200  9 -1.00e+05 -1.00e+05  9 -1.00e+05 -1.00e+05 -1.00e+05 -1.00e+05 -1.00e+05  -1.00
2003 08 14  1845   52865   67500  9 -1.00e+05 -1.00e+05  9 -1.00e+05 -1.00e+05 -1.00e+05 -1.00e+05 -1.00e+05  -1.00
2003 08 14  1850   52865   67800  9 -1.00e+05 -1.00e+05  9 -1.00e+05 -1.00e+05 -1.00e+05 -1.00e+05 -1.00e+05  -1.00
2003 08 14  1855   52865   68100  9 -1.00e+05 -1.00e+05  9 -1.00e+05 -1.00e+05 -1.00e+05 -1.00e+05 -1.00e+05  -1.00
2003 08 14  1900   52865   68400  9 -1.00e+05 -1.00e+05  9 -1.00e+05 -1.00e+05 -1.00e+05 -1.00e+05 -1.00e+05  -1.00
2003 08 14  1905   52865   68700  9 -1.00e+05 -1.00e+05  9 -1.00e+05 -1.00e+05 -1.00e+05 -1.00e+05 -1.00e+05  -1.00
2003 08 14  1910   52865   69000  9 -1.00e+05 -1.00e+05  9 -1.00e+05 -1.00e+05 -1.00e+05 -1.00e+05 -1.00e+05  -1.00
2003 08 14  1915   52865   69300  9 -1.00e+05 -1.00e+05  9 -1.00e+05 -1.00e+05 -1.00e+05 -1.00e+05 -1.00e+05  -1.00
2003 08 14  1920   52865   69600  9 -1.00e+05 -1.00e+05  9 -1.00e+05 -1.00e+05 -1.00e+05 -1.00e+05 -1.00e+05  -1.00
2003 08 14  1925   52865   69900  9 -1.00e+05 -1.00e+05  9 -1.00e+05 -1.00e+05 -1.00e+05 -1.00e+05 -1.00e+05  -1.00
2003 08 14  1930   52865   70200  9 -1.00e+05 -1.00e+05  9 -1.00e+05 -1.00e+05 -1.00e+05 -1.00e+05 -1.00e+05  -1.00
2003 08 14  1935   52865   70500  9 -1.00e+05 -1.00e+05  9 -1.00e+05 -1.00e+05 -1.00e+05 -1.00e+05 -1.00e+05  -1.00
2003 08 14  1940   52865   70800  9 -1.00e+05 -1.00e+05  9 -1.00e+05 -1.00e+05 -1.00e+05 -1.00e+05 -1.00e+05  -1.00
2003 08 14  1945   52865   71100  9 -1.00e+05 -1.00e+05  9 -1.00e+05 -1.00e+05 -1.00e+05 -1.00e+05 -1.00e+05  -1.00
2003 08 14  1950   52865   71400  9 -1.00e+05 -1.00e+05  9 -1.00e+05 -1.00e+05 -1.00e+05 -1.00e+05 -1.00e+05  -1.00
2003 08 14  1955   52865   71700  9 -1.00e+05 -1.00e+05  9 -1.00e+05 -1.00e+05 -1.00e+05 -1.00e+05 -1.00e+05  -1.00
2003 08 14  2000   52865   72000  9 -1.00e+05 -1.00e+05  9 -1.00e+05 -1.00e+05 -1.00e+05 -1.00e+05 -1.00e+05  -1.00
2003 08 14  2005   52865   72300  9 -1.00e+05 -1.00e+05  9 -1.00e+05 -1.00e+05 -1.00e+05 -1.00e+05 -1.00e+05  -1.00
2003 08 14  2010   52865   72600  9 -1.00e+05 -1.00e+05  9 -1.00e+05 -1.00e+05 -1.00e+05 -1.00e+05 -1.00e+05  -1.00
2003 08 14  2015   52865   72900  9 -1.00e+05 -1.00e+05  9 -1.00e+05 -1.00e+05 -1.00e+05 -1.00e+05 -1.00e+05  -1.00
2003 08 14  2020   52865   73200  9 -1.00e+05 -1.00e+05  9 -1.00e+05 -1.00e+05 -1.00e+05 -1.00e+05 -1.00e+05  -1.00
2003 08 14  2025   52865   73500  9 -1.00e+05 -1.00e+05  9 -1.00e+05 -1.00e+05 -1.00e+05 -1.00e+05 -1.00e+05  -1.00
2003 08 14  2030   52865   73800  9 -1.00e+05 -1.00e+05  9 -1.00e+05 -1.00e+05 -1.00e+05 -1.00e+05 -1.00e+05  -1.00
2003 08 14  2035   52865   74100  9 -1.00e+05 -1.00e+05  9 -1.00e+05 -1.00e+05 -1.00e+05 -1.00e+05 -1.00e+05  -1.00
2003 08 14  2040   52865   74400  9 -1.00e+05 -1.00e+05  9 -1.00e+05 -1.00e+05 -1.00e+05 -1.00e+05 -1.00e+05  -1.00
2003 08 14  2045   52865   74700  9 -1.00e+05 -1.00e+05  9 -1.00e+05 -1.00e+05 -1.00e+05 -1.00e+05 -1.00e+05  -1.00
2003 08 14  2050   52865   75000  9 -1.00e+05 -1.00e+05  9 -1.00e+05 -1.00e+05 -1.00e+05 -1.00e+05 -1.00e+05  -1.00
2003 08 14  2055   52865   75300  9 -1.00e+05 -1.00e+05  9 -1.00e+05 -1.00e+05 -1.00e+05 -1.00e+05 -1.00e+05  -1.00
2003 08 14  2100   52865   75600  9 -1.00e+05 -1.00e+05  9 -1.00e+05 -1.00e+05 -1.00e+05 -1.00e+05 -1.00e+05  -1.00
2003 08 14  2105   52865   75900  9 -1.00e+05 -1.00e+05  9 -1.00e+05 -1.00e+05 -1.00e+05 -1.00e+05 -1.00e+05  -1.00
2003 08 14  2110   52865   76200  9 -1.00e+05 -1.00e+05  9 -1.00e+05 -1.00e+05 -1.00e+05 -1.00e+05 -1.00e+05  -1.00
2003 08 14  2115   52865   76500  9 -1.00e+05 -1.00e+05  9 -1.00e+05 -1.00e+05 -1.00e+05 -1.00e+05 -1.00e+05  -1.00
2003 08 14  2120   52865   76800  9 -1.00e+05 -1.00e+05  9 -1.00e+05 -1.00e+05 -1.00e+05 -1.00e+05 -1.00e+05  -1.00
2003 08 14  2125   52865   77100  9 -1.00e+05 -1.00e+05  9 -1.00e+05 -1.00e+05 -1.00e+05 -1.00e+05 -1.00e+05  -1.00
2003 08 14  2130   52865   77400  9 -1.00e+05 -1.00e+05  9 -1.00e+05 -1.00e+05 -1.00e+05 -1.00e+05 -1.00e+05  -1.00
2003 08 14  2135   52865   77700  9 -1.00e+05 -1.00e+05  9 -1.00e+05 -1.00e+05 -1.00e+05 -1.00e+05 -1.00e+05  -1.00
2003 08 14  2140   52865   78000  9 -1.00e+05 -1.00e+05  9 -1.00e+05 -1.00e+05 -1.00e+05 -1.00e+05 -1.00e+05  -1.00
2003 08 14  2145   52865   78300  0  2.98e+02  1.13e+01  0  5.30e+02  1.67e+01  2.60e+00  1.14e-01  0.00e+00  -1.00
2003 08 14  2150   52865   78600  0  2.68e+02  1.41e+01  0  4.80e+02  1.59e+01  1.26e+00  4.72e-01  1.37e-01   2.00
2003 08 14  2155   52865   78900  0  3.70e+02  1.44e+01  0  7.00e+02  1.40e+01  1.06e+00  3.94e-01  1.89e-01   2.00
2003 08 14  2200   52865   79200  0  3.57e+02  1.62e+01  0  6.85e+02  1.31e+01  1.96e+00  5.62e-01  1.72e-01   0.46
2003 08 14  2205   52865   79500  0  3.22e+02  1.23e+01  0  9.74e+02  1.32e+01  1.30e+00  3.24e-01  1.50e-01   1.87
2003 08 14  2210   52865   79800  0  3.82e+02  1.19e+01  0  9.20e+02  1.42e+01  1.66e+00  3.66e-01  2.09e-01   1.31
2003 08 14  2215   52865   80100  0  3.63e+02  1.80e+01  0  8.43e+02  1.59e+01  1.68e+00  4.40e-01  1.41e-01  -1.00
2003 08 14  2220   52865   80400  0  3.14e+02  1.43e+01  0  5.31e+02  1.33e+01  1.75e+00  3.09e-01  1.96e-01  -1.00
2003 08 14  2225   52865   80700  0  3.19e+02  1.52e+01  0  5.09e+02  1.38e+01  1.98e+00  3.46e-01  1.76e-01  -1.00
2003 08 14  2230   52865   81000  0  4.32e+02  1.47e+01  0  5.53e+02  1.61e+01  1.92e+00  4.28e-01  0.00e+00   1.15
2003 08 14  2235   52865   81300  0  3.70e+02  1.54e+01  0  7.28e+02  1.33e+01  1.32e+00  4.36e-01  7.64e-02   0.71
2003 08 14  2240   52865   81600  0  2.90e+02  1.57e+01  0  3.99e+02  1.36e+01  1.24e+00  3.36e-01  5.73e-02   1.87
2003 08 14  2245   52865   81900  0  3.31e+02  1.47e+01  0  3.59e+02  1.11e+01  1.86e+00  3.00e-01  1.15e-01  -1.00
2003 08 14  2250   52865   82200  0  3.12e+02  1.16e+01  0  3.96e+02  1.44e+01  1.26e+00  3.09e-01  1.50e-01   0.71
2003 08 14  2255   52865   82500  0  3.46e+02  1.62e+01  0  3.45e+02  1.33e+01  1.63e+00  3.78e-01  1.59e-01   1.41
2003 08 14  2300   52865   82800  0  3.77e+02  1.14e+01  0  2.34e+02  1.71e+01  1.39e+00  2.53e-01  1.62e-01  -1.00
2003 08 14  2305   52865   83100  0  3.84e+02  1.55e+01  0  2.73e+02  1.61e+01  1.70e+00  4.21e-01  1.60e-01   1.01
2003 08 14  2310   52865   83400  0  3.26e+02  1.38e+01  0  3.54e+02  1.07e+01  1.52e+00  3.15e-01  0.00e+00   1.85
2003 08 14  2315   52865   83700  0  3.14e+02  1.40e+01  0  4.63e+02  1.46e+01  1.61e+00  4.24e-01  8.59e-02   0.00
2003 08 14  2320   52865   84000  0  4.21e+02  1.26e+01  0  7.17e+02  1.36e+01  2.01e+00  6.36e-01  1.53e-01   0.97
2003 08 14  2325   52865   84300  0  3.09e+02  1.26e+01  0  5.66e+02  1.09e+01  1.79e+00  5.53e-01  8.33e-02   1.14
2003 08 14  2330   52865   84600  0  3.68e+02  1.70e+01  0  6.08e+02  1.37e+01  1.76e+00  3.53e-01  7.05e-02   0.35
2003 08 14  2335   52865   84900  0  3.59e+02  1.64e+01  0  5.50e+02  1.18e+01  8.91e-01  4.15e-01  8.33e-02  -1.00
2003 08 14  2340   52865   85200  0  3.50e+02  1.45e+01  0  5.56e+02  1.35e+01  2.15e+00  4.18e-01  1.47e-01   1.49
2003 08 14  2345   52865   85500  0  3.06e+02  1.47e+01  0  5.28e+02  1.30e+01  1.90e+00  3.75e-01  2.21e-01   0.67
2003 08 14  2350   52865   85800  0  3.42e+02  1.41e+01  0  4.58e+02  1.51e+01  2.34e+00  3.57e-01  0.00e+00   1.25
2003 08 14  2355   52865   86100  0  3.50e+02  1.42e+01  0  4.02e+02  1.15e+01  1.77e+00  3.73e-01  0.00e+00  -1.00
