:Data_list: 20040421_ace_epam_5m.txt
:Created: 2004 Apr 22 0012 UT
# Prepared by the U.S. Dept. of Commerce, NOAA, Space Environment Center.
# Please send comments and suggestions to SEC.Webmaster@noaa.gov 
# 
# Units: Differential Flux particles/cm2-s-ster-MeV
# Units: Anisotropy Index 0.0 - 2.0
# Status(S): 0 = nominal, 4,6,7,8 = bad data, unable to process, 9 = no data
# Missing data values: -1.00e+05, index = -1.00
# Source: ACE Satellite - Electron, Proton, and Alpha Monitor
# 2004 Feb 04: see http://www.sec.noaa.gov/ftpdir/lists/ace/README for EPAM channel change notice.
#
#                      5-minute averaged Real-time Differential Electron and Proton Flux 
# 
#                Modified Seconds ---------------------------- Differential Flux --------------------------- 
# UT Date   Time  Julian  of the  ----- Electron -----   ------------------- Protons keV -------------------   Anis.
# YR MO DA  HHMM    Day    Day    S    38-53   175-315   S    47-68   115-195   310-580   761-1220 1060-1900   Ratio
#-------------------------------------------------------------------------------------------------------------------
2004 04 21  0000   53116       0  0  9.31e+02  1.61e+01  0  6.63e+02  2.39e+01  6.13e+00  1.64e+00  4.44e-01   0.55
2004 04 21  0005   53116     300  0  9.08e+02  2.00e+01  0  6.18e+02  2.67e+01  5.47e+00  1.11e+00  5.41e-01   0.71
2004 04 21  0010   53116     600  0  8.51e+02  1.80e+01  0  5.74e+02  2.16e+01  5.67e+00  1.31e+00  4.95e-01   0.39
2004 04 21  0015   53116     900  0  9.31e+02  1.79e+01  0  6.45e+02  2.20e+01  4.93e+00  1.14e+00  5.31e-01   0.78
2004 04 21  0020   53116    1200  0  9.54e+02  1.63e+01  0  6.00e+02  2.04e+01  5.98e+00  1.39e+00  4.64e-01   0.63
2004 04 21  0025   53116    1500  0  8.51e+02  1.82e+01  0  6.36e+02  2.38e+01  5.31e+00  1.27e+00  3.79e-01   0.46
2004 04 21  0030   53116    1800  0  9.79e+02  1.63e+01  0  6.37e+02  2.53e+01  5.74e+00  1.83e+00  5.60e-01   0.56
2004 04 21  0035   53116    2100  0  9.01e+02  1.67e+01  0  6.13e+02  2.32e+01  4.81e+00  1.22e+00  4.73e-01   0.35
2004 04 21  0040   53116    2400  0  9.40e+02  1.78e+01  0  6.19e+02  2.46e+01  4.92e+00  1.41e+00  4.43e-01   0.24
2004 04 21  0045   53116    2700  0  9.51e+02  1.78e+01  0  5.93e+02  2.18e+01  5.21e+00  1.14e+00  4.46e-01   0.35
2004 04 21  0050   53116    3000  0  1.09e+03  1.49e+01  0  6.18e+02  2.17e+01  4.92e+00  1.37e+00  4.74e-01   0.44
2004 04 21  0055   53116    3300  0  8.39e+02  1.84e+01  0  6.54e+02  2.52e+01  4.62e+00  1.85e+00  5.06e-01   0.48
2004 04 21  0100   53116    3600  0  8.67e+02  1.86e+01  0  5.76e+02  2.56e+01  4.69e+00  1.55e+00  3.92e-01   0.32
2004 04 21  0105   53116    3900  0  9.76e+02  1.87e+01  0  6.09e+02  2.09e+01  5.34e+00  1.35e+00  4.74e-01   0.57
2004 04 21  0110   53116    4200  0  9.36e+02  1.58e+01  0  6.09e+02  2.49e+01  5.31e+00  1.48e+00  3.79e-01   0.38
2004 04 21  0115   53116    4500  0  9.17e+02  1.75e+01  0  6.23e+02  2.12e+01  5.30e+00  1.53e+00  4.46e-01   0.25
2004 04 21  0120   53116    4800  0  9.90e+02  1.74e+01  0  6.33e+02  2.28e+01  5.54e+00  1.50e+00  5.16e-01   0.48
2004 04 21  0125   53116    5100  0  9.08e+02  1.50e+01  0  6.47e+02  2.28e+01  5.10e+00  1.46e+00  4.46e-01   0.52
2004 04 21  0130   53116    5400  0  9.36e+02  2.09e+01  0  6.20e+02  1.97e+01  5.44e+00  1.33e+00  4.95e-01   0.55
2004 04 21  0135   53116    5700  0  1.04e+03  1.60e+01  0  5.72e+02  1.95e+01  5.44e+00  1.43e+00  4.00e-01   0.17
2004 04 21  0140   53116    6000  0  1.08e+03  1.83e+01  0  5.88e+02  2.04e+01  4.69e+00  1.35e+00  3.92e-01   0.61
2004 04 21  0145   53116    6300  0  9.69e+02  1.64e+01  0  6.20e+02  2.44e+01  4.98e+00  1.48e+00  4.43e-01   0.37
2004 04 21  0150   53116    6600  0  9.99e+02  1.91e+01  0  6.11e+02  2.23e+01  4.98e+00  1.25e+00  4.21e-01   0.53
2004 04 21  0155   53116    6900  0  9.40e+02  2.04e+01  0  6.01e+02  2.13e+01  4.66e+00  1.55e+00  3.92e-01   0.28
2004 04 21  0200   53116    7200  0  9.54e+02  1.64e+01  0  6.08e+02  1.80e+01  4.23e+00  1.50e+00  3.37e-01   0.33
2004 04 21  0205   53116    7500  0  9.04e+02  1.51e+01  0  5.71e+02  2.12e+01  4.30e+00  1.26e+00  3.86e-01   0.46
2004 04 21  0210   53116    7800  0  8.86e+02  1.79e+01  0  5.63e+02  2.14e+01  3.58e+00  1.45e+00  4.54e-01   0.48
2004 04 21  0215   53116    8100  0  9.99e+02  1.53e+01  0  6.14e+02  1.95e+01  4.16e+00  1.25e+00  3.90e-01   0.35
2004 04 21  0220   53116    8400  0  9.91e+02  1.74e+01  0  6.50e+02  2.25e+01  4.09e+00  1.33e+00  4.15e-01   0.11
2004 04 21  0225   53116    8700  0  9.79e+02  1.77e+01  0  5.81e+02  2.00e+01  3.49e+00  1.30e+00  4.06e-01   0.57
2004 04 21  0230   53116    9000  0  1.09e+03  2.09e+01  0  6.14e+02  1.97e+01  4.23e+00  1.66e+00  3.27e-01   0.50
2004 04 21  0235   53116    9300  0  9.49e+02  1.68e+01  0  5.78e+02  1.81e+01  4.21e+00  1.47e+00  4.93e-01   0.50
2004 04 21  0240   53116    9600  0  9.42e+02  1.70e+01  0  6.35e+02  2.12e+01  4.51e+00  1.45e+00  3.67e-01   0.28
2004 04 21  0245   53116    9900  0  9.13e+02  1.56e+01  0  5.65e+02  2.04e+01  4.00e+00  1.12e+00  3.77e-01   0.47
2004 04 21  0250   53116   10200  0  9.04e+02  1.62e+01  0  5.98e+02  2.16e+01  3.77e+00  1.18e+00  4.53e-01   0.32
2004 04 21  0255   53116   10500  0  9.47e+02  1.91e+01  0  6.24e+02  2.16e+01  3.94e+00  1.16e+00  3.67e-01   0.42
2004 04 21  0300   53116   10800  0  9.76e+02  1.97e+01  0  5.99e+02  1.84e+01  3.37e+00  1.33e+00  3.96e-01   0.35
2004 04 21  0305   53116   11100  0  9.34e+02  2.03e+01  0  6.32e+02  2.09e+01  4.52e+00  1.21e+00  3.27e-01   0.14
2004 04 21  0310   53116   11400  0  8.58e+02  1.98e+01  0  6.21e+02  2.09e+01  4.12e+00  1.12e+00  3.86e-01   0.49
2004 04 21  0315   53116   11700  0  9.38e+02  2.09e+01  0  5.78e+02  2.17e+01  5.14e+00  1.14e+00  5.12e-01   0.22
2004 04 21  0320   53116   12000  0  9.16e+02  1.72e+01  0  6.09e+02  1.88e+01  3.84e+00  1.21e+00  3.90e-01   0.33
2004 04 21  0325   53116   12300  0  8.59e+02  1.49e+01  0  6.02e+02  2.16e+01  3.69e+00  1.37e+00  4.10e-01   0.09
2004 04 21  0330   53116   12600  0  8.23e+02  1.70e+01  0  6.11e+02  2.09e+01  4.49e+00  1.25e+00  4.00e-01   0.24
2004 04 21  0335   53116   12900  0  8.10e+02  1.55e+01  0  5.98e+02  2.09e+01  3.97e+00  1.18e+00  3.58e-01   0.42
2004 04 21  0340   53116   13200  0  8.87e+02  1.78e+01  0  6.33e+02  1.84e+01  4.77e+00  1.07e+00  4.10e-01   0.24
2004 04 21  0345   53116   13500  0  8.98e+02  1.72e+01  0  6.26e+02  2.09e+01  4.43e+00  1.16e+00  3.48e-01   0.22
2004 04 21  0350   53116   13800  0  8.30e+02  1.87e+01  0  5.75e+02  2.20e+01  4.62e+00  1.18e+00  3.06e-01   0.24
2004 04 21  0355   53116   14100  0  8.94e+02  2.04e+01  0  5.98e+02  2.11e+01  4.08e+00  1.20e+00  4.46e-01   0.17
2004 04 21  0400   53116   14400  0  8.59e+02  1.82e+01  0  5.86e+02  2.00e+01  3.90e+00  1.25e+00  3.16e-01   0.54
2004 04 21  0405   53116   14700  0  8.65e+02  1.93e+01  0  6.11e+02  1.91e+01  4.38e+00  1.11e+00  3.66e-01   0.13
2004 04 21  0410   53116   15000  0  8.12e+02  1.51e+01  0  5.58e+02  2.22e+01  4.62e+00  1.31e+00  4.64e-01   0.19
2004 04 21  0415   53116   15300  0  9.11e+02  1.53e+01  0  6.01e+02  2.15e+01  4.49e+00  1.37e+00  4.11e-01   0.37
2004 04 21  0420   53116   15600  0  8.52e+02  1.95e+01  0  6.22e+02  2.02e+01  4.69e+00  1.21e+00  5.08e-01   0.61
2004 04 21  0425   53116   15900  0  8.69e+02  1.47e+01  0  5.56e+02  2.07e+01  4.23e+00  1.27e+00  4.74e-01   0.52
2004 04 21  0430   53116   16200  0  9.27e+02  1.55e+01  0  6.01e+02  1.98e+01  4.62e+00  9.98e-01  3.90e-01   0.25
2004 04 21  0435   53116   16500  0  9.02e+02  1.52e+01  0  5.92e+02  1.94e+01  4.35e+00  1.23e+00  3.66e-01   0.42
2004 04 21  0440   53116   16800  0  8.68e+02  1.66e+01  0  6.21e+02  2.04e+01  3.90e+00  1.23e+00  4.00e-01   0.21
2004 04 21  0445   53116   17100  0  9.71e+02  1.70e+01  0  6.19e+02  1.92e+01  4.57e+00  1.18e+00  5.02e-01   0.34
2004 04 21  0450   53116   17400  0  8.12e+02  2.06e+01  0  6.24e+02  2.01e+01  4.60e+00  1.20e+00  3.48e-01   0.31
2004 04 21  0455   53116   17700  0  8.60e+02  1.57e+01  0  6.32e+02  2.05e+01  4.20e+00  1.10e+00  2.95e-01   0.30
2004 04 21  0500   53116   18000  0  9.52e+02  1.91e+01  0  5.73e+02  2.10e+01  4.27e+00  1.37e+00  4.44e-01   0.24
2004 04 21  0505   53116   18300  0  9.59e+02  1.67e+01  0  6.42e+02  1.91e+01  4.06e+00  1.07e+00  4.44e-01   0.25
2004 04 21  0510   53116   18600  0  8.73e+02  1.74e+01  0  6.19e+02  2.02e+01  4.13e+00  1.39e+00  2.95e-01   0.38
2004 04 21  0515   53116   18900  0  9.19e+02  1.91e+01  0  6.17e+02  2.06e+01  3.25e+00  9.72e-01  2.90e-01   0.15
2004 04 21  0520   53116   19200  0  8.66e+02  1.61e+01  0  6.29e+02  2.14e+01  3.91e+00  1.37e+00  2.61e-01   0.30
2004 04 21  0525   53116   19500  0  8.20e+02  1.58e+01  0  6.29e+02  2.20e+01  4.06e+00  1.16e+00  2.99e-01   0.35
2004 04 21  0530   53116   19800  0  7.90e+02  1.68e+01  0  6.10e+02  2.06e+01  4.20e+00  1.35e+00  4.11e-01   0.23
2004 04 21  0535   53116   20100  0  8.38e+02  1.90e+01  0  5.62e+02  2.06e+01  4.18e+00  1.14e+00  3.96e-01   0.05
2004 04 21  0540   53116   20400  0  8.33e+02  2.02e+01  0  6.66e+02  1.66e+01  4.12e+00  1.09e+00  2.70e-01   0.37
2004 04 21  0545   53116   20700  0  8.93e+02  2.03e+01  0  6.55e+02  1.94e+01  3.44e+00  1.62e+00  2.74e-01   0.20
2004 04 21  0550   53116   21000  0  8.42e+02  1.54e+01  0  5.92e+02  2.02e+01  3.94e+00  1.49e+00  3.48e-01   0.27
2004 04 21  0555   53116   21300  0  9.58e+02  1.66e+01  0  5.71e+02  1.81e+01  3.93e+00  1.17e+00  4.87e-01   0.80
2004 04 21  0600   53116   21600  0  8.35e+02  1.76e+01  0  6.06e+02  1.84e+01  4.10e+00  1.37e+00  4.43e-01   0.33
2004 04 21  0605   53116   21900  0  8.23e+02  1.60e+01  0  6.12e+02  1.98e+01  3.63e+00  1.20e+00  3.57e-01   0.52
2004 04 21  0610   53116   22200  0  8.71e+02  1.58e+01  0  5.82e+02  1.80e+01  3.47e+00  1.02e+00  3.69e-01   0.39
2004 04 21  0615   53116   22500  0  9.25e+02  1.93e+01  0  6.33e+02  1.76e+01  3.77e+00  1.23e+00  4.21e-01   0.09
2004 04 21  0620   53116   22800  0  8.46e+02  1.90e+01  0  6.37e+02  1.77e+01  3.58e+00  1.18e+00  4.10e-01   0.31
2004 04 21  0625   53116   23100  0  7.83e+02  1.95e+01  0  5.52e+02  1.81e+01  3.80e+00  1.29e+00  3.79e-01   0.21
2004 04 21  0630   53116   23400  0  9.56e+02  1.43e+01  0  6.51e+02  1.86e+01  4.00e+00  1.02e+00  3.79e-01   0.50
2004 04 21  0635   53116   23700  0  7.77e+02  1.65e+01  0  6.06e+02  1.79e+01  3.27e+00  1.20e+00  3.12e-01   0.16
2004 04 21  0640   53116   24000  0  8.44e+02  1.72e+01  0  6.25e+02  1.89e+01  4.56e+00  9.15e-01  3.06e-01   0.16
2004 04 21  0645   53116   24300  0  8.76e+02  1.70e+01  0  5.86e+02  1.99e+01  4.63e+00  1.25e+00  3.83e-01   0.22
2004 04 21  0650   53116   24600  0  8.53e+02  2.01e+01  0  6.09e+02  2.02e+01  3.67e+00  1.04e+00  3.16e-01   0.37
2004 04 21  0655   53116   24900  0  8.32e+02  1.45e+01  0  5.95e+02  1.75e+01  3.41e+00  1.06e+00  3.06e-01   0.31
2004 04 21  0700   53116   25200  0  8.75e+02  1.46e+01  0  5.80e+02  1.99e+01  3.99e+00  1.11e+00  3.30e-01   0.19
2004 04 21  0705   53116   25500  0  8.66e+02  1.76e+01  0  6.20e+02  2.18e+01  3.83e+00  1.04e+00  3.58e-01   0.15
2004 04 21  0710   53116   25800  0  7.90e+02  1.66e+01  0  6.47e+02  1.86e+01  3.21e+00  1.21e+00  3.16e-01   0.16
2004 04 21  0715   53116   26100  0  8.76e+02  1.62e+01  0  6.03e+02  1.83e+01  3.41e+00  1.00e+00  2.94e-01   0.23
2004 04 21  0720   53116   26400  0  8.64e+02  1.64e+01  0  6.60e+02  1.89e+01  4.29e+00  1.02e+00  3.16e-01   0.13
2004 04 21  0725   53116   26700  0  8.00e+02  1.77e+01  0  6.60e+02  1.91e+01  3.67e+00  1.14e+00  2.99e-01   0.24
2004 04 21  0730   53116   27000  0  8.51e+02  1.33e+01  0  5.93e+02  1.87e+01  3.09e+00  9.15e-01  2.51e-01   0.50
2004 04 21  0735   53116   27300  0  8.35e+02  1.29e+01  0  5.85e+02  1.84e+01  3.67e+00  1.08e+00  2.95e-01   0.47
2004 04 21  0740   53116   27600  0  8.52e+02  2.00e+01  0  6.38e+02  2.08e+01  3.67e+00  1.22e+00  3.19e-01   0.33
2004 04 21  0745   53116   27900  0  8.14e+02  1.44e+01  0  6.06e+02  1.83e+01  3.52e+00  1.26e+00  2.61e-01   0.36
2004 04 21  0750   53116   28200  0  9.09e+02  1.78e+01  0  5.97e+02  1.77e+01  3.74e+00  1.02e+00  4.53e-01   0.63
2004 04 21  0755   53116   28500  0  9.09e+02  1.81e+01  0  5.87e+02  1.86e+01  4.00e+00  9.15e-01  2.99e-01   0.15
2004 04 21  0800   53116   28800  0  8.32e+02  1.93e+01  0  6.28e+02  1.91e+01  3.61e+00  1.26e+00  2.99e-01   0.07
2004 04 21  0805   53116   29100  0  8.38e+02  1.63e+01  0  5.94e+02  1.95e+01  3.67e+00  1.26e+00  2.70e-01   0.24
2004 04 21  0810   53116   29400  0  7.90e+02  1.53e+01  0  6.08e+02  1.70e+01  3.70e+00  1.33e+00  2.84e-01   0.32
2004 04 21  0815   53116   29700  0  8.33e+02  1.72e+01  0  6.12e+02  1.82e+01  3.94e+00  1.22e+00  3.67e-01   0.42
2004 04 21  0820   53116   30000  0  8.37e+02  1.59e+01  0  6.12e+02  1.75e+01  3.79e+00  9.72e-01  3.96e-01   0.42
2004 04 21  0825   53116   30300  0  8.14e+02  1.76e+01  0  5.47e+02  1.79e+01  2.92e+00  1.04e+00  4.32e-01   0.04
2004 04 21  0830   53116   30600  0  8.53e+02  1.77e+01  0  6.29e+02  1.89e+01  3.37e+00  1.24e+00  3.57e-01   0.16
2004 04 21  0835   53116   30900  0  8.43e+02  1.54e+01  0  6.05e+02  1.89e+01  3.34e+00  1.37e+00  3.28e-01   0.27
2004 04 21  0840   53116   31200  0  8.39e+02  1.64e+01  0  5.65e+02  1.79e+01  3.80e+00  1.08e+00  3.37e-01   0.07
2004 04 21  0845   53116   31500  0  7.89e+02  2.09e+01  0  6.33e+02  1.69e+01  3.63e+00  1.16e+00  3.74e-01   0.10
2004 04 21  0850   53116   31800  0  8.31e+02  1.62e+01  0  6.09e+02  1.74e+01  3.61e+00  1.21e+00  3.90e-01   0.32
2004 04 21  0855   53116   32100  0  7.77e+02  1.20e+01  0  6.09e+02  1.84e+01  3.41e+00  1.16e+00  2.63e-01   0.34
2004 04 21  0900   53116   32400  0  7.80e+02  1.75e+01  0  5.67e+02  1.90e+01  3.99e+00  1.09e+00  2.76e-01   0.18
2004 04 21  0905   53116   32700  0  9.02e+02  1.55e+01  0  6.19e+02  1.88e+01  3.21e+00  9.15e-01  3.48e-01   0.43
2004 04 21  0910   53116   33000  0  7.70e+02  1.55e+01  0  6.19e+02  2.06e+01  3.84e+00  1.10e+00  4.00e-01   0.18
2004 04 21  0915   53116   33300  0  7.78e+02  1.91e+01  0  5.49e+02  1.96e+01  4.71e+00  1.18e+00  4.46e-01   0.35
2004 04 21  0920   53116   33600  0  9.25e+02  1.51e+01  0  6.00e+02  2.17e+01  3.57e+00  8.94e-01  3.58e-01   0.17
2004 04 21  0925   53116   33900  0  8.09e+02  1.68e+01  0  6.18e+02  1.91e+01  4.44e+00  1.35e+00  3.83e-01   0.34
2004 04 21  0930   53116   34200  0  8.37e+02  1.47e+01  0  6.19e+02  2.09e+01  2.69e+00  1.23e+00  3.58e-01   0.32
2004 04 21  0935   53116   34500  0  8.21e+02  1.39e+01  0  5.90e+02  2.04e+01  3.25e+00  8.94e-01  3.16e-01   0.17
2004 04 21  0940   53116   34800  0  8.35e+02  1.59e+01  0  5.99e+02  1.93e+01  3.72e+00  8.79e-01  3.57e-01   0.54
2004 04 21  0945   53116   35100  0  7.92e+02  1.86e+01  0  6.24e+02  1.70e+01  3.74e+00  1.12e+00  3.37e-01   0.25
2004 04 21  0950   53116   35400  0  8.06e+02  1.84e+01  0  6.00e+02  1.80e+01  4.06e+00  1.02e+00  3.58e-01   0.14
2004 04 21  0955   53116   35700  0  8.20e+02  1.75e+01  0  6.20e+02  1.69e+01  3.94e+00  1.09e+00  2.99e-01   0.21
2004 04 21  1000   53116   36000  0  7.94e+02  1.68e+01  0  6.45e+02  2.07e+01  3.74e+00  1.02e+00  3.27e-01   0.11
2004 04 21  1005   53116   36300  0  7.90e+02  1.82e+01  0  6.48e+02  1.82e+01  4.00e+00  8.95e-01  2.99e-01   0.23
2004 04 21  1010   53116   36600  0  8.04e+02  1.98e+01  0  6.20e+02  1.96e+01  3.10e+00  8.77e-01  3.09e-01   0.83
2004 04 21  1015   53116   36900  0  8.93e+02  1.62e+01  0  6.03e+02  1.66e+01  3.90e+00  9.56e-01  2.00e-01   0.14
2004 04 21  1020   53116   37200  0  7.85e+02  1.74e+01  0  5.79e+02  2.21e+01  3.43e+00  1.20e+00  3.57e-01   0.16
2004 04 21  1025   53116   37500  0  7.67e+02  1.40e+01  0  5.61e+02  1.72e+01  3.58e+00  9.34e-01  3.38e-01   0.19
2004 04 21  1030   53116   37800  0  8.55e+02  1.57e+01  0  6.68e+02  2.00e+01  3.51e+00  1.35e+00  3.27e-01   0.36
2004 04 21  1035   53116   38100  0  7.82e+02  1.52e+01  0  6.32e+02  1.84e+01  3.22e+00  1.01e+00  2.51e-01   0.33
2004 04 21  1040   53116   38400  0  7.79e+02  1.74e+01  0  6.04e+02  1.96e+01  3.94e+00  1.07e+00  3.48e-01   0.37
2004 04 21  1045   53116   38700  0  8.15e+02  1.68e+01  0  6.80e+02  2.01e+01  4.09e+00  1.07e+00  3.19e-01   0.21
2004 04 21  1050   53116   39000  0  6.94e+02  1.93e+01  0  5.82e+02  1.57e+01  4.46e+00  1.33e+00  2.11e-01   0.59
2004 04 21  1055   53116   39300  0  8.40e+02  1.49e+01  0  6.03e+02  2.00e+01  3.64e+00  1.26e+00  2.80e-01   0.31
2004 04 21  1100   53116   39600  0  7.90e+02  1.68e+01  0  5.67e+02  1.93e+01  3.52e+00  1.20e+00  2.80e-01   0.25
2004 04 21  1105   53116   39900  0  7.70e+02  1.70e+01  0  6.26e+02  1.76e+01  4.03e+00  8.31e-01  2.84e-01   0.24
2004 04 21  1110   53116   40200  0  8.12e+02  1.67e+01  0  6.37e+02  1.90e+01  3.88e+00  1.05e+00  2.80e-01   0.18
2004 04 21  1115   53116   40500  0  8.06e+02  1.58e+01  0  5.81e+02  1.89e+01  3.12e+00  1.01e+00  2.70e-01   0.12
2004 04 21  1120   53116   40800  0  8.43e+02  2.09e+01  0  6.15e+02  1.89e+01  3.64e+00  8.31e-01  2.74e-01   0.43
2004 04 21  1125   53116   41100  0  7.88e+02  1.73e+01  0  6.01e+02  1.93e+01  2.88e+00  1.30e+00  3.48e-01   0.08
2004 04 21  1130   53116   41400  0  7.50e+02  1.80e+01  0  5.94e+02  1.93e+01  3.97e+00  1.16e+00  3.58e-01   0.63
2004 04 21  1135   53116   41700  0  7.99e+02  1.57e+01  0  5.97e+02  1.94e+01  3.57e+00  9.77e-01  3.27e-01   0.24
2004 04 21  1140   53116   42000  0  7.54e+02  1.90e+01  0  6.30e+02  1.95e+01  3.94e+00  1.16e+00  3.21e-01   0.34
2004 04 21  1145   53116   42300  0  8.15e+02  1.49e+01  0  6.09e+02  1.79e+01  3.34e+00  1.12e+00  3.16e-01   0.32
2004 04 21  1150   53116   42600  0  7.79e+02  1.64e+01  0  5.71e+02  1.91e+01  3.93e+00  1.25e+00  2.42e-01   0.01
2004 04 21  1155   53116   42900  0  8.17e+02  1.90e+01  0  6.32e+02  1.90e+01  3.69e+00  9.32e-01  2.76e-01   0.20
2004 04 21  1200   53116   43200  0  8.21e+02  1.72e+01  0  6.01e+02  1.92e+01  4.00e+00  9.77e-01  3.27e-01   0.16
2004 04 21  1205   53116   43500  0  7.46e+02  1.60e+01  0  5.87e+02  1.72e+01  3.97e+00  1.23e+00  3.66e-01   0.40
2004 04 21  1210   53116   43800  0  8.06e+02  1.76e+01  0  6.16e+02  1.87e+01  3.77e+00  7.69e-01  3.37e-01   0.10
2004 04 21  1215   53116   44100  0  8.19e+02  1.87e+01  0  5.89e+02  1.86e+01  4.49e+00  1.21e+00  3.37e-01   0.15
2004 04 21  1220   53116   44400  0  8.44e+02  1.64e+01  0  6.01e+02  1.99e+01  3.91e+00  1.13e+00  3.48e-01   0.35
2004 04 21  1225   53116   44700  0  7.99e+02  1.64e+01  0  6.02e+02  1.83e+01  3.44e+00  9.15e-01  2.74e-01   0.49
2004 04 21  1230   53116   45000  0  7.68e+02  1.74e+01  0  6.42e+02  1.81e+01  3.74e+00  9.77e-01  3.58e-01   0.33
2004 04 21  1235   53116   45300  0  7.52e+02  1.60e+01  0  6.47e+02  1.79e+01  3.47e+00  1.04e+00  2.85e-01   0.27
2004 04 21  1240   53116   45600  0  7.56e+02  1.66e+01  0  5.96e+02  1.83e+01  3.64e+00  1.06e+00  2.32e-01   0.25
2004 04 21  1245   53116   45900  0  8.96e+02  1.90e+01  0  5.94e+02  1.59e+01  4.03e+00  1.11e+00  2.90e-01   0.31
2004 04 21  1250   53116   46200  0  6.91e+02  1.72e+01  0  6.14e+02  1.69e+01  3.55e+00  1.12e+00  2.99e-01   0.24
2004 04 21  1255   53116   46500  0  8.80e+02  1.86e+01  0  5.98e+02  1.59e+01  3.34e+00  1.10e+00  2.63e-01   0.38
2004 04 21  1300   53116   46800  0  7.87e+02  1.65e+01  0  6.35e+02  1.89e+01  2.88e+00  1.12e+00  2.51e-01   0.40
2004 04 21  1305   53116   47100  0  7.94e+02  1.79e+01  0  6.39e+02  1.67e+01  3.91e+00  1.05e+00  3.96e-01   0.28
2004 04 21  1310   53116   47400  0  7.49e+02  1.97e+01  0  6.10e+02  1.55e+01  3.57e+00  1.37e+00  3.69e-01   0.24
2004 04 21  1315   53116   47700  0  7.70e+02  1.91e+01  0  5.70e+02  1.93e+01  3.61e+00  9.91e-01  3.38e-01   0.52
2004 04 21  1320   53116   48000  0  7.94e+02  1.74e+01  0  6.13e+02  1.62e+01  3.70e+00  9.91e-01  3.28e-01   0.14
2004 04 21  1325   53116   48300  0  7.89e+02  1.52e+01  0  6.21e+02  1.57e+01  4.09e+00  9.34e-01  3.28e-01   0.30
2004 04 21  1330   53116   48600  0  7.85e+02  1.37e+01  0  5.90e+02  1.67e+01  3.90e+00  1.10e+00  3.16e-01   0.65
2004 04 21  1335   53116   48900  0  7.95e+02  1.63e+01  0  6.27e+02  1.44e+01  3.34e+00  1.03e+00  3.09e-01   0.48
2004 04 21  1340   53116   49200  0  7.64e+02  1.61e+01  0  5.96e+02  1.87e+01  3.22e+00  8.00e-01  3.57e-01   0.39
2004 04 21  1345   53116   49500  0  7.49e+02  1.80e+01  0  6.19e+02  1.87e+01  4.20e+00  1.02e+00  3.06e-01   0.23
2004 04 21  1350   53116   49800  0  9.46e+02  1.77e+01  0  5.49e+02  1.92e+01  3.12e+00  1.03e+00  2.70e-01   0.02
2004 04 21  1355   53116   50100  0  7.61e+02  1.93e+01  0  6.07e+02  1.76e+01  3.31e+00  1.18e+00  3.09e-01   0.20
2004 04 21  1400   53116   50400  0  6.51e+02  1.47e+01  0  6.36e+02  1.94e+01  3.70e+00  8.73e-01  3.27e-01   0.11
2004 04 21  1405   53116   50700  0  8.27e+02  1.96e+01  0  5.79e+02  1.74e+01  3.94e+00  1.23e+00  4.10e-01   0.36
2004 04 21  1410   53116   51000  0  8.62e+02  1.87e+01  0  6.21e+02  2.14e+01  3.15e+00  9.56e-01  3.16e-01   0.20
2004 04 21  1415   53116   51300  0  7.54e+02  2.05e+01  0  6.20e+02  1.79e+01  3.67e+00  1.33e+00  2.63e-01   0.58
2004 04 21  1420   53116   51600  0  7.20e+02  1.68e+01  0  5.78e+02  1.81e+01  3.72e+00  9.85e-01  3.03e-01   0.52
2004 04 21  1425   53116   51900  0  7.85e+02  1.51e+01  0  6.00e+02  1.75e+01  3.08e+00  9.98e-01  2.84e-01   0.33
2004 04 21  1430   53116   52200  0  7.26e+02  1.84e+01  0  6.17e+02  1.60e+01  3.97e+00  9.15e-01  3.06e-01   0.39
2004 04 21  1435   53116   52500  0  6.91e+02  1.85e+01  0  6.35e+02  1.61e+01  2.97e+00  9.32e-01  3.48e-01   0.23
2004 04 21  1440   53116   52800  0  7.56e+02  1.78e+01  0  5.68e+02  1.98e+01  3.61e+00  6.44e-01  2.63e-01   0.49
2004 04 21  1445   53116   53100  0  8.38e+02  1.86e+01  0  6.07e+02  1.51e+01  3.38e+00  1.13e+00  3.03e-01   0.31
2004 04 21  1450   53116   53400  0  8.08e+02  1.55e+01  0  6.10e+02  1.96e+01  3.38e+00  1.16e+00  2.74e-01   0.31
2004 04 21  1455   53116   53700  0  8.03e+02  1.68e+01  0  6.06e+02  1.73e+01  3.11e+00  1.23e+00  2.00e-01   0.43
2004 04 21  1500   53116   54000  0  7.70e+02  1.55e+01  0  5.95e+02  1.71e+01  2.92e+00  1.18e+00  2.63e-01   0.50
2004 04 21  1505   53116   54300  0  8.35e+02  1.77e+01  0  6.02e+02  1.48e+01  2.75e+00  8.79e-01  2.94e-01   0.41
2004 04 21  1510   53116   54600  0  7.88e+02  2.15e+01  0  6.51e+02  1.92e+01  3.28e+00  8.52e-01  3.06e-01   0.38
2004 04 21  1515   53116   54900  0  8.26e+02  1.55e+01  0  5.85e+02  1.79e+01  2.75e+00  1.13e+00  3.12e-01   0.43
2004 04 21  1520   53116   55200  0  7.49e+02  1.68e+01  0  6.24e+02  1.78e+01  3.02e+00  9.77e-01  3.58e-01   0.39
2004 04 21  1525   53116   55500  0  8.17e+02  1.55e+01  0  6.30e+02  1.50e+01  3.25e+00  9.98e-01  2.95e-01   0.36
2004 04 21  1530   53116   55800  0  6.96e+02  1.39e+01  0  5.81e+02  1.62e+01  3.11e+00  1.13e+00  2.41e-01   0.31
2004 04 21  1535   53116   56100  0  8.80e+02  2.07e+01  0  5.74e+02  1.59e+01  3.21e+00  1.04e+00  4.00e-01   0.60
2004 04 21  1540   53116   56400  0  7.47e+02  1.86e+01  0  6.16e+02  1.70e+01  3.05e+00  8.73e-01  2.53e-01   0.37
2004 04 21  1545   53116   56700  0  7.45e+02  1.55e+01  0  6.17e+02  1.71e+01  3.13e+00  8.97e-01  1.87e-01   0.29
2004 04 21  1550   53116   57000  0  6.67e+02  1.95e+01  0  5.74e+02  1.62e+01  3.15e+00  1.14e+00  2.74e-01   0.33
2004 04 21  1555   53116   57300  0  7.52e+02  1.55e+01  0  6.23e+02  1.58e+01  3.21e+00  9.58e-01  3.25e-01   0.16
2004 04 21  1600   53116   57600  0  6.88e+02  1.72e+01  0  6.02e+02  1.65e+01  3.21e+00  1.22e+00  3.28e-01   0.34
2004 04 21  1605   53116   57900  0  7.32e+02  1.93e+01  0  6.26e+02  1.76e+01  3.18e+00  1.10e+00  2.53e-01   0.40
2004 04 21  1610   53116   58200  0  7.54e+02  1.59e+01  0  5.84e+02  1.69e+01  2.82e+00  1.03e+00  3.38e-01   0.11
2004 04 21  1615   53116   58500  0  7.04e+02  1.58e+01  0  5.91e+02  1.69e+01  3.18e+00  1.28e+00  3.28e-01   0.13
2004 04 21  1620   53116   58800  0  7.59e+02  1.39e+01  0  6.05e+02  1.79e+01  2.85e+00  1.06e+00  2.74e-01   0.37
2004 04 21  1625   53116   59100  0  7.24e+02  1.58e+01  0  5.85e+02  1.83e+01  3.11e+00  9.90e-01  3.05e-01   0.53
2004 04 21  1630   53116   59400  0  9.33e+02  1.63e+01  0  6.84e+02  1.39e+01  3.27e+00  9.15e-01  4.54e-01   0.95
2004 04 21  1635   53116   59700  0  7.78e+02  1.70e+01  0  5.82e+02  1.52e+01  2.61e+00  1.09e+00  2.70e-01   0.10
2004 04 21  1640   53116   60000  0  7.21e+02  1.89e+01  0  5.63e+02  1.86e+01  3.25e+00  7.28e-01  2.00e-01   0.60
2004 04 21  1645   53116   60300  0  7.44e+02  2.06e+01  0  5.95e+02  1.52e+01  2.85e+00  1.18e+00  2.70e-01   0.27
2004 04 21  1650   53116   60600  0  7.34e+02  1.75e+01  0  6.23e+02  1.71e+01  2.46e+00  1.12e+00  2.70e-01   0.26
2004 04 21  1655   53116   60900  0  7.45e+02  1.68e+01  0  6.31e+02  1.70e+01  3.47e+00  9.77e-01  2.95e-01   0.32
2004 04 21  1700   53116   61200  0  7.46e+02  1.45e+01  0  6.11e+02  1.81e+01  2.85e+00  1.14e+00  2.80e-01   0.19
2004 04 21  1705   53116   61500  0  7.00e+02  1.81e+01  0  6.03e+02  1.59e+01  2.94e+00  9.15e-01  2.32e-01   0.08
2004 04 21  1710   53116   61800  0  6.42e+02  1.70e+01  0  6.14e+02  1.71e+01  3.15e+00  6.03e-01  2.00e-01   0.39
2004 04 21  1715   53116   62100  0  6.72e+02  1.95e+01  0  5.99e+02  1.60e+01  2.47e+00  1.14e+00  2.67e-01   0.57
2004 04 21  1720   53116   62400  0  6.85e+02  1.64e+01  0  6.72e+02  1.75e+01  3.38e+00  7.90e-01  3.16e-01   0.23
2004 04 21  1725   53116   62700  0  7.40e+02  1.58e+01  0  6.09e+02  1.62e+01  3.64e+00  8.73e-01  3.16e-01   0.23
2004 04 21  1730   53116   63000  0  6.67e+02  1.49e+01  0  6.03e+02  1.59e+01  3.05e+00  9.85e-01  3.66e-01   0.29
2004 04 21  1735   53116   63300  0  7.20e+02  1.82e+01  0  5.99e+02  1.78e+01  3.18e+00  1.14e+00  2.95e-01   0.39
2004 04 21  1740   53116   63600  0  6.37e+02  1.72e+01  0  6.03e+02  1.73e+01  3.08e+00  7.90e-01  3.27e-01   0.42
2004 04 21  1745   53116   63900  0  6.77e+02  1.26e+01  0  5.95e+02  1.90e+01  3.05e+00  1.09e+00  2.50e-01   0.02
2004 04 21  1750   53116   64200  9 -1.00e+05 -1.00e+05  9 -1.00e+05 -1.00e+05 -1.00e+05 -1.00e+05 -1.00e+05  -1.00
2004 04 21  1755   53116   64500  0  6.64e+02  2.24e+01  0  6.78e+02  1.42e+01  2.95e+00  1.05e+00  2.43e-01   0.88
2004 04 21  1800   53116   64800  9 -1.00e+05 -1.00e+05  9 -1.00e+05 -1.00e+05 -1.00e+05 -1.00e+05 -1.00e+05  -1.00
2004 04 21  1805   53116   65100  9 -1.00e+05 -1.00e+05  9 -1.00e+05 -1.00e+05 -1.00e+05 -1.00e+05 -1.00e+05  -1.00
2004 04 21  1810   53116   65400  0  7.03e+02  1.68e+01  0  6.39e+02  1.87e+01  3.08e+00  1.07e+00  1.93e-01   0.47
2004 04 21  1815   53116   65700  0  6.53e+02  1.82e+01  0  6.12e+02  1.76e+01  3.61e+00  1.23e+00  2.95e-01   0.29
2004 04 21  1820   53116   66000  0  6.51e+02  1.53e+01  0  5.84e+02  1.49e+01  2.26e+00  1.16e+00  2.53e-01   0.47
2004 04 21  1825   53116   66300  0  7.51e+02  1.57e+01  0  6.04e+02  1.65e+01  3.11e+00  8.97e-01  4.19e-01   0.41
2004 04 21  1830   53116   66600  0  6.87e+02  2.03e+01  0  6.26e+02  1.60e+01  3.25e+00  1.08e+00  2.74e-01   0.41
2004 04 21  1835   53116   66900  0  7.39e+02  1.65e+01  0  6.09e+02  1.62e+01  3.43e+00  1.09e+00  3.38e-01   0.32
2004 04 21  1840   53116   67200  0  7.08e+02  1.82e+01  0  6.66e+02  1.91e+01  2.94e+00  1.01e+00  2.41e-01   0.09
2004 04 21  1845   53116   67500  0  6.94e+02  1.41e+01  0  6.62e+02  1.67e+01  3.05e+00  8.94e-01  3.06e-01   0.36
2004 04 21  1850   53116   67800  0  6.78e+02  1.67e+01  0  1.08e+03  2.42e+01  3.58e+00  8.00e-01  2.99e-01   0.16
2004 04 21  1855   53116   68100  0  7.41e+02  1.42e+01  0  1.01e+03  2.85e+01  2.82e+00  1.01e+00  3.48e-01   0.21
2004 04 21  1900   53116   68400  0  7.36e+02  1.62e+01  0  6.17e+02  2.01e+01  3.77e+00  1.02e+00  2.74e-01   0.29
2004 04 21  1905   53116   68700  0  7.39e+02  1.43e+01  0  6.20e+02  1.68e+01  3.58e+00  1.03e+00  3.09e-01   0.07
2004 04 21  1910   53116   69000  0  6.11e+02  1.56e+01  0  6.25e+02  1.78e+01  3.49e+00  9.15e-01  2.99e-01   0.28
2004 04 21  1915   53116   69300  0  7.03e+02  1.84e+01  0  5.97e+02  1.97e+01  4.06e+00  1.12e+00  3.57e-01   0.19
2004 04 21  1920   53116   69600  0  7.23e+02  2.11e+01  0  6.44e+02  1.71e+01  3.15e+00  9.35e-01  4.11e-01   0.42
2004 04 21  1925   53116   69900  0  6.33e+02  1.45e+01  0  6.34e+02  1.66e+01  3.00e+00  7.24e-01  2.99e-01   0.41
2004 04 21  1930   53116   70200  0  7.29e+02  1.70e+01  0  5.91e+02  1.66e+01  3.00e+00  1.05e+00  1.93e-01   0.33
2004 04 21  1935   53116   70500  0  7.85e+02  1.82e+01  0  1.59e+03  2.58e+01  3.67e+00  9.15e-01  3.69e-01   0.23
2004 04 21  1940   53116   70800  0  7.36e+02  1.88e+01  0  1.04e+03  2.45e+01  4.30e+00  9.72e-01  3.09e-01   0.04
2004 04 21  1945   53116   71100  0  6.70e+02  1.97e+01  0  1.12e+03  2.05e+01  4.72e+00  7.81e-01  4.44e-01   0.63
2004 04 21  1950   53116   71400  0  6.66e+02  1.58e+01  0  9.37e+02  2.26e+01  3.34e+00  1.21e+00  1.90e-01   0.40
2004 04 21  1955   53116   71700  0  7.06e+02  2.02e+01  0  8.51e+02  2.16e+01  3.46e+00  9.72e-01  3.19e-01   0.29
2004 04 21  2000   53116   72000  0  7.18e+02  1.46e+01  0  7.94e+02  1.88e+01  3.17e+00  1.21e+00  3.69e-01   0.15
2004 04 21  2005   53116   72300  0  7.07e+02  1.49e+01  0  6.82e+02  1.88e+01  3.02e+00  1.10e+00  2.84e-01   0.13
2004 04 21  2010   53116   72600  0  7.98e+02  1.78e+01  0  8.48e+02  1.71e+01  3.38e+00  8.97e-01  2.05e-01   0.38
2004 04 21  2015   53116   72900  0  7.36e+02  1.66e+01  0  7.28e+02  2.07e+01  2.79e+00  1.06e+00  3.27e-01   0.22
2004 04 21  2020   53116   73200  0  6.79e+02  1.45e+01  0  7.82e+02  2.08e+01  3.31e+00  1.14e+00  3.06e-01   0.36
2004 04 21  2025   53116   73500  0  7.31e+02  1.65e+01  0  8.17e+02  2.10e+01  2.58e+00  9.32e-01  3.39e-01   0.02
2004 04 21  2030   53116   73800  0  6.64e+02  1.58e+01  0  1.44e+03  2.25e+01  3.87e+00  1.23e+00  2.32e-01   0.31
2004 04 21  2035   53116   74100  0  7.08e+02  1.77e+01  0  5.64e+03  3.96e+01  3.97e+00  1.32e+00  2.50e-01   0.11
2004 04 21  2040   53116   74400  0  6.19e+02  1.55e+01  0  1.68e+04  1.05e+02  3.47e+00  1.18e+00  3.48e-01   0.23
2004 04 21  2045   53116   74700  0  7.45e+02  1.53e+01  0  2.09e+04  3.29e+02  7.38e+00  8.73e-01  3.27e-01   0.26
2004 04 21  2050   53116   75000  0  6.84e+02  1.70e+01  0  3.52e+04  5.63e+02  1.10e+01  7.04e-01  3.48e-01   0.44
2004 04 21  2055   53116   75300  0  6.46e+02  1.58e+01  0  3.33e+04  4.63e+02  9.28e+00  1.10e+00  3.06e-01   0.29
2004 04 21  2100   53116   75600  0  7.52e+02  1.47e+01  0  2.60e+04  3.55e+02  8.59e+00  1.08e+00  3.58e-01   0.44
2004 04 21  2105   53116   75900  0  7.23e+02  1.62e+01  0  2.23e+04  3.46e+02  8.60e+00  1.13e+00  3.03e-01   0.22
2004 04 21  2110   53116   76200  0  7.09e+02  1.91e+01  0  1.85e+04  3.15e+02  8.98e+00  1.06e+00  2.53e-01   0.29
2004 04 21  2115   53116   76500  0  6.94e+02  1.58e+01  0  9.75e+03  1.84e+02  7.33e+00  1.26e+00  2.90e-01   0.18
2004 04 21  2120   53116   76800  0  7.08e+02  1.58e+01  0  6.27e+03  8.28e+01  4.33e+00  8.38e-01  1.93e-01   0.23
2004 04 21  2125   53116   77100  0  6.40e+02  1.84e+01  0  6.17e+02  1.67e+01  3.44e+00  9.98e-01  3.27e-01   0.43
2004 04 21  2130   53116   77400  0  7.22e+02  1.72e+01  0  5.92e+02  1.76e+01  3.73e+00  9.15e-01  3.67e-01   0.35
2004 04 21  2135   53116   77700  0  7.85e+02  1.74e+01  0  2.12e+03  3.12e+01  3.79e+00  1.11e+00  2.80e-01   0.33
2004 04 21  2140   53116   78000  0  6.66e+02  1.51e+01  0  1.49e+04  1.56e+02  4.95e+00  1.35e+00  3.27e-01   0.45
2004 04 21  2145   53116   78300  0  6.56e+02  1.61e+01  0  1.12e+04  1.44e+02  4.78e+00  1.11e+00  2.61e-01   0.37
2004 04 21  2150   53116   78600  0  6.83e+02  1.59e+01  0  2.50e+03  6.89e+01  3.94e+00  1.05e+00  3.38e-01   0.77
2004 04 21  2155   53116   78900  0  6.55e+02  2.06e+01  0  6.53e+02  1.70e+01  3.94e+00  1.01e+00  2.51e-01   0.69
2004 04 21  2200   53116   79200  0  6.60e+02  2.09e+01  0  6.25e+02  1.55e+01  3.11e+00  1.10e+00  3.06e-01   0.48
2004 04 21  2205   53116   79500  0  7.11e+02  1.61e+01  0  8.22e+02  1.71e+01  2.94e+00  1.18e+00  3.19e-01   0.33
2004 04 21  2210   53116   79800  0  6.75e+02  1.72e+01  0  7.56e+03  8.42e+01  4.87e+00  1.05e+00  2.61e-01   0.19
2004 04 21  2215   53116   80100  0  7.21e+02  1.68e+01  0  3.93e+03  6.18e+01  3.70e+00  1.04e+00  3.69e-01   0.24
2004 04 21  2220   53116   80400  0  6.58e+02  1.47e+01  0  6.74e+02  1.77e+01  3.16e+00  9.91e-01  2.61e-01   0.21
2004 04 21  2225   53116   80700  0  6.78e+02  1.67e+01  0  6.04e+02  1.65e+01  3.28e+00  1.01e+00  1.93e-01   0.29
2004 04 21  2230   53116   81000  0  6.71e+02  1.74e+01  0  6.17e+02  1.73e+01  2.79e+00  7.48e-01  2.63e-01   0.38
2004 04 21  2235   53116   81300  0  6.73e+02  1.90e+01  0  5.98e+02  1.74e+01  3.05e+00  9.32e-01  2.59e-01   0.48
2004 04 21  2240   53116   81600  0  6.85e+02  1.70e+01  0  5.72e+02  1.49e+01  3.67e+00  9.98e-01  2.63e-01   0.20
2004 04 21  2245   53116   81900  0  6.82e+02  1.57e+01  0  6.42e+02  2.02e+01  3.15e+00  1.02e+00  3.06e-01   0.23
2004 04 21  2250   53116   82200  0  6.81e+02  1.67e+01  0  6.04e+02  1.96e+01  2.63e+00  8.97e-01  2.14e-01   0.21
2004 04 21  2255   53116   82500  0  7.26e+02  1.82e+01  0  6.08e+02  1.53e+01  2.82e+00  9.98e-01  3.37e-01   0.15
2004 04 21  2300   53116   82800  0  7.41e+02  1.95e+01  0  6.36e+02  1.85e+01  3.02e+00  1.10e+00  2.74e-01   0.47
2004 04 21  2305   53116   83100  0  7.01e+02  1.85e+01  0  6.13e+02  1.77e+01  2.55e+00  8.97e-01  2.59e-01   0.32
2004 04 21  2310   53116   83400  0  7.11e+02  1.49e+01  0  6.36e+02  1.54e+01  3.41e+00  1.19e+00  2.42e-01   0.34
2004 04 21  2315   53116   83700  0  6.94e+02  1.56e+01  0  6.25e+02  1.85e+01  3.06e+00  9.48e-01  2.07e-01   0.30
2004 04 21  2320   53116   84000  0  6.57e+02  1.75e+01  0  6.10e+02  1.81e+01  3.07e+00  1.00e+00  3.35e-01   0.19
2004 04 21  2325   53116   84300  0  6.46e+02  1.55e+01  0  6.21e+02  1.63e+01  2.95e+00  7.69e-01  2.32e-01   0.22
2004 04 21  2330   53116   84600  0  6.21e+02  1.26e+01  0  5.69e+02  1.46e+01  2.83e+00  9.67e-01  3.12e-01   0.32
2004 04 21  2335   53116   84900  0  7.02e+02  1.58e+01  0  6.15e+02  1.73e+01  2.69e+00  1.16e+00  2.53e-01   0.29
2004 04 21  2340   53116   85200  0  6.69e+02  1.70e+01  0  6.03e+02  1.52e+01  3.64e+00  9.77e-01  2.95e-01   0.07
2004 04 21  2345   53116   85500  0  6.46e+02  1.50e+01  0  5.62e+02  1.52e+01  2.83e+00  1.11e+00  2.85e-01   0.37
2004 04 21  2350   53116   85800  0  6.82e+02  1.74e+01  0  6.95e+02  1.85e+01  3.34e+00  7.48e-01  2.95e-01   0.41
2004 04 21  2355   53116   86100  0  7.24e+02  1.45e+01  0  5.75e+02  1.53e+01  3.34e+00  1.01e+00  2.99e-01   0.64
