:Data_list: 20040719_ace_sis_5m.txt
:Created: 2004 Jul 20 0011 UT
# Prepared by the U.S. Dept. of Commerce, NOAA, Space Environment Center.
# Please send comments and suggestions to SEC.Webmaster@noaa.gov 
# 
# Units: proton flux p/cs2-sec-ster
# Status(S): 0 = nominal data, 1 to 8 = bad data record, 9 = no data
# Missing data values: -1.00e+05
# Source: ACE Satellite - Solar Isotope Spectrometer
#
# 5-minute averaged Real-time Integral Flux of High-energy Solar Protons
# 
#                 Modified Seconds
# UT Date   Time   Julian  of the      ---- Integral Proton Flux ----
# YR MO DA  HHMM     Day     Day       S    > 10 MeV    S    > 30 MeV
#--------------------------------------------------------------------
2004 07 19  0000    53205       0      0    1.02e+00    0    7.18e-01
2004 07 19  0005    53205     300      0    1.04e+00    0    7.31e-01
2004 07 19  0010    53205     600      0    1.05e+00    0    7.33e-01
2004 07 19  0015    53205     900      0    1.04e+00    0    7.37e-01
2004 07 19  0020    53205    1200      0    1.05e+00    0    7.37e-01
2004 07 19  0025    53205    1500      0    1.04e+00    0    7.36e-01
2004 07 19  0030    53205    1800      0    1.06e+00    0    7.44e-01
2004 07 19  0035    53205    2100      0    1.03e+00    0    7.34e-01
2004 07 19  0040    53205    2400      0    1.04e+00    0    7.31e-01
2004 07 19  0045    53205    2700      0    1.00e+00    0    7.08e-01
2004 07 19  0050    53205    3000      0    1.02e+00    0    7.17e-01
2004 07 19  0055    53205    3300      0    1.05e+00    0    7.46e-01
2004 07 19  0100    53205    3600      0    1.05e+00    0    7.42e-01
2004 07 19  0105    53205    3900      0    1.04e+00    0    7.19e-01
2004 07 19  0110    53205    4200      0    1.04e+00    0    7.28e-01
2004 07 19  0115    53205    4500      0    1.03e+00    0    7.32e-01
2004 07 19  0120    53205    4800      0    1.04e+00    0    7.27e-01
2004 07 19  0125    53205    5100      0    1.03e+00    0    7.27e-01
2004 07 19  0130    53205    5400      0    1.02e+00    0    7.12e-01
2004 07 19  0135    53205    5700      0    1.06e+00    0    7.44e-01
2004 07 19  0140    53205    6000      0    1.05e+00    0    7.36e-01
2004 07 19  0145    53205    6300      0    1.06e+00    0    7.42e-01
2004 07 19  0150    53205    6600      0    1.03e+00    0    7.33e-01
2004 07 19  0155    53205    6900      0    1.04e+00    0    7.36e-01
2004 07 19  0200    53205    7200      0    1.02e+00    0    7.11e-01
2004 07 19  0205    53205    7500      0    1.03e+00    0    7.29e-01
2004 07 19  0210    53205    7800      0    1.03e+00    0    7.30e-01
2004 07 19  0215    53205    8100      0    1.05e+00    0    7.28e-01
2004 07 19  0220    53205    8400      0    1.03e+00    0    7.27e-01
2004 07 19  0225    53205    8700      0    1.04e+00    0    7.26e-01
2004 07 19  0230    53205    9000      0    1.03e+00    0    7.30e-01
2004 07 19  0235    53205    9300      0    1.04e+00    0    7.34e-01
2004 07 19  0240    53205    9600      0    1.05e+00    0    7.47e-01
2004 07 19  0245    53205    9900      0    1.06e+00    0    7.47e-01
2004 07 19  0250    53205   10200      0    1.06e+00    0    7.39e-01
2004 07 19  0255    53205   10500      0    1.05e+00    0    7.40e-01
2004 07 19  0300    53205   10800      0    1.06e+00    0    7.47e-01
2004 07 19  0305    53205   11100      0    1.06e+00    0    7.43e-01
2004 07 19  0310    53205   11400      0    1.05e+00    0    7.36e-01
2004 07 19  0315    53205   11700      0    1.06e+00    0    7.47e-01
2004 07 19  0320    53205   12000      0    1.05e+00    0    7.38e-01
2004 07 19  0325    53205   12300      0    1.02e+00    0    7.04e-01
2004 07 19  0330    53205   12600      0    1.04e+00    0    7.25e-01
2004 07 19  0335    53205   12900      0    1.04e+00    0    7.30e-01
2004 07 19  0340    53205   13200      0    1.05e+00    0    7.32e-01
2004 07 19  0345    53205   13500      0    1.02e+00    0    7.16e-01
2004 07 19  0350    53205   13800      0    1.07e+00    0    7.49e-01
2004 07 19  0355    53205   14100      0    1.02e+00    0    7.12e-01
2004 07 19  0400    53205   14400      0    1.04e+00    0    7.30e-01
2004 07 19  0405    53205   14700      0    1.04e+00    0    7.29e-01
2004 07 19  0410    53205   15000      0    1.04e+00    0    7.39e-01
2004 07 19  0415    53205   15300      0    1.04e+00    0    7.36e-01
2004 07 19  0420    53205   15600      0    1.04e+00    0    7.31e-01
2004 07 19  0425    53205   15900      0    1.05e+00    0    7.37e-01
2004 07 19  0430    53205   16200      0    1.07e+00    0    7.56e-01
2004 07 19  0435    53205   16500      0    1.04e+00    0    7.27e-01
2004 07 19  0440    53205   16800      0    1.03e+00    0    7.18e-01
2004 07 19  0445    53205   17100      0    1.02e+00    0    7.13e-01
2004 07 19  0450    53205   17400      0    1.04e+00    0    7.39e-01
2004 07 19  0455    53205   17700      0    1.04e+00    0    7.29e-01
2004 07 19  0500    53205   18000      0    1.03e+00    0    7.31e-01
2004 07 19  0505    53205   18300      0    1.04e+00    0    7.30e-01
2004 07 19  0510    53205   18600      0    1.02e+00    0    7.26e-01
2004 07 19  0515    53205   18900      0    1.02e+00    0    7.00e-01
2004 07 19  0520    53205   19200      0    1.03e+00    0    7.23e-01
2004 07 19  0525    53205   19500      0    1.04e+00    0    7.29e-01
2004 07 19  0530    53205   19800      0    1.06e+00    0    7.56e-01
2004 07 19  0535    53205   20100      0    1.01e+00    0    7.06e-01
2004 07 19  0540    53205   20400      0    1.04e+00    0    7.37e-01
2004 07 19  0545    53205   20700      0    1.06e+00    0    7.47e-01
2004 07 19  0550    53205   21000      0    1.04e+00    0    7.31e-01
2004 07 19  0555    53205   21300      0    1.05e+00    0    7.39e-01
2004 07 19  0600    53205   21600      0    1.02e+00    0    7.28e-01
2004 07 19  0605    53205   21900      0    1.06e+00    0    7.54e-01
2004 07 19  0610    53205   22200      0    1.03e+00    0    7.14e-01
2004 07 19  0615    53205   22500      0    1.06e+00    0    7.44e-01
2004 07 19  0620    53205   22800      0    1.07e+00    0    7.52e-01
2004 07 19  0625    53205   23100      0    1.04e+00    0    7.33e-01
2004 07 19  0630    53205   23400      0    1.07e+00    0    7.58e-01
2004 07 19  0635    53205   23700      0    1.05e+00    0    7.42e-01
2004 07 19  0640    53205   24000      0    1.06e+00    0    7.48e-01
2004 07 19  0645    53205   24300      0    1.02e+00    0    7.18e-01
2004 07 19  0650    53205   24600      0    1.00e+00    0    7.06e-01
2004 07 19  0655    53205   24900      0    1.06e+00    0    7.58e-01
2004 07 19  0700    53205   25200      0    1.03e+00    0    7.09e-01
2004 07 19  0705    53205   25500      0    1.06e+00    0    7.45e-01
2004 07 19  0710    53205   25800      0    1.04e+00    0    7.38e-01
2004 07 19  0715    53205   26100      0    1.03e+00    0    7.22e-01
2004 07 19  0720    53205   26400      0    1.03e+00    0    7.16e-01
2004 07 19  0725    53205   26700      0    1.03e+00    0    7.24e-01
2004 07 19  0730    53205   27000      0    1.05e+00    0    7.40e-01
2004 07 19  0735    53205   27300      0    1.03e+00    0    7.23e-01
2004 07 19  0740    53205   27600      0    1.03e+00    0    7.23e-01
2004 07 19  0745    53205   27900      0    1.05e+00    0    7.38e-01
2004 07 19  0750    53205   28200      0    1.03e+00    0    7.19e-01
2004 07 19  0755    53205   28500      0    1.02e+00    0    7.18e-01
2004 07 19  0800    53205   28800      0    1.02e+00    0    7.11e-01
2004 07 19  0805    53205   29100      0    1.02e+00    0    7.19e-01
2004 07 19  0810    53205   29400      0    1.07e+00    0    7.55e-01
2004 07 19  0815    53205   29700      0    1.03e+00    0    7.31e-01
2004 07 19  0820    53205   30000      0    1.03e+00    0    7.24e-01
2004 07 19  0825    53205   30300      0    1.03e+00    0    7.27e-01
2004 07 19  0830    53205   30600      0    1.03e+00    0    7.27e-01
2004 07 19  0835    53205   30900      0    1.03e+00    0    7.30e-01
2004 07 19  0840    53205   31200      0    1.06e+00    0    7.43e-01
2004 07 19  0845    53205   31500      0    1.05e+00    0    7.40e-01
2004 07 19  0850    53205   31800      0    1.05e+00    0    7.42e-01
2004 07 19  0855    53205   32100      0    1.06e+00    0    7.52e-01
2004 07 19  0900    53205   32400      0    1.03e+00    0    7.28e-01
2004 07 19  0905    53205   32700      0    1.05e+00    0    7.35e-01
2004 07 19  0910    53205   33000      0    1.04e+00    0    7.37e-01
2004 07 19  0915    53205   33300      0    1.05e+00    0    7.35e-01
2004 07 19  0920    53205   33600      0    1.03e+00    0    7.19e-01
2004 07 19  0925    53205   33900      0    1.04e+00    0    7.24e-01
2004 07 19  0930    53205   34200      0    1.04e+00    0    7.27e-01
2004 07 19  0935    53205   34500      0    1.05e+00    0    7.31e-01
2004 07 19  0940    53205   34800      0    1.05e+00    0    7.47e-01
2004 07 19  0945    53205   35100      0    1.01e+00    0    7.08e-01
2004 07 19  0950    53205   35400      0    1.06e+00    0    7.48e-01
2004 07 19  0955    53205   35700      0    1.05e+00    0    7.36e-01
2004 07 19  1000    53205   36000      0    1.05e+00    0    7.29e-01
2004 07 19  1005    53205   36300      0    1.04e+00    0    7.33e-01
2004 07 19  1010    53205   36600      0    1.04e+00    0    7.29e-01
2004 07 19  1015    53205   36900      0    1.03e+00    0    7.29e-01
2004 07 19  1020    53205   37200      0    1.05e+00    0    7.43e-01
2004 07 19  1025    53205   37500      0    1.02e+00    0    7.18e-01
2004 07 19  1030    53205   37800      0    1.03e+00    0    7.17e-01
2004 07 19  1035    53205   38100      0    1.04e+00    0    7.34e-01
2004 07 19  1040    53205   38400      0    1.02e+00    0    7.21e-01
2004 07 19  1045    53205   38700      0    1.04e+00    0    7.22e-01
2004 07 19  1050    53205   39000      0    1.05e+00    0    7.37e-01
2004 07 19  1055    53205   39300      0    1.04e+00    0    7.34e-01
2004 07 19  1100    53205   39600      0    1.04e+00    0    7.37e-01
2004 07 19  1105    53205   39900      0    1.07e+00    0    7.64e-01
2004 07 19  1110    53205   40200      0    1.04e+00    0    7.32e-01
2004 07 19  1115    53205   40500      0    1.02e+00    0    7.13e-01
2004 07 19  1120    53205   40800      0    1.05e+00    0    7.39e-01
2004 07 19  1125    53205   41100      0    1.05e+00    0    7.34e-01
2004 07 19  1130    53205   41400      0    1.05e+00    0    7.47e-01
2004 07 19  1135    53205   41700      0    1.06e+00    0    7.50e-01
2004 07 19  1140    53205   42000      0    1.03e+00    0    7.21e-01
2004 07 19  1145    53205   42300      0    1.03e+00    0    7.27e-01
2004 07 19  1150    53205   42600      0    1.02e+00    0    7.14e-01
2004 07 19  1155    53205   42900      0    1.04e+00    0    7.31e-01
2004 07 19  1200    53205   43200      0    1.01e+00    0    7.15e-01
2004 07 19  1205    53205   43500      0    1.05e+00    0    7.38e-01
2004 07 19  1210    53205   43800      0    1.03e+00    0    7.19e-01
2004 07 19  1215    53205   44100      0    1.03e+00    0    7.23e-01
2004 07 19  1220    53205   44400      0    1.06e+00    0    7.44e-01
2004 07 19  1225    53205   44700      0    1.06e+00    0    7.49e-01
2004 07 19  1230    53205   45000      0    9.35e-01    0    6.48e-01
2004 07 19  1235    53205   45300      0    1.00e+00    0    7.06e-01
2004 07 19  1240    53205   45600      0    1.03e+00    0    7.20e-01
2004 07 19  1245    53205   45900      0    1.06e+00    0    7.47e-01
2004 07 19  1250    53205   46200      0    1.04e+00    0    7.27e-01
2004 07 19  1255    53205   46500      0    1.05e+00    0    7.32e-01
2004 07 19  1300    53205   46800      0    1.05e+00    0    7.48e-01
2004 07 19  1305    53205   47100      0    1.06e+00    0    7.53e-01
2004 07 19  1310    53205   47400      0    1.05e+00    0    7.36e-01
2004 07 19  1315    53205   47700      0    1.08e+00    0    7.60e-01
2004 07 19  1320    53205   48000      0    1.04e+00    0    7.34e-01
2004 07 19  1325    53205   48300      0    1.07e+00    0    7.48e-01
2004 07 19  1330    53205   48600      0    1.04e+00    0    7.38e-01
2004 07 19  1335    53205   48900      0    1.07e+00    0    7.53e-01
2004 07 19  1340    53205   49200      0    1.06e+00    0    7.38e-01
2004 07 19  1345    53205   49500      0    1.07e+00    0    7.47e-01
2004 07 19  1350    53205   49800      0    1.05e+00    0    7.29e-01
2004 07 19  1355    53205   50100      0    1.04e+00    0    7.30e-01
2004 07 19  1400    53205   50400      0    1.05e+00    0    7.29e-01
2004 07 19  1405    53205   50700      0    1.05e+00    0    7.37e-01
2004 07 19  1410    53205   51000      0    1.05e+00    0    7.38e-01
2004 07 19  1415    53205   51300      0    1.01e+00    0    6.99e-01
2004 07 19  1420    53205   51600      0    1.07e+00    0    7.54e-01
2004 07 19  1425    53205   51900      0    1.05e+00    0    7.28e-01
2004 07 19  1430    53205   52200      0    1.03e+00    0    7.22e-01
2004 07 19  1435    53205   52500      0    1.07e+00    0    7.50e-01
2004 07 19  1440    53205   52800      0    1.04e+00    0    7.39e-01
2004 07 19  1445    53205   53100      0    1.07e+00    0    7.54e-01
2004 07 19  1450    53205   53400      0    1.06e+00    0    7.49e-01
2004 07 19  1455    53205   53700      0    1.07e+00    0    7.54e-01
2004 07 19  1500    53205   54000      0    1.07e+00    0    7.51e-01
2004 07 19  1505    53205   54300      0    1.11e+00    0    7.86e-01
2004 07 19  1510    53205   54600      0    1.03e+00    0    7.18e-01
2004 07 19  1515    53205   54900      0    1.03e+00    0    7.17e-01
2004 07 19  1520    53205   55200      0    1.03e+00    0    7.22e-01
2004 07 19  1525    53205   55500      0    1.06e+00    0    7.50e-01
2004 07 19  1530    53205   55800      0    1.04e+00    0    7.38e-01
2004 07 19  1535    53205   56100      0    1.05e+00    0    7.37e-01
2004 07 19  1540    53205   56400      0    1.04e+00    0    7.20e-01
2004 07 19  1545    53205   56700      0    1.05e+00    0    7.33e-01
2004 07 19  1550    53205   57000      0    1.04e+00    0    7.36e-01
2004 07 19  1555    53205   57300      0    1.04e+00    0    7.33e-01
2004 07 19  1600    53205   57600      0    1.04e+00    0    7.26e-01
2004 07 19  1605    53205   57900      0    1.08e+00    0    7.58e-01
2004 07 19  1610    53205   58200      0    1.02e+00    0    7.16e-01
2004 07 19  1615    53205   58500      0    1.05e+00    0    7.40e-01
2004 07 19  1620    53205   58800      0    1.05e+00    0    7.30e-01
2004 07 19  1625    53205   59100      0    1.03e+00    0    7.26e-01
2004 07 19  1630    53205   59400      0    1.03e+00    0    7.18e-01
2004 07 19  1635    53205   59700      0    1.04e+00    0    7.30e-01
2004 07 19  1640    53205   60000      0    1.03e+00    0    7.24e-01
2004 07 19  1645    53205   60300      0    1.03e+00    0    7.30e-01
2004 07 19  1650    53205   60600      0    1.05e+00    0    7.41e-01
2004 07 19  1655    53205   60900      0    1.06e+00    0    7.55e-01
2004 07 19  1700    53205   61200      0    1.04e+00    0    7.24e-01
2004 07 19  1705    53205   61500      0    1.04e+00    0    7.35e-01
2004 07 19  1710    53205   61800      0    1.04e+00    0    7.24e-01
2004 07 19  1715    53205   62100      0    1.01e+00    0    7.09e-01
2004 07 19  1720    53205   62400      0    1.02e+00    0    7.08e-01
2004 07 19  1725    53205   62700      0    1.02e+00    0    7.10e-01
2004 07 19  1730    53205   63000      0    1.05e+00    0    7.37e-01
2004 07 19  1735    53205   63300      0    1.02e+00    0    7.16e-01
2004 07 19  1740    53205   63600      0    1.04e+00    0    7.32e-01
2004 07 19  1745    53205   63900      0    1.03e+00    0    7.27e-01
2004 07 19  1750    53205   64200      0    1.04e+00    0    7.32e-01
2004 07 19  1755    53205   64500      0    1.03e+00    0    7.26e-01
2004 07 19  1800    53205   64800      0    1.02e+00    0    7.11e-01
2004 07 19  1805    53205   65100      0    1.05e+00    0    7.40e-01
2004 07 19  1810    53205   65400      0    1.03e+00    0    7.27e-01
2004 07 19  1815    53205   65700      0    1.03e+00    0    7.11e-01
2004 07 19  1820    53205   66000      0    1.01e+00    0    7.10e-01
2004 07 19  1825    53205   66300      0    1.04e+00    0    7.28e-01
2004 07 19  1830    53205   66600      0    1.04e+00    0    7.29e-01
2004 07 19  1835    53205   66900      0    1.03e+00    0    7.30e-01
2004 07 19  1840    53205   67200      0    1.07e+00    0    7.47e-01
2004 07 19  1845    53205   67500      0    1.01e+00    0    7.12e-01
2004 07 19  1850    53205   67800      0    1.03e+00    0    7.26e-01
2004 07 19  1855    53205   68100      0    1.07e+00    0    7.53e-01
2004 07 19  1900    53205   68400      0    1.03e+00    0    7.28e-01
2004 07 19  1905    53205   68700      0    9.95e-01    0    6.96e-01
2004 07 19  1910    53205   69000      0    1.05e+00    0    7.37e-01
2004 07 19  1915    53205   69300      0    1.04e+00    0    7.22e-01
2004 07 19  1920    53205   69600      0    1.04e+00    0    7.44e-01
2004 07 19  1925    53205   69900      0    1.01e+00    0    7.11e-01
2004 07 19  1930    53205   70200      0    1.03e+00    0    7.20e-01
2004 07 19  1935    53205   70500      0    1.04e+00    0    7.32e-01
2004 07 19  1940    53205   70800      0    1.00e+00    0    7.01e-01
2004 07 19  1945    53205   71100      0    1.04e+00    0    7.44e-01
2004 07 19  1950    53205   71400      0    1.04e+00    0    7.40e-01
2004 07 19  1955    53205   71700      0    1.02e+00    0    7.10e-01
2004 07 19  2000    53205   72000      0    1.02e+00    0    7.16e-01
2004 07 19  2005    53205   72300      0    1.04e+00    0    7.29e-01
2004 07 19  2010    53205   72600      0    1.03e+00    0    7.18e-01
2004 07 19  2015    53205   72900      0    1.04e+00    0    7.34e-01
2004 07 19  2020    53205   73200      0    1.05e+00    0    7.37e-01
2004 07 19  2025    53205   73500      0    1.03e+00    0    7.25e-01
2004 07 19  2030    53205   73800      0    1.02e+00    0    7.17e-01
2004 07 19  2035    53205   74100      0    1.03e+00    0    7.28e-01
2004 07 19  2040    53205   74400      0    1.01e+00    0    7.01e-01
2004 07 19  2045    53205   74700      0    1.04e+00    0    7.29e-01
2004 07 19  2050    53205   75000      0    1.05e+00    0    7.43e-01
2004 07 19  2055    53205   75300      0    1.04e+00    0    7.31e-01
2004 07 19  2100    53205   75600      0    1.03e+00    0    7.24e-01
2004 07 19  2105    53205   75900      0    1.03e+00    0    7.30e-01
2004 07 19  2110    53205   76200      0    1.06e+00    0    7.49e-01
2004 07 19  2115    53205   76500      0    1.03e+00    0    7.20e-01
2004 07 19  2120    53205   76800      0    1.02e+00    0    7.12e-01
2004 07 19  2125    53205   77100      0    1.05e+00    0    7.44e-01
2004 07 19  2130    53205   77400      0    1.06e+00    0    7.48e-01
2004 07 19  2135    53205   77700      0    1.03e+00    0    7.23e-01
2004 07 19  2140    53205   78000      0    1.04e+00    0    7.26e-01
2004 07 19  2145    53205   78300      0    1.04e+00    0    7.36e-01
2004 07 19  2150    53205   78600      0    1.02e+00    0    7.20e-01
2004 07 19  2155    53205   78900      0    1.02e+00    0    7.26e-01
2004 07 19  2200    53205   79200      0    1.06e+00    0    7.39e-01
2004 07 19  2205    53205   79500      0    1.03e+00    0    7.21e-01
2004 07 19  2210    53205   79800      0    1.05e+00    0    7.32e-01
2004 07 19  2215    53205   80100      0    1.03e+00    0    7.17e-01
2004 07 19  2220    53205   80400      0    1.02e+00    0    7.16e-01
2004 07 19  2225    53205   80700      0    1.03e+00    0    7.32e-01
2004 07 19  2230    53205   81000      0    1.04e+00    0    7.34e-01
2004 07 19  2235    53205   81300      0    1.06e+00    0    7.45e-01
2004 07 19  2240    53205   81600      0    1.05e+00    0    7.36e-01
2004 07 19  2245    53205   81900      0    1.03e+00    0    7.24e-01
2004 07 19  2250    53205   82200      0    1.02e+00    0    7.24e-01
2004 07 19  2255    53205   82500      0    1.02e+00    0    7.11e-01
2004 07 19  2300    53205   82800      0    1.04e+00    0    7.39e-01
2004 07 19  2305    53205   83100      0    1.03e+00    0    7.30e-01
2004 07 19  2310    53205   83400      0    1.04e+00    0    7.34e-01
2004 07 19  2315    53205   83700      0    1.01e+00    0    7.10e-01
2004 07 19  2320    53205   84000      0    1.02e+00    0    7.22e-01
2004 07 19  2325    53205   84300      0    1.04e+00    0    7.38e-01
2004 07 19  2330    53205   84600      0    1.03e+00    0    7.25e-01
2004 07 19  2335    53205   84900      0    1.00e+00    0    7.08e-01
2004 07 19  2340    53205   85200      0    1.02e+00    0    7.17e-01
2004 07 19  2345    53205   85500      0    1.02e+00    0    7.20e-01
2004 07 19  2350    53205   85800      0    1.01e+00    0    7.10e-01
2004 07 19  2355    53205   86100      0    1.02e+00    0    7.19e-01
