:Data_list: 20041127_ace_sis_5m.txt
:Created: 2004 Nov 28 0011 UT
# Prepared by the U.S. Dept. of Commerce, NOAA, Space Environment Center.
# Please send comments and suggestions to SEC.Webmaster@noaa.gov 
# 
# Units: proton flux p/cs2-sec-ster
# Status(S): 0 = nominal data, 1 to 8 = bad data record, 9 = no data
# Missing data values: -1.00e+05
# Source: ACE Satellite - Solar Isotope Spectrometer
#
# 5-minute averaged Real-time Integral Flux of High-energy Solar Protons
# 
#                 Modified Seconds
# UT Date   Time   Julian  of the      ---- Integral Proton Flux ----
# YR MO DA  HHMM     Day     Day       S    > 10 MeV    S    > 30 MeV
#--------------------------------------------------------------------
2004 11 27  0000    53336       0      0    1.24e+00    0    8.50e-01
2004 11 27  0005    53336     300      0    1.25e+00    0    8.53e-01
2004 11 27  0010    53336     600      0    1.24e+00    0    8.62e-01
2004 11 27  0015    53336     900      0    1.26e+00    0    8.70e-01
2004 11 27  0020    53336    1200      0    1.27e+00    0    8.87e-01
2004 11 27  0025    53336    1500      0    1.27e+00    0    8.81e-01
2004 11 27  0030    53336    1800      0    1.24e+00    0    8.62e-01
2004 11 27  0035    53336    2100      0    1.24e+00    0    8.54e-01
2004 11 27  0040    53336    2400      0    1.25e+00    0    8.65e-01
2004 11 27  0045    53336    2700      0    1.24e+00    0    8.49e-01
2004 11 27  0050    53336    3000      0    1.25e+00    0    8.76e-01
2004 11 27  0055    53336    3300      0    1.22e+00    0    8.39e-01
2004 11 27  0100    53336    3600      0    1.25e+00    0    8.61e-01
2004 11 27  0105    53336    3900      0    1.26e+00    0    8.71e-01
2004 11 27  0110    53336    4200      0    1.26e+00    0    8.78e-01
2004 11 27  0115    53336    4500      0    1.25e+00    0    8.71e-01
2004 11 27  0120    53336    4800      0    1.25e+00    0    8.59e-01
2004 11 27  0125    53336    5100      0    1.27e+00    0    8.70e-01
2004 11 27  0130    53336    5400      0    1.26e+00    0    8.66e-01
2004 11 27  0135    53336    5700      0    1.26e+00    0    8.84e-01
2004 11 27  0140    53336    6000      0    1.29e+00    0    8.93e-01
2004 11 27  0145    53336    6300      0    1.25e+00    0    8.70e-01
2004 11 27  0150    53336    6600      0    1.25e+00    0    8.66e-01
2004 11 27  0155    53336    6900      0    1.24e+00    0    8.61e-01
2004 11 27  0200    53336    7200      0    1.26e+00    0    8.78e-01
2004 11 27  0205    53336    7500      0    1.24e+00    0    8.51e-01
2004 11 27  0210    53336    7800      0    1.24e+00    0    8.58e-01
2004 11 27  0215    53336    8100      0    1.26e+00    0    8.74e-01
2004 11 27  0220    53336    8400      0    1.26e+00    0    8.62e-01
2004 11 27  0225    53336    8700      0    1.24e+00    0    8.49e-01
2004 11 27  0230    53336    9000      0    1.24e+00    0    8.62e-01
2004 11 27  0235    53336    9300      0    1.24e+00    0    8.58e-01
2004 11 27  0240    53336    9600      0    1.26e+00    0    8.68e-01
2004 11 27  0245    53336    9900      0    1.25e+00    0    8.57e-01
2004 11 27  0250    53336   10200      0    1.25e+00    0    8.66e-01
2004 11 27  0255    53336   10500      0    1.21e+00    0    8.36e-01
2004 11 27  0300    53336   10800      0    1.26e+00    0    8.72e-01
2004 11 27  0305    53336   11100      0    1.25e+00    0    8.54e-01
2004 11 27  0310    53336   11400      0    1.26e+00    0    8.73e-01
2004 11 27  0315    53336   11700      0    1.24e+00    0    8.56e-01
2004 11 27  0320    53336   12000      0    1.23e+00    0    8.45e-01
2004 11 27  0325    53336   12300      0    1.26e+00    0    8.83e-01
2004 11 27  0330    53336   12600      0    1.26e+00    0    8.72e-01
2004 11 27  0335    53336   12900      0    1.27e+00    0    8.86e-01
2004 11 27  0340    53336   13200      0    1.26e+00    0    8.77e-01
2004 11 27  0345    53336   13500      0    1.26e+00    0    8.72e-01
2004 11 27  0350    53336   13800      0    1.25e+00    0    8.67e-01
2004 11 27  0355    53336   14100      0    1.25e+00    0    8.67e-01
2004 11 27  0400    53336   14400      0    1.28e+00    0    8.83e-01
2004 11 27  0405    53336   14700      0    1.26e+00    0    8.70e-01
2004 11 27  0410    53336   15000      0    1.25e+00    0    8.60e-01
2004 11 27  0415    53336   15300      0    1.23e+00    0    8.53e-01
2004 11 27  0420    53336   15600      0    1.25e+00    0    8.59e-01
2004 11 27  0425    53336   15900      0    1.27e+00    0    8.85e-01
2004 11 27  0430    53336   16200      0    1.24e+00    0    8.50e-01
2004 11 27  0435    53336   16500      0    1.24e+00    0    8.40e-01
2004 11 27  0440    53336   16800      0    1.27e+00    0    8.71e-01
2004 11 27  0445    53336   17100      0    1.26e+00    0    8.67e-01
2004 11 27  0450    53336   17400      0    1.24e+00    0    8.56e-01
2004 11 27  0455    53336   17700      0    1.24e+00    0    8.65e-01
2004 11 27  0500    53336   18000      0    1.23e+00    0    8.47e-01
2004 11 27  0505    53336   18300      0    1.26e+00    0    8.73e-01
2004 11 27  0510    53336   18600      0    1.23e+00    0    8.44e-01
2004 11 27  0515    53336   18900      0    1.25e+00    0    8.56e-01
2004 11 27  0520    53336   19200      0    1.23e+00    0    8.46e-01
2004 11 27  0525    53336   19500      0    1.23e+00    0    8.48e-01
2004 11 27  0530    53336   19800      0    1.25e+00    0    8.59e-01
2004 11 27  0535    53336   20100      0    1.23e+00    0    8.54e-01
2004 11 27  0540    53336   20400      0    1.25e+00    0    8.53e-01
2004 11 27  0545    53336   20700      0    1.29e+00    0    8.92e-01
2004 11 27  0550    53336   21000      0    1.25e+00    0    8.62e-01
2004 11 27  0555    53336   21300      0    1.25e+00    0    8.69e-01
2004 11 27  0600    53336   21600      0    1.26e+00    0    8.65e-01
2004 11 27  0605    53336   21900      0    1.29e+00    0    8.98e-01
2004 11 27  0610    53336   22200      0    1.28e+00    0    8.93e-01
2004 11 27  0615    53336   22500      0    1.28e+00    0    8.84e-01
2004 11 27  0620    53336   22800      0    1.21e+00    0    8.30e-01
2004 11 27  0625    53336   23100      0    1.23e+00    0    8.55e-01
2004 11 27  0630    53336   23400      0    1.26e+00    0    8.67e-01
2004 11 27  0635    53336   23700      0    1.29e+00    0    8.90e-01
2004 11 27  0640    53336   24000      0    1.24e+00    0    8.51e-01
2004 11 27  0645    53336   24300      0    1.26e+00    0    8.66e-01
2004 11 27  0650    53336   24600      0    1.24e+00    0    8.57e-01
2004 11 27  0655    53336   24900      0    1.23e+00    0    8.50e-01
2004 11 27  0700    53336   25200      0    1.24e+00    0    8.58e-01
2004 11 27  0705    53336   25500      0    1.26e+00    0    8.71e-01
2004 11 27  0710    53336   25800      0    1.22e+00    0    8.39e-01
2004 11 27  0715    53336   26100      0    1.24e+00    0    8.59e-01
2004 11 27  0720    53336   26400      0    1.24e+00    0    8.67e-01
2004 11 27  0725    53336   26700      0    1.27e+00    0    8.92e-01
2004 11 27  0730    53336   27000      0    1.25e+00    0    8.70e-01
2004 11 27  0735    53336   27300      0    1.25e+00    0    8.63e-01
2004 11 27  0740    53336   27600      0    1.24e+00    0    8.59e-01
2004 11 27  0745    53336   27900      0    1.28e+00    0    8.77e-01
2004 11 27  0750    53336   28200      0    1.25e+00    0    8.60e-01
2004 11 27  0755    53336   28500      0    1.23e+00    0    8.49e-01
2004 11 27  0800    53336   28800      0    1.26e+00    0    8.72e-01
2004 11 27  0805    53336   29100      0    1.24e+00    0    8.64e-01
2004 11 27  0810    53336   29400      0    1.26e+00    0    8.77e-01
2004 11 27  0815    53336   29700      0    1.26e+00    0    8.67e-01
2004 11 27  0820    53336   30000      0    1.28e+00    0    8.82e-01
2004 11 27  0825    53336   30300      0    1.26e+00    0    8.82e-01
2004 11 27  0830    53336   30600      0    1.26e+00    0    8.77e-01
2004 11 27  0835    53336   30900      0    1.24e+00    0    8.56e-01
2004 11 27  0840    53336   31200      0    1.25e+00    0    8.72e-01
2004 11 27  0845    53336   31500      0    1.26e+00    0    8.68e-01
2004 11 27  0850    53336   31800      0    1.27e+00    0    8.79e-01
2004 11 27  0855    53336   32100      0    1.20e+00    0    8.30e-01
2004 11 27  0900    53336   32400      0    1.24e+00    0    8.51e-01
2004 11 27  0905    53336   32700      0    1.24e+00    0    8.61e-01
2004 11 27  0910    53336   33000      0    1.27e+00    0    8.76e-01
2004 11 27  0915    53336   33300      0    1.21e+00    0    8.31e-01
2004 11 27  0920    53336   33600      0    1.25e+00    0    8.66e-01
2004 11 27  0925    53336   33900      0    1.25e+00    0    8.63e-01
2004 11 27  0930    53336   34200      0    1.24e+00    0    8.52e-01
2004 11 27  0935    53336   34500      0    1.24e+00    0    8.63e-01
2004 11 27  0940    53336   34800      0    1.27e+00    0    8.72e-01
2004 11 27  0945    53336   35100      0    1.22e+00    0    8.32e-01
2004 11 27  0950    53336   35400      0    1.25e+00    0    8.58e-01
2004 11 27  0955    53336   35700      0    1.26e+00    0    8.61e-01
2004 11 27  1000    53336   36000      0    1.27e+00    0    8.79e-01
2004 11 27  1005    53336   36300      0    1.23e+00    0    8.47e-01
2004 11 27  1010    53336   36600      0    1.22e+00    0    8.40e-01
2004 11 27  1015    53336   36900      0    1.24e+00    0    8.58e-01
2004 11 27  1020    53336   37200      0    1.24e+00    0    8.64e-01
2004 11 27  1025    53336   37500      0    1.27e+00    0    8.72e-01
2004 11 27  1030    53336   37800      0    1.24e+00    0    8.62e-01
2004 11 27  1035    53336   38100      0    1.28e+00    0    8.89e-01
2004 11 27  1040    53336   38400      0    1.25e+00    0    8.69e-01
2004 11 27  1045    53336   38700      0    1.25e+00    0    8.63e-01
2004 11 27  1050    53336   39000      0    1.27e+00    0    8.77e-01
2004 11 27  1055    53336   39300      0    1.27e+00    0    8.80e-01
2004 11 27  1100    53336   39600      0    1.26e+00    0    8.76e-01
2004 11 27  1105    53336   39900      0    1.26e+00    0    8.68e-01
2004 11 27  1110    53336   40200      0    1.26e+00    0    8.75e-01
2004 11 27  1115    53336   40500      0    1.25e+00    0    8.72e-01
2004 11 27  1120    53336   40800      0    1.27e+00    0    8.82e-01
2004 11 27  1125    53336   41100      0    1.23e+00    0    8.60e-01
2004 11 27  1130    53336   41400      0    1.23e+00    0    8.57e-01
2004 11 27  1135    53336   41700      0    1.25e+00    0    8.67e-01
2004 11 27  1140    53336   42000      0    1.26e+00    0    8.76e-01
2004 11 27  1145    53336   42300      0    1.24e+00    0    8.53e-01
2004 11 27  1150    53336   42600      0    1.25e+00    0    8.57e-01
2004 11 27  1155    53336   42900      0    1.24e+00    0    8.42e-01
2004 11 27  1200    53336   43200      0    1.26e+00    0    8.74e-01
2004 11 27  1205    53336   43500      0    1.27e+00    0    8.82e-01
2004 11 27  1210    53336   43800      0    1.23e+00    0    8.60e-01
2004 11 27  1215    53336   44100      0    1.28e+00    0    8.87e-01
2004 11 27  1220    53336   44400      0    1.26e+00    0    8.70e-01
2004 11 27  1225    53336   44700      0    1.24e+00    0    8.52e-01
2004 11 27  1230    53336   45000      0    1.26e+00    0    8.74e-01
2004 11 27  1235    53336   45300      0    1.28e+00    0    8.74e-01
2004 11 27  1240    53336   45600      0    1.24e+00    0    8.57e-01
2004 11 27  1245    53336   45900      0    1.27e+00    0    8.79e-01
2004 11 27  1250    53336   46200      0    1.24e+00    0    8.54e-01
2004 11 27  1255    53336   46500      0    1.28e+00    0    8.75e-01
2004 11 27  1300    53336   46800      0    1.27e+00    0    8.73e-01
2004 11 27  1305    53336   47100      0    1.25e+00    0    8.63e-01
2004 11 27  1310    53336   47400      0    1.25e+00    0    8.74e-01
2004 11 27  1315    53336   47700      0    1.23e+00    0    8.50e-01
2004 11 27  1320    53336   48000      0    1.25e+00    0    8.66e-01
2004 11 27  1325    53336   48300      0    1.27e+00    0    8.76e-01
2004 11 27  1330    53336   48600      0    1.28e+00    0    8.86e-01
2004 11 27  1335    53336   48900      0    1.26e+00    0    8.79e-01
2004 11 27  1340    53336   49200      0    1.30e+00    0    8.94e-01
2004 11 27  1345    53336   49500      0    1.27e+00    0    8.73e-01
2004 11 27  1350    53336   49800      0    1.25e+00    0    8.59e-01
2004 11 27  1355    53336   50100      0    1.25e+00    0    8.62e-01
2004 11 27  1400    53336   50400      0    1.25e+00    0    8.66e-01
2004 11 27  1405    53336   50700      0    1.26e+00    0    8.68e-01
2004 11 27  1410    53336   51000      0    1.29e+00    0    8.89e-01
2004 11 27  1415    53336   51300      0    1.27e+00    0    8.67e-01
2004 11 27  1420    53336   51600      0    1.25e+00    0    8.64e-01
2004 11 27  1425    53336   51900      0    1.26e+00    0    8.58e-01
2004 11 27  1430    53336   52200      0    1.24e+00    0    8.58e-01
2004 11 27  1435    53336   52500      0    1.27e+00    0    8.71e-01
2004 11 27  1440    53336   52800      0    1.24e+00    0    8.55e-01
2004 11 27  1445    53336   53100      0    1.26e+00    0    8.69e-01
2004 11 27  1450    53336   53400      0    1.27e+00    0    8.84e-01
2004 11 27  1455    53336   53700      0    1.28e+00    0    8.81e-01
2004 11 27  1500    53336   54000      0    1.29e+00    0    8.87e-01
2004 11 27  1505    53336   54300      0    1.28e+00    0    8.86e-01
2004 11 27  1510    53336   54600      0    1.26e+00    0    8.68e-01
2004 11 27  1515    53336   54900      0    1.25e+00    0    8.64e-01
2004 11 27  1520    53336   55200      0    1.24e+00    0    8.53e-01
2004 11 27  1525    53336   55500      0    1.25e+00    0    8.68e-01
2004 11 27  1530    53336   55800      0    1.25e+00    0    8.57e-01
2004 11 27  1535    53336   56100      0    1.27e+00    0    8.79e-01
2004 11 27  1540    53336   56400      0    1.28e+00    0    8.91e-01
2004 11 27  1545    53336   56700      0    1.30e+00    0    9.03e-01
2004 11 27  1550    53336   57000      0    1.27e+00    0    8.81e-01
2004 11 27  1555    53336   57300      0    1.26e+00    0    8.77e-01
2004 11 27  1600    53336   57600      0    1.26e+00    0    8.78e-01
2004 11 27  1605    53336   57900      0    1.28e+00    0    8.81e-01
2004 11 27  1610    53336   58200      0    1.26e+00    0    8.70e-01
2004 11 27  1615    53336   58500      0    1.28e+00    0    8.91e-01
2004 11 27  1620    53336   58800      0    1.25e+00    0    8.64e-01
2004 11 27  1625    53336   59100      0    1.27e+00    0    8.70e-01
2004 11 27  1630    53336   59400      0    1.26e+00    0    8.80e-01
2004 11 27  1635    53336   59700      0    1.24e+00    0    8.63e-01
2004 11 27  1640    53336   60000      0    1.25e+00    0    8.71e-01
2004 11 27  1645    53336   60300      0    1.25e+00    0    8.68e-01
2004 11 27  1650    53336   60600      0    1.25e+00    0    8.62e-01
2004 11 27  1655    53336   60900      0    1.27e+00    0    8.81e-01
2004 11 27  1700    53336   61200      0    1.26e+00    0    8.79e-01
2004 11 27  1705    53336   61500      0    1.24e+00    0    8.52e-01
2004 11 27  1710    53336   61800      0    1.26e+00    0    8.68e-01
2004 11 27  1715    53336   62100      0    1.28e+00    0    9.01e-01
2004 11 27  1720    53336   62400      0    1.26e+00    0    8.62e-01
2004 11 27  1725    53336   62700      0    1.28e+00    0    8.88e-01
2004 11 27  1730    53336   63000      0    1.28e+00    0    8.74e-01
2004 11 27  1735    53336   63300      0    1.25e+00    0    8.59e-01
2004 11 27  1740    53336   63600      0    1.26e+00    0    8.68e-01
2004 11 27  1745    53336   63900      0    1.28e+00    0    8.71e-01
2004 11 27  1750    53336   64200      0    1.28e+00    0    8.84e-01
2004 11 27  1755    53336   64500      0    1.24e+00    0    8.50e-01
2004 11 27  1800    53336   64800      0    1.27e+00    0    8.86e-01
2004 11 27  1805    53336   65100      0    1.25e+00    0    8.61e-01
2004 11 27  1810    53336   65400      0    1.25e+00    0    8.79e-01
2004 11 27  1815    53336   65700      0    1.27e+00    0    8.66e-01
2004 11 27  1820    53336   66000      0    1.28e+00    0    8.83e-01
2004 11 27  1825    53336   66300      0    1.29e+00    0    8.86e-01
2004 11 27  1830    53336   66600      0    1.27e+00    0    8.85e-01
2004 11 27  1835    53336   66900      0    1.28e+00    0    8.74e-01
2004 11 27  1840    53336   67200      0    1.27e+00    0    8.78e-01
2004 11 27  1845    53336   67500      0    1.26e+00    0    8.63e-01
2004 11 27  1850    53336   67800      0    1.27e+00    0    8.81e-01
2004 11 27  1855    53336   68100      0    1.25e+00    0    8.60e-01
2004 11 27  1900    53336   68400      0    1.27e+00    0    8.76e-01
2004 11 27  1905    53336   68700      0    1.24e+00    0    8.44e-01
2004 11 27  1910    53336   69000      0    1.27e+00    0    8.89e-01
2004 11 27  1915    53336   69300      0    1.28e+00    0    8.91e-01
2004 11 27  1920    53336   69600      0    1.28e+00    0    8.87e-01
2004 11 27  1925    53336   69900      0    1.26e+00    0    8.76e-01
2004 11 27  1930    53336   70200      0    1.27e+00    0    8.82e-01
2004 11 27  1935    53336   70500      0    1.26e+00    0    8.75e-01
2004 11 27  1940    53336   70800      0    1.30e+00    0    9.01e-01
2004 11 27  1945    53336   71100      0    1.28e+00    0    8.91e-01
2004 11 27  1950    53336   71400      0    1.26e+00    0    8.76e-01
2004 11 27  1955    53336   71700      0    1.26e+00    0    8.68e-01
2004 11 27  2000    53336   72000      0    1.29e+00    0    8.92e-01
2004 11 27  2005    53336   72300      0    1.28e+00    0    8.79e-01
2004 11 27  2010    53336   72600      0    1.27e+00    0    8.87e-01
2004 11 27  2015    53336   72900      0    1.28e+00    0    8.83e-01
2004 11 27  2020    53336   73200      0    1.27e+00    0    8.78e-01
2004 11 27  2025    53336   73500      0    1.25e+00    0    8.72e-01
2004 11 27  2030    53336   73800      0    1.26e+00    0    8.73e-01
2004 11 27  2035    53336   74100      0    1.26e+00    0    8.70e-01
2004 11 27  2040    53336   74400      0    1.24e+00    0    8.56e-01
2004 11 27  2045    53336   74700      0    1.27e+00    0    8.73e-01
2004 11 27  2050    53336   75000      0    1.30e+00    0    9.07e-01
2004 11 27  2055    53336   75300      0    1.27e+00    0    8.80e-01
2004 11 27  2100    53336   75600      0    1.25e+00    0    8.62e-01
2004 11 27  2105    53336   75900      9   -1.00e+05    9   -1.00e+05
2004 11 27  2110    53336   76200      9   -1.00e+05    9   -1.00e+05
2004 11 27  2115    53336   76500      9   -1.00e+05    9   -1.00e+05
2004 11 27  2120    53336   76800      9   -1.00e+05    9   -1.00e+05
2004 11 27  2125    53336   77100      9   -1.00e+05    9   -1.00e+05
2004 11 27  2130    53336   77400      9   -1.00e+05    9   -1.00e+05
2004 11 27  2135    53336   77700      9   -1.00e+05    9   -1.00e+05
2004 11 27  2140    53336   78000      9   -1.00e+05    9   -1.00e+05
2004 11 27  2145    53336   78300      9   -1.00e+05    9   -1.00e+05
2004 11 27  2150    53336   78600      0    1.25e+00    0    8.55e-01
2004 11 27  2155    53336   78900      0    1.29e+00    0    8.94e-01
2004 11 27  2200    53336   79200      0    1.27e+00    0    8.79e-01
2004 11 27  2205    53336   79500      0    1.21e+00    0    8.43e-01
2004 11 27  2210    53336   79800      9   -1.00e+05    9   -1.00e+05
2004 11 27  2215    53336   80100      0    1.27e+00    0    8.90e-01
2004 11 27  2220    53336   80400      0    1.25e+00    0    8.63e-01
2004 11 27  2225    53336   80700      0    1.28e+00    0    8.92e-01
2004 11 27  2230    53336   81000      0    1.30e+00    0    9.03e-01
2004 11 27  2235    53336   81300      0    1.26e+00    0    8.77e-01
2004 11 27  2240    53336   81600      0    1.26e+00    0    8.76e-01
2004 11 27  2245    53336   81900      0    1.30e+00    0    8.81e-01
2004 11 27  2250    53336   82200      0    1.23e+00    0    8.48e-01
2004 11 27  2255    53336   82500      0    1.24e+00    0    8.60e-01
2004 11 27  2300    53336   82800      0    1.28e+00    0    8.84e-01
2004 11 27  2305    53336   83100      0    1.27e+00    0    8.79e-01
2004 11 27  2310    53336   83400      0    1.22e+00    0    8.42e-01
2004 11 27  2315    53336   83700      0    1.24e+00    0    8.66e-01
2004 11 27  2320    53336   84000      0    1.25e+00    0    8.69e-01
2004 11 27  2325    53336   84300      0    1.27e+00    0    8.77e-01
2004 11 27  2330    53336   84600      0    1.31e+00    0    9.09e-01
2004 11 27  2335    53336   84900      0    1.28e+00    0    8.71e-01
2004 11 27  2340    53336   85200      0    1.28e+00    0    8.82e-01
2004 11 27  2345    53336   85500      0    1.26e+00    0    8.66e-01
2004 11 27  2350    53336   85800      0    1.28e+00    0    8.87e-01
2004 11 27  2355    53336   86100      0    1.29e+00    0    8.77e-01
