:Data_list: 20041231_ace_epam_5m.txt
:Created: 2005 Jan 01 0012 UT
# Prepared by the U.S. Dept. of Commerce, NOAA, Space Environment Center.
# Please send comments and suggestions to SEC.Webmaster@noaa.gov 
# 
# Units: Differential Flux particles/cm2-s-ster-MeV
# Units: Anisotropy Index 0.0 - 2.0
# Status(S): 0 = nominal, 4,6,7,8 = bad data, unable to process, 9 = no data
# Missing data values: -1.00e+05, index = -1.00
# Source: ACE Satellite - Electron, Proton, and Alpha Monitor
# 2004 Feb 04: see http://www.sec.noaa.gov/ftpdir/lists/ace/README for EPAM channel change notice.
#
#                      5-minute averaged Real-time Differential Electron and Proton Flux 
# 
#                Modified Seconds ---------------------------- Differential Flux --------------------------- 
# UT Date   Time  Julian  of the  ----- Electron -----   ------------------- Protons keV -------------------   Anis.
# YR MO DA  HHMM    Day    Day    S    38-53   175-315   S    47-68   115-195   310-580   761-1220 1060-1900   Ratio
#-------------------------------------------------------------------------------------------------------------------
2004 12 31  0000   53370       0  0  5.50e+02  2.15e+01  0  1.16e+03  2.26e+01  2.49e+00  5.61e-01  2.00e-01   0.89
2004 12 31  0005   53370     300  0  4.61e+02  1.77e+01  0  1.04e+03  2.36e+01  3.15e+00  7.43e-01  1.35e-01   0.35
2004 12 31  0010   53370     600  0  4.63e+02  1.56e+01  0  1.18e+03  2.32e+01  2.64e+00  5.91e-01  1.45e-01   0.17
2004 12 31  0015   53370     900  0  5.45e+02  1.97e+01  0  1.17e+03  2.49e+01  3.18e+00  7.07e-01  1.16e-01   0.31
2004 12 31  0020   53370    1200  0  4.01e+02  1.67e+01  0  1.20e+03  2.23e+01  2.85e+00  6.10e-01  8.43e-02   0.43
2004 12 31  0025   53370    1500  0  6.25e+02  2.27e+01  0  1.19e+03  2.44e+01  2.94e+00  8.76e-01  2.43e-01   0.54
2004 12 31  0030   53370    1800  0  4.11e+02  1.52e+01  0  1.18e+03  2.04e+01  2.19e+00  7.05e-01  1.06e-01   0.21
2004 12 31  0035   53370    2100  0  5.04e+02  1.51e+01  0  1.17e+03  2.73e+01  3.28e+00  8.11e-01  1.47e-01   0.57
2004 12 31  0040   53370    2400  0  5.34e+02  2.30e+01  0  1.10e+03  2.23e+01  2.85e+00  6.10e-01  2.12e-01   0.53
2004 12 31  0045   53370    2700  0  5.14e+02  1.72e+01  0  1.21e+03  2.57e+01  2.94e+00  6.86e-01  2.12e-01   0.11
2004 12 31  0050   53370    3000  0  5.77e+02  2.32e+01  0  1.17e+03  2.16e+01  2.75e+00  9.15e-01  2.00e-01   0.35
2004 12 31  0055   53370    3300  0  4.75e+02  1.77e+01  0  1.12e+03  2.47e+01  2.70e+00  6.86e-01  9.66e-02   0.65
2004 12 31  0100   53370    3600  0  5.01e+02  1.86e+01  0  1.20e+03  2.46e+01  2.79e+00  5.91e-01  1.93e-01   0.89
2004 12 31  0105   53370    3900  0  6.08e+02  1.86e+01  0  1.17e+03  2.61e+01  2.98e+00  7.48e-01  1.26e-01   0.28
2004 12 31  0110   53370    4200  0  4.43e+02  2.01e+01  0  1.17e+03  2.53e+01  3.19e+00  6.33e-01  1.16e-01   0.16
2004 12 31  0115   53370    4500  0  4.31e+02  1.84e+01  0  1.12e+03  2.60e+01  2.72e+00  5.20e-01  1.47e-01   0.37
2004 12 31  0120   53370    4800  0  4.65e+02  1.47e+01  0  1.18e+03  2.42e+01  2.95e+00  6.44e-01  8.43e-02   0.55
2004 12 31  0125   53370    5100  0  5.33e+02  1.57e+01  0  1.18e+03  2.67e+01  2.94e+00  7.74e-01  1.87e-01   0.62
2004 12 31  0130   53370    5400  0  4.29e+02  1.84e+01  0  1.08e+03  2.20e+01  2.56e+00  7.48e-01  1.69e-01   0.67
2004 12 31  0135   53370    5700  0  5.59e+02  1.97e+01  0  1.20e+03  2.49e+01  2.66e+00  4.78e-01  9.48e-02   0.19
2004 12 31  0140   53370    6000  0  5.09e+02  1.80e+01  0  1.15e+03  2.69e+01  2.91e+00  5.80e-01  1.06e-01   0.61
2004 12 31  0145   53370    6300  0  4.94e+02  1.60e+01  0  1.18e+03  2.08e+01  2.43e+00  5.61e-01  1.37e-01   0.68
2004 12 31  0150   53370    6600  0  4.88e+02  1.73e+01  0  1.14e+03  2.46e+01  2.25e+00  7.56e-01  8.91e-02   0.21
2004 12 31  0155   53370    6900  0  5.00e+02  1.60e+01  0  1.15e+03  2.60e+01  3.28e+00  7.28e-01  1.16e-01   0.50
2004 12 31  0200   53370    7200  0  3.97e+02  1.55e+01  0  1.15e+03  2.33e+01  2.72e+00  6.86e-01  1.26e-01   0.45
2004 12 31  0205   53370    7500  0  4.84e+02  2.04e+01  0  1.11e+03  2.28e+01  2.52e+00  8.27e-01  9.81e-02   0.61
2004 12 31  0210   53370    7800  0  6.28e+02  1.74e+01  0  1.19e+03  2.36e+01  2.98e+00  9.35e-01  1.47e-01   0.19
2004 12 31  0215   53370    8100  0  4.62e+02  1.57e+01  0  1.23e+03  2.29e+01  3.25e+00  6.65e-01  8.43e-02   0.64
2004 12 31  0220   53370    8400  0  4.98e+02  1.60e+01  0  1.17e+03  2.66e+01  2.83e+00  7.92e-01  8.69e-02   0.33
2004 12 31  0225   53370    8700  0  5.90e+02  2.26e+01  0  1.20e+03  2.61e+01  3.15e+00  6.65e-01  1.90e-01   0.40
2004 12 31  0230   53370    9000  0  4.63e+02  1.36e+01  0  1.17e+03  2.25e+01  2.70e+00  7.24e-01  1.35e-01   0.35
2004 12 31  0235   53370    9300  0  4.98e+02  2.16e+01  0  1.19e+03  2.64e+01  2.40e+00  6.86e-01  9.48e-02   0.72
2004 12 31  0240   53370    9600  0  4.96e+02  1.97e+01  0  1.11e+03  2.38e+01  2.92e+00  7.90e-01  1.05e-01   0.26
2004 12 31  0245   53370    9900  0  5.77e+02  1.67e+01  0  1.19e+03  2.81e+01  3.40e+00  5.34e-01  1.26e-01   0.16
2004 12 31  0250   53370   10200  0  4.13e+02  1.47e+01  0  1.19e+03  2.61e+01  2.82e+00  7.24e-01  1.35e-01   0.05
2004 12 31  0255   53370   10500  0  4.86e+02  1.95e+01  0  1.11e+03  2.82e+01  3.25e+00  8.52e-01  1.37e-01   0.02
2004 12 31  0300   53370   10800  0  4.15e+02  1.47e+01  0  1.11e+03  2.43e+01  3.03e+00  6.29e-01  1.84e-01   0.46
2004 12 31  0305   53370   11100  0  5.08e+02  1.65e+01  0  1.16e+03  2.49e+01  2.76e+00  9.53e-01  1.93e-01   0.46
2004 12 31  0310   53370   11400  0  5.36e+02  1.61e+01  0  1.17e+03  2.75e+01  2.82e+00  8.57e-01  1.74e-01   0.21
2004 12 31  0315   53370   11700  0  4.23e+02  1.84e+01  0  1.12e+03  2.77e+01  2.66e+00  5.82e-01  1.90e-01   0.29
2004 12 31  0320   53370   12000  0  5.59e+02  2.62e+01  0  1.25e+03  2.62e+01  2.94e+00  6.10e-01  1.74e-01   0.34
2004 12 31  0325   53370   12300  0  5.46e+02  2.18e+01  0  1.15e+03  2.48e+01  3.15e+00  7.81e-01  1.64e-01   0.31
2004 12 31  0330   53370   12600  0  5.56e+02  1.76e+01  0  1.09e+03  2.69e+01  3.18e+00  1.12e+00  2.21e-01   0.08
2004 12 31  0335   53370   12900  0  5.84e+02  1.72e+01  0  1.18e+03  2.40e+01  3.12e+00  6.48e-01  1.64e-01   0.40
2004 12 31  0340   53370   13200  0  5.46e+02  1.65e+01  0  1.18e+03  2.48e+01  2.52e+00  7.62e-01  1.35e-01   0.19
2004 12 31  0345   53370   13500  0  5.79e+02  1.99e+01  0  1.19e+03  3.00e+01  2.92e+00  8.73e-01  2.32e-01   0.14
2004 12 31  0350   53370   13800  0  5.91e+02  1.99e+01  0  1.20e+03  2.91e+01  3.02e+00  8.79e-01  8.02e-02   0.17
2004 12 31  0355   53370   14100  0  6.40e+02  1.89e+01  0  1.18e+03  2.77e+01  3.31e+00  9.15e-01  1.74e-01   0.11
2004 12 31  0400   53370   14400  0  4.35e+02  1.29e+01  0  1.17e+03  2.61e+01  2.92e+00  7.07e-01  7.38e-02   0.26
2004 12 31  0405   53370   14700  0  5.18e+02  1.54e+01  0  1.10e+03  2.68e+01  2.86e+00  7.56e-01  1.52e-01   0.75
2004 12 31  0410   53370   15000  0  6.53e+02  1.95e+01  0  1.19e+03  2.40e+01  2.46e+00  8.11e-01  1.58e-01   0.55
2004 12 31  0415   53370   15300  0  6.90e+02  1.58e+01  0  1.20e+03  2.17e+01  3.51e+00  1.23e+00  1.55e-01   0.33
2004 12 31  0420   53370   15600  0  5.47e+02  1.85e+01  0  1.08e+03  2.69e+01  3.00e+00  8.62e-01  1.64e-01   0.19
2004 12 31  0425   53370   15900  0  6.83e+02  1.72e+01  0  1.17e+03  2.31e+01  2.56e+00  5.61e-01  9.48e-02   0.24
2004 12 31  0430   53370   16200  0  5.12e+02  2.08e+01  0  1.17e+03  2.44e+01  3.41e+00  6.16e-01  1.43e-01   0.37
2004 12 31  0435   53370   16500  0  4.47e+02  1.60e+01  0  1.15e+03  2.70e+01  3.15e+00  7.48e-01  6.32e-02   0.31
2004 12 31  0440   53370   16800  0  5.50e+02  1.86e+01  0  1.13e+03  2.47e+01  3.15e+00  7.90e-01  1.58e-01   0.27
2004 12 31  0445   53370   17100  0  6.02e+02  1.91e+01  0  1.24e+03  2.60e+01  2.91e+00  8.97e-01  1.52e-01   0.12
2004 12 31  0450   53370   17400  0  4.76e+02  1.35e+01  0  1.15e+03  2.71e+01  2.69e+00  5.82e-01  1.04e-01   0.17
2004 12 31  0455   53370   17700  0  4.48e+02  1.95e+01  0  1.12e+03  2.85e+01  3.02e+00  6.65e-01  1.69e-01   0.52
2004 12 31  0500   53370   18000  0  5.54e+02  1.83e+01  0  1.17e+03  2.62e+01  3.52e+00  5.45e-01  1.87e-01   0.46
2004 12 31  0505   53370   18300  0  5.20e+02  1.84e+01  0  1.20e+03  2.74e+01  3.44e+00  1.04e+00  2.42e-01   0.17
2004 12 31  0510   53370   18600  0  5.89e+02  1.93e+01  0  1.13e+03  2.77e+01  3.37e+00  6.86e-01  1.74e-01   0.38
2004 12 31  0515   53370   18900  0  4.18e+02  1.43e+01  0  1.14e+03  3.22e+01  3.52e+00  7.05e-01  1.64e-01   0.42
2004 12 31  0520   53370   19200  0  5.38e+02  1.51e+01  0  1.20e+03  2.63e+01  3.61e+00  6.24e-01  1.26e-01   0.44
2004 12 31  0525   53370   19500  0  5.67e+02  1.86e+01  0  1.21e+03  2.89e+01  3.40e+00  5.34e-01  1.26e-01   0.53
2004 12 31  0530   53370   19800  0  5.54e+02  2.20e+01  0  1.14e+03  2.51e+01  2.37e+00  9.15e-01  1.45e-01   0.43
2004 12 31  0535   53370   20100  0  6.44e+02  1.57e+01  0  1.29e+03  2.58e+01  2.92e+00  6.86e-01  1.26e-01   0.23
2004 12 31  0540   53370   20400  0  5.23e+02  1.58e+01  0  1.19e+03  2.80e+01  2.73e+00  9.53e-01  1.26e-01   0.22
2004 12 31  0545   53370   20700  0  5.10e+02  2.06e+01  0  1.14e+03  2.85e+01  2.40e+00  6.29e-01  1.64e-01   0.16
2004 12 31  0550   53370   21000  0  5.54e+02  1.68e+01  0  1.16e+03  3.05e+01  3.22e+00  8.19e-01  2.32e-01   0.43
2004 12 31  0555   53370   21300  0  5.47e+02  1.60e+01  0  1.15e+03  2.41e+01  2.85e+00  5.40e-01  9.48e-02   0.44
2004 12 31  0600   53370   21600  0  4.74e+02  1.79e+01  0  1.14e+03  2.55e+01  2.70e+00  8.76e-01  1.06e-01   0.45
2004 12 31  0605   53370   21900  0  5.04e+02  1.54e+01  0  1.13e+03  2.61e+01  3.03e+00  5.72e-01  1.06e-01   0.36
2004 12 31  0610   53370   22200  0  4.51e+02  1.91e+01  0  1.20e+03  2.70e+01  3.64e+00  6.65e-01  1.48e-01   0.66
2004 12 31  0615   53370   22500  0  5.14e+02  1.52e+01  0  1.21e+03  2.56e+01  2.49e+00  8.77e-01  1.84e-01   0.38
2004 12 31  0620   53370   22800  0  5.04e+02  2.00e+01  0  1.08e+03  2.91e+01  3.64e+00  7.43e-01  1.55e-01   0.08
2004 12 31  0625   53370   23100  0  5.77e+02  1.99e+01  0  1.18e+03  2.80e+01  3.08e+00  6.86e-01  9.48e-02   0.56
2004 12 31  0630   53370   23400  0  4.61e+02  1.59e+01  0  1.14e+03  3.02e+01  3.01e+00  8.86e-01  9.36e-02   0.52
2004 12 31  0635   53370   23700  0  3.61e+02  1.20e+01  0  1.14e+03  3.02e+01  3.41e+00  6.24e-01  1.69e-01   0.41
2004 12 31  0640   53370   24000  0  4.92e+02  1.51e+01  0  1.18e+03  2.90e+01  3.08e+00  7.28e-01  1.37e-01   0.71
2004 12 31  0645   53370   24300  0  4.82e+02  1.64e+01  0  1.17e+03  2.94e+01  3.16e+00  9.67e-01  9.81e-02   0.77
2004 12 31  0650   53370   24600  0  4.44e+02  1.62e+01  0  1.15e+03  2.95e+01  3.25e+00  6.24e-01  2.11e-01   0.52
2004 12 31  0655   53370   24900  0  4.60e+02  1.62e+01  0  1.12e+03  2.63e+01  2.75e+00  7.28e-01  1.26e-01   0.37
2004 12 31  0700   53370   25200  0  5.77e+02  1.37e+01  0  1.15e+03  2.61e+01  2.86e+00  7.92e-01  1.25e-01   0.04
2004 12 31  0705   53370   25500  0  5.52e+02  1.76e+01  0  1.14e+03  2.75e+01  3.05e+00  7.07e-01  1.37e-01   0.23
2004 12 31  0710   53370   25800  0  4.52e+02  1.46e+01  0  1.13e+03  2.40e+01  2.52e+00  8.09e-01  1.52e-01   0.45
2004 12 31  0715   53370   26100  0  5.57e+02  1.53e+01  0  1.18e+03  2.28e+01  2.85e+00  8.52e-01  1.26e-01   0.33
2004 12 31  0720   53370   26400  0  4.26e+02  1.64e+01  0  1.21e+03  2.60e+01  3.18e+00  5.82e-01  1.79e-01   0.41
2004 12 31  0725   53370   26700  0  3.86e+02  1.61e+01  0  1.16e+03  2.60e+01  2.65e+00  6.35e-01  1.67e-01   0.08
2004 12 31  0730   53370   27000  0  4.31e+02  2.26e+01  0  1.13e+03  2.78e+01  3.15e+00  8.73e-01  1.26e-01   0.38
2004 12 31  0735   53370   27300  0  5.12e+02  1.74e+01  0  1.20e+03  2.63e+01  2.88e+00  7.69e-01  6.32e-02   0.70
2004 12 31  0740   53370   27600  0  4.35e+02  1.39e+01  0  1.19e+03  2.37e+01  3.55e+00  7.74e-01  9.81e-02   0.73
2004 12 31  0745   53370   27900  0  4.26e+02  2.05e+01  0  1.09e+03  2.72e+01  3.21e+00  6.86e-01  1.90e-01   0.24
2004 12 31  0750   53370   28200  0  5.03e+02  1.67e+01  0  1.19e+03  2.27e+01  3.06e+00  9.53e-01  1.26e-01   0.56
2004 12 31  0755   53370   28500  0  4.48e+02  1.58e+01  0  1.13e+03  2.14e+01  2.19e+00  9.34e-01  1.26e-01   0.52
2004 12 31  0800   53370   28800  0  4.41e+02  1.37e+01  0  1.15e+03  2.22e+01  2.79e+00  6.86e-01  9.48e-02   0.79
2004 12 31  0805   53370   29100  0  5.36e+02  1.98e+01  0  1.13e+03  2.30e+01  2.88e+00  1.05e+00  2.12e-01   0.15
2004 12 31  0810   53370   29400  0  4.23e+02  1.38e+01  0  1.20e+03  2.67e+01  3.22e+00  7.62e-01  6.76e-02   0.55
2004 12 31  0815   53370   29700  0  5.19e+02  2.11e+01  0  1.17e+03  2.26e+01  2.75e+00  1.21e+00  9.48e-02   0.40
2004 12 31  0820   53370   30000  0  4.02e+02  1.51e+01  0  1.05e+03  2.27e+01  2.58e+00  5.53e-01  1.16e-01   0.31
2004 12 31  0825   53370   30300  0  5.16e+02  1.70e+01  0  1.18e+03  2.31e+01  3.18e+00  8.89e-01  1.42e-01   0.27
2004 12 31  0830   53370   30600  0  3.63e+02  1.70e+01  0  1.18e+03  2.47e+01  3.40e+00  8.76e-01  1.35e-01   0.02
2004 12 31  0835   53370   30900  0  4.19e+02  1.91e+01  0  1.12e+03  2.51e+01  2.72e+00  9.98e-01  1.05e-01   0.44
2004 12 31  0840   53370   31200  0  4.50e+02  1.24e+01  0  1.22e+03  2.46e+01  2.16e+00  9.91e-01  1.16e-01   0.25
2004 12 31  0845   53370   31500  0  4.04e+02  1.22e+01  0  1.11e+03  2.49e+01  2.70e+00  1.09e+00  1.35e-01   0.06
2004 12 31  0850   53370   31800  0  5.14e+02  1.76e+01  0  1.13e+03  2.29e+01  2.39e+00  1.14e+00  1.16e-01   0.07
2004 12 31  0855   53370   32100  0  3.95e+02  1.52e+01  0  1.13e+03  2.61e+01  2.76e+00  8.77e-01  1.35e-01   0.28
2004 12 31  0900   53370   32400  0  4.90e+02  1.29e+01  0  1.21e+03  2.22e+01  2.76e+00  8.57e-01  1.74e-01   0.44
2004 12 31  0905   53370   32700  0  5.50e+02  1.72e+01  0  1.26e+03  2.77e+01  3.28e+00  9.56e-01  1.79e-01   0.71
2004 12 31  0910   53370   33000  0  5.22e+02  2.04e+01  0  1.12e+03  2.87e+01  3.77e+00  9.67e-01  1.96e-01   0.31
2004 12 31  0915   53370   33300  0  5.82e+02  2.26e+01  0  1.20e+03  3.12e+01  3.38e+00  6.03e-01  9.48e-02   0.67
2004 12 31  0920   53370   33600  0  4.42e+02  1.97e+01  0  1.14e+03  2.71e+01  3.47e+00  6.03e-01  2.11e-01   0.12
2004 12 31  0925   53370   33900  0  5.06e+02  1.95e+01  0  1.15e+03  2.38e+01  2.88e+00  6.86e-01  1.07e-01   0.56
2004 12 31  0930   53370   34200  0  5.58e+02  1.58e+01  0  1.13e+03  2.88e+01  3.87e+00  7.28e-01  8.11e-02   0.12
2004 12 31  0935   53370   34500  0  5.40e+02  1.84e+01  0  1.24e+03  2.82e+01  2.82e+00  3.95e-01  1.05e-01   0.45
2004 12 31  0940   53370   34800  0  4.02e+02  1.68e+01  0  1.18e+03  2.86e+01  3.08e+00  6.16e-01  4.21e-02   0.26
2004 12 31  0945   53370   35100  0  4.23e+02  1.33e+01  0  1.06e+03  2.88e+01  2.98e+00  8.31e-01  2.09e-01   0.16
2004 12 31  0950   53370   35400  0  4.51e+02  1.85e+01  0  1.17e+03  2.54e+01  3.47e+00  7.04e-01  1.43e-01   0.19
2004 12 31  0955   53370   35700  0  3.92e+02  1.24e+01  0  1.15e+03  1.96e+01  2.43e+00  5.82e-01  3.16e-02   0.39
2004 12 31  1000   53370   36000  0  4.53e+02  1.86e+01  0  1.14e+03  2.44e+01  3.02e+00  7.07e-01  7.38e-02   0.19
2004 12 31  1005   53370   36300  0  4.62e+02  1.60e+01  0  1.10e+03  2.49e+01  2.44e+00  6.16e-01  1.69e-01   0.40
2004 12 31  1010   53370   36600  0  5.09e+02  1.55e+01  0  1.16e+03  2.23e+01  1.80e+00  6.24e-01  1.79e-01   0.65
2004 12 31  1015   53370   36900  0  4.46e+02  1.89e+01  0  1.15e+03  2.31e+01  3.51e+00  8.52e-01  1.26e-01   0.63
2004 12 31  1020   53370   37200  0  4.40e+02  1.86e+01  0  1.09e+03  3.21e+01  3.33e+00  9.32e-01  2.14e-01   0.17
2004 12 31  1025   53370   37500  0  4.42e+02  1.78e+01  0  1.15e+03  2.74e+01  3.80e+00  6.65e-01  1.16e-01   0.40
2004 12 31  1030   53370   37800  0  4.23e+02  2.02e+01  0  1.16e+03  3.57e+01  3.94e+00  4.38e-01  7.73e-02   0.86
2004 12 31  1035   53370   38100  0  4.64e+02  2.29e+01  0  1.23e+03  3.93e+01  4.06e+00  8.38e-01  2.61e-01   0.64
2004 12 31  1040   53370   38400  0  5.39e+02  1.72e+01  0  1.35e+03  3.93e+01  4.29e+00  7.48e-01  1.16e-01   0.47
2004 12 31  1045   53370   38700  0  4.15e+02  1.86e+01  0  1.50e+03  4.19e+01  4.12e+00  7.05e-01  1.74e-01   0.19
2004 12 31  1050   53370   39000  0  4.48e+02  1.75e+01  0  1.46e+03  4.13e+01  4.24e+00  8.38e-01  1.55e-01   0.58
2004 12 31  1055   53370   39300  0  4.72e+02  1.78e+01  0  1.25e+03  4.50e+01  5.28e+00  4.99e-01  2.21e-01   0.97
2004 12 31  1100   53370   39600  0  5.37e+02  1.74e+01  0  1.33e+03  4.80e+01  4.30e+00  9.53e-01  1.64e-01   0.40
2004 12 31  1105   53370   39900  0  5.28e+02  2.20e+01  0  1.28e+03  4.64e+01  5.05e+00  8.96e-01  1.74e-01   0.44
2004 12 31  1110   53370   40200  0  4.41e+02  1.56e+01  0  1.17e+03  5.36e+01  5.77e+00  8.00e-01  1.26e-01   0.45
2004 12 31  1115   53370   40500  0  5.79e+02  1.93e+01  0  1.30e+03  5.50e+01  5.41e+00  8.11e-01  1.26e-01   0.16
2004 12 31  1120   53370   40800  0  4.88e+02  1.98e+01  0  1.23e+03  4.63e+01  5.17e+00  9.15e-01  1.74e-01   0.08
2004 12 31  1125   53370   41100  0  4.48e+02  1.68e+01  0  1.24e+03  5.09e+01  4.75e+00  7.62e-01  2.03e-01   0.59
2004 12 31  1130   53370   41400  0  6.08e+02  1.91e+01  0  1.22e+03  5.12e+01  3.44e+00  9.56e-01  2.00e-01   0.11
2004 12 31  1135   53370   41700  0  5.18e+02  1.88e+01  0  1.24e+03  3.61e+01  4.09e+00  7.43e-01  1.93e-01   0.88
2004 12 31  1140   53370   42000  0  4.96e+02  1.70e+01  0  1.26e+03  3.75e+01  3.40e+00  7.24e-01  1.83e-01   0.13
2004 12 31  1145   53370   42300  0  5.29e+02  1.68e+01  0  1.12e+03  3.39e+01  3.80e+00  5.61e-01  2.21e-01   1.00
2004 12 31  1150   53370   42600  0  5.82e+02  1.96e+01  0  1.28e+03  4.61e+01  3.52e+00  5.91e-01  1.69e-01   0.68
2004 12 31  1155   53370   42900  0  5.30e+02  1.49e+01  0  1.22e+03  3.08e+01  2.95e+00  4.78e-01  1.90e-01   0.49
2004 12 31  1200   53370   43200  0  4.20e+02  1.26e+01  0  1.21e+03  3.35e+01  3.77e+00  5.61e-01  2.11e-01   0.32
2004 12 31  1205   53370   43500  0  5.84e+02  1.68e+01  0  1.22e+03  3.14e+01  3.94e+00  6.86e-01  1.25e-01   0.09
2004 12 31  1210   53370   43800  0  4.58e+02  1.31e+01  0  1.53e+03  5.06e+01  4.26e+00  1.06e+00  1.48e-01   0.21
2004 12 31  1215   53370   44100  0  4.56e+02  1.80e+01  0  1.45e+03  8.06e+01  6.03e+00  1.04e+00  2.53e-01   0.28
2004 12 31  1220   53370   44400  0  4.53e+02  1.52e+01  0  1.49e+03  9.60e+01  7.52e+00  7.91e-01  1.26e-01   0.29
2004 12 31  1225   53370   44700  0  5.25e+02  1.33e+01  0  1.45e+03  6.98e+01  6.52e+00  1.10e+00  1.79e-01   0.31
2004 12 31  1230   53370   45000  0  3.98e+02  1.93e+01  0  1.45e+03  6.97e+01  5.91e+00  9.50e-01  2.41e-01   0.43
2004 12 31  1235   53370   45300  0  5.05e+02  2.16e+01  0  1.29e+03  6.68e+01  6.36e+00  6.03e-01  1.47e-01   0.63
2004 12 31  1240   53370   45600  0  6.37e+02  1.82e+01  0  1.32e+03  6.55e+01  5.97e+00  9.15e-01  2.11e-01   0.32
2004 12 31  1245   53370   45900  0  4.71e+02  1.73e+01  0  1.34e+03  6.94e+01  6.52e+00  8.79e-01  2.05e-01   0.71
2004 12 31  1250   53370   46200  0  4.36e+02  1.80e+01  0  1.38e+03  6.87e+01  5.64e+00  9.56e-01  1.74e-01   0.15
2004 12 31  1255   53370   46500  0  4.76e+02  1.72e+01  0  1.40e+03  7.20e+01  6.10e+00  5.40e-01  2.84e-01   0.19
2004 12 31  1300   53370   46800  0  5.59e+02  1.91e+01  0  1.45e+03  7.07e+01  6.05e+00  9.67e-01  1.87e-01   0.13
2004 12 31  1305   53370   47100  0  4.42e+02  1.41e+01  0  1.41e+03  7.25e+01  6.13e+00  7.90e-01  1.62e-01   0.25
2004 12 31  1310   53370   47400  0  5.26e+02  1.90e+01  0  1.38e+03  6.47e+01  5.14e+00  9.53e-01  2.41e-01   0.31
2004 12 31  1315   53370   47700  0  5.92e+02  1.49e+01  0  1.38e+03  7.01e+01  5.08e+00  8.38e-01  1.45e-01   0.40
2004 12 31  1320   53370   48000  0  4.47e+02  1.84e+01  0  1.37e+03  5.87e+01  5.21e+00  7.69e-01  1.90e-01   0.38
2004 12 31  1325   53370   48300  0  4.91e+02  1.79e+01  0  1.37e+03  6.08e+01  6.37e+00  7.62e-01  1.83e-01   0.67
2004 12 31  1330   53370   48600  0  5.10e+02  1.28e+01  0  1.34e+03  6.79e+01  5.29e+00  7.24e-01  2.32e-01   0.90
2004 12 31  1335   53370   48900  0  5.16e+02  1.91e+01  0  1.34e+03  5.65e+01  5.05e+00  9.98e-01  1.79e-01   0.50
2004 12 31  1340   53370   49200  0  4.46e+02  1.65e+01  0  1.41e+03  6.49e+01  5.92e+00  9.72e-01  1.26e-01   0.48
2004 12 31  1345   53370   49500  0  5.43e+02  1.74e+01  0  1.25e+03  6.10e+01  5.23e+00  8.19e-01  1.84e-01   0.11
2004 12 31  1350   53370   49800  0  6.88e+02  2.16e+01  0  1.36e+03  5.51e+01  4.60e+00  5.72e-01  9.66e-02   0.22
2004 12 31  1355   53370   50100  0  5.24e+02  2.07e+01  0  1.35e+03  6.48e+01  5.28e+00  6.24e-01  2.21e-01   0.52
2004 12 31  1400   53370   50400  0  5.40e+02  1.84e+01  0  1.33e+03  6.97e+01  6.01e+00  7.05e-01  1.83e-01   0.46
2004 12 31  1405   53370   50700  0  5.06e+02  1.88e+01  0  1.36e+03  6.49e+01  5.41e+00  6.48e-01  1.55e-01   0.52
2004 12 31  1410   53370   51000  0  4.31e+02  1.91e+01  0  1.38e+03  5.96e+01  4.59e+00  8.52e-01  1.26e-01   0.72
2004 12 31  1415   53370   51300  0  4.75e+02  2.06e+01  0  1.40e+03  5.69e+01  4.30e+00  8.58e-01  1.35e-01   0.23
2004 12 31  1420   53370   51600  0  5.09e+02  2.07e+01  0  1.32e+03  6.07e+01  4.81e+00  7.81e-01  1.55e-01   0.19
2004 12 31  1425   53370   51900  0  5.72e+02  1.57e+01  0  1.31e+03  5.90e+01  4.62e+00  5.20e-01  2.53e-01   0.44
2004 12 31  1430   53370   52200  0  4.75e+02  1.39e+01  0  1.32e+03  5.75e+01  5.13e+00  8.27e-01  2.23e-01   0.44
2004 12 31  1435   53370   52500  0  4.79e+02  1.56e+01  0  1.23e+03  5.89e+01  5.32e+00  7.24e-01  1.74e-01   0.25
2004 12 31  1440   53370   52800  0  6.18e+02  1.75e+01  0  1.33e+03  5.57e+01  5.05e+00  6.86e-01  2.03e-01   0.67
2004 12 31  1445   53370   53100  0  5.05e+02  2.20e+01  0  1.27e+03  5.27e+01  3.66e+00  6.44e-01  1.47e-01   0.37
2004 12 31  1450   53370   53400  0  4.65e+02  1.86e+01  0  1.37e+03  5.65e+01  4.36e+00  6.65e-01  1.79e-01   0.17
2004 12 31  1455   53370   53700  0  5.39e+02  1.68e+01  0  1.32e+03  5.48e+01  4.92e+00  7.28e-01  1.69e-01   1.01
2004 12 31  1500   53370   54000  0  4.55e+02  1.91e+01  0  1.36e+03  5.43e+01  4.55e+00  7.92e-01  1.52e-01   0.33
2004 12 31  1505   53370   54300  0  5.09e+02  2.18e+01  0  1.49e+03  5.74e+01  5.70e+00  7.07e-01  1.79e-01   0.51
2004 12 31  1510   53370   54600  0  4.95e+02  1.39e+01  0  1.44e+03  6.28e+01  4.88e+00  7.21e-01  2.32e-01   0.07
2004 12 31  1515   53370   54900  0  5.97e+02  1.57e+01  0  1.46e+03  6.06e+01  5.21e+00  6.16e-01  1.52e-01   0.19
2004 12 31  1520   53370   55200  0  4.94e+02  2.16e+01  0  1.48e+03  6.37e+01  5.11e+00  7.28e-01  1.16e-01   0.34
2004 12 31  1525   53370   55500  0  4.09e+02  1.64e+01  0  1.34e+03  6.27e+01  5.19e+00  5.80e-01  1.96e-01   0.13
2004 12 31  1530   53370   55800  0  4.92e+02  1.97e+01  0  1.34e+03  5.52e+01  5.34e+00  7.69e-01  1.16e-01   0.28
2004 12 31  1535   53370   56100  0  5.14e+02  2.34e+01  0  1.37e+03  5.35e+01  5.34e+00  7.90e-01  7.73e-02   0.37
2004 12 31  1540   53370   56400  0  4.61e+02  1.91e+01  0  1.47e+03  5.63e+01  4.27e+00  6.68e-01  5.15e-02   0.31
2004 12 31  1545   53370   56700  0  5.42e+02  1.64e+01  0  1.30e+03  6.25e+01  4.98e+00  6.03e-01  1.85e-01   0.13
2004 12 31  1550   53370   57000  0  5.83e+02  1.88e+01  0  1.75e+03  6.24e+01  5.02e+00  5.91e-01  9.66e-02   0.13
2004 12 31  1555   53370   57300  0  5.31e+02  1.99e+01  0  1.42e+03  6.46e+01  5.13e+00  7.91e-01  1.43e-01   0.13
2004 12 31  1600   53370   57600  0  4.47e+02  1.49e+01  0  1.32e+03  6.31e+01  4.69e+00  7.07e-01  1.58e-01   0.81
2004 12 31  1605   53370   57900  0  5.71e+02  1.81e+01  0  1.38e+03  6.24e+01  4.90e+00  8.96e-01  2.12e-01   0.50
2004 12 31  1610   53370   58200  0  4.69e+02  1.81e+01  0  1.41e+03  6.74e+01  5.77e+00  8.96e-01  2.41e-01   0.14
2004 12 31  1615   53370   58500  0  6.30e+02  2.34e+01  0  1.36e+03  6.06e+01  5.21e+00  9.15e-01  2.00e-01   0.83
2004 12 31  1620   53370   58800  0  4.50e+02  1.88e+01  0  1.35e+03  6.45e+01  5.14e+00  7.05e-01  1.45e-01   0.03
2004 12 31  1625   53370   59100  0  5.56e+02  1.43e+01  0  1.45e+03  6.80e+01  5.47e+00  8.77e-01  1.55e-01   0.31
2004 12 31  1630   53370   59400  0  5.56e+02  1.81e+01  0  1.43e+03  7.09e+01  5.38e+00  8.00e-01  2.51e-01   0.32
2004 12 31  1635   53370   59700  0  4.48e+02  1.43e+01  0  1.35e+03  6.65e+01  5.38e+00  7.62e-01  1.35e-01   0.36
2004 12 31  1640   53370   60000  0  5.19e+02  1.70e+01  0  1.43e+03  6.51e+01  5.32e+00  8.00e-01  2.12e-01   0.66
2004 12 31  1645   53370   60300  0  4.34e+02  1.31e+01  0  1.45e+03  6.89e+01  5.20e+00  6.10e-01  1.55e-01   0.51
2004 12 31  1650   53370   60600  0  3.34e+02  1.29e+01  0  1.36e+03  7.02e+01  5.64e+00  7.90e-01  2.11e-01   0.47
2004 12 31  1655   53370   60900  0  4.98e+02  1.72e+01  0  1.47e+03  7.02e+01  5.35e+00  7.81e-01  1.84e-01   0.58
2004 12 31  1700   53370   61200  0  3.85e+02  1.19e+01  0  1.47e+03  6.94e+01  5.95e+00  7.81e-01  1.84e-01   0.23
2004 12 31  1705   53370   61500  0  4.80e+02  1.97e+01  0  1.46e+03  6.91e+01  5.08e+00  9.77e-01  1.58e-01   0.27
2004 12 31  1710   53370   61800  0  4.27e+02  1.73e+01  0  1.26e+03  6.13e+01  4.38e+00  9.32e-01  2.23e-01   0.23
2004 12 31  1715   53370   62100  0  4.55e+02  1.88e+01  0  1.46e+03  6.36e+01  4.51e+00  8.77e-01  1.26e-01   0.11
2004 12 31  1720   53370   62400  0  4.49e+02  2.07e+01  0  1.47e+03  7.58e+01  5.01e+00  1.08e+00  2.11e-01   0.41
2004 12 31  1725   53370   62700  0  5.01e+02  2.04e+01  0  1.44e+03  6.90e+01  5.94e+00  8.79e-01  2.12e-01   0.21
2004 12 31  1730   53370   63000  0  6.15e+02  1.91e+01  0  1.45e+03  6.75e+01  5.38e+00  1.21e+00  1.85e-01   0.28
2004 12 31  1735   53370   63300  0  5.21e+02  1.95e+01  0  1.47e+03  6.46e+01  5.05e+00  5.40e-01  1.79e-01   0.23
2004 12 31  1740   53370   63600  0  4.47e+02  1.70e+01  0  1.49e+03  6.83e+01  5.57e+00  7.04e-01  9.81e-02   0.53
2004 12 31  1745   53370   63900  0  4.65e+02  1.89e+01  0  1.91e+03  8.29e+01  6.06e+00  7.27e-01  1.79e-01   0.63
2004 12 31  1750   53370   64200  0  4.67e+02  1.72e+01  0  1.92e+03  1.11e+02  5.88e+00  5.98e-01  2.14e-01   0.26
2004 12 31  1755   53370   64500  0  4.26e+02  1.47e+01  0  8.52e+03  1.64e+02  6.41e+00  8.44e-01  2.05e-01   0.36
2004 12 31  1800   53370   64800  0  4.35e+02  1.31e+01  0  1.66e+04  2.41e+02  7.51e+00  7.48e-01  1.69e-01   0.43
2004 12 31  1805   53370   65100  0  5.28e+02  1.39e+01  0  1.35e+04  2.55e+02  7.90e+00  7.76e-01  1.62e-01   0.16
2004 12 31  1810   53370   65400  0  4.32e+02  1.74e+01  0  2.07e+04  3.59e+02  7.93e+00  4.78e-01  2.11e-01   0.09
2004 12 31  1815   53370   65700  0  4.86e+02  2.01e+01  0  5.30e+03  1.42e+02  6.33e+00  8.94e-01  1.05e-01   0.36
2004 12 31  1820   53370   66000  0  5.19e+02  1.78e+01  0  2.08e+03  8.16e+01  6.05e+00  7.56e-01  1.43e-01   0.37
2004 12 31  1825   53370   66300  0  3.97e+02  1.58e+01  0  1.66e+03  7.12e+01  5.18e+00  8.31e-01  1.69e-01   0.36
2004 12 31  1830   53370   66600  0  3.94e+02  1.79e+01  0  1.56e+03  7.30e+01  5.44e+00  8.19e-01  1.03e-01   0.21
2004 12 31  1835   53370   66900  0  4.44e+02  1.39e+01  0  1.46e+03  6.88e+01  5.33e+00  6.51e-01  1.34e-01   0.02
2004 12 31  1840   53370   67200  0  5.84e+02  1.80e+01  0  1.52e+03  6.63e+01  5.54e+00  7.28e-01  2.42e-01   0.34
2004 12 31  1845   53370   67500  0  4.13e+02  1.95e+01  0  1.44e+03  7.00e+01  4.54e+00  6.29e-01  1.26e-01   0.29
2004 12 31  1850   53370   67800  0  4.90e+02  2.09e+01  0  1.35e+03  6.68e+01  5.05e+00  6.29e-01  1.26e-01   0.31
2004 12 31  1855   53370   68100  0  5.48e+02  1.87e+01  0  1.49e+03  6.39e+01  4.23e+00  9.15e-01  1.05e-01   0.41
2004 12 31  1900   53370   68400  0  3.47e+02  1.43e+01  0  1.36e+03  5.87e+01  4.63e+00  5.14e-01  1.35e-01   0.48
2004 12 31  1905   53370   68700  0  3.85e+02  1.63e+01  0  1.45e+03  6.45e+01  4.42e+00  6.29e-01  1.26e-01   0.83
2004 12 31  1910   53370   69000  0  5.56e+02  1.82e+01  0  1.39e+03  6.55e+01  3.67e+00  6.29e-01  2.61e-01   0.33
2004 12 31  1915   53370   69300  0  6.13e+02  2.21e+01  0  1.48e+03  6.54e+01  4.69e+00  6.48e-01  1.64e-01   0.60
2004 12 31  1920   53370   69600  0  4.17e+02  1.61e+01  0  1.44e+03  7.11e+01  4.45e+00  7.05e-01  1.64e-01   0.37
2004 12 31  1925   53370   69900  0  4.43e+02  1.61e+01  0  1.35e+03  6.64e+01  4.81e+00  5.72e-01  2.32e-01   0.37
2004 12 31  1930   53370   70200  0  5.56e+02  1.89e+01  0  1.53e+03  6.56e+01  4.43e+00  6.65e-01  1.69e-01   0.62
2004 12 31  1935   53370   70500  0  5.19e+02  1.70e+01  0  1.43e+03  6.34e+01  5.05e+00  5.53e-01  1.35e-01   0.64
2004 12 31  1940   53370   70800  0  4.84e+02  1.79e+01  0  1.35e+03  6.52e+01  4.27e+00  8.19e-01  2.12e-01   0.43
2004 12 31  1945   53370   71100  0  4.54e+02  2.18e+01  0  1.40e+03  6.56e+01  5.61e+00  6.24e-01  2.53e-01   0.20
2004 12 31  1950   53370   71400  0  4.07e+02  1.34e+01  0  1.59e+03  8.15e+01  6.21e+00  7.56e-01  2.05e-01   0.52
2004 12 31  1955   53370   71700  0  4.55e+02  1.47e+01  0  1.82e+03  9.08e+01  6.28e+00  6.86e-01  2.41e-01   0.60
2004 12 31  2000   53370   72000  0  4.04e+02  1.68e+01  0  7.29e+03  1.28e+02  7.11e+00  5.82e-01  1.69e-01   0.29
2004 12 31  2005   53370   72300  0  5.38e+02  1.98e+01  0  1.62e+03  7.49e+01  5.08e+00  8.44e-01  2.23e-01   0.30
2004 12 31  2010   53370   72600  0  4.63e+02  1.74e+01  0  1.78e+03  6.93e+01  5.90e+00  3.33e-01  1.58e-01   0.55
2004 12 31  2015   53370   72900  0  4.27e+02  1.41e+01  0  1.51e+03  7.38e+01  4.82e+00  8.73e-01  1.48e-01   0.67
2004 12 31  2020   53370   73200  0  5.57e+02  1.90e+01  0  1.83e+03  9.93e+01  6.16e+00  8.09e-01  1.60e-01   0.42
2004 12 31  2025   53370   73500  0  4.33e+02  1.51e+01  0  2.42e+03  1.07e+02  6.62e+00  7.28e-01  2.21e-01   0.43
2004 12 31  2030   53370   73800  0  5.37e+02  1.57e+01  0  1.68e+03  8.37e+01  5.44e+00  7.21e-01  1.43e-01   0.07
2004 12 31  2035   53370   74100  0  5.05e+02  1.55e+01  0  2.43e+03  8.91e+01  4.88e+00  8.44e-01  1.78e-01   0.73
2004 12 31  2040   53370   74400  0  6.48e+02  1.74e+01  0  1.56e+03  5.89e+01  4.39e+00  8.94e-01  2.00e-01   0.27
2004 12 31  2045   53370   74700  0  4.41e+02  1.78e+01  0  1.46e+03  5.91e+01  4.80e+00  5.63e-01  2.14e-01   0.34
2004 12 31  2050   53370   75000  0  3.57e+02  1.47e+01  0  1.35e+03  6.01e+01  4.75e+00  7.28e-01  1.47e-01   0.71
2004 12 31  2055   53370   75300  0  4.69e+02  1.72e+01  0  1.44e+03  6.90e+01  4.49e+00  3.66e-01  1.79e-01   0.76
2004 12 31  2100   53370   75600  0  4.53e+02  1.72e+01  0  1.41e+03  6.33e+01  4.55e+00  7.03e-01  2.23e-01   0.08
2004 12 31  2105   53370   75900  0  3.87e+02  1.51e+01  0  1.45e+03  6.25e+01  3.97e+00  8.52e-01  1.26e-01   0.19
2004 12 31  2110   53370   76200  0  4.41e+02  1.97e+01  0  1.38e+03  6.21e+01  5.02e+00  7.05e-01  2.22e-01   0.17
2004 12 31  2115   53370   76500  0  5.01e+02  2.13e+01  0  1.57e+03  6.63e+01  4.58e+00  9.15e-01  2.14e-01   0.35
2004 12 31  2120   53370   76800  0  5.18e+02  1.78e+01  0  1.48e+03  6.49e+01  4.85e+00  6.65e-01  2.11e-01   0.19
2004 12 31  2125   53370   77100  0  5.23e+02  1.68e+01  0  1.37e+03  6.35e+01  4.30e+00  6.29e-01  1.26e-01   0.30
2004 12 31  2130   53370   77400  0  5.79e+02  1.52e+01  0  1.41e+03  6.32e+01  4.48e+00  7.43e-01  1.26e-01   0.54
2004 12 31  2135   53370   77700  0  7.71e+02  2.38e+01  0  1.42e+03  5.44e+01  3.80e+00  6.65e-01  1.26e-01   0.43
2004 12 31  2140   53370   78000  0  4.30e+02  1.47e+01  0  1.38e+03  6.03e+01  4.60e+00  6.86e-01  1.55e-01   0.78
2004 12 31  2145   53370   78300  0  4.86e+02  1.63e+01  0  1.46e+03  6.28e+01  5.02e+00  5.14e-01  1.55e-01   0.17
2004 12 31  2150   53370   78600  0  4.73e+02  2.02e+01  0  1.47e+03  6.29e+01  5.41e+00  8.77e-01  1.45e-01   0.24
2004 12 31  2155   53370   78900  0  4.33e+02  1.86e+01  0  1.41e+03  6.27e+01  4.30e+00  6.67e-01  2.03e-01   0.42
2004 12 31  2200   53370   79200  0  4.31e+02  1.84e+01  0  1.34e+03  6.22e+01  4.81e+00  6.10e-01  9.66e-02   0.49
2004 12 31  2205   53370   79500  0  4.98e+02  1.74e+01  0  1.46e+03  6.19e+01  3.79e+00  7.05e-01  1.74e-01   0.35
2004 12 31  2210   53370   79800  0  4.18e+02  1.68e+01  0  1.47e+03  6.15e+01  4.06e+00  7.48e-01  1.69e-01   0.35
2004 12 31  2215   53370   80100  0  4.64e+02  1.63e+01  0  1.39e+03  6.11e+01  4.60e+00  6.86e-01  1.58e-01   0.95
2004 12 31  2220   53370   80400  0  4.82e+02  1.98e+01  0  1.49e+03  6.41e+01  4.42e+00  5.72e-01  6.32e-02   0.37
2004 12 31  2225   53370   80700  0  3.10e+02  1.26e+01  0  1.40e+03  6.41e+01  4.65e+00  5.61e-01  1.29e-01   0.15
2004 12 31  2230   53370   81000  0  3.82e+02  1.67e+01  0  1.45e+03  6.55e+01  4.72e+00  7.92e-01  2.32e-01   0.42
2004 12 31  2235   53370   81300  0  3.67e+02  2.00e+01  0  1.36e+03  6.40e+01  4.54e+00  8.38e-01  1.74e-01   0.17
2004 12 31  2240   53370   81600  0  4.58e+02  1.80e+01  0  1.46e+03  6.18e+01  3.90e+00  8.73e-01  1.79e-01   0.13
2004 12 31  2245   53370   81900  0  4.14e+02  1.85e+01  0  1.50e+03  6.77e+01  4.91e+00  7.91e-01  1.60e-01   0.09
2004 12 31  2250   53370   82200  0  3.81e+02  1.72e+01  0  1.55e+03  8.24e+01  4.79e+00  6.65e-01  1.37e-01   0.60
2004 12 31  2255   53370   82500  0  5.74e+02  1.76e+01  0  1.52e+03  7.38e+01  4.46e+00  7.48e-01  1.79e-01   0.79
2004 12 31  2300   53370   82800  0  3.65e+02  1.93e+01  0  1.47e+03  6.23e+01  4.13e+00  5.80e-01  2.05e-01   0.28
2004 12 31  2305   53370   83100  0  3.73e+02  1.51e+01  0  1.44e+03  5.70e+01  4.49e+00  4.12e-01  1.79e-01   0.42
2004 12 31  2310   53370   83400  0  4.50e+02  1.32e+01  0  1.91e+03  1.18e+02  6.30e+00  5.28e-01  1.93e-01   0.16
2004 12 31  2315   53370   83700  0  4.37e+02  1.55e+01  0  2.26e+03  1.49e+02  7.18e+00  8.62e-01  2.05e-01   0.43
2004 12 31  2320   53370   84000  0  4.74e+02  2.18e+01  0  2.06e+03  1.45e+02  7.11e+00  6.86e-01  2.20e-01   0.52
2004 12 31  2325   53370   84300  0  3.10e+02  1.54e+01  0  2.08e+03  1.35e+02  7.63e+00  7.39e-01  8.92e-02   0.16
2004 12 31  2330   53370   84600  0  3.97e+02  1.58e+01  0  2.20e+03  1.55e+02  7.97e+00  6.24e-01  2.00e-01   0.57
2004 12 31  2335   53370   84900  0  4.42e+02  1.72e+01  0  2.33e+03  1.56e+02  8.36e+00  5.20e-01  2.42e-01   0.33
2004 12 31  2340   53370   85200  0  3.92e+02  1.85e+01  0  2.01e+03  1.25e+02  6.93e+00  7.39e-01  2.05e-01   0.22
2004 12 31  2345   53370   85500  0  5.81e+02  1.84e+01  0  2.11e+03  1.29e+02  6.36e+00  7.90e-01  2.32e-01   0.37
2004 12 31  2350   53370   85800  0  4.15e+02  1.63e+01  0  2.21e+03  1.44e+02  6.79e+00  6.48e-01  1.64e-01   0.42
2004 12 31  2355   53370   86100  0  4.50e+02  1.75e+01  0  2.36e+03  1.64e+02  8.79e+00  6.51e-01  2.05e-01   0.61
