:Data_list: 20040529_ace_sis_5m.txt
:Created: 2004 May 30 0011 UT
# Prepared by the U.S. Dept. of Commerce, NOAA, Space Environment Center.
# Please send comments and suggestions to SEC.Webmaster@noaa.gov 
# 
# Units: proton flux p/cs2-sec-ster
# Status(S): 0 = nominal data, 1 to 8 = bad data record, 9 = no data
# Missing data values: -1.00e+05
# Source: ACE Satellite - Solar Isotope Spectrometer
#
# 5-minute averaged Real-time Integral Flux of High-energy Solar Protons
# 
#                 Modified Seconds
# UT Date   Time   Julian  of the      ---- Integral Proton Flux ----
# YR MO DA  HHMM     Day     Day       S    > 10 MeV    S    > 30 MeV
#--------------------------------------------------------------------
2004 05 29  0000    53154       0      0    1.05e+00    0    7.38e-01
2004 05 29  0005    53154     300      0    1.04e+00    0    7.37e-01
2004 05 29  0010    53154     600      0    1.02e+00    0    7.11e-01
2004 05 29  0015    53154     900      0    1.04e+00    0    7.28e-01
2004 05 29  0020    53154    1200      0    1.06e+00    0    7.44e-01
2004 05 29  0025    53154    1500      0    1.03e+00    0    7.22e-01
2004 05 29  0030    53154    1800      0    1.02e+00    0    7.17e-01
2004 05 29  0035    53154    2100      0    1.03e+00    0    7.27e-01
2004 05 29  0040    53154    2400      0    1.05e+00    0    7.46e-01
2004 05 29  0045    53154    2700      0    1.04e+00    0    7.30e-01
2004 05 29  0050    53154    3000      0    1.03e+00    0    7.26e-01
2004 05 29  0055    53154    3300      0    1.08e+00    0    7.61e-01
2004 05 29  0100    53154    3600      0    1.05e+00    0    7.48e-01
2004 05 29  0105    53154    3900      0    1.06e+00    0    7.47e-01
2004 05 29  0110    53154    4200      0    1.05e+00    0    7.42e-01
2004 05 29  0115    53154    4500      0    1.06e+00    0    7.51e-01
2004 05 29  0120    53154    4800      0    1.03e+00    0    7.25e-01
2004 05 29  0125    53154    5100      0    1.03e+00    0    7.21e-01
2004 05 29  0130    53154    5400      0    1.04e+00    0    7.34e-01
2004 05 29  0135    53154    5700      0    1.02e+00    0    7.19e-01
2004 05 29  0140    53154    6000      0    1.02e+00    0    7.16e-01
2004 05 29  0145    53154    6300      0    1.04e+00    0    7.33e-01
2004 05 29  0150    53154    6600      0    1.05e+00    0    7.31e-01
2004 05 29  0155    53154    6900      0    1.06e+00    0    7.42e-01
2004 05 29  0200    53154    7200      0    1.05e+00    0    7.45e-01
2004 05 29  0205    53154    7500      0    1.04e+00    0    7.33e-01
2004 05 29  0210    53154    7800      0    1.03e+00    0    7.20e-01
2004 05 29  0215    53154    8100      0    1.02e+00    0    7.09e-01
2004 05 29  0220    53154    8400      0    1.07e+00    0    7.56e-01
2004 05 29  0225    53154    8700      0    1.05e+00    0    7.47e-01
2004 05 29  0230    53154    9000      0    1.00e+00    0    6.97e-01
2004 05 29  0235    53154    9300      0    1.03e+00    0    7.23e-01
2004 05 29  0240    53154    9600      0    1.02e+00    0    7.24e-01
2004 05 29  0245    53154    9900      0    1.04e+00    0    7.37e-01
2004 05 29  0250    53154   10200      0    1.03e+00    0    7.30e-01
2004 05 29  0255    53154   10500      9   -1.00e+05    9   -1.00e+05
2004 05 29  0300    53154   10800      0    1.05e+00    0    7.41e-01
2004 05 29  0305    53154   11100      0    1.02e+00    0    7.16e-01
2004 05 29  0310    53154   11400      0    1.07e+00    0    7.59e-01
2004 05 29  0315    53154   11700      0    1.04e+00    0    7.38e-01
2004 05 29  0320    53154   12000      0    1.01e+00    0    7.12e-01
2004 05 29  0325    53154   12300      0    1.04e+00    0    7.23e-01
2004 05 29  0330    53154   12600      9   -1.00e+05    9   -1.00e+05
2004 05 29  0335    53154   12900      0    1.01e+00    0    7.03e-01
2004 05 29  0340    53154   13200      0    1.02e+00    0    7.21e-01
2004 05 29  0345    53154   13500      0    1.04e+00    0    7.25e-01
2004 05 29  0350    53154   13800      0    1.05e+00    0    7.41e-01
2004 05 29  0355    53154   14100      0    1.03e+00    0    7.23e-01
2004 05 29  0400    53154   14400      0    1.05e+00    0    7.43e-01
2004 05 29  0405    53154   14700      0    1.04e+00    0    7.37e-01
2004 05 29  0410    53154   15000      0    1.06e+00    0    7.38e-01
2004 05 29  0415    53154   15300      0    9.84e-01    0    6.97e-01
2004 05 29  0420    53154   15600      0    1.02e+00    0    7.17e-01
2004 05 29  0425    53154   15900      0    1.05e+00    0    7.40e-01
2004 05 29  0430    53154   16200      0    1.03e+00    0    7.26e-01
2004 05 29  0435    53154   16500      9   -1.00e+05    9   -1.00e+05
2004 05 29  0440    53154   16800      0    1.02e+00    0    7.21e-01
2004 05 29  0445    53154   17100      0    1.03e+00    0    7.26e-01
2004 05 29  0450    53154   17400      0    1.03e+00    0    7.22e-01
2004 05 29  0455    53154   17700      0    1.03e+00    0    7.29e-01
2004 05 29  0500    53154   18000      0    1.03e+00    0    7.28e-01
2004 05 29  0505    53154   18300      0    1.04e+00    0    7.35e-01
2004 05 29  0510    53154   18600      0    1.06e+00    0    7.52e-01
2004 05 29  0515    53154   18900      0    1.02e+00    0    7.22e-01
2004 05 29  0520    53154   19200      0    1.04e+00    0    7.33e-01
2004 05 29  0525    53154   19500      0    1.05e+00    0    7.44e-01
2004 05 29  0530    53154   19800      0    1.02e+00    0    7.10e-01
2004 05 29  0535    53154   20100      0    1.05e+00    0    7.34e-01
2004 05 29  0540    53154   20400      0    1.02e+00    0    7.10e-01
2004 05 29  0545    53154   20700      0    1.05e+00    0    7.40e-01
2004 05 29  0550    53154   21000      0    1.03e+00    0    7.27e-01
2004 05 29  0555    53154   21300      0    1.02e+00    0    7.23e-01
2004 05 29  0600    53154   21600      0    1.05e+00    0    7.37e-01
2004 05 29  0605    53154   21900      0    1.04e+00    0    7.31e-01
2004 05 29  0610    53154   22200      0    1.02e+00    0    7.13e-01
2004 05 29  0615    53154   22500      0    1.03e+00    0    7.31e-01
2004 05 29  0620    53154   22800      0    1.06e+00    0    7.44e-01
2004 05 29  0625    53154   23100      0    1.04e+00    0    7.32e-01
2004 05 29  0630    53154   23400      0    9.92e-01    0    6.94e-01
2004 05 29  0635    53154   23700      0    9.92e-01    0    6.98e-01
2004 05 29  0640    53154   24000      0    1.03e+00    0    7.19e-01
2004 05 29  0645    53154   24300      0    1.03e+00    0    7.28e-01
2004 05 29  0650    53154   24600      0    1.02e+00    0    7.13e-01
2004 05 29  0655    53154   24900      0    1.07e+00    0    7.51e-01
2004 05 29  0700    53154   25200      0    1.05e+00    0    7.32e-01
2004 05 29  0705    53154   25500      0    1.05e+00    0    7.39e-01
2004 05 29  0710    53154   25800      0    1.03e+00    0    7.22e-01
2004 05 29  0715    53154   26100      0    1.01e+00    0    7.13e-01
2004 05 29  0720    53154   26400      0    1.04e+00    0    7.31e-01
2004 05 29  0725    53154   26700      0    1.04e+00    0    7.48e-01
2004 05 29  0730    53154   27000      0    1.04e+00    0    7.29e-01
2004 05 29  0735    53154   27300      0    1.04e+00    0    7.30e-01
2004 05 29  0740    53154   27600      0    1.07e+00    0    7.49e-01
2004 05 29  0745    53154   27900      0    1.05e+00    0    7.39e-01
2004 05 29  0750    53154   28200      0    1.02e+00    0    7.19e-01
2004 05 29  0755    53154   28500      0    1.01e+00    0    7.08e-01
2004 05 29  0800    53154   28800      0    1.05e+00    0    7.38e-01
2004 05 29  0805    53154   29100      0    1.05e+00    0    7.37e-01
2004 05 29  0810    53154   29400      0    1.03e+00    0    7.40e-01
2004 05 29  0815    53154   29700      0    1.03e+00    0    7.29e-01
2004 05 29  0820    53154   30000      0    1.03e+00    0    7.22e-01
2004 05 29  0825    53154   30300      0    1.05e+00    0    7.44e-01
2004 05 29  0830    53154   30600      0    1.06e+00    0    7.50e-01
2004 05 29  0835    53154   30900      0    1.04e+00    0    7.39e-01
2004 05 29  0840    53154   31200      0    1.02e+00    0    7.16e-01
2004 05 29  0845    53154   31500      0    1.03e+00    0    7.26e-01
2004 05 29  0850    53154   31800      0    1.03e+00    0    7.27e-01
2004 05 29  0855    53154   32100      0    1.01e+00    0    7.09e-01
2004 05 29  0900    53154   32400      0    1.02e+00    0    7.20e-01
2004 05 29  0905    53154   32700      0    1.02e+00    0    7.24e-01
2004 05 29  0910    53154   33000      0    1.06e+00    0    7.52e-01
2004 05 29  0915    53154   33300      0    1.03e+00    0    7.16e-01
2004 05 29  0920    53154   33600      0    1.06e+00    0    7.42e-01
2004 05 29  0925    53154   33900      0    1.02e+00    0    7.16e-01
2004 05 29  0930    53154   34200      0    1.04e+00    0    7.27e-01
2004 05 29  0935    53154   34500      0    1.04e+00    0    7.23e-01
2004 05 29  0940    53154   34800      0    1.04e+00    0    7.29e-01
2004 05 29  0945    53154   35100      0    1.03e+00    0    7.30e-01
2004 05 29  0950    53154   35400      0    1.03e+00    0    7.26e-01
2004 05 29  0955    53154   35700      0    1.06e+00    0    7.41e-01
2004 05 29  1000    53154   36000      0    1.03e+00    0    7.27e-01
2004 05 29  1005    53154   36300      0    1.05e+00    0    7.40e-01
2004 05 29  1010    53154   36600      0    1.04e+00    0    7.28e-01
2004 05 29  1015    53154   36900      0    1.03e+00    0    7.27e-01
2004 05 29  1020    53154   37200      0    1.02e+00    0    7.23e-01
2004 05 29  1025    53154   37500      0    1.04e+00    0    7.27e-01
2004 05 29  1030    53154   37800      0    1.04e+00    0    7.29e-01
2004 05 29  1035    53154   38100      0    1.03e+00    0    7.16e-01
2004 05 29  1040    53154   38400      0    1.02e+00    0    7.14e-01
2004 05 29  1045    53154   38700      0    1.06e+00    0    7.49e-01
2004 05 29  1050    53154   39000      0    1.04e+00    0    7.39e-01
2004 05 29  1055    53154   39300      0    1.06e+00    0    7.41e-01
2004 05 29  1100    53154   39600      0    1.02e+00    0    7.18e-01
2004 05 29  1105    53154   39900      0    1.03e+00    0    7.27e-01
2004 05 29  1110    53154   40200      0    1.05e+00    0    7.24e-01
2004 05 29  1115    53154   40500      0    1.03e+00    0    7.24e-01
2004 05 29  1120    53154   40800      0    1.05e+00    0    7.42e-01
2004 05 29  1125    53154   41100      0    1.03e+00    0    7.23e-01
2004 05 29  1130    53154   41400      0    1.04e+00    0    7.29e-01
2004 05 29  1135    53154   41700      0    1.03e+00    0    7.29e-01
2004 05 29  1140    53154   42000      0    1.04e+00    0    7.30e-01
2004 05 29  1145    53154   42300      0    1.02e+00    0    7.23e-01
2004 05 29  1150    53154   42600      0    1.05e+00    0    7.40e-01
2004 05 29  1155    53154   42900      0    1.04e+00    0    7.34e-01
2004 05 29  1200    53154   43200      0    1.00e+00    0    7.04e-01
2004 05 29  1205    53154   43500      0    1.04e+00    0    7.26e-01
2004 05 29  1210    53154   43800      0    1.02e+00    0    7.20e-01
2004 05 29  1215    53154   44100      0    1.06e+00    0    7.61e-01
2004 05 29  1220    53154   44400      0    1.04e+00    0    7.32e-01
2004 05 29  1225    53154   44700      0    1.02e+00    0    7.17e-01
2004 05 29  1230    53154   45000      0    1.05e+00    0    7.37e-01
2004 05 29  1235    53154   45300      0    1.02e+00    0    7.23e-01
2004 05 29  1240    53154   45600      0    1.02e+00    0    7.16e-01
2004 05 29  1245    53154   45900      0    1.05e+00    0    7.37e-01
2004 05 29  1250    53154   46200      0    1.03e+00    0    7.24e-01
2004 05 29  1255    53154   46500      0    1.01e+00    0    7.10e-01
2004 05 29  1300    53154   46800      0    1.03e+00    0    7.20e-01
2004 05 29  1305    53154   47100      0    1.03e+00    0    7.22e-01
2004 05 29  1310    53154   47400      0    1.03e+00    0    7.36e-01
2004 05 29  1315    53154   47700      0    1.03e+00    0    7.29e-01
2004 05 29  1320    53154   48000      0    1.04e+00    0    7.27e-01
2004 05 29  1325    53154   48300      0    1.04e+00    0    7.30e-01
2004 05 29  1330    53154   48600      0    1.04e+00    0    7.26e-01
2004 05 29  1335    53154   48900      0    1.02e+00    0    7.11e-01
2004 05 29  1340    53154   49200      0    1.04e+00    0    7.34e-01
2004 05 29  1345    53154   49500      0    1.01e+00    0    7.18e-01
2004 05 29  1350    53154   49800      0    1.02e+00    0    7.27e-01
2004 05 29  1355    53154   50100      0    1.00e+00    0    7.15e-01
2004 05 29  1400    53154   50400      0    1.02e+00    0    7.10e-01
2004 05 29  1405    53154   50700      0    1.01e+00    0    7.10e-01
2004 05 29  1410    53154   51000      0    1.04e+00    0    7.29e-01
2004 05 29  1415    53154   51300      0    1.04e+00    0    7.33e-01
2004 05 29  1420    53154   51600      0    1.02e+00    0    7.23e-01
2004 05 29  1425    53154   51900      0    1.02e+00    0    7.18e-01
2004 05 29  1430    53154   52200      0    1.04e+00    0    7.40e-01
2004 05 29  1435    53154   52500      0    1.02e+00    0    7.22e-01
2004 05 29  1440    53154   52800      0    1.04e+00    0    7.31e-01
2004 05 29  1445    53154   53100      0    1.04e+00    0    7.34e-01
2004 05 29  1450    53154   53400      0    1.01e+00    0    7.03e-01
2004 05 29  1455    53154   53700      0    1.03e+00    0    7.29e-01
2004 05 29  1500    53154   54000      0    1.04e+00    0    7.34e-01
2004 05 29  1505    53154   54300      0    1.03e+00    0    7.31e-01
2004 05 29  1510    53154   54600      0    1.05e+00    0    7.41e-01
2004 05 29  1515    53154   54900      0    1.03e+00    0    7.27e-01
2004 05 29  1520    53154   55200      0    1.03e+00    0    7.26e-01
2004 05 29  1525    53154   55500      0    1.03e+00    0    7.21e-01
2004 05 29  1530    53154   55800      0    1.02e+00    0    7.13e-01
2004 05 29  1535    53154   56100      0    1.05e+00    0    7.40e-01
2004 05 29  1540    53154   56400      0    1.01e+00    0    7.14e-01
2004 05 29  1545    53154   56700      0    1.02e+00    0    7.21e-01
2004 05 29  1550    53154   57000      0    1.06e+00    0    7.47e-01
2004 05 29  1555    53154   57300      0    1.04e+00    0    7.32e-01
2004 05 29  1600    53154   57600      0    1.04e+00    0    7.28e-01
2004 05 29  1605    53154   57900      0    1.05e+00    0    7.31e-01
2004 05 29  1610    53154   58200      0    1.05e+00    0    7.36e-01
2004 05 29  1615    53154   58500      0    1.02e+00    0    7.22e-01
2004 05 29  1620    53154   58800      0    1.03e+00    0    7.19e-01
2004 05 29  1625    53154   59100      0    1.03e+00    0    7.20e-01
2004 05 29  1630    53154   59400      0    9.96e-01    0    7.06e-01
2004 05 29  1635    53154   59700      0    1.03e+00    0    7.30e-01
2004 05 29  1640    53154   60000      0    1.04e+00    0    7.41e-01
2004 05 29  1645    53154   60300      0    1.03e+00    0    7.28e-01
2004 05 29  1650    53154   60600      0    1.05e+00    0    7.39e-01
2004 05 29  1655    53154   60900      0    1.03e+00    0    7.29e-01
2004 05 29  1700    53154   61200      0    1.04e+00    0    7.31e-01
2004 05 29  1705    53154   61500      0    1.03e+00    0    7.30e-01
2004 05 29  1710    53154   61800      0    1.03e+00    0    7.22e-01
2004 05 29  1715    53154   62100      0    1.04e+00    0    7.31e-01
2004 05 29  1720    53154   62400      0    1.02e+00    0    7.19e-01
2004 05 29  1725    53154   62700      0    1.03e+00    0    7.29e-01
2004 05 29  1730    53154   63000      0    1.04e+00    0    7.35e-01
2004 05 29  1735    53154   63300      0    1.03e+00    0    7.18e-01
2004 05 29  1740    53154   63600      0    1.04e+00    0    7.46e-01
2004 05 29  1745    53154   63900      0    1.03e+00    0    7.26e-01
2004 05 29  1750    53154   64200      0    1.02e+00    0    7.33e-01
2004 05 29  1755    53154   64500      0    1.01e+00    0    6.99e-01
2004 05 29  1800    53154   64800      0    1.06e+00    0    7.44e-01
2004 05 29  1805    53154   65100      0    1.04e+00    0    7.33e-01
2004 05 29  1810    53154   65400      0    1.02e+00    0    7.16e-01
2004 05 29  1815    53154   65700      0    1.04e+00    0    7.33e-01
2004 05 29  1820    53154   66000      0    1.01e+00    0    7.04e-01
2004 05 29  1825    53154   66300      0    1.02e+00    0    7.25e-01
2004 05 29  1830    53154   66600      0    1.04e+00    0    7.32e-01
2004 05 29  1835    53154   66900      0    1.06e+00    0    7.34e-01
2004 05 29  1840    53154   67200      0    1.04e+00    0    7.34e-01
2004 05 29  1845    53154   67500      0    1.02e+00    0    7.27e-01
2004 05 29  1850    53154   67800      0    1.03e+00    0    7.23e-01
2004 05 29  1855    53154   68100      0    1.02e+00    0    7.18e-01
2004 05 29  1900    53154   68400      0    1.03e+00    0    7.20e-01
2004 05 29  1905    53154   68700      0    1.01e+00    0    7.14e-01
2004 05 29  1910    53154   69000      0    1.06e+00    0    7.44e-01
2004 05 29  1915    53154   69300      0    1.02e+00    0    7.23e-01
2004 05 29  1920    53154   69600      0    1.04e+00    0    7.35e-01
2004 05 29  1925    53154   69900      0    1.03e+00    0    7.32e-01
2004 05 29  1930    53154   70200      0    1.02e+00    0    7.17e-01
2004 05 29  1935    53154   70500      0    1.00e+00    0    7.09e-01
2004 05 29  1940    53154   70800      0    1.02e+00    0    7.21e-01
2004 05 29  1945    53154   71100      0    1.04e+00    0    7.28e-01
2004 05 29  1950    53154   71400      0    1.04e+00    0    7.42e-01
2004 05 29  1955    53154   71700      0    1.03e+00    0    7.26e-01
2004 05 29  2000    53154   72000      0    1.04e+00    0    7.27e-01
2004 05 29  2005    53154   72300      0    1.02e+00    0    7.09e-01
2004 05 29  2010    53154   72600      0    1.03e+00    0    7.23e-01
2004 05 29  2015    53154   72900      0    1.06e+00    0    7.50e-01
2004 05 29  2020    53154   73200      0    9.94e-01    0    7.01e-01
2004 05 29  2025    53154   73500      0    1.04e+00    0    7.36e-01
2004 05 29  2030    53154   73800      0    1.05e+00    0    7.33e-01
2004 05 29  2035    53154   74100      0    1.02e+00    0    7.20e-01
2004 05 29  2040    53154   74400      0    1.01e+00    0    7.16e-01
2004 05 29  2045    53154   74700      0    1.04e+00    0    7.27e-01
2004 05 29  2050    53154   75000      0    1.03e+00    0    7.27e-01
2004 05 29  2055    53154   75300      0    1.02e+00    0    7.11e-01
2004 05 29  2100    53154   75600      0    1.02e+00    0    7.27e-01
2004 05 29  2105    53154   75900      0    1.03e+00    0    7.18e-01
2004 05 29  2110    53154   76200      0    1.01e+00    0    7.04e-01
2004 05 29  2115    53154   76500      0    1.05e+00    0    7.34e-01
2004 05 29  2120    53154   76800      0    1.02e+00    0    7.09e-01
2004 05 29  2125    53154   77100      0    1.04e+00    0    7.30e-01
2004 05 29  2130    53154   77400      0    1.04e+00    0    7.36e-01
2004 05 29  2135    53154   77700      0    1.03e+00    0    7.30e-01
2004 05 29  2140    53154   78000      0    1.03e+00    0    7.24e-01
2004 05 29  2145    53154   78300      0    1.04e+00    0    7.43e-01
2004 05 29  2150    53154   78600      0    1.03e+00    0    7.24e-01
2004 05 29  2155    53154   78900      0    1.03e+00    0    7.27e-01
2004 05 29  2200    53154   79200      0    1.06e+00    0    7.50e-01
2004 05 29  2205    53154   79500      0    1.04e+00    0    7.24e-01
2004 05 29  2210    53154   79800      0    1.01e+00    0    7.20e-01
2004 05 29  2215    53154   80100      0    1.02e+00    0    7.06e-01
2004 05 29  2220    53154   80400      0    1.03e+00    0    7.21e-01
2004 05 29  2225    53154   80700      0    1.01e+00    0    7.14e-01
2004 05 29  2230    53154   81000      0    1.01e+00    0    7.10e-01
2004 05 29  2235    53154   81300      0    1.04e+00    0    7.36e-01
2004 05 29  2240    53154   81600      0    1.04e+00    0    7.28e-01
2004 05 29  2245    53154   81900      0    1.02e+00    0    7.18e-01
2004 05 29  2250    53154   82200      0    1.04e+00    0    7.33e-01
2004 05 29  2255    53154   82500      0    1.03e+00    0    7.23e-01
2004 05 29  2300    53154   82800      0    1.04e+00    0    7.23e-01
2004 05 29  2305    53154   83100      0    1.05e+00    0    7.30e-01
2004 05 29  2310    53154   83400      0    1.02e+00    0    7.20e-01
2004 05 29  2315    53154   83700      0    1.04e+00    0    7.36e-01
2004 05 29  2320    53154   84000      0    1.03e+00    0    7.11e-01
2004 05 29  2325    53154   84300      0    1.00e+00    0    7.06e-01
2004 05 29  2330    53154   84600      0    1.06e+00    0    7.39e-01
2004 05 29  2335    53154   84900      0    1.03e+00    0    7.21e-01
2004 05 29  2340    53154   85200      0    1.03e+00    0    7.34e-01
2004 05 29  2345    53154   85500      0    1.03e+00    0    7.30e-01
2004 05 29  2350    53154   85800      0    1.04e+00    0    7.37e-01
2004 05 29  2355    53154   86100      0    1.02e+00    0    7.26e-01
