:Data_list: 20040703_ace_epam_5m.txt
:Created: 2004 Jul 04 0012 UT
# Prepared by the U.S. Dept. of Commerce, NOAA, Space Environment Center.
# Please send comments and suggestions to SEC.Webmaster@noaa.gov 
# 
# Units: Differential Flux particles/cm2-s-ster-MeV
# Units: Anisotropy Index 0.0 - 2.0
# Status(S): 0 = nominal, 4,6,7,8 = bad data, unable to process, 9 = no data
# Missing data values: -1.00e+05, index = -1.00
# Source: ACE Satellite - Electron, Proton, and Alpha Monitor
# 2004 Feb 04: see http://www.sec.noaa.gov/ftpdir/lists/ace/README for EPAM channel change notice.
#
#                      5-minute averaged Real-time Differential Electron and Proton Flux 
# 
#                Modified Seconds ---------------------------- Differential Flux --------------------------- 
# UT Date   Time  Julian  of the  ----- Electron -----   ------------------- Protons keV -------------------   Anis.
# YR MO DA  HHMM    Day    Day    S    38-53   175-315   S    47-68   115-195   310-580   761-1220 1060-1900   Ratio
#-------------------------------------------------------------------------------------------------------------------
2004 07 03  0000   53189       0  0  2.03e+02  1.65e+01  0  4.44e+02  1.17e+01  1.77e+00  3.62e-01  7.73e-02   0.22
2004 07 03  0005   53189     300  0  1.69e+02  2.00e+01  0  4.49e+02  1.17e+01  1.11e+00  4.19e-01  6.76e-02   0.38
2004 07 03  0010   53189     600  0  2.74e+02  2.15e+01  0  4.95e+02  1.45e+01  1.64e+00  4.57e-01  9.48e-02   0.46
2004 07 03  0015   53189     900  0  1.92e+02  1.56e+01  0  4.79e+02  1.22e+01  1.56e+00  2.67e-01  8.69e-02   0.21
2004 07 03  0020   53189    1200  0  1.92e+02  1.56e+01  0  4.28e+02  1.14e+01  1.47e+00  3.81e-01  4.64e-02   0.31
2004 07 03  0025   53189    1500  0  2.06e+02  1.82e+01  0  4.58e+02  1.23e+01  1.97e+00  6.86e-01  6.95e-02   0.36
2004 07 03  0030   53189    1800  0  1.84e+02  1.59e+01  0  4.90e+02  1.40e+01  1.39e+00  5.80e-01  6.32e-02   0.26
2004 07 03  0035   53189    2100  0  2.01e+02  1.43e+01  0  4.48e+02  1.31e+01  1.67e+00  4.78e-01  1.66e-02   0.21
2004 07 03  0040   53189    2400  0  2.36e+02  1.74e+01  0  4.37e+02  1.40e+01  1.61e+00  5.61e-01  1.16e-01   0.51
2004 07 03  0045   53189    2700  0  2.01e+02  1.55e+01  0  4.62e+02  1.14e+01  1.55e+00  5.10e-01  6.24e-02   0.32
2004 07 03  0050   53189    3000  0  2.30e+02  1.82e+01  0  4.61e+02  1.02e+01  1.21e+00  6.03e-01  1.16e-01   0.44
2004 07 03  0055   53189    3300  0  1.59e+02  1.55e+01  0  4.58e+02  1.28e+01  1.70e+00  3.74e-01  4.21e-02   0.06
2004 07 03  0100   53189    3600  0  1.98e+02  1.52e+01  0  4.71e+02  1.23e+01  1.44e+00  5.10e-01  1.16e-01   0.43
2004 07 03  0105   53189    3900  0  1.76e+02  1.66e+01  0  4.47e+02  1.32e+01  1.70e+00  6.24e-01  7.24e-02   0.51
2004 07 03  0110   53189    4200  0  1.82e+02  1.93e+01  0  4.41e+02  1.35e+01  1.75e+00  3.52e-01  4.21e-02   0.36
2004 07 03  0115   53189    4500  0  2.02e+02  1.99e+01  0  4.33e+02  1.16e+01  1.80e+00  2.70e-01  3.16e-02   0.69
2004 07 03  0120   53189    4800  0  1.55e+02  1.86e+01  0  4.67e+02  1.48e+01  1.64e+00  2.70e-01  5.80e-02   1.14
2004 07 03  0125   53189    5100  0  1.74e+02  1.67e+01  0  5.21e+02  1.17e+01  1.78e+00  4.05e-01  1.25e-01   0.59
2004 07 03  0130   53189    5400  0  1.89e+02  1.62e+01  0  5.58e+02  1.37e+01  2.00e+00  4.37e-01  1.05e-01   0.57
2004 07 03  0135   53189    5700  0  1.98e+02  1.28e+01  0  4.86e+02  1.52e+01  1.87e+00  3.12e-01  1.16e-01   0.70
2004 07 03  0140   53189    6000  0  1.65e+02  1.70e+01  0  5.15e+02  1.58e+01  1.53e+00  4.05e-01  9.81e-02   0.11
2004 07 03  0145   53189    6300  0  1.91e+02  1.60e+01  0  2.61e+03  5.73e+01  2.43e+00  2.91e-01  1.16e-01   0.27
2004 07 03  0150   53189    6600  0  2.00e+02  1.75e+01  0  1.61e+04  2.16e+02  3.43e+00  5.53e-01  8.43e-02   0.37
2004 07 03  0155   53189    6900  0  1.74e+02  1.74e+01  0  1.29e+04  1.83e+02  2.28e+00  4.19e-01  9.66e-02   0.26
2004 07 03  0200   53189    7200  0  1.84e+02  1.68e+01  0  6.50e+03  6.55e+01  2.00e+00  3.33e-01  1.16e-01   0.69
2004 07 03  0205   53189    7500  0  1.96e+02  1.43e+01  0  6.11e+03  7.31e+01  2.22e+00  2.67e-01  1.35e-01   0.77
2004 07 03  0210   53189    7800  0  2.27e+02  1.33e+01  0  1.33e+04  2.00e+02  2.37e+00  2.29e-01  1.35e-01   0.69
2004 07 03  0215   53189    8100  0  1.70e+02  1.78e+01  0  1.24e+04  4.31e+02  3.97e+00  4.12e-01  7.73e-02   0.76
2004 07 03  0220   53189    8400  0  1.77e+02  1.51e+01  0  1.87e+04  7.54e+02  6.31e+00  3.62e-01  7.38e-02   0.86
2004 07 03  0225   53189    8700  0  1.93e+02  1.59e+01  0  3.19e+04  8.03e+02  9.50e+00  4.00e-01  9.48e-02   0.39
2004 07 03  0230   53189    9000  0  1.70e+02  1.77e+01  0  8.25e+04  1.28e+03  1.26e+01  4.57e-01  2.03e-01   0.55
2004 07 03  0235   53189    9300  0  1.82e+02  1.72e+01  0  8.77e+04  1.24e+03  1.35e+01  2.08e-01  1.05e-01   1.12
2004 07 03  0240   53189    9600  0  2.11e+02  1.67e+01  0  7.24e+04  8.75e+02  1.07e+01  4.38e-01  9.66e-02   0.99
2004 07 03  0245   53189    9900  0  2.18e+02  1.30e+01  0  3.69e+04  9.21e+02  1.23e+01  3.43e-01  1.27e-01   0.50
2004 07 03  0250   53189   10200  0  2.00e+02  1.43e+01  0  1.13e+05  2.43e+03  1.89e+01  3.43e-01  1.47e-01   0.26
2004 07 03  0255   53189   10500  0  1.84e+02  1.40e+01  0  6.62e+04  1.44e+03  1.34e+01  2.86e-01  1.06e-01   0.78
2004 07 03  0300   53189   10800  0  2.18e+02  1.54e+01  0  3.10e+04  7.90e+02  1.02e+01  4.00e-01  1.06e-01   0.20
2004 07 03  0305   53189   11100  0  1.70e+02  1.84e+01  0  5.77e+03  2.16e+02  2.92e+00  2.29e-01  9.48e-02   1.19
2004 07 03  0310   53189   11400  0  1.73e+02  1.68e+01  0  4.57e+02  1.38e+01  1.61e+00  4.40e-01  6.95e-02   0.27
2004 07 03  0315   53189   11700  0  2.07e+02  1.66e+01  0  4.55e+02  1.38e+01  1.64e+00  5.82e-01  1.16e-01   0.49
2004 07 03  0320   53189   12000  0  1.89e+02  1.41e+01  0  5.08e+02  1.28e+01  1.51e+00  3.74e-01  1.16e-01   0.19
2004 07 03  0325   53189   12300  0  1.81e+02  1.80e+01  0  4.41e+02  1.40e+01  1.69e+00  3.17e-01  1.26e-01   0.48
2004 07 03  0330   53189   12600  0  1.69e+02  1.82e+01  0  4.77e+02  1.37e+01  1.70e+00  4.57e-01  8.43e-02   0.68
2004 07 03  0335   53189   12900  0  1.88e+02  1.99e+01  0  4.75e+02  1.42e+01  1.77e+00  2.49e-01  1.16e-01   0.64
2004 07 03  0340   53189   13200  0  1.93e+02  1.50e+01  0  4.84e+02  9.92e+00  1.41e+00  4.05e-01  8.02e-02   0.57
2004 07 03  0345   53189   13500  0  1.95e+02  1.60e+01  0  4.32e+02  1.48e+01  1.41e+00  3.95e-01  1.05e-01   0.10
2004 07 03  0350   53189   13800  0  2.16e+02  1.59e+01  0  4.87e+02  1.34e+01  1.50e+00  3.17e-01  8.02e-02   0.15
2004 07 03  0355   53189   14100  0  1.79e+02  1.74e+01  0  6.18e+02  1.97e+01  1.84e+00  3.74e-01  9.48e-02   0.29
2004 07 03  0400   53189   14400  0  1.62e+02  1.91e+01  0  4.69e+02  1.32e+01  1.44e+00  4.57e-01  9.48e-02   0.17
2004 07 03  0405   53189   14700  0  2.32e+02  1.57e+01  0  9.72e+02  2.06e+01  2.25e+00  4.05e-01  1.43e-01   0.79
2004 07 03  0410   53189   15000  0  1.59e+02  1.72e+01  0  1.33e+03  2.82e+01  1.41e+00  4.99e-01  4.21e-02   0.14
2004 07 03  0415   53189   15300  0  2.05e+02  1.84e+01  0  8.68e+02  1.98e+01  1.64e+00  2.91e-01  4.64e-02   0.61
2004 07 03  0420   53189   15600  0  1.95e+02  1.86e+01  0  4.91e+02  1.68e+01  1.91e+00  3.87e-01  9.66e-02   0.31
2004 07 03  0425   53189   15900  0  2.20e+02  1.37e+01  0  4.95e+02  1.33e+01  1.70e+00  2.91e-01  1.16e-01   0.52
2004 07 03  0430   53189   16200  0  2.47e+02  1.86e+01  0  5.18e+02  1.27e+01  1.44e+00  3.81e-01  1.55e-01   0.24
2004 07 03  0435   53189   16500  0  2.06e+02  1.54e+01  0  4.35e+02  1.33e+01  2.01e+00  3.43e-01  1.06e-01   0.12
2004 07 03  0440   53189   16800  0  2.14e+02  1.51e+01  0  4.76e+02  1.28e+01  2.06e+00  3.95e-01  7.38e-02   0.38
2004 07 03  0445   53189   17100  0  2.18e+02  1.70e+01  0  4.35e+02  1.50e+01  1.41e+00  2.48e-01  8.69e-02   0.08
2004 07 03  0450   53189   17400  0  1.61e+02  1.95e+01  0  4.79e+02  1.34e+01  1.77e+00  3.05e-01  1.26e-01   0.38
2004 07 03  0455   53189   17700  0  1.73e+02  1.95e+01  0  4.34e+02  1.41e+01  1.41e+00  4.16e-01  6.95e-02   0.72
2004 07 03  0500   53189   18000  0  2.18e+02  1.51e+01  0  4.49e+02  1.33e+01  1.29e+00  4.95e-01  1.35e-01   0.42
2004 07 03  0505   53189   18300  0  1.74e+02  1.56e+01  0  4.80e+02  1.26e+01  1.53e+00  4.57e-01  1.35e-01   0.10
2004 07 03  0510   53189   18600  0  1.54e+02  1.72e+01  0  4.45e+02  1.29e+01  1.53e+00  3.62e-01  1.16e-01   0.25
2004 07 03  0515   53189   18900  0  1.50e+02  1.99e+01  0  4.80e+02  1.26e+01  1.51e+00  3.74e-01  8.43e-02   0.43
2004 07 03  0520   53189   19200  0  1.60e+02  1.77e+01  0  4.78e+02  1.28e+01  1.53e+00  6.10e-01  9.66e-02   0.12
2004 07 03  0525   53189   19500  0  1.97e+02  1.75e+01  0  4.73e+02  1.10e+01  1.47e+00  5.53e-01  8.69e-02   0.12
2004 07 03  0530   53189   19800  0  1.70e+02  1.55e+01  0  4.23e+02  1.37e+01  1.54e+00  3.95e-01  1.05e-01   0.40
2004 07 03  0535   53189   20100  0  2.51e+02  1.77e+01  0  5.13e+02  1.25e+01  2.07e+00  3.05e-01  1.55e-01   0.98
2004 07 03  0540   53189   20400  0  1.67e+02  1.70e+01  0  4.72e+02  1.23e+01  1.47e+00  5.53e-01  1.06e-01   0.17
2004 07 03  0545   53189   20700  0  2.02e+02  1.80e+01  0  4.26e+02  1.19e+01  2.26e+00  5.20e-01  7.38e-02   0.40
2004 07 03  0550   53189   21000  0  2.06e+02  1.38e+01  0  4.57e+02  1.40e+01  1.11e+00  5.28e-01  1.46e-01   0.51
2004 07 03  0555   53189   21300  0  1.96e+02  1.53e+01  0  4.59e+02  1.24e+01  1.34e+00  3.53e-01  6.44e-02   0.08
2004 07 03  0600   53189   21600  0  1.76e+02  1.72e+01  0  4.60e+02  1.62e+01  1.67e+00  2.91e-01  6.32e-02   1.07
2004 07 03  0605   53189   21900  0  1.85e+02  1.82e+01  0  5.42e+02  1.52e+01  1.50e+00  3.52e-01  8.69e-02   0.44
2004 07 03  0610   53189   22200  0  1.77e+02  1.49e+01  0  5.27e+02  1.48e+01  1.34e+00  6.86e-01  8.43e-02   0.17
2004 07 03  0615   53189   22500  0  1.87e+02  1.57e+01  0  4.53e+02  1.23e+01  1.87e+00  2.29e-01  8.43e-02   0.94
2004 07 03  0620   53189   22800  0  2.26e+02  1.75e+01  0  4.40e+02  1.31e+01  1.78e+00  4.05e-01  9.81e-02   0.31
2004 07 03  0625   53189   23100  0  1.93e+02  1.66e+01  0  4.75e+02  1.19e+01  1.61e+00  3.74e-01  1.16e-01   0.60
2004 07 03  0630   53189   23400  0  1.97e+02  2.03e+01  0  4.99e+02  1.30e+01  1.53e+00  2.99e-01  1.07e-01   0.37
2004 07 03  0635   53189   23700  0  1.84e+02  1.91e+01  0  4.32e+02  1.29e+01  1.54e+00  3.89e-01  1.37e-01   0.12
2004 07 03  0640   53189   24000  0  2.00e+02  1.45e+01  0  4.66e+02  1.21e+01  1.80e+00  3.95e-01  8.43e-02   0.47
2004 07 03  0645   53189   24300  0  1.57e+02  1.44e+01  0  4.87e+02  1.60e+01  1.69e+00  4.93e-01  9.81e-02   0.08
2004 07 03  0650   53189   24600  0  2.08e+02  1.51e+01  0  4.65e+02  1.18e+01  1.41e+00  4.37e-01  4.21e-02   0.27
2004 07 03  0655   53189   24900  0  1.72e+02  1.57e+01  0  4.68e+02  1.38e+01  1.51e+00  3.74e-01  1.16e-01   0.53
2004 07 03  0700   53189   25200  0  2.34e+02  1.62e+01  0  5.04e+02  1.32e+01  1.55e+00  2.29e-01  7.13e-02   0.61
2004 07 03  0705   53189   25500  0  1.76e+02  1.37e+01  0  5.33e+02  1.10e+01  1.34e+00  6.03e-01  7.73e-02   0.22
2004 07 03  0710   53189   25800  0  1.86e+02  1.65e+01  0  4.58e+02  1.30e+01  1.98e+00  4.00e-01  1.06e-01   0.78
2004 07 03  0715   53189   26100  0  2.58e+02  1.86e+01  0  5.03e+02  1.22e+01  1.80e+00  5.72e-01  1.16e-01   0.64
2004 07 03  0720   53189   26400  0  1.79e+02  1.84e+01  0  5.11e+02  1.25e+01  1.44e+00  4.16e-01  1.05e-01   0.46
2004 07 03  0725   53189   26700  0  1.89e+02  1.82e+01  0  4.46e+02  1.07e+01  1.26e+00  4.57e-01  9.66e-02   0.45
2004 07 03  0730   53189   27000  0  2.15e+02  1.77e+01  0  5.15e+02  1.31e+01  1.05e+00  3.43e-01  1.16e-01   0.91
2004 07 03  0735   53189   27300  0  1.75e+02  1.86e+01  0  5.11e+02  1.13e+01  1.51e+00  4.99e-01  1.16e-01   0.23
2004 07 03  0740   53189   27600  0  1.87e+02  1.81e+01  0  5.43e+02  1.40e+01  1.56e+00  2.48e-01  1.26e-01   0.82
2004 07 03  0745   53189   27900  0  1.89e+02  1.75e+01  0  4.54e+02  1.21e+01  1.50e+00  4.76e-01  1.35e-01   0.47
2004 07 03  0750   53189   28200  0  2.54e+02  1.70e+01  0  5.06e+02  1.04e+01  1.56e+00  4.38e-01  2.32e-02   0.10
2004 07 03  0755   53189   28500  0  2.11e+02  1.57e+01  0  4.70e+02  1.18e+01  9.84e-01  5.61e-01  1.05e-01   0.53
2004 07 03  0800   53189   28800  0  1.91e+02  1.75e+01  0  4.69e+02  1.34e+01  1.56e+00  3.43e-01  1.26e-01   0.37
2004 07 03  0805   53189   29100  0  2.28e+02  1.54e+01  0  4.63e+02  1.02e+01  1.56e+00  4.00e-01  1.26e-01   0.18
2004 07 03  0810   53189   29400  0  1.68e+02  1.57e+01  0  4.80e+02  1.22e+01  1.25e+00  3.53e-01  8.43e-02   0.27
2004 07 03  0815   53189   29700  0  1.85e+02  1.65e+01  0  4.86e+02  1.43e+01  1.62e+00  4.19e-01  8.69e-02   0.54
2004 07 03  0820   53189   30000  0  2.10e+02  1.65e+01  0  4.40e+02  1.44e+01  1.44e+00  3.62e-01  1.06e-01   0.26
2004 07 03  0825   53189   30300  0  2.45e+02  1.47e+01  0  4.83e+02  1.16e+01  1.38e+00  2.49e-01  5.15e-02   0.26
2004 07 03  0830   53189   30600  0  1.98e+02  1.80e+01  0  4.92e+02  1.13e+01  1.86e+00  3.52e-01  1.25e-01   0.27
2004 07 03  0835   53189   30900  0  1.61e+02  1.55e+01  0  4.59e+02  1.18e+01  1.48e+00  3.33e-01  7.38e-02   1.11
2004 07 03  0840   53189   31200  0  2.16e+02  1.41e+01  0  4.98e+02  1.43e+01  1.61e+00  6.03e-01  1.05e-01   0.13
2004 07 03  0845   53189   31500  0  1.72e+02  1.60e+01  0  5.11e+02  1.10e+01  1.41e+00  3.17e-01  1.07e-01   0.26
2004 07 03  0850   53189   31800  0  1.81e+02  1.78e+01  0  4.95e+02  1.33e+01  1.74e+00  2.91e-01  5.80e-02   0.31
2004 07 03  0855   53189   32100  0  1.82e+02  1.57e+01  0  5.28e+02  1.36e+01  1.84e+00  2.70e-01  1.26e-01   1.12
2004 07 03  0900   53189   32400  0  2.11e+02  1.86e+01  0  5.33e+02  1.19e+01  1.36e+00  4.75e-01  8.02e-02   0.67
2004 07 03  0905   53189   32700  0  2.15e+02  1.82e+01  0  5.08e+02  1.38e+01  1.11e+00  5.20e-01  4.35e-02   0.59
2004 07 03  0910   53189   33000  0  1.88e+02  1.62e+01  0  4.88e+02  1.24e+01  1.47e+00  3.34e-01  8.43e-02   0.55
2004 07 03  0915   53189   33300  0  2.13e+02  1.78e+01  0  6.08e+02  1.53e+01  1.90e+00  4.99e-01  6.32e-02   0.74
2004 07 03  0920   53189   33600  0  1.72e+02  1.60e+01  0  5.97e+02  1.26e+01  1.15e+00  4.99e-01  6.44e-02   0.83
2004 07 03  0925   53189   33900  0  1.70e+02  2.03e+01  0  4.59e+02  1.27e+01  1.08e+00  5.63e-01  3.16e-02   0.52
2004 07 03  0930   53189   34200  0  1.93e+02  1.57e+01  0  4.96e+02  1.04e+01  1.54e+00  1.87e-01  1.05e-01   0.89
2004 07 03  0935   53189   34500  0  1.51e+02  1.64e+01  0  5.27e+02  1.19e+01  1.18e+00  4.37e-01  5.80e-02   0.17
2004 07 03  0940   53189   34800  0  1.77e+02  1.50e+01  0  5.65e+02  1.59e+01  2.08e+00  3.87e-01  1.34e-01   0.75
2004 07 03  0945   53189   35100  0  1.65e+02  1.60e+01  0  4.71e+02  1.05e+01  1.57e+00  3.95e-01  1.37e-01   0.45
2004 07 03  0950   53189   35400  0  2.25e+02  1.86e+01  0  4.80e+02  1.17e+01  1.71e+00  4.38e-01  1.64e-01   0.33
2004 07 03  0955   53189   35700  0  1.80e+02  1.61e+01  0  4.63e+02  1.39e+01  1.71e+00  4.19e-01  9.66e-02   0.18
2004 07 03  1000   53189   36000  0  1.84e+02  1.51e+01  0  4.46e+02  1.18e+01  1.28e+00  4.16e-01  8.43e-02   0.33
2004 07 03  1005   53189   36300  0  1.95e+02  1.72e+01  0  4.64e+02  1.30e+01  1.17e+00  4.38e-01  1.26e-01   0.51
2004 07 03  1010   53189   36600  0  2.03e+02  1.59e+01  0  4.69e+02  1.21e+01  1.26e+00  3.81e-01  6.32e-02   0.47
2004 07 03  1015   53189   36900  0  1.68e+02  1.62e+01  0  4.66e+02  1.10e+01  1.54e+00  5.61e-01  1.16e-01   0.38
2004 07 03  1020   53189   37200  0  2.23e+02  1.65e+01  0  4.33e+02  1.50e+01  1.56e+00  3.81e-01  1.06e-01   0.61
2004 07 03  1025   53189   37500  0  1.82e+02  1.51e+01  0  4.50e+02  1.30e+01  1.44e+00  4.57e-01  9.66e-02   1.09
2004 07 03  1030   53189   37800  0  1.57e+02  1.93e+01  0  4.39e+02  1.22e+01  1.41e+00  4.38e-01  1.26e-01   0.47
2004 07 03  1035   53189   38100  0  1.79e+02  1.53e+01  0  4.37e+02  1.45e+01  1.28e+00  4.57e-01  1.05e-01   0.76
2004 07 03  1040   53189   38400  0  2.20e+02  1.54e+01  0  4.60e+02  1.24e+01  1.41e+00  5.14e-01  1.35e-01   0.16
2004 07 03  1045   53189   38700  0  1.59e+02  1.74e+01  0  4.94e+02  9.53e+00  1.35e+00  5.34e-01  5.79e-02   0.32
2004 07 03  1050   53189   39000  0  2.09e+02  1.80e+01  0  4.56e+02  1.07e+01  1.28e+00  2.70e-01  6.95e-02   0.75
2004 07 03  1055   53189   39300  0  2.16e+02  1.65e+01  0  4.83e+02  1.18e+01  1.89e+00  2.10e-01  1.16e-01   0.89
2004 07 03  1100   53189   39600  0  1.94e+02  1.74e+01  0  4.66e+02  1.16e+01  1.62e+00  5.14e-01  8.11e-02   0.65
2004 07 03  1105   53189   39900  0  1.64e+02  1.76e+01  0  4.91e+02  1.11e+01  1.64e+00  5.40e-01  1.05e-01   0.82
2004 07 03  1110   53189   40200  0  2.22e+02  1.96e+01  0  4.72e+02  1.21e+01  1.55e+00  4.22e-01  1.05e-01   0.74
2004 07 03  1115   53189   40500  0  2.00e+02  1.91e+01  0  4.72e+02  1.23e+01  1.93e+00  6.03e-01  6.32e-02   0.40
2004 07 03  1120   53189   40800  0  1.71e+02  1.74e+01  0  4.66e+02  1.15e+01  1.67e+00  4.99e-01  6.32e-02   0.27
2004 07 03  1125   53189   41100  0  1.80e+02  1.59e+01  0  4.64e+02  1.17e+01  1.50e+00  4.05e-01  1.34e-01   0.04
2004 07 03  1130   53189   41400  0  1.88e+02  1.55e+01  0  4.60e+02  1.44e+01  1.70e+00  3.95e-01  1.05e-01   0.15
2004 07 03  1135   53189   41700  0  1.68e+02  1.41e+01  0  4.42e+02  1.22e+01  1.57e+00  3.12e-01  5.27e-02   0.22
2004 07 03  1140   53189   42000  0  1.45e+02  1.42e+01  0  4.88e+02  1.46e+01  1.55e+00  4.40e-01  4.21e-02   0.30
2004 07 03  1145   53189   42300  0  1.79e+02  1.37e+01  0  4.47e+02  1.47e+01  1.28e+00  2.49e-01  1.26e-01   0.42
2004 07 03  1150   53189   42600  0  2.44e+02  1.96e+01  0  4.66e+02  1.29e+01  1.97e+00  4.92e-01  1.16e-01   0.37
2004 07 03  1155   53189   42900  0  1.73e+02  1.66e+01  0  4.79e+02  1.19e+01  1.51e+00  3.53e-01  5.80e-02   1.08
2004 07 03  1200   53189   43200  0  1.63e+02  1.70e+01  0  4.92e+02  1.20e+01  1.88e+00  3.44e-01  1.09e-01   0.44
2004 07 03  1205   53189   43500  0  1.88e+02  1.82e+01  0  4.75e+02  1.17e+01  1.66e+00  3.52e-01  1.07e-01   0.56
2004 07 03  1210   53189   43800  0  1.91e+02  1.66e+01  0  4.77e+02  1.05e+01  1.41e+00  2.91e-01  1.05e-01   0.79
2004 07 03  1215   53189   44100  0  1.67e+02  1.72e+01  0  4.62e+02  1.21e+01  1.57e+00  2.91e-01  1.16e-01   0.45
2004 07 03  1220   53189   44400  0  1.79e+02  1.39e+01  0  4.67e+02  1.39e+01  1.47e+00  3.62e-01  9.81e-02   1.01
2004 07 03  1225   53189   44700  0  1.83e+02  1.51e+01  0  4.82e+02  1.05e+01  1.74e+00  3.95e-01  8.43e-02   0.34
2004 07 03  1230   53189   45000  0  2.02e+02  1.58e+01  0  4.69e+02  1.22e+01  1.28e+00  2.91e-01  1.90e-01   0.46
2004 07 03  1235   53189   45300  0  1.71e+02  1.86e+01  0  4.33e+02  1.26e+01  1.41e+00  3.69e-01  1.25e-01   0.52
2004 07 03  1240   53189   45600  0  2.47e+02  1.68e+01  0  4.75e+02  1.22e+01  1.70e+00  5.20e-01  4.21e-02   0.24
2004 07 03  1245   53189   45900  0  1.65e+02  1.79e+01  0  4.73e+02  1.14e+01  1.89e+00  2.86e-01  6.76e-02   0.51
2004 07 03  1250   53189   46200  0  1.81e+02  1.57e+01  0  4.52e+02  1.05e+01  1.59e+00  3.43e-01  8.11e-02   0.62
2004 07 03  1255   53189   46500  9 -1.00e+05 -1.00e+05  9 -1.00e+05 -1.00e+05 -1.00e+05 -1.00e+05 -1.00e+05  -1.00
2004 07 03  1300   53189   46800  0  1.63e+02  1.68e+01  0  4.42e+02  9.81e+00  1.72e+00  4.03e-01  1.38e-01   0.12
2004 07 03  1305   53189   47100  0  1.87e+02  1.43e+01  0  4.44e+02  1.12e+01  1.35e+00  3.81e-01  8.69e-02   1.05
2004 07 03  1310   53189   47400  0  1.70e+02  1.39e+01  0  4.26e+02  1.11e+01  2.07e+00  4.37e-01  1.16e-01   0.46
2004 07 03  1315   53189   47700  0  2.02e+02  1.63e+01  0  4.76e+02  1.21e+01  1.26e+00  3.62e-01  6.32e-02   0.33
2004 07 03  1320   53189   48000  0  1.79e+02  1.77e+01  0  4.75e+02  1.25e+01  1.59e+00  3.62e-01  6.76e-02   0.85
2004 07 03  1325   53189   48300  0  1.74e+02  1.51e+01  0  4.20e+02  1.30e+01  1.47e+00  4.38e-01  1.06e-01   0.34
2004 07 03  1330   53189   48600  0  2.27e+02  1.76e+01  0  4.61e+02  1.26e+01  1.44e+00  3.53e-01  1.69e-01   0.76
2004 07 03  1335   53189   48900  0  1.76e+02  1.56e+01  0  4.86e+02  1.26e+01  1.35e+00  4.95e-01  5.27e-02   0.54
2004 07 03  1340   53189   49200  0  1.64e+02  1.91e+01  0  4.79e+02  1.45e+01  1.92e+00  4.76e-01  1.16e-01   0.67
2004 07 03  1345   53189   49500  0  2.02e+02  1.57e+01  0  4.65e+02  1.36e+01  2.16e+00  4.16e-01  1.16e-01   0.27
2004 07 03  1350   53189   49800  0  1.77e+02  1.63e+01  0  5.13e+02  1.12e+01  1.62e+00  4.00e-01  1.64e-01   0.17
2004 07 03  1355   53189   50100  0  2.17e+02  1.42e+01  0  4.33e+02  1.31e+01  1.86e+00  4.19e-01  1.26e-01   0.29
2004 07 03  1400   53189   50400  0  2.16e+02  1.68e+01  0  4.70e+02  1.33e+01  1.51e+00  5.40e-01  5.80e-02   0.53
2004 07 03  1405   53189   50700  0  2.10e+02  1.73e+01  0  4.65e+02  1.39e+01  1.44e+00  4.05e-01  9.81e-02   0.23
2004 07 03  1410   53189   51000  0  1.95e+02  1.64e+01  0  4.78e+02  1.31e+01  2.03e+00  5.40e-01  1.47e-01   0.50
2004 07 03  1415   53189   51300  0  1.93e+02  1.74e+01  0  4.63e+02  1.42e+01  1.54e+00  1.83e-01  1.69e-01   1.53
2004 07 03  1420   53189   51600  0  2.23e+02  1.85e+01  0  4.57e+02  1.38e+01  1.78e+00  4.57e-01  7.13e-02   1.02
2004 07 03  1425   53189   51900  0  1.63e+02  1.76e+01  0  5.36e+02  2.07e+01  1.51e+00  5.20e-01  9.48e-02   0.67
2004 07 03  1430   53189   52200  0  1.79e+02  1.72e+01  0  8.66e+02  3.67e+01  1.74e+00  3.12e-01  9.48e-02   0.50
2004 07 03  1435   53189   52500  0  1.74e+02  1.72e+01  0  1.02e+03  3.81e+01  1.66e+00  4.40e-01  7.13e-02   0.17
2004 07 03  1440   53189   52800  0  3.14e+02  1.51e+01  0  1.69e+03  4.27e+01  1.97e+00  3.33e-01  4.64e-02   0.54
2004 07 03  1445   53189   53100  0  1.81e+02  1.91e+01  0  2.32e+03  6.33e+01  2.19e+00  3.17e-01  7.73e-02   0.51
2004 07 03  1450   53189   53400  0  2.27e+02  1.62e+01  0  1.11e+03  2.54e+01  1.74e+00  3.74e-01  1.39e-01   0.31
2004 07 03  1455   53189   53700  0  2.53e+02  1.74e+01  0  1.18e+03  2.63e+01  1.87e+00  2.91e-01  1.05e-01   1.00
2004 07 03  1500   53189   54000  0  1.87e+02  1.54e+01  0  1.32e+03  3.49e+01  2.08e+00  4.05e-01  7.73e-02   0.68
2004 07 03  1505   53189   54300  0  1.98e+02  1.72e+01  0  1.12e+03  3.13e+01  1.90e+00  4.78e-01  1.37e-01   0.82
2004 07 03  1510   53189   54600  0  2.18e+02  1.66e+01  0  1.16e+03  3.34e+01  2.10e+00  4.37e-01  1.90e-01   0.63
2004 07 03  1515   53189   54900  0  2.18e+02  1.75e+01  0  1.63e+03  3.17e+01  1.64e+00  3.34e-01  1.07e-01   0.33
2004 07 03  1520   53189   55200  0  1.90e+02  1.37e+01  0  2.00e+03  3.01e+01  2.23e+00  4.57e-01  6.32e-02   0.80
2004 07 03  1525   53189   55500  0  1.96e+02  1.65e+01  0  1.58e+03  3.80e+01  1.59e+00  3.81e-01  9.66e-02   0.29
2004 07 03  1530   53189   55800  0  2.34e+02  1.70e+01  0  1.23e+03  3.50e+01  1.98e+00  5.53e-01  4.21e-02   0.42
2004 07 03  1535   53189   56100  0  1.62e+02  1.47e+01  0  8.35e+02  2.21e+01  1.90e+00  6.24e-01  5.80e-02   0.47
2004 07 03  1540   53189   56400  0  1.70e+02  1.35e+01  0  8.64e+02  2.17e+01  1.86e+00  3.81e-01  8.69e-02   0.24
2004 07 03  1545   53189   56700  0  2.33e+02  1.61e+01  0  1.12e+03  2.59e+01  1.41e+00  3.24e-01  9.48e-02   1.44
2004 07 03  1550   53189   57000  0  1.93e+02  1.93e+01  0  3.01e+03  7.06e+01  1.77e+00  3.95e-01  1.26e-01   0.53
2004 07 03  1555   53189   57300  0  2.05e+02  1.56e+01  0  3.07e+03  9.10e+01  2.46e+00  5.53e-01  1.26e-01   0.30
2004 07 03  1600   53189   57600  0  1.77e+02  1.84e+01  0  3.47e+03  1.11e+02  1.98e+00  4.57e-01  1.35e-01   0.12
2004 07 03  1605   53189   57900  0  1.98e+02  1.58e+01  0  3.26e+03  9.28e+01  2.64e+00  4.19e-01  1.74e-01   0.45
2004 07 03  1610   53189   58200  0  1.79e+02  1.43e+01  0  2.80e+03  6.38e+01  2.79e+00  4.57e-01  8.43e-02   0.56
2004 07 03  1615   53189   58500  0  1.97e+02  1.59e+01  0  1.57e+03  4.63e+01  2.46e+00  2.29e-01  8.69e-02   0.97
2004 07 03  1620   53189   58800  0  1.90e+02  1.90e+01  0  8.46e+02  2.65e+01  2.10e+00  4.19e-01  7.73e-02   0.17
2004 07 03  1625   53189   59100  0  2.05e+02  1.86e+01  0  7.12e+02  1.52e+01  1.15e+00  4.99e-01  1.26e-01   0.60
2004 07 03  1630   53189   59400  0  1.63e+02  1.79e+01  0  5.65e+02  1.83e+01  1.94e+00  4.64e-01  1.26e-01   1.25
2004 07 03  1635   53189   59700  0  1.91e+02  1.82e+01  0  6.65e+02  1.97e+01  1.50e+00  4.95e-01  1.06e-01   0.90
2004 07 03  1640   53189   60000  0  1.96e+02  1.55e+01  0  2.20e+03  4.30e+01  1.84e+00  3.95e-01  5.80e-02   0.29
2004 07 03  1645   53189   60300  0  2.38e+02  1.62e+01  0  9.62e+02  2.00e+01  1.36e+00  4.75e-01  1.60e-01   0.59
2004 07 03  1650   53189   60600  0  1.81e+02  1.60e+01  0  5.02e+02  1.62e+01  1.84e+00  3.89e-01  6.32e-02   0.48
2004 07 03  1655   53189   60900  0  1.94e+02  1.55e+01  0  5.21e+02  1.37e+01  1.90e+00  4.16e-01  5.79e-02   0.27
2004 07 03  1700   53189   61200  0  2.32e+02  1.91e+01  0  7.55e+02  1.57e+01  2.11e+00  2.29e-01  1.07e-01   0.48
2004 07 03  1705   53189   61500  0  1.91e+02  2.24e+01  0  7.74e+02  1.49e+01  1.64e+00  4.16e-01  6.32e-02   0.43
2004 07 03  1710   53189   61800  0  2.36e+02  1.62e+01  0  9.15e+02  1.46e+01  1.77e+00  3.53e-01  7.38e-02   0.66
2004 07 03  1715   53189   62100  0  1.77e+02  1.67e+01  0  9.36e+02  2.05e+01  2.11e+00  4.22e-01  8.02e-02   0.35
2004 07 03  1720   53189   62400  0  1.48e+02  1.82e+01  0  4.40e+02  1.32e+01  1.51e+00  5.40e-01  9.48e-02   0.61
2004 07 03  1725   53189   62700  0  1.93e+02  1.70e+01  0  4.89e+02  1.33e+01  1.53e+00  3.87e-01  1.43e-01   0.36
2004 07 03  1730   53189   63000  0  1.88e+02  1.47e+01  0  4.90e+02  1.28e+01  1.51e+00  6.86e-01  4.21e-02   0.58
2004 07 03  1735   53189   63300  0  2.54e+02  1.55e+01  0  4.71e+02  1.33e+01  1.80e+00  4.36e-01  6.95e-02   0.40
2004 07 03  1740   53189   63600  0  1.60e+02  1.49e+01  0  5.06e+02  1.44e+01  1.55e+00  4.05e-01  1.16e-01   0.57
2004 07 03  1745   53189   63900  0  1.75e+02  1.37e+01  0  5.19e+02  1.26e+01  1.57e+00  5.20e-01  1.37e-01   0.62
2004 07 03  1750   53189   64200  0  2.02e+02  2.05e+01  0  4.87e+02  1.28e+01  1.64e+00  5.40e-01  1.58e-01   0.39
2004 07 03  1755   53189   64500  0  1.85e+02  1.93e+01  0  4.74e+02  1.31e+01  1.75e+00  3.87e-01  1.34e-01   0.23
2004 07 03  1800   53189   64800  0  2.26e+02  1.53e+01  0  4.42e+02  1.48e+01  1.48e+00  4.16e-01  9.48e-02   0.06
2004 07 03  1805   53189   65100  0  2.10e+02  2.00e+01  0  4.99e+02  1.35e+01  1.98e+00  5.53e-01  1.06e-01   0.64
2004 07 03  1810   53189   65400  0  1.87e+02  1.75e+01  0  4.67e+02  1.21e+01  2.22e+00  4.95e-01  1.35e-01   0.79
2004 07 03  1815   53189   65700  0  1.82e+02  1.89e+01  0  4.38e+02  1.17e+01  1.70e+00  4.78e-01  1.37e-01   0.34
2004 07 03  1820   53189   66000  0  1.93e+02  1.44e+01  0  4.50e+02  1.40e+01  1.74e+00  2.29e-01  1.16e-01   0.12
2004 07 03  1825   53189   66300  0  1.77e+02  2.09e+01  0  4.76e+02  1.35e+01  1.80e+00  5.53e-01  6.76e-02   0.36
2004 07 03  1830   53189   66600  0  1.79e+02  1.49e+01  0  4.49e+02  1.52e+01  1.67e+00  5.40e-01  8.11e-02   0.47
2004 07 03  1835   53189   66900  0  1.84e+02  1.93e+01  0  4.92e+02  1.31e+01  1.62e+00  4.00e-01  1.64e-01   0.62
2004 07 03  1840   53189   67200  0  1.75e+02  1.97e+01  0  5.12e+02  1.46e+01  1.95e+00  3.81e-01  1.64e-01   0.53
2004 07 03  1845   53189   67500  0  1.39e+02  1.63e+01  0  5.10e+02  1.35e+01  9.32e-01  4.38e-01  1.06e-01   0.24
2004 07 03  1850   53189   67800  0  1.96e+02  1.76e+01  0  4.29e+02  1.31e+01  1.61e+00  2.29e-01  1.26e-01   1.26
2004 07 03  1855   53189   68100  0  2.33e+02  1.65e+01  0  4.79e+02  1.25e+01  1.95e+00  4.57e-01  1.74e-01   0.32
2004 07 03  1900   53189   68400  0  1.59e+02  1.65e+01  0  4.83e+02  1.31e+01  1.59e+00  4.57e-01  9.66e-02   0.76
2004 07 03  1905   53189   68700  0  1.53e+02  1.55e+01  0  4.58e+02  1.48e+01  1.61e+00  2.91e-01  8.43e-02   0.65
2004 07 03  1910   53189   69000  0  2.15e+02  1.61e+01  0  5.10e+02  1.29e+01  2.49e+00  3.62e-01  1.55e-01   0.15
2004 07 03  1915   53189   69300  0  1.82e+02  1.15e+01  0  4.95e+02  1.33e+01  1.71e+00  5.91e-01  1.45e-01   0.06
2004 07 03  1920   53189   69600  0  1.57e+02  1.80e+01  0  4.95e+02  1.31e+01  1.57e+00  4.99e-01  8.11e-02   0.15
2004 07 03  1925   53189   69900  0  2.40e+02  1.80e+01  0  4.57e+02  1.28e+01  1.66e+00  5.45e-01  1.16e-01   0.23
2004 07 03  1930   53189   70200  0  1.84e+02  1.64e+01  0  5.27e+02  1.45e+01  1.44e+00  4.57e-01  1.37e-01   0.44
2004 07 03  1935   53189   70500  0  2.08e+02  1.43e+01  0  5.85e+02  1.50e+01  1.64e+00  2.91e-01  7.38e-02   0.15
2004 07 03  1940   53189   70800  0  2.18e+02  1.57e+01  0  5.19e+02  1.66e+01  2.19e+00  3.34e-01  1.51e-01   0.67
2004 07 03  1945   53189   71100  0  1.83e+02  1.60e+01  0  5.81e+02  1.33e+01  1.25e+00  2.52e-01  6.32e-02   0.15
2004 07 03  1950   53189   71400  0  1.65e+02  1.22e+01  0  5.39e+02  1.53e+01  1.54e+00  3.74e-01  9.27e-02   0.41
2004 07 03  1955   53189   71700  0  2.11e+02  1.55e+01  0  6.12e+02  1.70e+01  1.33e+00  3.52e-01  5.35e-02   0.31
2004 07 03  2000   53189   72000  0  2.15e+02  1.62e+01  0  5.78e+02  1.90e+01  1.48e+00  5.40e-01  1.05e-01   0.36
2004 07 03  2005   53189   72300  0  2.03e+02  1.75e+01  0  5.57e+02  1.49e+01  1.78e+00  4.75e-01  7.13e-02   0.27
2004 07 03  2010   53189   72600  0  1.34e+02  1.87e+01  0  5.10e+02  1.27e+01  1.57e+00  3.95e-01  1.16e-01   0.13
2004 07 03  2015   53189   72900  0  1.64e+02  1.64e+01  0  4.36e+02  1.37e+01  1.44e+00  4.16e-01  8.11e-02   0.26
2004 07 03  2020   53189   73200  0  1.84e+02  1.67e+01  0  4.66e+02  1.21e+01  1.47e+00  4.22e-01  8.91e-02   0.10
2004 07 03  2025   53189   73500  0  1.80e+02  1.72e+01  0  4.61e+02  1.19e+01  1.54e+00  2.70e-01  1.16e-01   0.65
2004 07 03  2030   53189   73800  0  1.73e+02  1.58e+01  0  4.50e+02  1.56e+01  1.48e+00  2.29e-01  9.48e-02   0.19
2004 07 03  2035   53189   74100  0  2.12e+02  1.57e+01  0  4.51e+02  1.20e+01  1.44e+00  3.52e-01  4.64e-02   0.45
2004 07 03  2040   53189   74400  0  1.91e+02  1.37e+01  0  4.68e+02  1.33e+01  1.80e+00  4.16e-01  6.32e-02   0.27
2004 07 03  2045   53189   74700  0  2.22e+02  1.54e+01  0  4.67e+02  1.21e+01  1.32e+00  4.00e-01  4.21e-02   0.36
2004 07 03  2050   53189   75000  0  1.62e+02  1.88e+01  0  4.22e+02  1.52e+01  1.47e+00  3.43e-01  1.16e-01   0.08
2004 07 03  2055   53189   75300  0  1.77e+02  1.51e+01  0  4.53e+02  1.48e+01  1.41e+00  3.12e-01  1.58e-01   0.79
2004 07 03  2100   53189   75600  0  1.71e+02  1.75e+01  0  4.92e+02  1.28e+01  1.53e+00  4.57e-01  7.37e-02   0.39
2004 07 03  2105   53189   75900  0  1.88e+02  1.72e+01  0  4.29e+02  1.38e+01  1.56e+00  4.19e-01  1.45e-01   0.57
2004 07 03  2110   53189   76200  0  2.49e+02  1.49e+01  0  4.39e+02  1.04e+01  1.44e+00  3.53e-01  7.38e-02   0.54
2004 07 03  2115   53189   76500  0  1.89e+02  1.49e+01  0  4.54e+02  1.11e+01  1.47e+00  3.62e-01  6.76e-02   0.27
2004 07 03  2120   53189   76800  0  1.97e+02  1.70e+01  0  4.54e+02  1.19e+01  1.65e+00  3.43e-01  1.16e-01   0.65
2004 07 03  2125   53189   77100  0  1.45e+02  1.52e+01  0  4.33e+02  1.21e+01  1.38e+00  4.38e-01  4.64e-02   0.04
2004 07 03  2130   53189   77400  0  2.22e+02  1.53e+01  0  5.10e+02  1.28e+01  1.34e+00  3.12e-01  4.64e-02   0.12
2004 07 03  2135   53189   77700  0  2.07e+02  1.81e+01  0  4.86e+02  1.24e+01  1.23e+00  3.24e-01  3.31e-02   0.44
2004 07 03  2140   53189   78000  0  1.75e+02  1.81e+01  0  4.31e+02  1.17e+01  1.68e+00  3.24e-01  3.86e-02   0.44
2004 07 03  2145   53189   78300  0  2.15e+02  1.84e+01  0  4.83e+02  1.16e+01  1.41e+00  4.16e-01  9.48e-02   0.62
2004 07 03  2150   53189   78600  0  2.22e+02  1.49e+01  0  4.53e+02  9.84e+00  1.32e+00  2.86e-01  1.45e-01   0.22
2004 07 03  2155   53189   78900  0  1.83e+02  1.49e+01  0  4.58e+02  1.14e+01  1.38e+00  4.00e-01  8.69e-02   0.83
2004 07 03  2200   53189   79200  0  1.93e+02  2.07e+01  0  4.87e+02  1.17e+01  1.41e+00  4.16e-01  2.11e-02   0.34
2004 07 03  2205   53189   79500  0  1.72e+02  1.75e+01  0  4.69e+02  1.21e+01  1.05e+00  5.45e-01  7.73e-02   0.34
2004 07 03  2210   53189   79800  0  1.68e+02  1.93e+01  0  4.69e+02  1.49e+01  1.28e+00  3.74e-01  1.05e-01   0.54
2004 07 03  2215   53189   80100  0  1.73e+02  1.78e+01  0  4.44e+02  1.24e+01  1.64e+00  4.78e-01  7.38e-02   0.12
2004 07 03  2220   53189   80400  0  1.93e+02  1.76e+01  0  6.29e+02  1.68e+01  2.09e+00  3.25e-01  7.42e-02   0.58
2004 07 03  2225   53189   80700  0  1.98e+02  1.37e+01  0  5.31e+02  1.33e+01  1.57e+00  3.74e-01  5.27e-02   0.53
2004 07 03  2230   53189   81000  0  1.77e+02  1.49e+01  0  4.39e+02  1.26e+01  1.74e+00  3.53e-01  6.95e-02   0.76
2004 07 03  2235   53189   81300  0  2.36e+02  1.72e+01  0  4.59e+02  1.22e+01  1.52e+00  4.53e-01  6.02e-02   0.56
2004 07 03  2240   53189   81600  0  1.36e+02  1.76e+01  0  5.05e+02  1.18e+01  1.21e+00  3.12e-01  7.73e-02   0.62
2004 07 03  2245   53189   81900  0  1.76e+02  1.72e+01  0  4.65e+02  1.28e+01  1.19e+00  3.69e-01  9.81e-02   0.44
2004 07 03  2250   53189   82200  0  1.95e+02  1.70e+01  0  4.25e+02  1.35e+01  1.70e+00  5.82e-01  8.43e-02   0.26
2004 07 03  2255   53189   82500  0  1.87e+02  1.68e+01  0  4.78e+02  1.34e+01  2.06e+00  3.95e-01  6.95e-02   0.17
2004 07 03  2300   53189   82800  0  1.98e+02  1.70e+01  0  4.87e+02  1.18e+01  1.58e+00  2.99e-01  4.21e-02   0.31
2004 07 03  2305   53189   83100  0  1.62e+02  1.91e+01  0  4.25e+02  1.09e+01  2.20e+00  5.41e-01  5.80e-02   0.55
2004 07 03  2310   53189   83400  0  1.77e+02  1.58e+01  0  4.60e+02  1.05e+01  1.38e+00  3.53e-01  1.48e-01   0.37
2004 07 03  2315   53189   83700  0  1.75e+02  1.77e+01  0  4.66e+02  1.25e+01  1.48e+00  2.93e-01  1.06e-01   0.53
2004 07 03  2320   53189   84000  0  1.61e+02  1.74e+01  0  5.11e+02  1.36e+01  1.64e+00  3.66e-01  1.27e-01   0.64
2004 07 03  2325   53189   84300  0  1.69e+02  1.77e+01  0  5.01e+02  1.48e+01  1.47e+00  2.29e-01  6.76e-02   0.29
2004 07 03  2330   53189   84600  0  1.92e+02  1.90e+01  0  5.53e+02  1.65e+01  1.44e+00  2.49e-01  1.06e-01   1.49
2004 07 03  2335   53189   84900  0  2.02e+02  1.41e+01  0  8.26e+02  2.68e+01  1.70e+00  4.57e-01  9.48e-02   0.10
2004 07 03  2340   53189   85200  0  1.98e+02  1.97e+01  0  5.08e+03  9.94e+01  2.25e+00  2.29e-01  6.76e-02   0.49
2004 07 03  2345   53189   85500  0  1.98e+02  1.56e+01  0  3.29e+03  7.59e+01  2.37e+00  4.57e-01  6.32e-02   0.59
2004 07 03  2350   53189   85800  0  2.05e+02  1.80e+01  0  1.95e+03  4.91e+01  1.97e+00  3.53e-01  8.43e-02   0.68
2004 07 03  2355   53189   86100  0  1.69e+02  1.56e+01  0  9.02e+02  2.12e+01  1.86e+00  2.29e-01  9.66e-02   0.42
