:Data_list: 20040310_ace_epam_5m.txt
:Created: 2004 Mar 11 0012 UT
# Prepared by the U.S. Dept. of Commerce, NOAA, Space Environment Center.
# Please send comments and suggestions to SEC.Webmaster@noaa.gov 
# 
# Units: Differential Flux particles/cm2-s-ster-MeV
# Units: Anisotropy Index 0.0 - 2.0
# Status(S): 0 = nominal, 4,6,7,8 = bad data, unable to process, 9 = no data
# Missing data values: -1.00e+05, index = -1.00
# Source: ACE Satellite - Electron, Proton, and Alpha Monitor
# 2004 Feb 04: see http://www.sec.noaa.gov/ftpdir/lists/ace/README for EPAM channel change notice.
#
#                      5-minute averaged Real-time Differential Electron and Proton Flux 
# 
#                Modified Seconds ---------------------------- Differential Flux --------------------------- 
# UT Date   Time  Julian  of the  ----- Electron -----   ------------------- Protons keV -------------------   Anis.
# YR MO DA  HHMM    Day    Day    S    38-53   175-315   S    47-68   115-195   310-580   761-1220 1060-1900   Ratio
#-------------------------------------------------------------------------------------------------------------------
2004 03 10  0000   53074       0  0  6.47e+02  1.86e+01  0  9.65e+02  5.72e+01  5.77e+00  8.62e-01  2.05e-01   0.51
2004 03 10  0005   53074     300  0  7.94e+02  1.72e+01  0  8.58e+02  5.55e+01  6.52e+00  8.94e-01  2.11e-01   0.39
2004 03 10  0010   53074     600  0  7.85e+02  1.39e+01  0  9.14e+02  5.75e+01  6.06e+00  6.44e-01  2.32e-01   0.18
2004 03 10  0015   53074     900  0  7.36e+02  1.77e+01  0  9.43e+02  5.82e+01  6.88e+00  9.67e-01  2.94e-01   0.14
2004 03 10  0020   53074    1200  0  8.12e+02  1.43e+01  0  8.93e+02  5.46e+01  6.23e+00  9.15e-01  3.58e-01   0.33
2004 03 10  0025   53074    1500  0  6.63e+02  1.82e+01  0  8.97e+02  5.93e+01  6.73e+00  1.20e+00  2.90e-01   0.53
2004 03 10  0030   53074    1800  0  7.39e+02  1.63e+01  0  9.40e+02  6.65e+01  7.78e+00  1.26e+00  2.99e-01   0.38
2004 03 10  0035   53074    2100  0  6.60e+02  1.57e+01  0  9.36e+02  6.39e+01  6.85e+00  1.02e+00  4.21e-01   0.05
2004 03 10  0040   53074    2400  0  6.32e+02  1.65e+01  0  9.03e+02  8.69e+01  8.98e+00  1.07e+00  3.09e-01   0.66
2004 03 10  0045   53074    2700  0  7.19e+02  1.65e+01  0  9.00e+02  7.43e+01  8.77e+00  1.16e+00  1.83e-01   0.25
2004 03 10  0050   53074    3000  0  6.08e+02  1.51e+01  0  9.63e+02  6.99e+01  8.26e+00  1.46e+00  2.00e-01   0.54
2004 03 10  0055   53074    3300  0  6.98e+02  1.36e+01  0  9.60e+02  8.70e+01  8.23e+00  1.14e+00  2.61e-01   0.37
2004 03 10  0100   53074    3600  0  6.78e+02  1.45e+01  0  9.84e+02  8.46e+01  1.01e+01  1.11e+00  3.48e-01   0.15
2004 03 10  0105   53074    3900  0  5.77e+02  1.47e+01  0  1.01e+03  1.07e+02  1.13e+01  1.26e+00  4.06e-01   0.43
2004 03 10  0110   53074    4200  0  6.11e+02  1.57e+01  0  1.06e+03  1.09e+02  1.14e+01  1.06e+00  3.48e-01   0.27
2004 03 10  0115   53074    4500  0  7.57e+02  1.56e+01  0  1.02e+03  1.10e+02  1.20e+01  1.35e+00  3.57e-01   0.52
2004 03 10  0120   53074    4800  0  7.52e+02  1.43e+01  0  1.13e+03  1.18e+02  1.33e+01  1.94e+00  4.25e-01   0.46
2004 03 10  0125   53074    5100  0  8.28e+02  1.45e+01  0  1.19e+03  1.42e+02  1.49e+01  1.66e+00  6.53e-01   0.54
2004 03 10  0130   53074    5400  0  6.70e+02  1.79e+01  0  1.01e+03  1.12e+02  1.12e+01  1.31e+00  3.67e-01   0.31
2004 03 10  0135   53074    5700  0  7.51e+02  1.51e+01  0  1.01e+03  8.64e+01  8.47e+00  1.49e+00  3.28e-01   0.59
2004 03 10  0140   53074    6000  0  6.39e+02  1.49e+01  0  9.63e+02  9.60e+01  1.11e+01  1.37e+00  3.79e-01   0.05
2004 03 10  0145   53074    6300  0  6.93e+02  1.67e+01  0  1.09e+03  1.25e+02  1.40e+01  1.90e+00  5.71e-01   0.37
2004 03 10  0150   53074    6600  0  8.10e+02  1.80e+01  0  1.06e+03  1.18e+02  1.34e+01  1.50e+00  4.53e-01   0.33
2004 03 10  0155   53074    6900  0  8.04e+02  1.70e+01  0  1.13e+03  1.46e+02  1.45e+01  1.43e+00  4.32e-01   0.27
2004 03 10  0200   53074    7200  0  7.89e+02  1.46e+01  0  1.09e+03  1.33e+02  1.47e+01  1.88e+00  5.53e-01   0.26
2004 03 10  0205   53074    7500  0  7.09e+02  1.39e+01  0  1.17e+03  1.80e+02  1.98e+01  2.60e+00  8.75e-01   0.38
2004 03 10  0210   53074    7800  0  9.04e+02  1.62e+01  0  1.32e+03  2.04e+02  2.30e+01  2.25e+00  9.27e-01   0.37
2004 03 10  0215   53074    8100  0  8.41e+02  1.46e+01  0  1.28e+03  2.07e+02  2.23e+01  2.44e+00  8.56e-01   0.46
2004 03 10  0220   53074    8400  0  8.08e+02  1.43e+01  0  1.20e+03  1.57e+02  1.80e+01  2.22e+00  4.95e-01   0.28
2004 03 10  0225   53074    8700  0  8.97e+02  1.24e+01  0  1.10e+03  1.26e+02  1.45e+01  1.64e+00  4.90e-01   0.23
2004 03 10  0230   53074    9000  0  8.42e+02  1.68e+01  0  1.17e+03  1.69e+02  1.92e+01  2.49e+00  7.06e-01   0.28
2004 03 10  0235   53074    9300  0  8.58e+02  1.31e+01  0  1.27e+03  1.83e+02  1.94e+01  2.62e+00  7.48e-01   0.32
2004 03 10  0240   53074    9600  0  9.29e+02  1.42e+01  0  1.27e+03  2.02e+02  2.25e+01  1.95e+00  7.22e-01   0.04
2004 03 10  0245   53074    9900  0  9.27e+02  1.78e+01  0  1.33e+03  2.20e+02  2.38e+01  1.89e+00  7.59e-01   0.23
2004 03 10  0250   53074   10200  0  8.98e+02  1.43e+01  0  1.27e+03  2.05e+02  2.13e+01  2.18e+00  7.06e-01   0.25
2004 03 10  0255   53074   10500  0  7.11e+02  1.83e+01  0  1.24e+03  1.84e+02  2.11e+01  2.67e+00  6.33e-01   0.17
2004 03 10  0300   53074   10800  0  7.49e+02  1.89e+01  0  1.20e+03  1.72e+02  1.85e+01  2.27e+00  5.90e-01   0.36
2004 03 10  0305   53074   11100  0  7.16e+02  1.54e+01  0  1.30e+03  1.94e+02  2.12e+01  2.53e+00  8.50e-01   0.07
2004 03 10  0310   53074   11400  0  7.72e+02  1.84e+01  0  1.22e+03  1.92e+02  2.08e+01  2.82e+00  7.34e-01   0.20
2004 03 10  0315   53074   11700  0  8.53e+02  1.53e+01  0  1.35e+03  2.20e+02  2.20e+01  2.45e+00  8.96e-01   0.20
2004 03 10  0320   53074   12000  0  7.54e+02  1.49e+01  0  1.29e+03  1.93e+02  2.13e+01  2.63e+00  8.40e-01   0.11
2004 03 10  0325   53074   12300  0  7.99e+02  1.79e+01  0  1.37e+03  2.23e+02  2.29e+01  2.69e+00  6.76e-01   0.30
2004 03 10  0330   53074   12600  0  7.59e+02  1.78e+01  0  1.26e+03  2.00e+02  2.14e+01  2.58e+00  6.74e-01   0.49
2004 03 10  0335   53074   12900  0  8.60e+02  1.58e+01  0  1.31e+03  2.18e+02  2.46e+01  2.36e+00  6.66e-01   0.25
2004 03 10  0340   53074   13200  0  7.69e+02  2.13e+01  0  1.40e+03  2.34e+02  2.63e+01  2.29e+00  1.01e+00   0.40
2004 03 10  0345   53074   13500  0  7.62e+02  1.40e+01  0  1.36e+03  2.18e+02  2.45e+01  2.00e+00  9.95e-01   0.36
2004 03 10  0350   53074   13800  0  8.86e+02  1.66e+01  0  1.26e+03  2.06e+02  2.10e+01  2.10e+00  7.38e-01   0.46
2004 03 10  0355   53074   14100  0  7.82e+02  1.58e+01  0  1.31e+03  1.96e+02  2.33e+01  2.34e+00  8.31e-01   0.31
2004 03 10  0400   53074   14400  0  7.36e+02  1.70e+01  0  1.33e+03  2.09e+02  2.13e+01  2.59e+00  8.89e-01   0.17
2004 03 10  0405   53074   14700  0  7.34e+02  1.87e+01  0  1.27e+03  2.09e+02  2.10e+01  2.87e+00  8.32e-01   0.32
2004 03 10  0410   53074   15000  0  9.42e+02  1.65e+01  0  1.39e+03  2.39e+02  2.39e+01  2.25e+00  8.02e-01   0.18
2004 03 10  0415   53074   15300  0  7.49e+02  1.77e+01  0  1.47e+03  2.44e+02  2.42e+01  2.61e+00  8.60e-01   0.55
2004 03 10  0420   53074   15600  0  6.62e+02  1.87e+01  0  1.41e+03  2.26e+02  2.43e+01  2.45e+00  9.38e-01   0.42
2004 03 10  0425   53074   15900  0  8.03e+02  1.62e+01  0  1.40e+03  2.41e+02  2.70e+01  2.37e+00  9.18e-01   0.27
2004 03 10  0430   53074   16200  0  8.01e+02  1.70e+01  0  1.49e+03  2.48e+02  2.67e+01  2.27e+00  8.96e-01   0.21
2004 03 10  0435   53074   16500  0  8.30e+02  1.47e+01  0  1.47e+03  2.56e+02  2.77e+01  1.83e+00  1.18e+00   0.18
2004 03 10  0440   53074   16800  0  7.97e+02  1.52e+01  0  1.42e+03  2.49e+02  2.65e+01  2.64e+00  1.02e+00   0.29
2004 03 10  0445   53074   17100  0  7.88e+02  1.68e+01  0  1.44e+03  2.34e+02  2.49e+01  2.12e+00  1.09e+00   0.20
2004 03 10  0450   53074   17400  0  7.14e+02  1.91e+01  0  1.43e+03  2.25e+02  2.46e+01  2.56e+00  6.32e-01   0.10
2004 03 10  0455   53074   17700  0  7.08e+02  1.60e+01  0  1.37e+03  2.03e+02  2.17e+01  3.01e+00  8.29e-01   0.29
2004 03 10  0500   53074   18000  0  7.90e+02  1.76e+01  0  1.25e+03  1.38e+02  1.69e+01  3.35e+00  5.16e-01   0.32
2004 03 10  0505   53074   18300  0  6.73e+02  1.37e+01  0  1.35e+03  1.68e+02  1.93e+01  2.67e+00  5.97e-01   0.47
2004 03 10  0510   53074   18600  0  6.96e+02  1.43e+01  0  1.43e+03  1.90e+02  1.85e+01  2.29e+00  7.16e-01   0.31
2004 03 10  0515   53074   18900  0  6.87e+02  1.62e+01  0  1.23e+03  1.40e+02  1.51e+01  2.33e+00  5.80e-01   0.26
2004 03 10  0520   53074   19200  0  7.26e+02  1.72e+01  0  1.31e+03  1.53e+02  1.61e+01  2.18e+00  5.35e-01   0.33
2004 03 10  0525   53074   19500  0  7.22e+02  1.64e+01  0  1.33e+03  1.57e+02  1.61e+01  2.54e+00  7.06e-01   0.63
2004 03 10  0530   53074   19800  0  6.87e+02  1.72e+01  0  1.18e+03  1.42e+02  1.49e+01  1.75e+00  6.74e-01   0.51
2004 03 10  0535   53074   20100  0  7.31e+02  1.42e+01  0  1.25e+03  1.30e+02  1.45e+01  1.81e+00  6.42e-01   0.25
2004 03 10  0540   53074   20400  0  6.46e+02  1.28e+01  0  1.15e+03  1.23e+02  1.41e+01  2.14e+00  4.53e-01   0.25
2004 03 10  0545   53074   20700  0  6.51e+02  1.79e+01  0  1.08e+03  1.12e+02  1.37e+01  1.85e+00  5.31e-01   0.19
2004 03 10  0550   53074   21000  0  6.55e+02  1.51e+01  0  1.05e+03  9.44e+01  1.18e+01  2.12e+00  5.89e-01   0.36
2004 03 10  0555   53074   21300  0  6.73e+02  1.53e+01  0  1.01e+03  8.93e+01  1.16e+01  2.10e+00  4.85e-01   0.26
2004 03 10  0600   53074   21600  0  6.40e+02  1.68e+01  0  1.01e+03  9.24e+01  1.09e+01  1.77e+00  4.25e-01   0.16
2004 03 10  0605   53074   21900  0  6.88e+02  1.56e+01  0  9.96e+02  9.33e+01  1.16e+01  1.89e+00  4.35e-01   0.37
2004 03 10  0610   53074   22200  0  6.66e+02  1.41e+01  0  1.09e+03  9.13e+01  1.13e+01  2.02e+00  4.43e-01   0.40
2004 03 10  0615   53074   22500  0  6.71e+02  1.59e+01  0  9.63e+02  4.59e+01  7.03e+00  1.35e+00  3.09e-01   0.52
2004 03 10  0620   53074   22800  0  6.02e+02  1.52e+01  0  9.30e+02  4.71e+01  6.28e+00  1.35e+00  3.19e-01   0.50
2004 03 10  0625   53074   23100  0  7.37e+02  1.68e+01  0  9.26e+02  4.03e+01  5.41e+00  8.76e-01  3.86e-01   0.32
2004 03 10  0630   53074   23400  0  6.33e+02  1.51e+01  0  1.01e+03  3.58e+01  5.67e+00  8.94e-01  1.90e-01   0.09
2004 03 10  0635   53074   23700  0  7.32e+02  1.63e+01  0  9.91e+02  3.67e+01  4.99e+00  1.16e+00  1.64e-01   0.08
2004 03 10  0640   53074   24000  0  6.50e+02  1.51e+01  0  9.52e+02  3.55e+01  4.90e+00  1.11e+00  2.70e-01   0.06
2004 03 10  0645   53074   24300  0  6.87e+02  1.60e+01  0  1.02e+03  3.12e+01  5.31e+00  1.21e+00  2.53e-01   0.31
2004 03 10  0650   53074   24600  0  7.42e+02  1.68e+01  0  9.71e+02  3.57e+01  4.27e+00  9.49e-01  3.17e-01   0.05
2004 03 10  0655   53074   24900  0  7.09e+02  1.98e+01  0  9.73e+02  3.96e+01  4.81e+00  1.16e+00  2.41e-01   0.35
2004 03 10  0700   53074   25200  0  7.28e+02  1.68e+01  0  1.01e+03  3.43e+01  5.11e+00  6.24e-01  3.06e-01   0.50
2004 03 10  0705   53074   25500  0  6.51e+02  1.32e+01  0  1.10e+03  4.01e+01  4.55e+00  1.02e+00  2.14e-01   0.22
2004 03 10  0710   53074   25800  0  7.12e+02  1.68e+01  0  1.54e+03  5.01e+01  5.21e+00  9.35e-01  1.58e-01   0.37
2004 03 10  0715   53074   26100  0  6.53e+02  1.35e+01  0  1.21e+03  3.94e+01  4.79e+00  9.98e-01  1.58e-01   0.09
2004 03 10  0720   53074   26400  0  6.13e+02  1.39e+01  0  9.26e+02  3.44e+01  4.49e+00  7.92e-01  2.22e-01   0.47
2004 03 10  0725   53074   26700  0  6.45e+02  1.49e+01  0  9.19e+02  3.19e+01  4.23e+00  7.69e-01  3.06e-01   0.56
2004 03 10  0730   53074   27000  0  6.44e+02  1.68e+01  0  1.27e+03  6.12e+01  4.16e+00  1.10e+00  3.06e-01   0.19
2004 03 10  0735   53074   27300  0  7.56e+02  1.47e+01  0  1.25e+03  4.47e+01  4.91e+00  8.27e-01  2.50e-01   0.35
2004 03 10  0740   53074   27600  0  6.31e+02  1.45e+01  0  1.23e+03  4.91e+01  4.33e+00  1.08e+00  2.63e-01   0.15
2004 03 10  0745   53074   27900  0  7.91e+02  1.31e+01  0  1.52e+03  6.24e+01  4.60e+00  1.04e+00  1.60e-01   0.21
2004 03 10  0750   53074   28200  0  7.26e+02  1.51e+01  0  1.51e+03  5.40e+01  5.01e+00  7.69e-01  2.53e-01   0.47
2004 03 10  0755   53074   28500  0  6.57e+02  1.70e+01  0  3.07e+03  8.67e+01  5.11e+00  1.08e+00  2.42e-01   0.42
2004 03 10  0800   53074   28800  0  7.62e+02  1.41e+01  0  2.67e+03  8.06e+01  4.60e+00  1.09e+00  1.96e-01   0.30
2004 03 10  0805   53074   29100  0  7.20e+02  1.82e+01  0  1.32e+03  5.06e+01  4.29e+00  1.21e+00  1.90e-01   0.42
2004 03 10  0810   53074   29400  0  7.00e+02  1.60e+01  0  1.10e+03  6.59e+01  4.75e+00  1.14e+00  2.53e-01   0.34
2004 03 10  0815   53074   29700  0  6.12e+02  1.85e+01  0  1.10e+03  6.13e+01  5.02e+00  1.09e+00  2.32e-01   0.16
2004 03 10  0820   53074   30000  0  6.33e+02  1.22e+01  0  1.02e+03  3.45e+01  4.23e+00  1.14e+00  2.21e-01   0.40
2004 03 10  0825   53074   30300  0  6.48e+02  1.47e+01  0  1.01e+03  3.45e+01  4.63e+00  1.24e+00  2.41e-01   0.46
2004 03 10  0830   53074   30600  0  5.65e+02  1.67e+01  0  9.86e+02  3.37e+01  4.45e+00  9.34e-01  2.90e-01   0.16
2004 03 10  0835   53074   30900  0  5.83e+02  1.64e+01  0  1.03e+03  3.34e+01  4.23e+00  1.02e+00  2.42e-01   0.12
2004 03 10  0840   53074   31200  0  6.13e+02  1.40e+01  0  9.25e+02  3.36e+01  4.06e+00  1.01e+00  2.80e-01   0.29
2004 03 10  0845   53074   31500  0  5.99e+02  1.75e+01  0  1.03e+03  3.31e+01  5.26e+00  1.03e+00  2.51e-01   0.16
2004 03 10  0850   53074   31800  0  6.53e+02  1.80e+01  0  1.01e+03  3.05e+01  4.46e+00  8.73e-01  2.74e-01   0.25
2004 03 10  0855   53074   32100  0  6.26e+02  1.58e+01  0  9.28e+02  3.62e+01  4.75e+00  1.24e+00  1.55e-01   0.33
2004 03 10  0900   53074   32400  0  6.73e+02  1.43e+01  0  9.28e+02  3.36e+01  5.11e+00  1.47e+00  2.00e-01   0.24
2004 03 10  0905   53074   32700  0  6.13e+02  1.47e+01  0  1.01e+03  3.07e+01  4.96e+00  9.15e-01  3.38e-01   0.21
2004 03 10  0910   53074   33000  0  6.69e+02  1.55e+01  0  9.36e+02  3.16e+01  4.33e+00  1.18e+00  2.84e-01   0.20
2004 03 10  0915   53074   33300  0  6.55e+02  1.56e+01  0  9.21e+02  3.14e+01  4.84e+00  8.96e-01  2.61e-01   0.47
2004 03 10  0920   53074   33600  0  5.82e+02  1.54e+01  0  8.98e+02  2.92e+01  5.08e+00  1.07e+00  3.38e-01   0.18
2004 03 10  0925   53074   33900  0  5.65e+02  1.55e+01  0  9.33e+02  2.83e+01  4.62e+00  1.39e+00  2.11e-01   0.40
2004 03 10  0930   53074   34200  0  6.04e+02  1.67e+01  0  8.90e+02  3.19e+01  5.08e+00  1.11e+00  2.80e-01   0.42
2004 03 10  0935   53074   34500  0  6.41e+02  1.63e+01  0  9.79e+02  3.18e+01  4.90e+00  1.30e+00  3.67e-01   0.07
2004 03 10  0940   53074   34800  0  7.02e+02  1.62e+01  0  9.31e+02  3.40e+01  5.28e+00  9.15e-01  2.95e-01   0.23
2004 03 10  0945   53074   35100  0  5.57e+02  1.37e+01  0  9.10e+02  2.82e+01  4.63e+00  9.85e-01  2.41e-01   0.26
2004 03 10  0950   53074   35400  0  6.13e+02  1.76e+01  0  9.71e+02  3.23e+01  3.97e+00  9.77e-01  2.32e-01   0.29
2004 03 10  0955   53074   35700  0  5.66e+02  1.87e+01  0  9.35e+02  3.03e+01  4.49e+00  9.35e-01  2.00e-01   0.31
2004 03 10  1000   53074   36000  0  6.20e+02  1.55e+01  0  9.31e+02  2.80e+01  4.60e+00  1.28e+00  2.94e-01   0.41
2004 03 10  1005   53074   36300  0  6.57e+02  1.29e+01  0  9.48e+02  2.90e+01  4.36e+00  1.10e+00  2.63e-01   0.30
2004 03 10  1010   53074   36600  0  6.26e+02  1.45e+01  0  1.02e+03  3.31e+01  5.02e+00  1.23e+00  3.27e-01   0.46
2004 03 10  1015   53074   36900  0  5.92e+02  1.64e+01  0  9.64e+02  3.15e+01  5.08e+00  1.18e+00  2.76e-01   0.19
2004 03 10  1020   53074   37200  0  6.13e+02  1.55e+01  0  8.99e+02  3.25e+01  4.62e+00  8.73e-01  2.95e-01   0.65
2004 03 10  1025   53074   37500  0  6.85e+02  1.55e+01  0  9.65e+02  2.82e+01  4.52e+00  8.97e-01  3.21e-01   0.72
2004 03 10  1030   53074   37800  0  5.74e+02  1.53e+01  0  1.01e+03  2.98e+01  4.98e+00  1.18e+00  1.90e-01   0.18
2004 03 10  1035   53074   38100  0  6.11e+02  1.45e+01  0  9.62e+02  3.11e+01  4.26e+00  9.56e-01  3.48e-01   0.18
2004 03 10  1040   53074   38400  0  6.85e+02  1.64e+01  0  9.53e+02  3.15e+01  3.99e+00  1.35e+00  2.85e-01   0.31
2004 03 10  1045   53074   38700  0  5.86e+02  1.82e+01  0  9.94e+02  2.75e+01  4.16e+00  1.18e+00  2.95e-01   0.48
2004 03 10  1050   53074   39000  0  6.85e+02  1.68e+01  0  9.61e+02  2.93e+01  4.75e+00  1.25e+00  2.21e-01   0.07
2004 03 10  1055   53074   39300  0  6.23e+02  1.41e+01  0  9.19e+02  3.22e+01  4.60e+00  1.21e+00  3.03e-01   0.18
2004 03 10  1100   53074   39600  0  6.57e+02  1.41e+01  0  9.73e+02  3.00e+01  3.80e+00  1.35e+00  3.06e-01   0.12
2004 03 10  1105   53074   39900  0  6.60e+02  1.56e+01  0  1.02e+03  3.00e+01  4.81e+00  1.24e+00  2.51e-01   0.32
2004 03 10  1110   53074   40200  0  5.70e+02  1.29e+01  0  9.83e+02  3.55e+01  4.45e+00  9.91e-01  1.93e-01   0.18
2004 03 10  1115   53074   40500  0  5.93e+02  1.55e+01  0  9.76e+02  3.21e+01  4.88e+00  1.04e+00  3.79e-01   0.17
2004 03 10  1120   53074   40800  0  6.35e+02  1.51e+01  0  8.82e+02  2.98e+01  3.37e+00  1.70e+00  2.22e-01   0.23
2004 03 10  1125   53074   41100  0  6.23e+02  1.52e+01  0  9.57e+02  3.07e+01  3.82e+00  1.20e+00  2.70e-01   0.17
2004 03 10  1130   53074   41400  0  6.17e+02  1.28e+01  0  9.27e+02  2.75e+01  3.31e+00  1.12e+00  2.00e-01   0.14
2004 03 10  1135   53074   41700  0  6.27e+02  1.61e+01  0  9.94e+02  2.89e+01  3.79e+00  1.30e+00  2.70e-01   0.36
2004 03 10  1140   53074   42000  0  6.38e+02  1.74e+01  0  9.97e+02  3.11e+01  4.21e+00  1.16e+00  3.38e-01   0.64
2004 03 10  1145   53074   42300  0  6.20e+02  1.38e+01  0  9.01e+02  2.91e+01  4.18e+00  1.31e+00  2.70e-01   0.53
2004 03 10  1150   53074   42600  0  6.58e+02  1.29e+01  0  9.81e+02  3.05e+01  4.33e+00  1.23e+00  2.00e-01   0.36
2004 03 10  1155   53074   42900  0  5.65e+02  1.59e+01  0  9.32e+02  2.94e+01  4.75e+00  8.76e-01  3.28e-01   0.30
2004 03 10  1200   53074   43200  0  5.56e+02  1.67e+01  0  8.63e+02  2.35e+01  4.21e+00  1.03e+00  1.84e-01   0.25
2004 03 10  1205   53074   43500  0  5.83e+02  1.45e+01  0  8.28e+02  2.43e+01  3.38e+00  8.52e-01  2.53e-01   0.50
2004 03 10  1210   53074   43800  0  5.21e+02  1.31e+01  0  9.00e+02  1.99e+01  3.67e+00  8.96e-01  2.90e-01   0.47
2004 03 10  1215   53074   44100  0  4.96e+02  1.51e+01  0  8.72e+02  2.54e+01  3.61e+00  9.72e-01  2.99e-01   0.46
2004 03 10  1220   53074   44400  0  5.84e+02  1.53e+01  0  7.44e+02  2.67e+01  2.98e+00  5.82e-01  2.74e-01   0.24
2004 03 10  1225   53074   44700  0  6.29e+02  1.26e+01  0  8.46e+02  2.38e+01  4.11e+00  6.16e-01  2.67e-01   0.19
2004 03 10  1230   53074   45000  0  6.92e+02  1.35e+01  0  8.32e+02  2.18e+01  3.90e+00  7.90e-01  1.90e-01   0.50
2004 03 10  1235   53074   45300  0  5.97e+02  1.43e+01  0  8.30e+02  2.30e+01  3.87e+00  7.28e-01  2.21e-01   0.37
2004 03 10  1240   53074   45600  0  5.34e+02  1.60e+01  0  8.32e+02  2.12e+01  4.05e+00  7.04e-01  1.69e-01   0.51
2004 03 10  1245   53074   45900  0  5.27e+02  1.39e+01  0  8.25e+02  2.18e+01  4.03e+00  8.73e-01  1.69e-01   0.60
2004 03 10  1250   53074   46200  0  6.02e+02  1.41e+01  0  8.37e+02  2.16e+01  3.97e+00  9.15e-01  2.63e-01   0.54
2004 03 10  1255   53074   46500  0  5.33e+02  1.70e+01  0  8.73e+02  2.76e+01  3.72e+00  7.74e-01  3.48e-01   0.65
2004 03 10  1300   53074   46800  0  4.83e+02  1.64e+01  0  9.98e+02  3.00e+01  3.97e+00  7.90e-01  3.37e-01   0.48
2004 03 10  1305   53074   47100  0  5.14e+02  1.75e+01  0  8.74e+02  2.37e+01  3.52e+00  6.33e-01  3.21e-01   0.14
2004 03 10  1310   53074   47400  0  5.36e+02  1.43e+01  0  8.50e+02  2.53e+01  4.36e+00  8.52e-01  2.11e-01   0.10
2004 03 10  1315   53074   47700  0  5.19e+02  1.41e+01  0  9.23e+02  2.51e+01  3.25e+00  8.11e-01  2.00e-01   0.13
2004 03 10  1320   53074   48000  0  5.19e+02  1.62e+01  0  2.48e+03  1.33e+02  3.66e+00  9.50e-01  1.60e-01   0.16
2004 03 10  1325   53074   48300  0  4.82e+02  1.47e+01  0  1.53e+03  4.68e+01  3.51e+00  1.25e+00  2.11e-01   0.30
2004 03 10  1330   53074   48600  0  4.74e+02  1.39e+01  0  1.53e+03  1.86e+02  9.83e+00  9.35e-01  3.16e-01   0.40
2004 03 10  1335   53074   48900  0  5.13e+02  1.78e+01  0  1.96e+03  2.29e+02  6.57e+00  8.62e-01  3.21e-01   0.23
2004 03 10  1340   53074   49200  0  5.21e+02  1.74e+01  0  8.36e+02  2.11e+01  3.70e+00  9.35e-01  2.11e-01   0.21
2004 03 10  1345   53074   49500  0  5.01e+02  2.00e+01  0  8.40e+02  2.40e+01  3.88e+00  9.15e-01  2.32e-01   0.19
2004 03 10  1350   53074   49800  0  5.18e+02  1.65e+01  0  2.08e+03  7.81e+01  5.29e+00  8.19e-01  2.03e-01   0.19
2004 03 10  1355   53074   50100  0  4.47e+02  1.70e+01  0  3.08e+03  2.63e+02  6.03e+00  7.07e-01  2.63e-01   0.41
2004 03 10  1400   53074   50400  0  4.50e+02  1.74e+01  0  1.36e+03  1.21e+02  4.72e+00  9.53e-01  2.70e-01   0.24
2004 03 10  1405   53074   50700  0  5.11e+02  1.36e+01  0  9.13e+02  2.43e+01  3.55e+00  9.34e-01  2.41e-01   0.67
2004 03 10  1410   53074   51000  0  5.41e+02  1.66e+01  0  1.83e+03  6.12e+01  4.36e+00  9.77e-01  2.11e-01   0.39
2004 03 10  1415   53074   51300  0  4.80e+02  1.82e+01  0  3.19e+03  1.02e+02  4.60e+00  9.34e-01  2.22e-01   0.40
2004 03 10  1420   53074   51600  0  5.40e+02  1.68e+01  0  2.95e+03  1.28e+02  4.45e+00  1.11e+00  2.12e-01   0.28
2004 03 10  1425   53074   51900  0  5.25e+02  1.61e+01  0  2.75e+04  1.27e+03  1.86e+01  1.01e+00  3.09e-01   0.27
2004 03 10  1430   53074   52200  0  5.16e+02  1.41e+01  0  2.05e+04  8.04e+02  1.37e+01  8.31e-01  3.16e-01   0.21
2004 03 10  1435   53074   52500  0  5.01e+02  1.36e+01  0  7.27e+03  2.70e+02  6.07e+00  7.62e-01  2.41e-01   0.60
2004 03 10  1440   53074   52800  0  5.36e+02  1.56e+01  0  2.56e+04  2.11e+03  2.48e+01  7.81e-01  3.57e-01   0.02
2004 03 10  1445   53074   53100  0  5.19e+02  1.33e+01  0  3.21e+04  1.80e+03  2.10e+01  8.52e-01  2.95e-01   0.24
2004 03 10  1450   53074   53400  0  4.76e+02  1.72e+01  0  6.25e+03  2.85e+02  6.42e+00  7.55e-01  1.97e-01   0.23
2004 03 10  1455   53074   53700  0  5.46e+02  1.72e+01  0  1.49e+03  4.59e+01  4.05e+00  7.34e-01  2.47e-01   0.57
2004 03 10  1500   53074   54000  0  5.34e+02  1.60e+01  0  8.49e+02  2.33e+01  4.03e+00  7.69e-01  2.32e-01   0.28
2004 03 10  1505   53074   54300  0  4.94e+02  1.72e+01  0  9.15e+02  2.46e+01  3.16e+00  8.09e-01  1.96e-01   0.23
2004 03 10  1510   53074   54600  0  5.14e+02  1.60e+01  0  8.21e+02  2.58e+01  4.00e+00  7.90e-01  2.95e-01   0.37
2004 03 10  1515   53074   54900  0  5.09e+02  1.74e+01  0  2.56e+03  1.87e+02  4.98e+00  9.15e-01  3.06e-01   0.36
2004 03 10  1520   53074   55200  0  5.57e+02  1.60e+01  0  2.75e+03  1.89e+02  6.96e+00  8.79e-01  2.23e-01   0.33
2004 03 10  1525   53074   55500  0  5.90e+02  1.66e+01  0  9.24e+02  3.96e+01  4.26e+00  7.48e-01  2.00e-01   0.59
2004 03 10  1530   53074   55800  0  6.81e+02  1.53e+01  0  8.06e+02  2.57e+01  3.74e+00  1.23e+00  1.16e-01   0.33
2004 03 10  1535   53074   56100  0  6.67e+02  1.64e+01  0  8.22e+02  1.93e+01  4.10e+00  1.04e+00  2.32e-01   0.23
2004 03 10  1540   53074   56400  0  5.83e+02  1.62e+01  0  8.02e+02  2.08e+01  3.70e+00  9.15e-01  2.74e-01   0.29
2004 03 10  1545   53074   56700  0  5.94e+02  1.54e+01  0  7.87e+02  2.40e+01  3.22e+00  7.74e-01  2.85e-01   0.13
2004 03 10  1550   53074   57000  0  5.99e+02  1.37e+01  0  8.83e+02  2.41e+01  3.80e+00  7.48e-01  2.11e-01   0.35
2004 03 10  1555   53074   57300  0  5.58e+02  1.43e+01  0  8.10e+02  2.28e+01  3.61e+00  1.04e+00  2.21e-01   0.20
2004 03 10  1600   53074   57600  0  5.75e+02  1.52e+01  0  1.23e+03  1.35e+02  7.38e+00  7.21e-01  4.64e-01   0.62
2004 03 10  1605   53074   57900  0  6.68e+02  1.57e+01  0  6.23e+04  1.98e+03  4.22e+01  8.32e-01  1.68e+00   0.44
2004 03 10  1610   53074   58200  0  6.08e+02  1.60e+01  0  4.85e+04  2.31e+03  3.21e+01  6.24e-01  1.41e+00   0.71
2004 03 10  1615   53074   58500  0  6.56e+02  1.83e+01  0  6.41e+04  1.59e+03  1.40e+01  6.51e-01  2.32e-01   0.33
2004 03 10  1620   53074   58800  0  6.24e+02  1.57e+01  0  1.58e+04  4.41e+02  7.38e+00  8.52e-01  2.11e-01   0.13
2004 03 10  1625   53074   59100  0  7.67e+02  1.44e+01  0  2.09e+03  5.80e+01  4.48e+00  6.48e-01  2.41e-01   0.59
2004 03 10  1630   53074   59400  0  6.23e+02  1.72e+01  0  2.33e+04  1.21e+03  1.21e+01  8.19e-01  3.28e-01   0.14
2004 03 10  1635   53074   59700  0  6.28e+02  1.51e+01  0  3.26e+04  3.00e+03  9.52e+01  8.94e-01  3.48e-01   0.48
2004 03 10  1640   53074   60000  0  6.88e+02  1.72e+01  0  8.66e+02  2.29e+01  3.82e+00  7.62e-01  3.28e-01   0.30
2004 03 10  1645   53074   60300  0  5.79e+02  1.63e+01  0  8.03e+02  2.21e+01  4.09e+00  7.81e-01  2.03e-01   0.46
2004 03 10  1650   53074   60600  0  5.84e+02  1.68e+01  0  8.04e+02  2.39e+01  3.67e+00  8.31e-01  2.32e-01   0.27
2004 03 10  1655   53074   60900  0  6.01e+02  1.47e+01  0  8.07e+02  2.74e+01  4.15e+00  1.03e+00  1.93e-01   0.11
2004 03 10  1700   53074   61200  0  5.94e+02  1.61e+01  0  1.15e+04  1.24e+02  1.13e+01  8.38e-01  2.80e-01   0.21
2004 03 10  1705   53074   61500  0  6.86e+02  1.72e+01  0  2.42e+04  1.62e+03  1.38e+01  6.86e-01  3.28e-01   0.17
2004 03 10  1710   53074   61800  0  6.28e+02  1.51e+01  0  7.85e+02  2.41e+01  4.13e+00  8.94e-01  2.84e-01   0.63
2004 03 10  1715   53074   62100  0  6.88e+02  1.63e+01  0  8.26e+02  2.68e+01  4.75e+00  8.77e-01  2.22e-01   0.14
2004 03 10  1720   53074   62400  0  6.25e+02  1.51e+01  0  8.75e+02  2.60e+01  3.97e+00  8.77e-01  2.61e-01   0.13
2004 03 10  1725   53074   62700  0  7.14e+02  1.66e+01  0  8.48e+02  2.74e+01  3.57e+00  8.11e-01  3.16e-01   0.63
2004 03 10  1730   53074   63000  0  6.83e+02  1.72e+01  0  7.94e+02  2.42e+01  4.06e+00  7.24e-01  3.19e-01   0.51
2004 03 10  1735   53074   63300  0  6.46e+02  1.28e+01  0  8.58e+02  2.75e+01  3.67e+00  9.15e-01  2.70e-01   0.14
2004 03 10  1740   53074   63600  0  6.15e+02  1.20e+01  0  8.80e+02  2.42e+01  4.03e+00  7.90e-01  2.32e-01   0.34
2004 03 10  1745   53074   63900  0  5.88e+02  1.47e+01  0  7.96e+02  2.68e+01  4.55e+00  8.27e-01  2.67e-01   0.15
2004 03 10  1750   53074   64200  0  6.17e+02  1.60e+01  0  8.06e+02  2.48e+01  3.77e+00  8.31e-01  1.79e-01   0.37
2004 03 10  1755   53074   64500  0  6.44e+02  1.41e+01  0  8.19e+02  2.29e+01  4.03e+00  7.69e-01  2.32e-01   0.28
2004 03 10  1800   53074   64800  0  5.97e+02  1.65e+01  0  7.49e+02  2.35e+01  3.99e+00  7.21e-01  2.23e-01   0.28
2004 03 10  1805   53074   65100  0  7.45e+02  1.47e+01  0  8.25e+02  2.25e+01  4.46e+00  9.77e-01  2.74e-01   0.54
2004 03 10  1810   53074   65400  0  6.69e+02  1.70e+01  0  8.73e+02  2.56e+01  3.87e+00  1.10e+00  2.42e-01   0.40
2004 03 10  1815   53074   65700  0  6.47e+02  1.36e+01  0  7.78e+02  2.23e+01  4.30e+00  7.39e-01  2.32e-01   0.24
2004 03 10  1820   53074   66000  0  6.51e+02  1.60e+01  0  7.81e+02  2.50e+01  4.26e+00  9.15e-01  3.69e-01   0.59
2004 03 10  1825   53074   66300  0  6.85e+02  1.82e+01  0  8.22e+02  2.64e+01  3.97e+00  7.39e-01  3.21e-01   0.38
2004 03 10  1830   53074   66600  0  6.31e+02  1.37e+01  0  8.05e+02  2.60e+01  4.43e+00  9.15e-01  2.74e-01   0.42
2004 03 10  1835   53074   66900  0  6.49e+02  1.28e+01  0  7.70e+02  2.43e+01  3.44e+00  8.11e-01  2.84e-01   0.49
2004 03 10  1840   53074   67200  0  6.36e+02  1.55e+01  0  3.30e+03  1.07e+02  4.33e+00  9.50e-01  2.85e-01   0.12
2004 03 10  1845   53074   67500  0  6.17e+02  1.64e+01  0  1.06e+03  2.70e+01  3.93e+00  9.15e-01  1.58e-01   0.29
2004 03 10  1850   53074   67800  0  5.52e+02  1.51e+01  0  3.03e+03  2.78e+02  1.24e+01  9.35e-01  2.84e-01   0.23
2004 03 10  1855   53074   68100  0  6.94e+02  1.65e+01  0  1.76e+04  2.25e+03  5.00e+01  9.32e-01  4.81e-01   0.29
2004 03 10  1900   53074   68400  0  5.70e+02  1.31e+01  0  4.31e+04  3.28e+03  4.77e+01  6.86e-01  5.16e-01   0.11
2004 03 10  1905   53074   68700  0  6.56e+02  1.68e+01  0  2.13e+04  1.62e+03  2.77e+01  8.57e-01  5.02e-01   0.17
2004 03 10  1910   53074   69000  0  6.03e+02  1.70e+01  0  2.56e+03  2.74e+02  1.16e+01  8.77e-01  5.02e-01   0.44
2004 03 10  1915   53074   69300  0  6.91e+02  1.64e+01  0  4.09e+03  7.04e+02  8.72e+00  8.52e-01  3.06e-01   0.25
2004 03 10  1920   53074   69600  0  6.33e+02  1.67e+01  0  1.70e+03  3.72e+02  3.11e+01  7.81e-01  3.96e-01   0.33
2004 03 10  1925   53074   69900  0  6.13e+02  1.56e+01  0  1.23e+03  2.38e+02  2.47e+01  9.15e-01  5.79e-01   0.32
2004 03 10  1930   53074   70200  0  7.81e+02  1.22e+01  0  1.36e+03  1.80e+02  2.31e+01  7.48e-01  4.95e-01   0.38
2004 03 10  1935   53074   70500  0  6.93e+02  1.68e+01  0  1.31e+03  5.37e+02  4.82e+01  8.19e-01  6.86e-01   0.11
2004 03 10  1940   53074   70800  0  6.45e+02  1.33e+01  0  1.96e+03  2.91e+02  1.96e+01  9.34e-01  4.35e-01   0.42
2004 03 10  1945   53074   71100  0  6.40e+02  1.59e+01  0  3.79e+03  2.64e+02  6.79e+00  8.77e-01  2.99e-01   0.43
2004 03 10  1950   53074   71400  0  6.64e+02  1.62e+01  0  5.39e+04  3.09e+03  2.79e+01  8.52e-01  4.00e-01   0.36
2004 03 10  1955   53074   71700  0  6.60e+02  1.59e+01  0  1.48e+04  1.04e+03  2.54e+01  9.53e-01  3.77e-01   0.23
2004 03 10  2000   53074   72000  0  6.48e+02  1.58e+01  0  8.72e+02  3.87e+01  4.78e+00  9.34e-01  2.32e-01   0.51
2004 03 10  2005   53074   72300  0  7.63e+02  1.62e+01  0  8.96e+02  2.58e+01  3.97e+00  1.25e+00  3.37e-01   0.48
2004 03 10  2010   53074   72600  0  6.30e+02  1.24e+01  0  1.46e+03  5.07e+01  4.66e+00  8.76e-01  2.51e-01   0.51
2004 03 10  2015   53074   72900  0  5.92e+02  1.36e+01  0  1.01e+03  3.75e+01  4.87e+00  9.34e-01  3.09e-01   0.49
2004 03 10  2020   53074   73200  0  7.12e+02  1.16e+01  0  1.32e+03  4.95e+01  4.06e+00  8.52e-01  3.06e-01   0.64
2004 03 10  2025   53074   73500  0  6.61e+02  1.41e+01  0  1.82e+03  7.94e+01  5.08e+00  9.32e-01  2.32e-01   0.22
2004 03 10  2030   53074   73800  0  6.98e+02  1.55e+01  0  1.10e+03  4.34e+01  4.79e+00  8.52e-01  2.63e-01   0.05
2004 03 10  2035   53074   74100  0  6.76e+02  1.43e+01  0  1.20e+03  4.67e+01  4.65e+00  8.73e-01  1.90e-01   0.17
2004 03 10  2040   53074   74400  0  6.85e+02  1.52e+01  0  1.21e+03  4.73e+01  4.44e+00  1.14e+00  3.74e-01   0.58
2004 03 10  2045   53074   74700  0  7.12e+02  1.53e+01  0  1.82e+03  9.59e+01  5.05e+00  9.35e-01  2.74e-01   0.48
2004 03 10  2050   53074   75000  0  6.19e+02  1.45e+01  0  1.37e+03  6.49e+01  5.38e+00  1.14e+00  4.00e-01   0.39
2004 03 10  2055   53074   75300  0  7.06e+02  1.57e+01  0  1.70e+03  6.03e+01  5.77e+00  8.27e-01  3.03e-01   0.45
2004 03 10  2100   53074   75600  0  5.88e+02  1.49e+01  0  1.42e+03  5.39e+01  5.90e+00  1.14e+00  2.74e-01   0.24
2004 03 10  2105   53074   75900  0  6.43e+02  1.59e+01  0  1.40e+03  6.46e+01  5.24e+00  8.44e-01  2.94e-01   0.55
2004 03 10  2110   53074   76200  0  7.32e+02  1.35e+01  0  2.15e+03  9.77e+01  5.77e+00  1.04e+00  2.11e-01   0.17
2004 03 10  2115   53074   76500  0  7.09e+02  1.57e+01  0  2.01e+03  1.01e+02  5.90e+00  1.16e+00  4.43e-01   0.58
2004 03 10  2120   53074   76800  0  6.36e+02  1.65e+01  0  1.70e+03  7.51e+01  5.35e+00  8.27e-01  2.67e-01   0.26
2004 03 10  2125   53074   77100  0  6.46e+02  1.87e+01  0  1.61e+03  7.43e+01  4.98e+00  1.12e+00  2.95e-01   0.18
2004 03 10  2130   53074   77400  0  6.51e+02  1.45e+01  0  1.79e+03  8.12e+01  5.87e+00  9.77e-01  3.06e-01   0.47
2004 03 10  2135   53074   77700  0  6.41e+02  1.31e+01  0  1.34e+03  6.13e+01  4.60e+00  9.85e-01  2.67e-01   0.33
2004 03 10  2140   53074   78000  0  6.11e+02  1.55e+01  0  9.31e+02  3.46e+01  5.05e+00  9.15e-01  4.32e-01   0.46
2004 03 10  2145   53074   78300  0  5.60e+02  1.28e+01  0  9.69e+02  3.73e+01  5.32e+00  8.19e-01  2.70e-01   0.23
2004 03 10  2150   53074   78600  0  5.84e+02  1.51e+01  0  1.07e+03  8.49e+01  8.38e+00  8.76e-01  3.48e-01   0.15
2004 03 10  2155   53074   78900  0  5.57e+02  1.78e+01  0  9.68e+02  3.64e+01  4.62e+00  9.77e-01  3.06e-01   0.32
2004 03 10  2200   53074   79200  0  5.54e+02  1.51e+01  0  9.36e+02  2.88e+01  4.21e+00  8.96e-01  2.61e-01   0.27
2004 03 10  2205   53074   79500  0  6.89e+02  1.81e+01  0  9.80e+02  2.89e+01  4.18e+00  1.20e+00  3.38e-01   0.09
2004 03 10  2210   53074   79800  0  5.92e+02  1.53e+01  0  9.69e+02  2.77e+01  3.83e+00  1.27e+00  2.32e-01   0.25
2004 03 10  2215   53074   80100  0  5.95e+02  1.68e+01  0  9.06e+02  2.84e+01  3.76e+00  9.91e-01  1.83e-01   0.22
2004 03 10  2220   53074   80400  0  5.99e+02  1.58e+01  0  9.06e+02  3.01e+01  3.79e+00  9.72e-01  2.70e-01   0.61
2004 03 10  2225   53074   80700  0  5.58e+02  1.12e+01  0  8.85e+02  2.56e+01  3.43e+00  9.91e-01  2.51e-01   0.12
2004 03 10  2230   53074   81000  0  5.85e+02  1.60e+01  0  9.93e+02  3.04e+01  3.84e+00  7.90e-01  2.00e-01   0.09
2004 03 10  2235   53074   81300  0  6.42e+02  1.49e+01  0  8.82e+02  2.89e+01  3.34e+00  1.20e+00  3.38e-01   0.24
2004 03 10  2240   53074   81600  0  7.14e+02  1.59e+01  0  1.05e+03  4.00e+01  4.15e+00  1.09e+00  2.22e-01   0.36
2004 03 10  2245   53074   81900  0  6.52e+02  1.52e+01  0  9.80e+02  3.05e+01  4.21e+00  6.31e-01  2.10e-01   0.35
2004 03 10  2250   53074   82200  0  7.03e+02  1.42e+01  0  9.18e+02  2.45e+01  4.03e+00  1.22e+00  1.74e-01   0.63
2004 03 10  2255   53074   82500  0  7.36e+02  1.68e+01  0  9.33e+02  2.66e+01  3.55e+00  8.19e-01  1.84e-01   0.31
2004 03 10  2300   53074   82800  0  6.17e+02  1.37e+01  0  9.21e+02  2.58e+01  4.23e+00  8.52e-01  2.11e-01   0.18
2004 03 10  2305   53074   83100  0  6.85e+02  1.55e+01  0  9.05e+02  2.77e+01  3.80e+00  1.06e+00  2.50e-01   0.47
2004 03 10  2310   53074   83400  0  7.34e+02  1.43e+01  0  8.61e+02  2.84e+01  3.67e+00  1.08e+00  2.42e-01   0.26
2004 03 10  2315   53074   83700  0  6.51e+02  1.41e+01  0  9.63e+02  2.88e+01  4.29e+00  9.15e-01  2.53e-01   0.73
2004 03 10  2320   53074   84000  0  6.37e+02  1.16e+01  0  1.03e+03  3.45e+01  3.69e+00  8.09e-01  3.12e-01   0.35
2004 03 10  2325   53074   84300  0  6.33e+02  1.41e+01  0  9.09e+02  2.79e+01  4.29e+00  9.98e-01  2.42e-01   0.48
2004 03 10  2330   53074   84600  0  6.49e+02  1.58e+01  0  9.62e+02  2.67e+01  4.20e+00  8.11e-01  2.21e-01   0.10
2004 03 10  2335   53074   84900  0  5.94e+02  1.52e+01  0  9.32e+02  2.75e+01  3.72e+00  8.79e-01  2.41e-01   0.33
2004 03 10  2340   53074   85200  0  5.25e+02  1.33e+01  0  9.09e+02  2.90e+01  3.57e+00  8.73e-01  2.42e-01   0.31
2004 03 10  2345   53074   85500  0  6.52e+02  1.54e+01  0  1.05e+03  3.72e+01  4.41e+00  8.62e-01  1.60e-01   0.31
2004 03 10  2350   53074   85800  0  6.24e+02  1.28e+01  0  1.14e+03  4.35e+01  3.21e+00  9.15e-01  2.21e-01   0.45
2004 03 10  2355   53074   86100  0  5.66e+02  1.41e+01  0  2.59e+03  2.01e+02  5.41e+00  9.98e-01  2.42e-01   0.29
