:Data_list: 20040726_ace_epam_5m.txt
:Created: 2004 Jul 27 0012 UT
# Prepared by the U.S. Dept. of Commerce, NOAA, Space Environment Center.
# Please send comments and suggestions to SEC.Webmaster@noaa.gov 
# 
# Units: Differential Flux particles/cm2-s-ster-MeV
# Units: Anisotropy Index 0.0 - 2.0
# Status(S): 0 = nominal, 4,6,7,8 = bad data, unable to process, 9 = no data
# Missing data values: -1.00e+05, index = -1.00
# Source: ACE Satellite - Electron, Proton, and Alpha Monitor
# 2004 Feb 04: see http://www.sec.noaa.gov/ftpdir/lists/ace/README for EPAM channel change notice.
#
#                      5-minute averaged Real-time Differential Electron and Proton Flux 
# 
#                Modified Seconds ---------------------------- Differential Flux --------------------------- 
# UT Date   Time  Julian  of the  ----- Electron -----   ------------------- Protons keV -------------------   Anis.
# YR MO DA  HHMM    Day    Day    S    38-53   175-315   S    47-68   115-195   310-580   761-1220 1060-1900   Ratio
#-------------------------------------------------------------------------------------------------------------------
2004 07 26  0000   53212       0  0  7.45e+04  1.68e+03  0  9.31e+03  1.79e+03  3.42e+02  4.65e+02  1.68e+02   0.66
2004 07 26  0005   53212     300  0  7.98e+04  1.68e+03  0  1.30e+04  2.00e+03  2.51e+02  4.13e+02  1.23e+02   0.62
2004 07 26  0010   53212     600  0  6.62e+04  1.39e+03  0  6.68e+03  1.40e+03  2.75e+02  4.18e+02  1.29e+02   0.69
2004 07 26  0015   53212     900  0  7.97e+04  1.69e+03  0  9.06e+03  1.72e+03  2.87e+02  5.77e+02  1.38e+02   0.79
2004 07 26  0020   53212    1200  0  6.55e+04  1.38e+03  0  1.50e+04  2.68e+03  2.95e+02  4.07e+02  1.29e+02   0.77
2004 07 26  0025   53212    1500  0  5.44e+04  1.30e+03  0  1.05e+04  1.91e+03  2.79e+02  2.67e+02  9.56e+01   0.52
2004 07 26  0030   53212    1800  0  3.93e+04  1.09e+03  0  7.32e+03  1.63e+03  2.37e+02  1.43e+02  5.44e+01   0.29
2004 07 26  0035   53212    2100  0  4.04e+04  1.14e+03  0  8.93e+03  1.80e+03  2.40e+02  1.33e+02  5.09e+01   0.41
2004 07 26  0040   53212    2400  0  4.08e+04  1.18e+03  0  9.32e+03  1.75e+03  2.39e+02  1.38e+02  5.47e+01   0.41
2004 07 26  0045   53212    2700  0  3.87e+04  1.11e+03  0  7.31e+03  1.61e+03  2.35e+02  1.41e+02  5.80e+01   0.25
2004 07 26  0050   53212    3000  0  4.63e+04  1.29e+03  0  6.40e+03  1.63e+03  2.59e+02  1.71e+02  7.30e+01   0.33
2004 07 26  0055   53212    3300  0  4.66e+04  1.19e+03  0  6.61e+03  1.57e+03  2.63e+02  1.88e+02  7.01e+01   0.51
2004 07 26  0100   53212    3600  0  4.30e+04  1.19e+03  0  6.85e+03  1.67e+03  2.55e+02  1.25e+02  5.17e+01   0.19
2004 07 26  0105   53212    3900  0  4.61e+04  1.28e+03  0  7.19e+03  1.66e+03  2.48e+02  1.65e+02  6.58e+01   0.42
2004 07 26  0110   53212    4200  0  5.01e+04  1.37e+03  0  6.96e+03  1.58e+03  2.49e+02  1.58e+02  6.63e+01   0.34
2004 07 26  0115   53212    4500  0  3.71e+04  1.00e+03  0  7.02e+03  1.54e+03  2.38e+02  1.20e+02  4.69e+01   0.29
2004 07 26  0120   53212    4800  0  4.23e+04  1.18e+03  0  6.77e+03  1.57e+03  2.46e+02  1.30e+02  5.32e+01   0.33
2004 07 26  0125   53212    5100  0  5.69e+04  1.47e+03  0  7.14e+03  1.62e+03  2.56e+02  1.46e+02  6.12e+01   0.25
2004 07 26  0130   53212    5400  0  5.78e+04  1.39e+03  0  7.49e+03  1.71e+03  2.61e+02  1.27e+02  5.56e+01   0.15
2004 07 26  0135   53212    5700  0  5.54e+04  1.34e+03  0  7.02e+03  1.67e+03  2.55e+02  1.19e+02  5.57e+01   0.20
2004 07 26  0140   53212    6000  0  5.98e+04  1.43e+03  0  6.93e+03  1.56e+03  2.51e+02  1.33e+02  5.89e+01   0.14
2004 07 26  0145   53212    6300  0  5.76e+04  1.34e+03  0  6.96e+03  1.54e+03  2.67e+02  2.07e+02  7.70e+01   0.69
2004 07 26  0150   53212    6600  0  6.15e+04  1.46e+03  0  6.60e+03  1.47e+03  2.79e+02  2.28e+02  9.98e+01   0.66
2004 07 26  0155   53212    6900  0  5.60e+04  1.33e+03  0  6.59e+03  1.46e+03  2.64e+02  1.69e+02  8.67e+01   0.56
2004 07 26  0200   53212    7200  0  6.11e+04  1.44e+03  0  6.88e+03  1.57e+03  2.57e+02  1.30e+02  5.63e+01   0.15
2004 07 26  0205   53212    7500  0  7.30e+04  1.56e+03  0  7.16e+03  1.72e+03  2.54e+02  1.05e+02  4.18e+01   0.11
2004 07 26  0210   53212    7800  0  7.86e+04  1.68e+03  0  6.87e+03  1.65e+03  2.50e+02  1.16e+02  4.78e+01   0.13
2004 07 26  0215   53212    8100  0  7.57e+04  1.65e+03  0  6.62e+03  1.57e+03  2.45e+02  1.13e+02  5.01e+01   0.13
2004 07 26  0220   53212    8400  0  7.23e+04  1.58e+03  0  6.83e+03  1.62e+03  2.55e+02  1.13e+02  4.70e+01   0.08
2004 07 26  0225   53212    8700  0  6.94e+04  1.45e+03  0  7.12e+03  1.65e+03  2.45e+02  1.03e+02  4.27e+01   0.02
2004 07 26  0230   53212    9000  0  7.79e+04  1.67e+03  0  7.05e+03  1.65e+03  2.51e+02  1.19e+02  4.99e+01   0.04
2004 07 26  0235   53212    9300  0  7.45e+04  1.62e+03  0  6.98e+03  1.64e+03  2.42e+02  1.14e+02  5.07e+01   0.05
2004 07 26  0240   53212    9600  0  6.94e+04  1.49e+03  0  6.72e+03  1.59e+03  2.39e+02  1.06e+02  4.52e+01   0.07
2004 07 26  0245   53212    9900  0  7.87e+04  1.63e+03  0  6.70e+03  1.55e+03  2.40e+02  1.11e+02  5.41e+01   0.08
2004 07 26  0250   53212   10200  0  8.10e+04  1.68e+03  0  5.78e+03  1.33e+03  2.12e+02  1.10e+02  5.52e+01   0.08
2004 07 26  0255   53212   10500  0  8.22e+04  1.72e+03  0  6.19e+03  1.29e+03  2.07e+02  1.14e+02  5.65e+01   0.13
2004 07 26  0300   53212   10800  0  7.47e+04  1.56e+03  0  5.65e+03  1.26e+03  2.13e+02  1.08e+02  5.21e+01   0.07
2004 07 26  0305   53212   11100  0  7.90e+04  1.63e+03  0  5.86e+03  1.30e+03  2.13e+02  1.16e+02  5.84e+01   0.08
2004 07 26  0310   53212   11400  0  8.57e+04  1.75e+03  0  6.18e+03  1.31e+03  2.20e+02  1.31e+02  6.78e+01   0.04
2004 07 26  0315   53212   11700  0  7.64e+04  1.54e+03  0  7.08e+03  1.45e+03  2.28e+02  1.17e+02  5.80e+01   0.04
2004 07 26  0320   53212   12000  0  7.25e+04  1.47e+03  0  7.22e+03  1.42e+03  2.21e+02  1.13e+02  5.84e+01   0.05
2004 07 26  0325   53212   12300  0  9.39e+04  1.88e+03  0  6.38e+03  1.16e+03  2.19e+02  1.64e+02  1.01e+02   0.11
2004 07 26  0330   53212   12600  0  9.90e+04  1.96e+03  0  6.17e+03  1.10e+03  2.26e+02  2.00e+02  1.15e+02   0.07
2004 07 26  0335   53212   12900  0  1.05e+05  2.04e+03  0  6.33e+03  1.15e+03  2.32e+02  2.18e+02  1.31e+02   0.17
2004 07 26  0340   53212   13200  0  8.91e+04  1.74e+03  0  6.28e+03  1.13e+03  2.31e+02  1.81e+02  1.15e+02   0.24
2004 07 26  0345   53212   13500  0  9.50e+04  1.87e+03  0  6.18e+03  1.11e+03  2.45e+02  2.00e+02  1.38e+02   0.13
2004 07 26  0350   53212   13800  0  9.60e+04  1.85e+03  0  6.40e+03  1.16e+03  2.30e+02  2.00e+02  1.20e+02   0.06
2004 07 26  0355   53212   14100  0  8.84e+04  1.77e+03  0  6.95e+03  1.25e+03  2.38e+02  1.86e+02  1.16e+02   0.19
2004 07 26  0400   53212   14400  0  9.77e+04  1.90e+03  0  6.67e+03  1.13e+03  2.36e+02  2.14e+02  1.23e+02   0.02
2004 07 26  0405   53212   14700  0  1.02e+05  1.95e+03  0  6.24e+03  1.09e+03  2.60e+02  2.18e+02  1.49e+02   0.10
2004 07 26  0410   53212   15000  0  9.59e+04  1.86e+03  0  6.51e+03  1.08e+03  2.49e+02  2.18e+02  1.34e+02   0.13
2004 07 26  0415   53212   15300  0  9.70e+04  1.88e+03  0  6.36e+03  1.11e+03  2.25e+02  2.00e+02  1.26e+02   0.06
2004 07 26  0420   53212   15600  0  9.04e+04  1.78e+03  0  6.24e+03  1.04e+03  2.30e+02  1.89e+02  1.22e+02   0.11
2004 07 26  0425   53212   15900  0  1.02e+05  2.00e+03  0  6.40e+03  1.08e+03  2.41e+02  2.52e+02  1.42e+02   0.13
2004 07 26  0430   53212   16200  0  1.03e+05  1.95e+03  0  6.28e+03  1.05e+03  2.25e+02  2.20e+02  1.20e+02   0.08
2004 07 26  0435   53212   16500  0  9.94e+04  1.89e+03  0  6.59e+03  1.11e+03  2.28e+02  1.99e+02  1.16e+02   0.04
2004 07 26  0440   53212   16800  0  9.23e+04  1.78e+03  0  6.60e+03  1.03e+03  2.03e+02  1.70e+02  1.16e+02   0.09
2004 07 26  0445   53212   17100  0  1.01e+05  1.93e+03  0  6.66e+03  9.95e+02  2.05e+02  2.06e+02  1.36e+02   0.08
2004 07 26  0450   53212   17400  0  9.45e+04  1.85e+03  0  6.72e+03  1.01e+03  2.28e+02  2.01e+02  1.32e+02   0.05
2004 07 26  0455   53212   17700  0  9.67e+04  1.88e+03  0  6.29e+03  9.90e+02  2.37e+02  2.27e+02  1.42e+02   0.05
2004 07 26  0500   53212   18000  0  9.82e+04  1.89e+03  0  5.89e+03  9.65e+02  2.98e+02  3.37e+02  2.16e+02   0.09
2004 07 26  0505   53212   18300  0  9.06e+04  1.75e+03  0  5.68e+03  9.58e+02  3.22e+02  3.51e+02  2.11e+02   0.12
2004 07 26  0510   53212   18600  0  1.00e+05  1.96e+03  0  5.66e+03  9.44e+02  2.70e+02  3.13e+02  1.91e+02   0.08
2004 07 26  0515   53212   18900  0  1.03e+05  2.04e+03  0  5.75e+03  9.22e+02  3.07e+02  3.63e+02  2.31e+02   0.09
2004 07 26  0520   53212   19200  0  1.03e+05  1.96e+03  0  5.16e+03  8.76e+02  3.66e+02  4.26e+02  2.73e+02   0.24
2004 07 26  0525   53212   19500  0  9.93e+04  1.95e+03  0  5.26e+03  8.66e+02  3.49e+02  4.18e+02  2.50e+02   0.27
2004 07 26  0530   53212   19800  0  9.14e+04  1.79e+03  0  5.59e+03  9.17e+02  3.02e+02  3.27e+02  1.93e+02   0.19
2004 07 26  0535   53212   20100  0  9.93e+04  1.95e+03  0  5.16e+03  9.20e+02  2.78e+02  3.26e+02  1.88e+02   0.02
2004 07 26  0540   53212   20400  0  9.62e+04  1.94e+03  0  5.77e+03  9.54e+02  2.74e+02  3.13e+02  1.80e+02   0.02
2004 07 26  0545   53212   20700  0  8.76e+04  1.75e+03  0  5.34e+03  9.26e+02  2.95e+02  3.12e+02  1.88e+02   0.15
2004 07 26  0550   53212   21000  0  9.36e+04  1.87e+03  0  5.52e+03  9.07e+02  2.85e+02  3.13e+02  1.89e+02   0.07
2004 07 26  0555   53212   21300  0  9.13e+04  1.85e+03  0  5.38e+03  8.81e+02  2.88e+02  3.06e+02  1.90e+02   0.14
2004 07 26  0600   53212   21600  0  9.49e+04  1.93e+03  0  5.75e+03  8.96e+02  2.95e+02  3.28e+02  2.09e+02   0.19
2004 07 26  0605   53212   21900  0  9.63e+04  1.92e+03  0  5.75e+03  9.31e+02  3.27e+02  3.94e+02  2.30e+02   0.19
2004 07 26  0610   53212   22200  0  9.90e+04  1.95e+03  0  5.54e+03  9.13e+02  4.01e+02  5.17e+02  3.08e+02   0.07
2004 07 26  0615   53212   22500  0  9.86e+04  1.94e+03  0  5.32e+03  9.05e+02  4.26e+02  5.06e+02  3.32e+02   0.13
2004 07 26  0620   53212   22800  0  1.02e+05  2.02e+03  0  5.31e+03  8.76e+02  4.54e+02  5.22e+02  3.62e+02   0.18
2004 07 26  0625   53212   23100  0  1.01e+05  1.96e+03  0  4.93e+03  8.85e+02  4.53e+02  5.26e+02  3.51e+02   0.12
2004 07 26  0630   53212   23400  0  9.87e+04  1.97e+03  0  5.61e+03  9.01e+02  4.38e+02  5.80e+02  3.36e+02   0.04
2004 07 26  0635   53212   23700  0  9.64e+04  1.92e+03  0  5.43e+03  9.16e+02  4.45e+02  5.36e+02  3.28e+02   0.07
2004 07 26  0640   53212   24000  0  8.86e+04  1.80e+03  0  5.36e+03  8.67e+02  4.27e+02  4.68e+02  3.02e+02   0.25
2004 07 26  0645   53212   24300  0  8.55e+04  1.75e+03  0  5.39e+03  8.95e+02  4.35e+02  4.48e+02  2.99e+02   0.15
2004 07 26  0650   53212   24600  0  9.18e+04  1.87e+03  0  5.41e+03  9.20e+02  4.55e+02  5.39e+02  3.30e+02   0.09
2004 07 26  0655   53212   24900  0  8.85e+04  1.87e+03  0  4.99e+03  8.70e+02  4.99e+02  6.29e+02  3.79e+02   0.20
2004 07 26  0700   53212   25200  0  9.17e+04  1.90e+03  0  4.77e+03  8.11e+02  4.44e+02  5.82e+02  3.42e+02   0.09
2004 07 26  0705   53212   25500  0  1.01e+05  2.03e+03  0  4.79e+03  8.63e+02  4.71e+02  7.01e+02  3.83e+02   0.23
2004 07 26  0710   53212   25800  0  9.88e+04  2.07e+03  0  5.22e+03  8.96e+02  4.82e+02  7.00e+02  3.92e+02   0.16
2004 07 26  0715   53212   26100  0  1.01e+05  2.11e+03  0  5.54e+03  9.42e+02  5.66e+02  7.67e+02  4.39e+02   0.27
2004 07 26  0720   53212   26400  0  9.85e+04  2.01e+03  0  5.68e+03  9.58e+02  6.29e+02  9.04e+02  4.71e+02   0.41
2004 07 26  0725   53212   26700  0  1.04e+05  2.14e+03  0  5.69e+03  9.98e+02  7.56e+02  1.07e+03  5.76e+02   0.51
2004 07 26  0730   53212   27000  0  9.33e+04  1.92e+03  0  5.86e+03  9.49e+02  6.25e+02  7.79e+02  4.47e+02   0.45
2004 07 26  0735   53212   27300  0  9.50e+04  1.93e+03  0  5.23e+03  8.61e+02  4.60e+02  6.09e+02  3.51e+02   0.23
2004 07 26  0740   53212   27600  0  9.40e+04  1.97e+03  0  5.32e+03  8.74e+02  5.01e+02  6.67e+02  3.90e+02   0.17
2004 07 26  0745   53212   27900  0  9.46e+04  1.97e+03  0  5.40e+03  8.70e+02  4.88e+02  6.90e+02  3.83e+02   0.21
2004 07 26  0750   53212   28200  0  9.90e+04  2.03e+03  0  5.08e+03  8.72e+02  4.94e+02  7.58e+02  4.04e+02   0.30
2004 07 26  0755   53212   28500  0  9.34e+04  1.95e+03  0  5.03e+03  8.99e+02  5.41e+02  7.12e+02  3.83e+02   0.40
2004 07 26  0800   53212   28800  0  9.96e+04  2.07e+03  0  5.41e+03  9.10e+02  5.54e+02  8.14e+02  4.36e+02   0.43
2004 07 26  0805   53212   29100  0  9.72e+04  2.00e+03  0  5.20e+03  8.31e+02  4.98e+02  7.05e+02  3.82e+02   0.21
2004 07 26  0810   53212   29400  0  9.25e+04  1.91e+03  0  4.98e+03  8.31e+02  4.74e+02  6.41e+02  3.63e+02   0.13
2004 07 26  0815   53212   29700  0  9.89e+04  2.12e+03  0  5.73e+03  8.64e+02  5.00e+02  6.80e+02  3.99e+02   0.10
2004 07 26  0820   53212   30000  0  1.05e+05  2.14e+03  0  5.48e+03  8.83e+02  5.11e+02  7.07e+02  4.06e+02   0.03
2004 07 26  0825   53212   30300  0  1.03e+05  2.07e+03  0  5.43e+03  9.20e+02  5.27e+02  7.12e+02  4.09e+02   0.07
2004 07 26  0830   53212   30600  0  9.73e+04  1.98e+03  0  5.57e+03  9.68e+02  5.27e+02  7.12e+02  4.12e+02   0.30
2004 07 26  0835   53212   30900  0  1.03e+05  2.15e+03  0  5.13e+03  8.80e+02  5.78e+02  9.35e+02  5.23e+02   0.41
2004 07 26  0840   53212   31200  0  9.65e+04  2.00e+03  0  5.13e+03  8.97e+02  6.02e+02  8.90e+02  4.96e+02   0.44
2004 07 26  0845   53212   31500  0  9.27e+04  1.87e+03  0  5.53e+03  9.67e+02  5.33e+02  6.86e+02  4.05e+02   0.42
2004 07 26  0850   53212   31800  0  8.79e+04  1.77e+03  0  5.46e+03  9.73e+02  5.07e+02  6.20e+02  3.72e+02   0.38
2004 07 26  0855   53212   32100  0  9.91e+04  1.99e+03  0  5.84e+03  1.01e+03  5.21e+02  6.75e+02  3.99e+02   0.29
2004 07 26  0900   53212   32400  0  9.52e+04  1.90e+03  0  5.64e+03  9.92e+02  4.48e+02  5.80e+02  3.39e+02   0.11
2004 07 26  0905   53212   32700  0  9.35e+04  1.84e+03  0  5.99e+03  1.01e+03  4.51e+02  5.67e+02  3.21e+02   0.17
2004 07 26  0910   53212   33000  0  9.02e+04  1.76e+03  0  5.85e+03  1.01e+03  4.40e+02  5.13e+02  3.17e+02   0.19
2004 07 26  0915   53212   33300  0  9.56e+04  1.85e+03  0  6.08e+03  1.01e+03  4.04e+02  4.44e+02  2.88e+02   0.12
2004 07 26  0920   53212   33600  0  1.01e+05  1.94e+03  0  6.27e+03  1.08e+03  4.81e+02  5.40e+02  3.47e+02   0.25
2004 07 26  0925   53212   33900  0  9.64e+04  1.90e+03  0  6.15e+03  1.03e+03  4.74e+02  5.50e+02  3.60e+02   0.28
2004 07 26  0930   53212   34200  0  9.18e+04  1.76e+03  0  5.58e+03  9.90e+02  4.16e+02  4.76e+02  3.04e+02   0.10
2004 07 26  0935   53212   34500  0  9.63e+04  1.86e+03  0  5.52e+03  9.06e+02  4.23e+02  4.81e+02  3.20e+02   0.08
2004 07 26  0940   53212   34800  0  9.60e+04  1.86e+03  0  5.70e+03  9.29e+02  4.04e+02  4.65e+02  3.05e+02   0.07
2004 07 26  0945   53212   35100  0  1.03e+05  1.97e+03  0  5.67e+03  9.35e+02  4.02e+02  5.02e+02  3.34e+02   0.14
2004 07 26  0950   53212   35400  0  1.00e+05  1.90e+03  0  5.54e+03  9.16e+02  4.15e+02  5.16e+02  3.34e+02   0.08
2004 07 26  0955   53212   35700  0  1.03e+05  1.94e+03  0  5.47e+03  9.38e+02  4.33e+02  5.26e+02  3.51e+02   0.09
2004 07 26  1000   53212   36000  0  9.60e+04  1.80e+03  0  5.44e+03  9.27e+02  4.58e+02  4.88e+02  3.28e+02   0.14
2004 07 26  1005   53212   36300  0  9.60e+04  1.84e+03  0  5.57e+03  9.36e+02  4.45e+02  4.76e+02  3.26e+02   0.19
2004 07 26  1010   53212   36600  0  9.93e+04  1.88e+03  0  5.80e+03  9.71e+02  4.52e+02  4.85e+02  3.33e+02   0.19
2004 07 26  1015   53212   36900  0  9.80e+04  1.81e+03  0  5.86e+03  9.45e+02  4.53e+02  4.79e+02  3.42e+02   0.27
2004 07 26  1020   53212   37200  0  9.26e+04  1.70e+03  0  5.73e+03  9.34e+02  4.60e+02  4.59e+02  3.31e+02   0.23
2004 07 26  1025   53212   37500  0  9.61e+04  1.83e+03  0  5.10e+03  9.15e+02  4.51e+02  4.77e+02  3.51e+02   0.33
2004 07 26  1030   53212   37800  0  7.77e+04  1.60e+03  0  5.51e+03  9.26e+02  4.53e+02  4.52e+02  3.13e+02   0.31
2004 07 26  1035   53212   38100  0  9.96e+04  1.82e+03  0  5.55e+03  9.16e+02  4.79e+02  5.46e+02  3.74e+02   0.27
2004 07 26  1040   53212   38400  0  9.43e+04  1.75e+03  0  5.56e+03  9.18e+02  4.62e+02  5.25e+02  3.47e+02   0.18
2004 07 26  1045   53212   38700  0  9.74e+04  1.79e+03  0  4.95e+03  8.80e+02  4.21e+02  5.47e+02  3.38e+02   0.08
2004 07 26  1050   53212   39000  0  9.27e+04  1.73e+03  0  5.34e+03  9.02e+02  4.26e+02  5.58e+02  3.33e+02   0.03
2004 07 26  1055   53212   39300  0  9.40e+04  1.72e+03  0  5.34e+03  8.94e+02  4.36e+02  5.81e+02  3.36e+02   0.04
2004 07 26  1100   53212   39600  0  8.75e+04  1.64e+03  0  6.62e+03  1.13e+03  4.65e+02  5.30e+02  3.45e+02   0.06
2004 07 26  1105   53212   39900  0  9.26e+04  1.71e+03  0  6.35e+03  1.14e+03  4.60e+02  5.71e+02  3.61e+02   0.01
2004 07 26  1110   53212   40200  0  8.31e+04  1.55e+03  0  5.03e+03  9.91e+02  4.70e+02  5.38e+02  3.25e+02   0.04
2004 07 26  1115   53212   40500  0  9.76e+04  1.78e+03  0  5.50e+03  9.97e+02  4.68e+02  6.01e+02  3.67e+02   0.01
2004 07 26  1120   53212   40800  0  9.87e+04  1.79e+03  0  5.62e+03  9.08e+02  4.63e+02  6.26e+02  3.68e+02   0.05
2004 07 26  1125   53212   41100  0  1.00e+05  1.80e+03  0  5.29e+03  8.85e+02  4.54e+02  6.54e+02  3.75e+02   0.02
2004 07 26  1130   53212   41400  0  9.17e+04  1.66e+03  0  5.62e+03  9.19e+02  4.69e+02  5.75e+02  3.49e+02   0.06
2004 07 26  1135   53212   41700  0  1.03e+05  1.88e+03  0  5.37e+03  8.95e+02  4.73e+02  6.23e+02  3.90e+02   0.07
2004 07 26  1140   53212   42000  0  9.16e+04  1.67e+03  0  4.89e+03  8.91e+02  4.95e+02  5.45e+02  3.46e+02   0.06
2004 07 26  1145   53212   42300  0  9.19e+04  1.68e+03  0  5.31e+03  9.05e+02  4.97e+02  5.27e+02  3.49e+02   0.06
2004 07 26  1150   53212   42600  0  9.89e+04  1.80e+03  0  5.07e+03  9.11e+02  4.81e+02  5.99e+02  3.77e+02   0.07
2004 07 26  1155   53212   42900  0  9.12e+04  1.66e+03  0  5.27e+03  9.07e+02  4.84e+02  5.62e+02  3.54e+02   0.08
2004 07 26  1200   53212   43200  0  1.01e+05  1.84e+03  0  5.32e+03  8.90e+02  4.96e+02  6.12e+02  3.87e+02   0.07
2004 07 26  1205   53212   43500  0  8.53e+04  1.55e+03  0  4.74e+03  9.23e+02  6.16e+02  5.56e+02  3.82e+02   0.07
2004 07 26  1210   53212   43800  0  9.58e+04  1.76e+03  0  5.28e+03  9.50e+02  6.53e+02  6.62e+02  4.85e+02   0.18
2004 07 26  1215   53212   44100  0  1.01e+05  1.87e+03  0  5.18e+03  9.77e+02  7.18e+02  7.20e+02  5.19e+02   0.19
2004 07 26  1220   53212   44400  0  9.36e+04  1.71e+03  0  5.25e+03  9.40e+02  7.28e+02  7.00e+02  4.89e+02   0.21
2004 07 26  1225   53212   44700  0  1.03e+05  1.91e+03  0  4.69e+03  9.42e+02  7.03e+02  8.06e+02  5.30e+02   0.20
2004 07 26  1230   53212   45000  0  1.01e+05  1.83e+03  0  5.21e+03  9.29e+02  6.00e+02  7.14e+02  4.44e+02   0.21
2004 07 26  1235   53212   45300  0  1.00e+05  1.87e+03  0  5.35e+03  9.06e+02  5.58e+02  7.09e+02  4.38e+02   0.25
2004 07 26  1240   53212   45600  0  1.06e+05  1.96e+03  0  5.18e+03  9.08e+02  5.76e+02  6.96e+02  4.52e+02   0.22
2004 07 26  1245   53212   45900  0  1.02e+05  1.87e+03  0  5.29e+03  9.29e+02  5.66e+02  6.74e+02  4.34e+02   0.23
2004 07 26  1250   53212   46200  0  1.03e+05  1.84e+03  0  5.21e+03  8.95e+02  5.74e+02  7.80e+02  4.63e+02   0.17
2004 07 26  1255   53212   46500  0  1.00e+05  1.77e+03  0  5.25e+03  9.76e+02  6.25e+02  7.90e+02  4.53e+02   0.07
2004 07 26  1300   53212   46800  0  1.10e+05  1.95e+03  0  5.26e+03  9.51e+02  6.26e+02  8.42e+02  4.76e+02   0.07
2004 07 26  1305   53212   47100  0  1.06e+05  1.89e+03  0  5.55e+03  9.39e+02  5.95e+02  6.89e+02  4.68e+02   0.20
2004 07 26  1310   53212   47400  0  1.11e+05  2.02e+03  0  5.62e+03  9.35e+02  6.07e+02  7.48e+02  4.92e+02   0.22
2004 07 26  1315   53212   47700  0  1.02e+05  1.91e+03  0  5.60e+03  9.60e+02  6.47e+02  7.66e+02  4.79e+02   0.26
2004 07 26  1320   53212   48000  0  1.17e+05  2.02e+03  0  6.74e+03  1.25e+03  7.50e+02  9.84e+02  5.17e+02   0.25
2004 07 26  1325   53212   48300  0  1.44e+05  2.37e+03  0  6.64e+03  1.39e+03  9.30e+02  1.46e+03  6.18e+02   0.40
2004 07 26  1330   53212   48600  0  1.27e+05  2.14e+03  0  7.19e+03  1.42e+03  1.01e+03  1.50e+03  5.81e+02   0.27
2004 07 26  1335   53212   48900  0  1.33e+05  2.18e+03  0  6.80e+03  1.45e+03  1.01e+03  1.76e+03  6.38e+02   0.17
2004 07 26  1340   53212   49200  0  1.29e+05  2.10e+03  0  7.06e+03  1.45e+03  1.01e+03  1.64e+03  6.04e+02   0.14
2004 07 26  1345   53212   49500  0  1.32e+05  2.15e+03  0  7.19e+03  1.42e+03  1.00e+03  1.55e+03  6.27e+02   0.09
2004 07 26  1350   53212   49800  0  1.46e+05  2.46e+03  0  6.84e+03  1.41e+03  1.01e+03  1.75e+03  7.25e+02   0.08
2004 07 26  1355   53212   50100  0  1.40e+05  2.37e+03  0  6.75e+03  1.34e+03  9.61e+02  1.53e+03  6.55e+02   0.07
2004 07 26  1400   53212   50400  0  1.23e+05  2.05e+03  0  7.05e+03  1.29e+03  8.92e+02  1.31e+03  5.61e+02   0.10
2004 07 26  1405   53212   50700  0  1.28e+05  2.16e+03  0  7.36e+03  1.37e+03  9.54e+02  1.34e+03  6.06e+02   0.16
2004 07 26  1410   53212   51000  0  1.35e+05  2.28e+03  0  7.11e+03  1.40e+03  9.86e+02  1.42e+03  6.04e+02   0.17
2004 07 26  1415   53212   51300  0  1.41e+05  2.34e+03  0  7.23e+03  1.41e+03  1.05e+03  1.67e+03  6.84e+02   0.13
2004 07 26  1420   53212   51600  0  1.46e+05  2.52e+03  0  7.16e+03  1.34e+03  1.04e+03  1.76e+03  7.31e+02   0.11
2004 07 26  1425   53212   51900  0  1.39e+05  2.35e+03  0  6.64e+03  1.46e+03  1.09e+03  1.67e+03  6.99e+02   0.11
2004 07 26  1430   53212   52200  0  1.33e+05  2.23e+03  0  6.76e+03  1.41e+03  1.04e+03  1.55e+03  6.40e+02   0.19
2004 07 26  1435   53212   52500  0  1.53e+05  2.60e+03  0  7.35e+03  1.42e+03  1.06e+03  1.70e+03  7.19e+02   0.26
2004 07 26  1440   53212   52800  0  1.37e+05  2.27e+03  0  7.24e+03  1.44e+03  1.07e+03  1.47e+03  6.59e+02   0.23
2004 07 26  1445   53212   53100  0  1.49e+05  2.46e+03  0  7.03e+03  1.45e+03  1.12e+03  1.60e+03  7.19e+02   0.21
2004 07 26  1450   53212   53400  0  1.46e+05  2.48e+03  0  7.27e+03  1.44e+03  1.15e+03  1.67e+03  7.72e+02   0.21
2004 07 26  1455   53212   53700  0  1.58e+05  2.67e+03  0  6.77e+03  1.44e+03  1.22e+03  1.78e+03  9.07e+02   0.25
2004 07 26  1500   53212   54000  0  1.39e+05  2.35e+03  0  6.77e+03  1.45e+03  1.36e+03  1.53e+03  8.31e+02   0.26
2004 07 26  1505   53212   54300  0  1.38e+05  2.36e+03  0  6.50e+03  1.46e+03  1.35e+03  1.44e+03  8.00e+02   0.29
2004 07 26  1510   53212   54600  0  1.47e+05  2.55e+03  0  6.72e+03  1.45e+03  1.33e+03  1.53e+03  8.80e+02   0.31
2004 07 26  1515   53212   54900  0  1.21e+05  2.08e+03  0  6.11e+03  1.41e+03  1.31e+03  1.26e+03  7.24e+02   0.31
2004 07 26  1520   53212   55200  0  1.47e+05  2.53e+03  0  6.41e+03  1.45e+03  1.34e+03  1.54e+03  9.02e+02   0.28
2004 07 26  1525   53212   55500  0  1.39e+05  2.39e+03  0  6.19e+03  1.32e+03  1.27e+03  1.38e+03  8.05e+02   0.29
2004 07 26  1530   53212   55800  0  1.40e+05  2.42e+03  0  6.27e+03  1.24e+03  1.20e+03  1.40e+03  8.31e+02   0.29
2004 07 26  1535   53212   56100  0  1.40e+05  2.47e+03  0  6.14e+03  1.25e+03  1.13e+03  1.37e+03  7.91e+02   0.25
2004 07 26  1540   53212   56400  0  1.67e+05  2.83e+03  0  6.01e+03  1.29e+03  1.24e+03  1.71e+03  9.83e+02   0.30
2004 07 26  1545   53212   56700  0  1.08e+05  1.91e+03  0  6.50e+03  1.21e+03  1.21e+03  1.09e+03  6.85e+02   0.17
2004 07 26  1550   53212   57000  0  1.39e+05  2.39e+03  0  6.07e+03  1.39e+03  1.34e+03  1.35e+03  8.77e+02   0.15
2004 07 26  1555   53212   57300  0  1.23e+05  2.13e+03  0  6.57e+03  1.36e+03  1.27e+03  1.18e+03  7.40e+02   0.16
2004 07 26  1600   53212   57600  0  1.26e+05  2.19e+03  0  6.62e+03  1.38e+03  1.34e+03  1.20e+03  7.72e+02   0.18
2004 07 26  1605   53212   57900  0  1.36e+05  2.31e+03  0  6.25e+03  1.45e+03  1.38e+03  1.27e+03  8.49e+02   0.15
2004 07 26  1610   53212   58200  0  1.71e+05  3.00e+03  0  6.29e+03  1.52e+03  1.45e+03  1.70e+03  1.10e+03   0.17
2004 07 26  1615   53212   58500  0  1.47e+05  2.57e+03  0  6.96e+03  1.61e+03  1.42e+03  1.43e+03  8.47e+02   0.13
2004 07 26  1620   53212   58800  0  1.67e+05  3.02e+03  0  8.09e+03  1.95e+03  1.82e+03  1.61e+03  9.95e+02   0.11
2004 07 26  1625   53212   59100  0  1.85e+05  3.35e+03  0  8.76e+03  2.08e+03  2.02e+03  1.70e+03  1.08e+03   0.07
2004 07 26  1630   53212   59400  0  1.99e+05  3.76e+03  0  9.02e+03  2.18e+03  2.15e+03  2.00e+03  1.23e+03   0.07
2004 07 26  1635   53212   59700  0  2.42e+05  4.57e+03  0  1.01e+04  2.27e+03  2.25e+03  2.32e+03  1.35e+03   0.15
2004 07 26  1640   53212   60000  0  2.63e+05  5.29e+03  0  9.89e+03  2.32e+03  2.35e+03  2.26e+03  1.34e+03   0.18
2004 07 26  1645   53212   60300  0  3.12e+05  6.69e+03  0  1.08e+04  2.45e+03  2.56e+03  2.54e+03  1.42e+03   0.13
2004 07 26  1650   53212   60600  0  2.93e+05  6.28e+03  0  1.10e+04  2.47e+03  2.54e+03  2.54e+03  1.37e+03   0.11
2004 07 26  1655   53212   60900  0  2.92e+05  6.27e+03  0  1.08e+04  2.40e+03  2.42e+03  2.58e+03  1.48e+03   0.05
2004 07 26  1700   53212   61200  0  1.99e+05  4.55e+03  0  8.43e+03  1.48e+03  1.47e+03  1.72e+03  1.03e+03   0.24
2004 07 26  1705   53212   61500  0  1.77e+05  4.01e+03  0  8.07e+03  1.27e+03  1.11e+03  1.56e+03  8.30e+02   0.15
2004 07 26  1710   53212   61800  0  1.87e+05  3.97e+03  0  7.91e+03  1.35e+03  1.24e+03  1.64e+03  8.87e+02   0.14
2004 07 26  1715   53212   62100  0  1.89e+05  4.31e+03  0  8.55e+03  1.38e+03  1.26e+03  1.60e+03  9.84e+02   0.29
2004 07 26  1720   53212   62400  0  2.41e+05  5.20e+03  0  9.96e+03  1.95e+03  1.82e+03  2.12e+03  1.20e+03   0.23
2004 07 26  1725   53212   62700  0  2.38e+05  5.04e+03  0  1.02e+04  2.10e+03  2.02e+03  2.32e+03  1.22e+03   0.02
2004 07 26  1730   53212   63000  0  2.24e+05  5.08e+03  0  9.75e+03  1.73e+03  1.62e+03  2.04e+03  1.16e+03   0.19
2004 07 26  1735   53212   63300  0  2.45e+05  5.65e+03  0  9.91e+03  1.66e+03  1.52e+03  2.01e+03  1.07e+03   0.36
2004 07 26  1740   53212   63600  0  2.82e+05  5.89e+03  0  1.07e+04  2.12e+03  2.04e+03  2.40e+03  1.28e+03   0.15
2004 07 26  1745   53212   63900  0  3.21e+05  6.18e+03  0  1.69e+04  2.56e+03  2.21e+03  2.41e+03  1.31e+03   0.04
2004 07 26  1750   53212   64200  0  2.57e+05  4.98e+03  0  1.03e+04  2.09e+03  1.88e+03  2.16e+03  1.23e+03   0.21
2004 07 26  1755   53212   64500  0  2.02e+05  3.93e+03  0  1.16e+04  1.85e+03  1.48e+03  1.72e+03  9.35e+02   0.34
2004 07 26  1800   53212   64800  0  1.77e+05  3.59e+03  0  1.10e+04  1.74e+03  1.43e+03  1.69e+03  8.97e+02   0.34
2004 07 26  1805   53212   65100  0  3.15e+05  6.21e+03  0  1.38e+04  1.87e+03  1.67e+03  2.50e+03  1.20e+03   0.21
2004 07 26  1810   53212   65400  0  4.38e+05  8.46e+03  0  1.57e+04  1.99e+03  1.84e+03  3.09e+03  1.48e+03   0.26
2004 07 26  1815   53212   65700  0  3.06e+05  6.26e+03  0  1.58e+04  2.06e+03  1.88e+03  2.52e+03  1.24e+03   0.26
2004 07 26  1820   53212   66000  0  3.39e+05  6.54e+03  0  1.50e+04  2.33e+03  2.24e+03  2.89e+03  1.45e+03   0.16
2004 07 26  1825   53212   66300  0  3.48e+05  6.59e+03  0  1.42e+04  2.33e+03  2.24e+03  2.80e+03  1.35e+03   0.15
2004 07 26  1830   53212   66600  0  3.86e+05  7.13e+03  0  1.31e+04  2.01e+03  1.91e+03  3.07e+03  1.38e+03   0.18
2004 07 26  1835   53212   66900  0  3.72e+05  6.39e+03  0  1.30e+04  2.08e+03  1.97e+03  2.77e+03  1.22e+03   0.19
2004 07 26  1840   53212   67200  0  3.92e+05  6.52e+03  0  1.31e+04  1.97e+03  1.84e+03  2.90e+03  1.22e+03   0.16
2004 07 26  1845   53212   67500  0  3.91e+05  7.03e+03  0  1.40e+04  1.58e+03  1.41e+03  3.03e+03  1.18e+03   0.19
2004 07 26  1850   53212   67800  0  3.95e+05  6.99e+03  0  1.41e+04  1.48e+03  1.31e+03  2.74e+03  1.11e+03   0.13
2004 07 26  1855   53212   68100  0  3.46e+05  6.19e+03  0  1.47e+04  1.83e+03  1.77e+03  2.83e+03  1.31e+03   0.16
2004 07 26  1900   53212   68400  0  3.53e+05  6.69e+03  0  1.43e+04  1.82e+03  1.84e+03  2.85e+03  1.35e+03   0.13
2004 07 26  1905   53212   68700  0  3.22e+05  6.41e+03  0  1.40e+04  1.87e+03  1.64e+03  2.67e+03  1.32e+03   0.13
2004 07 26  1910   53212   69000  0  3.43e+05  7.88e+03  0  1.60e+04  2.34e+03  2.05e+03  3.21e+03  1.71e+03   0.20
2004 07 26  1915   53212   69300  0  3.30e+05  7.85e+03  0  1.88e+04  2.58e+03  2.28e+03  3.47e+03  1.87e+03   0.15
2004 07 26  1920   53212   69600  0  2.72e+05  6.93e+03  0  2.05e+04  2.57e+03  2.24e+03  3.17e+03  1.72e+03   0.17
2004 07 26  1925   53212   69900  0  3.07e+05  7.55e+03  0  1.87e+04  2.31e+03  2.01e+03  3.20e+03  1.79e+03   0.20
2004 07 26  1930   53212   70200  0  2.91e+05  7.45e+03  0  2.05e+04  2.42e+03  2.12e+03  3.18e+03  1.79e+03   0.21
2004 07 26  1935   53212   70500  0  2.51e+05  5.90e+03  0  1.85e+04  2.03e+03  1.80e+03  2.44e+03  1.40e+03   0.30
2004 07 26  1940   53212   70800  0  3.02e+05  6.95e+03  0  2.14e+04  2.15e+03  1.91e+03  2.95e+03  1.62e+03   0.14
2004 07 26  1945   53212   71100  0  2.69e+05  6.24e+03  0  1.99e+04  2.22e+03  1.99e+03  2.74e+03  1.49e+03   0.23
2004 07 26  1950   53212   71400  0  2.99e+05  7.42e+03  0  1.89e+04  2.29e+03  2.00e+03  3.35e+03  1.74e+03   0.24
2004 07 26  1955   53212   71700  0  3.07e+05  6.58e+03  0  1.88e+04  2.16e+03  2.02e+03  3.46e+03  1.70e+03   0.13
2004 07 26  2000   53212   72000  0  2.98e+05  5.85e+03  0  2.05e+04  2.52e+03  2.61e+03  4.41e+03  2.10e+03   0.02
2004 07 26  2005   53212   72300  0  2.88e+05  5.90e+03  0  2.05e+04  2.50e+03  2.51e+03  4.11e+03  2.02e+03   0.12
2004 07 26  2010   53212   72600  0  2.80e+05  6.34e+03  0  2.16e+04  2.68e+03  2.83e+03  4.70e+03  2.57e+03   0.04
2004 07 26  2015   53212   72900  0  2.86e+05  6.33e+03  0  2.03e+04  2.67e+03  2.78e+03  4.42e+03  2.42e+03   0.17
2004 07 26  2020   53212   73200  0  3.15e+05  6.83e+03  0  2.00e+04  2.91e+03  2.74e+03  4.38e+03  2.28e+03   0.25
2004 07 26  2025   53212   73500  0  3.27e+05  6.95e+03  0  2.33e+04  3.09e+03  2.82e+03  4.41e+03  2.25e+03   0.35
2004 07 26  2030   53212   73800  0  3.31e+05  6.91e+03  0  2.49e+04  3.11e+03  2.83e+03  4.62e+03  2.26e+03   0.41
2004 07 26  2035   53212   74100  0  3.05e+05  6.52e+03  0  2.55e+04  3.25e+03  3.11e+03  4.43e+03  2.22e+03   0.35
2004 07 26  2040   53212   74400  0  3.08e+05  7.11e+03  0  2.44e+04  4.21e+03  3.21e+03  4.24e+03  2.26e+03   0.13
2004 07 26  2045   53212   74700  0  3.57e+05  7.13e+03  0  2.46e+04  3.35e+03  2.79e+03  3.82e+03  1.87e+03   0.27
2004 07 26  2050   53212   75000  0  4.10e+05  7.98e+03  0  2.87e+04  3.25e+03  2.86e+03  4.71e+03  2.21e+03   0.33
2004 07 26  2055   53212   75300  0  3.75e+05  7.63e+03  0  2.74e+04  3.75e+03  2.91e+03  4.12e+03  2.01e+03   0.29
2004 07 26  2100   53212   75600  0  4.10e+05  8.91e+03  0  2.99e+04  4.25e+03  2.87e+03  3.93e+03  2.06e+03   0.34
2004 07 26  2105   53212   75900  0  4.59e+05  9.53e+03  0  3.36e+04  4.65e+03  2.76e+03  3.38e+03  1.97e+03   0.29
2004 07 26  2110   53212   76200  0  4.63e+05  1.03e+04  0  3.88e+04  6.02e+03  3.18e+03  3.76e+03  1.99e+03   0.18
2004 07 26  2115   53212   76500  0  6.13e+05  1.33e+04  0  4.64e+04  7.92e+03  3.96e+03  5.08e+03  2.33e+03   0.15
2004 07 26  2120   53212   76800  0  6.01e+05  1.28e+04  0  4.65e+04  7.92e+03  4.11e+03  4.91e+03  2.33e+03   0.12
2004 07 26  2125   53212   77100  0  5.73e+05  1.24e+04  0  4.62e+04  8.92e+03  4.32e+03  4.65e+03  2.33e+03   0.19
2004 07 26  2130   53212   77400  0  7.55e+05  1.56e+04  0  4.94e+04  9.72e+03  4.66e+03  4.67e+03  2.46e+03   0.07
2004 07 26  2135   53212   77700  0  7.29e+05  1.41e+04  0  4.97e+04  1.00e+04  4.77e+03  4.41e+03  2.37e+03   0.07
2004 07 26  2140   53212   78000  0  7.92e+05  1.41e+04  0  4.79e+04  9.00e+03  4.72e+03  4.52e+03  2.40e+03   0.14
2004 07 26  2145   53212   78300  0  9.07e+05  1.56e+04  0  5.03e+04  9.25e+03  4.77e+03  5.69e+03  2.84e+03   0.24
2004 07 26  2150   53212   78600  0  8.35e+05  1.43e+04  0  5.22e+04  1.06e+04  5.32e+03  4.83e+03  2.51e+03   0.19
2004 07 26  2155   53212   78900  0  9.20e+05  1.54e+04  0  5.49e+04  1.10e+04  5.62e+03  5.07e+03  2.69e+03   0.15
2004 07 26  2200   53212   79200  0  1.04e+06  1.70e+04  0  5.97e+04  1.19e+04  6.47e+03  5.84e+03  3.19e+03   0.13
2004 07 26  2205   53212   79500  0  1.07e+06  1.64e+04  0  7.10e+04  1.56e+04  7.17e+03  6.03e+03  3.20e+03   0.16
2004 07 26  2210   53212   79800  0  1.16e+06  1.79e+04  0  7.72e+04  1.60e+04  7.57e+03  6.77e+03  3.43e+03   0.23
2004 07 26  2215   53212   80100  0  1.55e+06  2.22e+04  0  1.34e+05  4.02e+04  1.22e+04  9.61e+03  4.25e+03   0.26
2004 07 26  2220   53212   80400  0  3.13e+06  3.57e+04  0  1.32e+05  4.70e+04  2.16e+04  1.36e+04  5.34e+03   0.43
2004 07 26  2225   53212   80700  0  7.06e+06  6.28e+04  0  3.45e+05  9.87e+04  2.98e+04  1.93e+04  6.68e+03   0.40
2004 07 26  2230   53212   81000  0  7.49e+06  9.67e+04  0  6.01e+05  1.54e+05  4.62e+04  3.52e+04  1.28e+04   0.11
2004 07 26  2235   53212   81300  0  3.71e+06  4.59e+04  0  5.42e+05  1.97e+05  6.34e+04  4.45e+04  1.49e+04   0.08
2004 07 26  2240   53212   81600  0  1.04e+06  1.45e+04  0  5.26e+05  2.12e+05  6.41e+04  4.17e+04  1.41e+04   0.07
2004 07 26  2245   53212   81900  0  1.25e+06  1.63e+04  0  5.78e+05  2.25e+05  6.57e+04  3.99e+04  1.36e+04   0.08
2004 07 26  2250   53212   82200  0  1.14e+06  1.50e+04  0  5.93e+05  2.31e+05  6.79e+04  4.22e+04  1.45e+04   0.06
2004 07 26  2255   53212   82500  0  1.12e+06  1.46e+04  0  5.49e+05  2.20e+05  6.82e+04  4.37e+04  1.48e+04   0.11
2004 07 26  2300   53212   82800  0  6.30e+05  9.20e+03  0  5.25e+05  2.12e+05  6.38e+04  4.19e+04  1.42e+04   0.09
2004 07 26  2305   53212   83100  0  5.13e+05  7.73e+03  0  5.36e+05  2.16e+05  6.49e+04  3.82e+04  1.37e+04   0.11
2004 07 26  2310   53212   83400  0  4.71e+05  7.19e+03  0  5.06e+05  2.05e+05  6.12e+04  3.71e+04  1.30e+04   0.09
2004 07 26  2315   53212   83700  0  3.57e+05  5.84e+03  0  4.81e+05  1.94e+05  5.62e+04  3.27e+04  1.13e+04   0.09
2004 07 26  2320   53212   84000  0  3.42e+05  5.66e+03  0  4.80e+05  1.92e+05  5.48e+04  3.31e+04  1.11e+04   0.13
2004 07 26  2325   53212   84300  0  3.16e+05  5.28e+03  0  4.90e+05  1.94e+05  5.43e+04  3.16e+04  1.07e+04   0.21
2004 07 26  2330   53212   84600  0  2.88e+05  4.94e+03  0  4.70e+05  1.84e+05  5.08e+04  3.00e+04  9.95e+03   0.17
2004 07 26  2335   53212   84900  0  2.51e+05  4.47e+03  0  4.44e+05  1.73e+05  4.73e+04  2.83e+04  9.22e+03   0.13
2004 07 26  2340   53212   85200  0  2.54e+05  4.43e+03  0  4.54e+05  1.81e+05  5.07e+04  2.98e+04  9.89e+03   0.12
2004 07 26  2345   53212   85500  0  2.81e+05  4.66e+03  0  4.81e+05  1.93e+05  5.35e+04  3.27e+04  1.03e+04   0.12
2004 07 26  2350   53212   85800  0  2.63e+05  4.49e+03  0  4.63e+05  1.86e+05  5.16e+04  3.29e+04  1.04e+04   0.11
2004 07 26  2355   53212   86100  0  2.21e+05  3.99e+03  0  4.59e+05  1.83e+05  5.08e+04  2.99e+04  9.80e+03   0.13
