:Data_list: 20040616_ace_epam_5m.txt
:Created: 2004 Jun 17 0012 UT
# Prepared by the U.S. Dept. of Commerce, NOAA, Space Environment Center.
# Please send comments and suggestions to SEC.Webmaster@noaa.gov 
# 
# Units: Differential Flux particles/cm2-s-ster-MeV
# Units: Anisotropy Index 0.0 - 2.0
# Status(S): 0 = nominal, 4,6,7,8 = bad data, unable to process, 9 = no data
# Missing data values: -1.00e+05, index = -1.00
# Source: ACE Satellite - Electron, Proton, and Alpha Monitor
# 2004 Feb 04: see http://www.sec.noaa.gov/ftpdir/lists/ace/README for EPAM channel change notice.
#
#                      5-minute averaged Real-time Differential Electron and Proton Flux 
# 
#                Modified Seconds ---------------------------- Differential Flux --------------------------- 
# UT Date   Time  Julian  of the  ----- Electron -----   ------------------- Protons keV -------------------   Anis.
# YR MO DA  HHMM    Day    Day    S    38-53   175-315   S    47-68   115-195   310-580   761-1220 1060-1900   Ratio
#-------------------------------------------------------------------------------------------------------------------
2004 06 16  0000   53172       0  0  2.21e+02  1.84e+01  0  7.01e+02  3.51e+01  2.58e+00  5.33e-01  1.16e-01   0.66
2004 06 16  0005   53172     300  0  2.71e+02  1.49e+01  0  6.53e+02  3.63e+01  3.31e+00  3.81e-01  1.45e-01   0.63
2004 06 16  0010   53172     600  0  2.62e+02  2.18e+01  0  6.34e+02  3.76e+01  2.98e+00  4.37e-01  2.74e-01   0.40
2004 06 16  0015   53172     900  0  2.71e+02  1.47e+01  0  6.25e+02  3.58e+01  2.85e+00  5.14e-01  1.83e-01   0.53
2004 06 16  0020   53172    1200  0  1.59e+02  1.24e+01  0  6.50e+02  3.60e+01  2.22e+00  5.34e-01  8.69e-02   0.61
2004 06 16  0025   53172    1500  0  1.50e+02  1.18e+01  0  6.30e+02  3.99e+01  2.72e+00  3.95e-01  1.16e-01   0.63
2004 06 16  0030   53172    1800  0  2.20e+02  1.35e+01  0  6.83e+02  3.50e+01  2.94e+00  6.29e-01  1.45e-01   0.81
2004 06 16  0035   53172    2100  0  2.38e+02  1.65e+01  0  6.52e+02  3.71e+01  3.25e+00  3.24e-01  1.16e-01   0.58
2004 06 16  0040   53172    2400  0  1.88e+02  1.72e+01  0  6.52e+02  3.82e+01  2.69e+00  4.99e-01  1.26e-01   0.58
2004 06 16  0045   53172    2700  0  2.06e+02  1.31e+01  0  5.95e+02  3.90e+01  3.05e+00  4.92e-01  1.16e-01   0.22
2004 06 16  0050   53172    3000  0  2.34e+02  1.26e+01  0  6.67e+02  3.74e+01  2.92e+00  5.61e-01  1.26e-01   0.54
2004 06 16  0055   53172    3300  0  2.38e+02  1.62e+01  0  6.06e+02  3.44e+01  2.82e+00  6.24e-01  1.27e-01   0.35
2004 06 16  0100   53172    3600  0  1.69e+02  1.41e+01  0  5.97e+02  3.59e+01  3.13e+00  5.10e-01  1.16e-01   0.93
2004 06 16  0105   53172    3900  0  2.04e+02  1.53e+01  0  6.48e+02  3.06e+01  2.85e+00  3.74e-01  1.37e-01   0.84
2004 06 16  0110   53172    4200  0  2.11e+02  1.68e+01  0  5.97e+02  3.21e+01  3.02e+00  4.57e-01  1.37e-01   0.59
2004 06 16  0115   53172    4500  0  2.82e+02  1.70e+01  0  5.99e+02  4.04e+01  3.49e+00  9.50e-01  2.50e-01   0.19
2004 06 16  0120   53172    4800  0  3.17e+02  1.82e+01  0  5.82e+02  3.93e+01  3.51e+00  4.57e-01  2.11e-01   0.40
2004 06 16  0125   53172    5100  0  2.08e+02  1.32e+01  0  6.34e+02  4.05e+01  3.02e+00  5.45e-01  1.69e-01   0.10
2004 06 16  0130   53172    5400  0  2.49e+02  1.80e+01  0  6.11e+02  3.88e+01  3.18e+00  4.78e-01  1.79e-01   0.08
2004 06 16  0135   53172    5700  0  1.96e+02  1.43e+01  0  5.91e+02  4.10e+01  3.47e+00  7.69e-01  9.48e-02   0.65
2004 06 16  0140   53172    6000  0  2.74e+02  1.72e+01  0  5.79e+02  3.80e+01  3.16e+00  4.92e-01  1.35e-01   0.95
2004 06 16  0145   53172    6300  0  2.40e+02  1.62e+01  0  6.22e+02  3.62e+01  3.25e+00  6.44e-01  2.42e-01   0.98
2004 06 16  0150   53172    6600  0  2.18e+02  1.31e+01  0  6.69e+02  4.09e+01  3.38e+00  5.61e-01  1.69e-01   0.54
2004 06 16  0155   53172    6900  0  1.92e+02  1.64e+01  0  6.15e+02  3.69e+01  2.94e+00  6.33e-01  1.69e-01   0.57
2004 06 16  0200   53172    7200  0  2.42e+02  1.86e+01  0  6.24e+02  3.52e+01  3.02e+00  5.40e-01  1.58e-01   0.96
2004 06 16  0205   53172    7500  0  1.97e+02  1.59e+01  0  6.07e+02  4.18e+01  3.67e+00  9.34e-01  2.03e-01   0.19
2004 06 16  0210   53172    7800  0  1.97e+02  1.63e+01  0  5.69e+02  4.09e+01  3.70e+00  4.76e-01  1.64e-01   0.93
2004 06 16  0215   53172    8100  0  2.54e+02  2.01e+01  0  6.55e+02  4.68e+01  3.44e+00  6.44e-01  1.58e-01   0.19
2004 06 16  0220   53172    8400  0  2.89e+02  1.82e+01  0  6.39e+02  4.06e+01  3.46e+00  7.62e-01  1.45e-01   0.15
2004 06 16  0225   53172    8700  0  2.40e+02  1.63e+01  0  6.22e+02  3.99e+01  3.76e+00  5.72e-01  1.74e-01   0.15
2004 06 16  0230   53172    9000  0  2.16e+02  1.68e+01  0  6.44e+02  4.54e+01  2.92e+00  6.65e-01  1.47e-01   0.56
2004 06 16  0235   53172    9300  0  1.89e+02  1.59e+01  0  6.58e+02  4.08e+01  3.49e+00  4.57e-01  2.03e-01   0.46
2004 06 16  0240   53172    9600  0  1.85e+02  1.59e+01  0  5.86e+02  4.13e+01  2.76e+00  4.19e-01  1.55e-01   0.26
2004 06 16  0245   53172    9900  0  2.10e+02  1.52e+01  0  6.16e+02  3.91e+01  3.28e+00  6.67e-01  5.27e-02   0.29
2004 06 16  0250   53172   10200  0  2.04e+02  2.16e+01  0  7.08e+02  4.65e+01  3.64e+00  5.61e-01  9.48e-02   0.20
2004 06 16  0255   53172   10500  0  2.09e+02  1.63e+01  0  6.66e+02  3.98e+01  3.34e+00  3.62e-01  1.35e-01   0.15
2004 06 16  0300   53172   10800  0  2.02e+02  1.70e+01  0  6.20e+02  4.50e+01  4.18e+00  5.53e-01  2.03e-01   0.11
2004 06 16  0305   53172   11100  0  2.58e+02  1.78e+01  0  6.53e+02  4.78e+01  3.87e+00  6.03e-01  1.47e-01   0.44
2004 06 16  0310   53172   11400  0  2.13e+02  1.42e+01  0  6.64e+02  5.07e+01  3.43e+00  4.00e-01  1.26e-01   0.34
2004 06 16  0315   53172   11700  0  1.69e+02  1.51e+01  0  6.34e+02  4.63e+01  3.82e+00  6.48e-01  1.35e-01   0.64
2004 06 16  0320   53172   12000  0  2.18e+02  1.87e+01  0  6.60e+02  4.66e+01  3.62e+00  5.15e-01  9.14e-02   0.33
2004 06 16  0325   53172   12300  0  2.28e+02  1.80e+01  0  6.96e+02  4.67e+01  3.58e+00  4.92e-01  1.43e-01   0.78
2004 06 16  0330   53172   12600  0  1.77e+02  2.01e+01  0  6.53e+02  5.35e+01  4.03e+00  4.78e-01  1.69e-01   0.23
2004 06 16  0335   53172   12900  0  1.67e+02  1.66e+01  0  6.01e+02  4.83e+01  3.84e+00  9.98e-01  1.58e-01   0.17
2004 06 16  0340   53172   13200  0  2.24e+02  1.41e+01  0  6.80e+02  4.94e+01  4.19e+00  5.10e-01  1.07e-01   0.22
2004 06 16  0345   53172   13500  0  1.61e+02  1.28e+01  0  6.46e+02  5.27e+01  4.00e+00  4.57e-01  1.37e-01   0.27
2004 06 16  0350   53172   13800  0  1.88e+02  2.28e+01  0  6.30e+02  4.69e+01  3.11e+00  4.99e-01  1.16e-01   0.57
2004 06 16  0355   53172   14100  0  2.12e+02  1.37e+01  0  6.90e+02  5.35e+01  4.35e+00  4.75e-01  2.03e-01   0.53
2004 06 16  0400   53172   14400  0  1.97e+02  1.26e+01  0  6.69e+02  4.72e+01  3.31e+00  7.28e-01  1.90e-01   0.25
2004 06 16  0405   53172   14700  0  2.14e+02  1.55e+01  0  6.85e+02  4.99e+01  4.80e+00  3.69e-01  1.43e-01   0.57
2004 06 16  0410   53172   15000  0  2.68e+02  1.86e+01  0  6.54e+02  5.50e+01  4.85e+00  7.90e-01  1.37e-01   0.53
2004 06 16  0415   53172   15300  0  2.08e+02  1.86e+01  0  6.76e+02  5.25e+01  4.46e+00  7.69e-01  4.64e-02   0.57
2004 06 16  0420   53172   15600  0  1.97e+02  1.31e+01  0  7.54e+02  6.25e+01  5.02e+00  6.68e-01  1.43e-01   0.49
2004 06 16  0425   53172   15900  0  1.67e+02  1.58e+01  0  6.85e+02  6.16e+01  5.21e+00  6.44e-01  2.53e-01   0.20
2004 06 16  0430   53172   16200  0  2.98e+02  2.05e+01  0  6.84e+02  6.04e+01  4.88e+00  7.48e-01  2.21e-01   0.17
2004 06 16  0435   53172   16500  0  2.07e+02  1.24e+01  0  6.57e+02  5.87e+01  3.91e+00  6.86e-01  2.32e-01   0.74
2004 06 16  0440   53172   16800  0  2.40e+02  1.80e+01  0  6.84e+02  6.07e+01  4.03e+00  8.52e-01  2.63e-01   0.70
2004 06 16  0445   53172   17100  0  2.07e+02  1.22e+01  0  6.66e+02  6.07e+01  4.36e+00  9.53e-01  1.06e-01   0.36
2004 06 16  0450   53172   17400  0  2.40e+02  1.40e+01  0  7.03e+02  6.23e+01  5.14e+00  1.07e+00  3.19e-01   0.54
2004 06 16  0455   53172   17700  0  1.44e+02  1.45e+01  0  6.68e+02  6.56e+01  4.62e+00  9.35e-01  1.37e-01   0.72
2004 06 16  0500   53172   18000  0  1.92e+02  1.65e+01  0  6.16e+02  5.49e+01  4.60e+00  6.48e-01  1.84e-01   0.33
2004 06 16  0505   53172   18300  0  2.43e+02  1.35e+01  0  6.58e+02  5.43e+01  4.51e+00  6.29e-01  2.03e-01   0.60
2004 06 16  0510   53172   18600  0  2.02e+02  1.89e+01  0  6.76e+02  5.91e+01  4.95e+00  7.28e-01  1.90e-01   0.66
2004 06 16  0515   53172   18900  0  1.52e+02  1.61e+01  0  6.87e+02  5.62e+01  5.05e+00  7.43e-01  1.83e-01   0.51
2004 06 16  0520   53172   19200  0  2.28e+02  1.54e+01  0  6.73e+02  5.71e+01  5.44e+00  9.15e-01  1.45e-01   0.41
2004 06 16  0525   53172   19500  0  1.88e+02  1.68e+01  0  6.51e+02  5.27e+01  3.76e+00  7.24e-01  1.74e-01   0.81
2004 06 16  0530   53172   19800  0  1.88e+02  1.58e+01  0  6.85e+02  5.64e+01  5.51e+00  8.31e-01  1.37e-01   0.58
2004 06 16  0535   53172   20100  0  2.71e+02  2.44e+01  0  6.45e+02  5.58e+01  5.38e+00  8.19e-01  3.57e-01   0.34
2004 06 16  0540   53172   20400  0  2.36e+02  1.67e+01  0  6.05e+02  4.55e+01  4.00e+00  7.05e-01  1.93e-01   0.12
2004 06 16  0545   53172   20700  0  1.96e+02  1.28e+01  0  6.31e+02  4.81e+01  4.36e+00  7.90e-01  1.90e-01   0.86
2004 06 16  0550   53172   21000  0  2.68e+02  1.86e+01  0  5.71e+02  4.50e+01  4.66e+00  7.24e-01  1.55e-01   0.08
2004 06 16  0555   53172   21300  0  2.40e+02  1.52e+01  0  5.48e+02  4.30e+01  4.18e+00  8.57e-01  2.22e-01   0.50
2004 06 16  0600   53172   21600  0  1.68e+02  1.66e+01  0  5.91e+02  4.75e+01  4.29e+00  5.82e-01  1.26e-01   0.08
2004 06 16  0605   53172   21900  0  1.90e+02  1.85e+01  0  6.16e+02  5.15e+01  4.85e+00  7.56e-01  1.96e-01   0.51
2004 06 16  0610   53172   22200  0  1.59e+02  1.68e+01  0  6.08e+02  4.40e+01  4.26e+00  7.28e-01  7.38e-02   0.09
2004 06 16  0615   53172   22500  0  2.06e+02  1.57e+01  0  5.95e+02  4.57e+01  4.26e+00  6.65e-01  1.47e-01   0.65
2004 06 16  0620   53172   22800  0  2.50e+02  1.77e+01  0  5.91e+02  4.53e+01  4.44e+00  8.79e-01  1.96e-01   0.61
2004 06 16  0625   53172   23100  0  2.04e+02  1.51e+01  0  5.15e+02  4.43e+01  3.54e+00  8.73e-01  1.79e-01   0.19
2004 06 16  0630   53172   23400  0  2.26e+02  1.86e+01  0  5.92e+02  4.19e+01  3.80e+00  8.32e-01  1.79e-01   0.28
2004 06 16  0635   53172   23700  0  1.82e+02  1.49e+01  0  5.50e+02  3.79e+01  4.94e+00  6.68e-01  1.52e-01   0.21
2004 06 16  0640   53172   24000  0  2.07e+02  1.84e+01  0  5.21e+02  4.20e+01  4.26e+00  8.11e-01  2.53e-01   0.34
2004 06 16  0645   53172   24300  0  2.13e+02  1.49e+01  0  5.04e+02  3.72e+01  4.16e+00  6.86e-01  7.37e-02   0.30
2004 06 16  0650   53172   24600  0  1.96e+02  2.09e+01  0  5.88e+02  3.57e+01  4.06e+00  8.94e-01  1.79e-01   0.72
2004 06 16  0655   53172   24900  0  2.15e+02  1.72e+01  0  5.12e+02  3.83e+01  3.41e+00  6.86e-01  1.16e-01   0.62
2004 06 16  0700   53172   25200  0  2.60e+02  1.52e+01  0  5.17e+02  3.69e+01  3.66e+00  7.39e-01  1.35e-01   0.43
2004 06 16  0705   53172   25500  0  2.40e+02  1.70e+01  0  5.89e+02  3.88e+01  4.92e+00  8.52e-01  1.55e-01   0.72
2004 06 16  0710   53172   25800  0  1.79e+02  1.43e+01  0  5.81e+02  4.37e+01  5.34e+00  8.52e-01  2.00e-01   0.31
2004 06 16  0715   53172   26100  0  2.06e+02  1.50e+01  0  5.63e+02  4.67e+01  5.21e+00  6.86e-01  2.32e-01   0.49
2004 06 16  0720   53172   26400  0  2.51e+02  1.18e+01  0  5.57e+02  4.25e+01  4.85e+00  7.69e-01  1.90e-01   0.40
2004 06 16  0725   53172   26700  0  2.38e+02  1.65e+01  0  5.71e+02  4.53e+01  4.63e+00  6.29e-01  1.83e-01   0.20
2004 06 16  0730   53172   27000  0  3.39e+02  1.72e+01  0  5.39e+02  4.30e+01  4.48e+00  9.72e-01  2.41e-01   0.03
2004 06 16  0735   53172   27300  0  2.29e+02  1.80e+01  0  5.21e+02  4.18e+01  4.72e+00  7.48e-01  1.47e-01   0.55
2004 06 16  0740   53172   27600  0  2.74e+02  2.09e+01  0  5.90e+02  4.00e+01  4.72e+00  6.48e-01  2.32e-01   0.41
2004 06 16  0745   53172   27900  0  2.43e+02  1.88e+01  0  5.81e+02  4.49e+01  4.63e+00  8.38e-01  2.99e-01   0.61
2004 06 16  0750   53172   28200  0  2.00e+02  1.47e+01  0  5.61e+02  4.60e+01  4.59e+00  1.04e+00  2.42e-01   0.61
2004 06 16  0755   53172   28500  0  2.55e+02  1.86e+01  0  5.76e+02  4.59e+01  4.45e+00  7.62e-01  2.03e-01   0.25
2004 06 16  0800   53172   28800  0  2.10e+02  1.84e+01  0  6.13e+02  4.36e+01  4.60e+00  6.48e-01  1.26e-01   0.41
2004 06 16  0805   53172   29100  0  2.18e+02  1.74e+01  0  6.18e+02  5.51e+01  5.80e+00  7.62e-01  2.03e-01   0.38
2004 06 16  0810   53172   29400  0  2.03e+02  2.01e+01  0  5.72e+02  4.86e+01  4.88e+00  7.90e-01  1.79e-01   0.40
2004 06 16  0815   53172   29700  0  2.15e+02  1.79e+01  0  5.73e+02  4.50e+01  5.17e+00  1.07e+00  2.61e-01   0.28
2004 06 16  0820   53172   30000  0  2.13e+02  1.65e+01  0  5.12e+02  4.14e+01  5.11e+00  1.05e+00  2.80e-01   0.75
2004 06 16  0825   53172   30300  0  2.22e+02  1.60e+01  0  5.18e+02  4.34e+01  5.34e+00  1.02e+00  2.53e-01   0.29
2004 06 16  0830   53172   30600  0  2.43e+02  1.79e+01  0  5.58e+02  4.27e+01  5.17e+00  1.01e+00  1.83e-01   0.76
2004 06 16  0835   53172   30900  0  2.49e+02  2.02e+01  0  5.83e+02  4.21e+01  5.26e+00  1.12e+00  2.03e-01   0.64
2004 06 16  0840   53172   31200  0  2.44e+02  1.76e+01  0  5.61e+02  4.33e+01  5.38e+00  9.98e-01  2.74e-01   0.25
2004 06 16  0845   53172   31500  0  2.71e+02  1.64e+01  0  5.60e+02  4.50e+01  5.38e+00  1.00e+00  1.87e-01   0.60
2004 06 16  0850   53172   31800  0  2.06e+02  1.86e+01  0  5.40e+02  4.39e+01  5.44e+00  9.56e-01  2.11e-01   0.35
2004 06 16  0855   53172   32100  0  2.15e+02  1.86e+01  0  5.55e+02  4.36e+01  5.34e+00  7.48e-01  2.00e-01   0.64
2004 06 16  0900   53172   32400  0  2.34e+02  1.68e+01  0  5.41e+02  5.08e+01  5.55e+00  8.44e-01  1.96e-01   0.65
2004 06 16  0905   53172   32700  0  2.45e+02  1.82e+01  0  6.01e+02  4.59e+01  5.05e+00  9.98e-01  3.06e-01   0.35
2004 06 16  0910   53172   33000  0  1.98e+02  1.74e+01  0  5.74e+02  5.21e+01  5.47e+00  1.23e+00  1.26e-01   0.43
2004 06 16  0915   53172   33300  0  2.84e+02  1.75e+01  0  5.47e+02  4.66e+01  5.82e+00  9.67e-01  2.14e-01   0.41
2004 06 16  0920   53172   33600  0  2.38e+02  1.82e+01  0  5.78e+02  4.45e+01  5.61e+00  8.11e-01  2.21e-01   0.12
2004 06 16  0925   53172   33900  0  2.47e+02  1.44e+01  0  5.94e+02  5.00e+01  5.66e+00  1.11e+00  1.96e-01   0.21
2004 06 16  0930   53172   34200  0  2.48e+02  1.49e+01  0  6.54e+02  4.89e+01  5.57e+00  1.08e+00  1.58e-01   0.16
2004 06 16  0935   53172   34500  0  2.22e+02  1.68e+01  0  5.51e+02  4.66e+01  6.16e+00  9.98e-01  2.84e-01   0.71
2004 06 16  0940   53172   34800  0  2.34e+02  1.67e+01  0  5.90e+02  4.89e+01  5.63e+00  1.14e+00  1.69e-01   0.39
2004 06 16  0945   53172   35100  0  2.24e+02  1.41e+01  0  6.65e+02  4.87e+01  4.79e+00  1.08e+00  2.53e-01   0.32
2004 06 16  0950   53172   35400  0  2.40e+02  1.74e+01  0  5.56e+02  4.14e+01  5.41e+00  1.48e+00  2.21e-01   0.17
2004 06 16  0955   53172   35700  0  2.93e+02  1.88e+01  0  5.95e+02  5.18e+01  6.30e+00  1.11e+00  2.67e-01   0.22
2004 06 16  1000   53172   36000  0  1.91e+02  2.28e+01  0  5.62e+02  5.18e+01  6.13e+00  1.02e+00  1.90e-01   0.26
2004 06 16  1005   53172   36300  0  2.08e+02  1.75e+01  0  5.98e+02  5.24e+01  5.05e+00  1.03e+00  3.38e-01   0.28
2004 06 16  1010   53172   36600  0  2.66e+02  1.65e+01  0  6.54e+02  6.11e+01  6.19e+00  9.72e-01  2.61e-01   0.48
2004 06 16  1015   53172   36900  0  1.87e+02  1.72e+01  0  5.74e+02  5.87e+01  7.21e+00  1.21e+00  2.74e-01   0.42
2004 06 16  1020   53172   37200  0  2.17e+02  1.70e+01  0  5.79e+02  5.71e+01  7.69e+00  9.91e-01  2.41e-01   0.57
2004 06 16  1025   53172   37500  0  2.30e+02  1.42e+01  0  5.14e+02  5.37e+01  7.15e+00  1.24e+00  2.80e-01   0.48
2004 06 16  1030   53172   37800  0  2.63e+02  1.72e+01  0  5.57e+02  5.31e+01  6.95e+00  1.35e+00  2.63e-01   0.73
2004 06 16  1035   53172   38100  0  2.40e+02  1.86e+01  0  6.29e+02  6.19e+01  7.09e+00  1.35e+00  2.90e-01   0.46
2004 06 16  1040   53172   38400  0  1.86e+02  1.82e+01  0  5.90e+02  7.30e+01  8.74e+00  8.96e-01  2.41e-01   0.46
2004 06 16  1045   53172   38700  0  2.76e+02  2.11e+01  0  6.09e+02  7.22e+01  9.10e+00  1.28e+00  3.67e-01   0.39
2004 06 16  1050   53172   39000  0  1.85e+02  1.76e+01  0  6.12e+02  6.02e+01  9.08e+00  1.10e+00  2.63e-01   0.33
2004 06 16  1055   53172   39300  0  1.90e+02  1.88e+01  0  5.91e+02  6.48e+01  8.74e+00  1.22e+00  3.48e-01   0.55
2004 06 16  1100   53172   39600  0  3.14e+02  1.43e+01  0  5.55e+02  5.98e+01  6.58e+00  1.33e+00  3.57e-01   0.34
2004 06 16  1105   53172   39900  0  2.31e+02  1.51e+01  0  5.86e+02  6.98e+01  7.70e+00  1.18e+00  2.32e-01   0.09
2004 06 16  1110   53172   40200  0  2.67e+02  1.49e+01  0  5.93e+02  6.65e+01  8.77e+00  1.16e+00  2.70e-01   0.41
2004 06 16  1115   53172   40500  0  2.38e+02  1.51e+01  0  5.88e+02  7.15e+01  8.98e+00  8.38e-01  3.67e-01   0.22
2004 06 16  1120   53172   40800  0  2.76e+02  1.76e+01  0  6.36e+02  6.64e+01  9.24e+00  9.35e-01  2.84e-01   0.27
2004 06 16  1125   53172   41100  0  2.16e+02  1.59e+01  0  6.08e+02  6.83e+01  8.27e+00  1.07e+00  3.57e-01   0.11
2004 06 16  1130   53172   41400  0  2.60e+02  1.66e+01  0  6.13e+02  7.38e+01  9.41e+00  1.02e+00  3.69e-01   0.29
2004 06 16  1135   53172   41700  0  2.76e+02  1.91e+01  0  5.97e+02  6.79e+01  9.31e+00  9.56e-01  3.69e-01   0.26
2004 06 16  1140   53172   42000  0  2.34e+02  1.47e+01  0  5.96e+02  7.42e+01  8.85e+00  9.32e-01  3.66e-01   0.26
2004 06 16  1145   53172   42300  0  2.36e+02  1.57e+01  0  6.01e+02  7.15e+01  9.34e+00  8.73e-01  3.27e-01   0.25
2004 06 16  1150   53172   42600  0  2.09e+02  1.55e+01  0  8.37e+02  7.07e+01  9.18e+00  1.08e+00  4.00e-01   0.63
2004 06 16  1155   53172   42900  0  2.99e+02  1.85e+01  0  2.74e+03  9.69e+01  9.26e+00  9.50e-01  3.83e-01   0.43
2004 06 16  1200   53172   43200  0  2.25e+02  1.28e+01  0  4.42e+03  1.81e+02  8.79e+00  1.02e+00  3.48e-01   0.31
2004 06 16  1205   53172   43500  0  2.20e+02  1.44e+01  0  1.68e+04  2.87e+02  9.13e+00  8.79e-01  2.14e-01   0.24
2004 06 16  1210   53172   43800  0  2.78e+02  1.58e+01  0  9.31e+03  2.50e+02  9.90e+00  1.16e+00  3.48e-01   0.10
2004 06 16  1215   53172   44100  0  2.02e+02  1.55e+01  0  1.05e+03  7.71e+01  9.64e+00  1.21e+00  4.21e-01   0.29
2004 06 16  1220   53172   44400  0  1.95e+02  1.93e+01  0  5.00e+03  2.25e+02  9.96e+00  1.07e+00  3.21e-01   0.24
2004 06 16  1225   53172   44700  0  2.11e+02  1.74e+01  0  5.60e+02  6.06e+01  8.92e+00  1.27e+00  4.11e-01   0.19
2004 06 16  1230   53172   45000  0  2.69e+02  1.70e+01  0  6.60e+02  8.35e+01  9.80e+00  1.08e+00  2.53e-01   0.26
2004 06 16  1235   53172   45300  0  2.29e+02  1.72e+01  0  6.69e+02  9.79e+01  1.16e+01  7.04e-01  4.28e-01   0.18
2004 06 16  1240   53172   45600  0  2.45e+02  2.11e+01  0  6.59e+02  9.91e+01  1.16e+01  1.25e+00  3.37e-01   0.22
2004 06 16  1245   53172   45900  0  2.54e+02  1.88e+01  0  8.70e+02  1.18e+02  1.26e+01  1.51e+00  4.15e-01   0.39
2004 06 16  1250   53172   46200  0  2.74e+02  2.07e+01  0  9.40e+02  9.85e+01  1.06e+01  1.14e+00  3.67e-01   0.12
2004 06 16  1255   53172   46500  0  2.51e+02  1.55e+01  0  6.55e+02  9.07e+01  1.08e+01  1.16e+00  5.06e-01   0.59
2004 06 16  1300   53172   46800  0  2.50e+02  1.79e+01  0  5.94e+02  8.25e+01  9.23e+00  9.34e-01  2.80e-01   0.26
2004 06 16  1305   53172   47100  0  2.22e+02  1.52e+01  0  6.72e+02  1.13e+02  1.33e+01  1.16e+00  4.00e-01   0.14
2004 06 16  1310   53172   47400  0  2.58e+02  1.62e+01  0  7.50e+02  1.19e+02  1.40e+01  1.10e+00  5.16e-01   0.23
2004 06 16  1315   53172   47700  0  2.41e+02  1.56e+01  0  7.23e+02  1.25e+02  1.40e+01  9.15e-01  4.44e-01   0.44
2004 06 16  1320   53172   48000  0  2.25e+02  1.79e+01  0  7.21e+02  1.19e+02  1.40e+01  1.11e+00  4.83e-01   0.59
2004 06 16  1325   53172   48300  0  1.91e+02  1.68e+01  0  7.50e+02  1.15e+02  1.36e+01  1.24e+00  5.60e-01   0.40
2004 06 16  1330   53172   48600  0  2.45e+02  1.64e+01  0  7.31e+02  1.21e+02  1.81e+01  1.06e+00  5.69e-01   0.10
2004 06 16  1335   53172   48900  0  2.66e+02  1.90e+01  0  6.90e+02  1.24e+02  1.53e+01  9.34e-01  4.54e-01   0.75
2004 06 16  1340   53172   49200  0  2.61e+02  1.63e+01  0  6.76e+02  9.96e+01  1.19e+01  1.26e+00  3.09e-01   0.38
2004 06 16  1345   53172   49500  0  2.32e+02  1.82e+01  0  9.77e+02  1.03e+02  1.18e+01  1.50e+00  3.37e-01   0.33
2004 06 16  1350   53172   49800  0  2.13e+02  1.45e+01  0  6.27e+02  9.32e+01  9.77e+00  1.70e+00  4.73e-01   0.77
2004 06 16  1355   53172   50100  0  2.09e+02  1.95e+01  0  7.00e+02  9.60e+01  1.17e+01  1.72e+00  4.64e-01   0.28
2004 06 16  1400   53172   50400  0  2.45e+02  1.57e+01  0  8.98e+02  1.09e+02  1.16e+01  1.56e+00  3.69e-01   0.18
2004 06 16  1405   53172   50700  0  2.12e+02  1.44e+01  0  1.88e+03  1.13e+02  1.24e+01  8.95e-01  3.96e-01   0.04
2004 06 16  1410   53172   51000  0  2.70e+02  1.50e+01  0  3.98e+03  1.40e+02  1.11e+01  1.30e+00  4.02e-01   0.40
2004 06 16  1415   53172   51300  0  2.36e+02  1.53e+01  0  9.92e+02  1.12e+02  1.18e+01  1.33e+00  4.00e-01   0.36
2004 06 16  1420   53172   51600  0  2.27e+02  1.60e+01  0  8.87e+02  1.14e+02  1.23e+01  1.11e+00  4.81e-01   0.25
2004 06 16  1425   53172   51900  0  2.31e+02  1.68e+01  0  7.43e+02  1.01e+02  1.30e+01  1.14e+00  4.00e-01   0.15
2004 06 16  1430   53172   52200  0  2.12e+02  1.85e+01  0  8.62e+02  9.81e+01  1.17e+01  1.20e+00  3.30e-01   0.66
2004 06 16  1435   53172   52500  0  2.58e+02  1.95e+01  0  1.06e+03  1.19e+02  1.15e+01  1.04e+00  4.10e-01   0.27
2004 06 16  1440   53172   52800  0  2.15e+02  1.62e+01  0  1.67e+03  1.33e+02  1.16e+01  1.58e+00  4.95e-01   0.46
2004 06 16  1445   53172   53100  0  2.29e+02  1.70e+01  0  2.78e+03  1.36e+02  1.13e+01  1.09e+00  4.72e-01   0.63
2004 06 16  1450   53172   53400  0  1.98e+02  1.18e+01  0  1.25e+03  1.09e+02  1.25e+01  1.56e+00  4.53e-01   0.43
2004 06 16  1455   53172   53700  0  2.36e+02  1.68e+01  0  9.78e+02  1.04e+02  1.17e+01  1.62e+00  4.00e-01   0.46
2004 06 16  1500   53172   54000  0  2.32e+02  1.70e+01  0  7.25e+02  1.09e+02  1.33e+01  1.93e+00  5.08e-01   0.52
2004 06 16  1505   53172   54300  0  2.11e+02  1.78e+01  0  6.51e+02  9.69e+01  1.31e+01  2.37e+00  2.42e-01   0.13
2004 06 16  1510   53172   54600  0  2.30e+02  1.88e+01  0  6.32e+02  7.43e+01  1.08e+01  2.06e+00  3.48e-01   0.65
2004 06 16  1515   53172   54900  0  2.24e+02  1.86e+01  0  6.24e+02  1.01e+02  1.23e+01  1.65e+00  4.37e-01   0.80
2004 06 16  1520   53172   55200  0  2.27e+02  1.95e+01  0  7.38e+02  1.15e+02  1.47e+01  1.52e+00  5.90e-01   0.40
2004 06 16  1525   53172   55500  0  2.18e+02  1.68e+01  0  7.05e+02  9.51e+01  1.35e+01  1.22e+00  3.19e-01   0.33
2004 06 16  1530   53172   55800  0  2.40e+02  1.62e+01  0  6.49e+02  1.07e+02  1.33e+01  1.36e+00  3.69e-01   0.27
2004 06 16  1535   53172   56100  0  2.63e+02  1.43e+01  0  7.15e+02  1.05e+02  1.32e+01  1.40e+00  4.35e-01   0.38
2004 06 16  1540   53172   56400  0  2.08e+02  1.75e+01  0  7.25e+02  1.25e+02  1.47e+01  1.72e+00  4.50e-01   0.62
2004 06 16  1545   53172   56700  0  2.36e+02  1.88e+01  0  7.12e+02  1.13e+02  1.43e+01  1.68e+00  4.35e-01   0.35
2004 06 16  1550   53172   57000  0  2.35e+02  1.54e+01  0  6.70e+02  1.18e+02  1.44e+01  1.66e+00  5.12e-01   0.41
2004 06 16  1555   53172   57300  0  2.25e+02  1.70e+01  0  6.94e+02  1.09e+02  1.35e+01  1.41e+00  4.44e-01   0.49
2004 06 16  1600   53172   57600  0  2.28e+02  1.74e+01  0  6.93e+02  1.10e+02  1.24e+01  1.56e+00  4.06e-01   0.54
2004 06 16  1605   53172   57900  0  2.15e+02  1.81e+01  0  7.09e+02  1.24e+02  1.51e+01  1.62e+00  3.77e-01   0.49
2004 06 16  1610   53172   58200  0  2.36e+02  1.82e+01  0  6.75e+02  9.81e+01  1.09e+01  1.97e+00  4.64e-01   0.53
2004 06 16  1615   53172   58500  0  2.20e+02  1.68e+01  0  6.51e+02  9.55e+01  1.20e+01  1.79e+00  4.64e-01   0.57
2004 06 16  1620   53172   58800  0  1.95e+02  1.90e+01  0  6.92e+02  1.09e+02  1.40e+01  1.75e+00  4.44e-01   0.42
2004 06 16  1625   53172   59100  0  2.42e+02  1.74e+01  0  7.99e+02  1.13e+02  1.33e+01  1.91e+00  3.79e-01   0.65
2004 06 16  1630   53172   59400  0  2.12e+02  1.91e+01  0  7.27e+02  1.06e+02  1.29e+01  1.42e+00  4.72e-01   0.69
2004 06 16  1635   53172   59700  0  2.17e+02  1.68e+01  0  6.97e+02  1.04e+02  1.25e+01  1.81e+00  4.44e-01   0.50
2004 06 16  1640   53172   60000  0  1.86e+02  1.74e+01  0  6.45e+02  1.08e+02  1.22e+01  2.25e+00  5.48e-01   0.64
2004 06 16  1645   53172   60300  0  2.49e+02  1.60e+01  0  7.34e+02  1.19e+02  1.41e+01  1.60e+00  4.99e-01   0.91
2004 06 16  1650   53172   60600  0  2.09e+02  1.43e+01  0  7.43e+02  1.19e+02  1.27e+01  1.41e+00  4.21e-01   0.29
2004 06 16  1655   53172   60900  0  2.22e+02  1.93e+01  0  6.85e+02  1.16e+02  1.27e+01  1.48e+00  4.32e-01   0.69
2004 06 16  1700   53172   61200  0  2.64e+02  1.55e+01  0  7.00e+02  1.11e+02  1.33e+01  1.27e+00  4.19e-01   0.49
2004 06 16  1705   53172   61500  0  2.18e+02  1.62e+01  0  7.19e+02  1.17e+02  1.28e+01  1.85e+00  3.90e-01   0.77
2004 06 16  1710   53172   61800  0  2.21e+02  1.59e+01  0  7.37e+02  1.20e+02  1.36e+01  1.99e+00  5.17e-01   0.56
2004 06 16  1715   53172   62100  0  2.00e+02  1.62e+01  0  6.89e+02  1.09e+02  1.22e+01  1.67e+00  4.55e-01   0.72
2004 06 16  1720   53172   62400  0  2.36e+02  1.43e+01  0  7.26e+02  1.12e+02  1.28e+01  1.70e+00  4.64e-01   0.62
2004 06 16  1725   53172   62700  0  1.85e+02  1.59e+01  0  7.49e+02  1.14e+02  1.37e+01  1.81e+00  4.28e-01   0.55
2004 06 16  1730   53172   63000  0  2.38e+02  1.84e+01  0  6.93e+02  1.19e+02  1.40e+01  1.89e+00  5.27e-01   0.42
2004 06 16  1735   53172   63300  0  2.04e+02  1.60e+01  0  7.35e+02  1.23e+02  1.45e+01  1.75e+00  4.85e-01   0.46
2004 06 16  1740   53172   63600  0  2.03e+02  1.78e+01  0  7.63e+02  1.23e+02  1.34e+01  1.60e+00  3.66e-01   0.60
2004 06 16  1745   53172   63900  0  2.27e+02  1.70e+01  0  7.45e+02  1.27e+02  1.39e+01  1.16e+00  4.95e-01   0.93
2004 06 16  1750   53172   64200  0  2.25e+02  1.49e+01  0  7.30e+02  1.39e+02  1.60e+01  1.35e+00  5.31e-01   0.50
2004 06 16  1755   53172   64500  0  2.17e+02  1.60e+01  0  7.36e+02  1.24e+02  1.24e+01  1.16e+00  4.19e-01   0.37
2004 06 16  1800   53172   64800  0  2.42e+02  1.82e+01  0  6.98e+02  9.68e+01  1.13e+01  1.35e+00  4.64e-01   0.23
2004 06 16  1805   53172   65100  0  2.35e+02  1.77e+01  0  7.11e+02  9.65e+01  1.05e+01  1.28e+00  4.44e-01   0.37
2004 06 16  1810   53172   65400  0  3.03e+02  1.70e+01  0  7.64e+02  1.05e+02  1.18e+01  1.35e+00  3.77e-01   0.40
2004 06 16  1815   53172   65700  0  2.27e+02  1.89e+01  0  7.78e+02  1.26e+02  1.23e+01  1.25e+00  3.48e-01   0.53
2004 06 16  1820   53172   66000  0  1.88e+02  1.61e+01  0  7.22e+02  1.23e+02  1.38e+01  1.39e+00  4.25e-01   0.48
2004 06 16  1825   53172   66300  0  2.74e+02  1.51e+01  0  7.46e+02  1.17e+02  1.46e+01  1.54e+00  5.12e-01   0.36
2004 06 16  1830   53172   66600  0  1.87e+02  1.88e+01  0  8.00e+02  1.24e+02  1.34e+01  1.20e+00  5.60e-01   0.52
2004 06 16  1835   53172   66900  0  2.28e+02  1.45e+01  0  7.65e+02  1.19e+02  1.35e+01  1.39e+00  4.25e-01   0.23
2004 06 16  1840   53172   67200  0  1.92e+02  1.47e+01  0  6.45e+02  9.79e+01  1.01e+01  1.16e+00  3.86e-01   0.50
2004 06 16  1845   53172   67500  0  2.38e+02  1.47e+01  0  6.81e+02  7.98e+01  9.53e+00  1.14e+00  3.96e-01   0.40
2004 06 16  1850   53172   67800  0  2.25e+02  1.64e+01  0  7.20e+02  8.44e+01  1.07e+01  8.52e-01  2.95e-01   0.80
2004 06 16  1855   53172   68100  0  2.40e+02  1.31e+01  0  7.10e+02  9.57e+01  1.09e+01  1.30e+00  3.86e-01   0.61
2004 06 16  1900   53172   68400  0  2.51e+02  1.77e+01  0  7.03e+02  8.63e+01  1.05e+01  1.56e+00  3.77e-01   0.34
2004 06 16  1905   53172   68700  0  1.97e+02  1.70e+01  0  6.46e+02  6.81e+01  7.77e+00  1.06e+00  3.48e-01   0.44
2004 06 16  1910   53172   69000  0  2.15e+02  2.00e+01  0  6.30e+02  5.43e+01  6.51e+00  9.72e-01  3.04e-01   0.38
2004 06 16  1915   53172   69300  0  2.61e+02  1.79e+01  0  6.03e+02  6.43e+01  8.08e+00  1.18e+00  2.80e-01   0.45
2004 06 16  1920   53172   69600  0  2.49e+02  1.49e+01  0  6.88e+02  7.94e+01  8.85e+00  1.41e+00  2.95e-01   0.52
2004 06 16  1925   53172   69900  0  3.22e+02  1.64e+01  0  6.71e+02  7.30e+01  8.96e+00  1.16e+00  3.39e-01   0.28
2004 06 16  1930   53172   70200  0  2.13e+02  1.97e+01  0  6.44e+02  7.25e+01  8.06e+00  1.21e+00  3.27e-01   0.59
2004 06 16  1935   53172   70500  0  2.35e+02  1.49e+01  0  7.09e+02  8.32e+01  9.54e+00  1.27e+00  3.37e-01   0.12
2004 06 16  1940   53172   70800  0  2.12e+02  1.46e+01  0  6.64e+02  6.73e+01  7.99e+00  1.20e+00  3.74e-01   0.52
2004 06 16  1945   53172   71100  0  3.01e+02  1.89e+01  0  6.73e+02  8.03e+01  8.49e+00  1.27e+00  2.53e-01   0.51
2004 06 16  1950   53172   71400  0  2.20e+02  1.62e+01  0  6.95e+02  7.89e+01  1.01e+01  1.20e+00  4.64e-01   0.68
2004 06 16  1955   53172   71700  0  2.26e+02  1.55e+01  0  8.28e+02  1.39e+02  1.48e+01  1.25e+00  4.72e-01   0.73
2004 06 16  2000   53172   72000  0  2.65e+02  1.47e+01  0  7.46e+02  1.14e+02  1.26e+01  1.18e+00  4.43e-01   0.38
2004 06 16  2005   53172   72300  0  3.33e+02  1.68e+01  0  7.26e+02  1.06e+02  1.11e+01  1.18e+00  4.37e-01   0.42
2004 06 16  2010   53172   72600  0  2.51e+02  1.74e+01  0  7.86e+02  9.40e+01  9.64e+00  1.18e+00  3.27e-01   0.47
2004 06 16  2015   53172   72900  0  2.02e+02  1.37e+01  0  7.72e+02  8.58e+01  1.05e+01  1.16e+00  4.21e-01   0.59
2004 06 16  2020   53172   73200  0  2.32e+02  1.75e+01  0  7.30e+02  8.53e+01  9.21e+00  9.15e-01  3.39e-01   0.57
2004 06 16  2025   53172   73500  0  2.14e+02  1.53e+01  0  6.26e+02  6.13e+01  6.72e+00  1.16e+00  4.32e-01   0.55
2004 06 16  2030   53172   73800  0  2.74e+02  1.81e+01  0  6.79e+02  7.08e+01  7.33e+00  1.03e+00  2.51e-01   0.24
2004 06 16  2035   53172   74100  0  2.43e+02  1.83e+01  0  6.28e+02  5.56e+01  7.07e+00  9.50e-01  2.14e-01   0.29
2004 06 16  2040   53172   74400  0  2.51e+02  1.47e+01  0  6.34e+02  6.54e+01  7.87e+00  7.48e-01  2.32e-01   0.24
2004 06 16  2045   53172   74700  0  2.38e+02  1.52e+01  0  6.42e+02  6.09e+01  6.79e+00  7.81e-01  3.48e-01   0.41
2004 06 16  2050   53172   75000  0  2.22e+02  1.77e+01  0  6.01e+02  5.00e+01  5.62e+00  8.19e-01  3.38e-01   0.32
2004 06 16  2055   53172   75300  0  2.00e+02  1.84e+01  0  5.67e+02  5.17e+01  6.62e+00  9.98e-01  3.16e-01   0.58
2004 06 16  2100   53172   75600  0  2.53e+02  1.42e+01  0  6.23e+02  5.81e+01  6.16e+00  1.22e+00  3.28e-01   0.46
2004 06 16  2105   53172   75900  0  2.45e+02  1.88e+01  0  6.34e+02  6.27e+01  7.36e+00  1.09e+00  2.80e-01   0.35
2004 06 16  2110   53172   76200  0  2.38e+02  1.65e+01  0  6.14e+02  6.18e+01  6.64e+00  1.43e+00  2.51e-01   1.13
2004 06 16  2115   53172   76500  0  2.74e+02  1.38e+01  0  6.59e+02  6.72e+01  8.08e+00  1.18e+00  2.32e-01   0.84
2004 06 16  2120   53172   76800  0  2.56e+02  1.45e+01  0  6.49e+02  6.73e+01  7.60e+00  1.28e+00  2.99e-01   0.68
2004 06 16  2125   53172   77100  0  2.03e+02  1.44e+01  0  5.81e+02  5.40e+01  6.85e+00  9.34e-01  2.22e-01   0.66
2004 06 16  2130   53172   77400  0  2.22e+02  1.70e+01  0  5.47e+02  4.51e+01  5.61e+00  1.14e+00  2.95e-01   0.32
2004 06 16  2135   53172   77700  0  2.65e+02  1.45e+01  0  5.60e+02  4.41e+01  5.20e+00  8.19e-01  2.22e-01   0.48
2004 06 16  2140   53172   78000  0  2.14e+02  1.72e+01  0  5.26e+02  3.00e+01  3.76e+00  9.15e-01  1.45e-01   0.29
2004 06 16  2145   53172   78300  0  2.33e+02  1.62e+01  0  5.07e+02  2.87e+01  3.44e+00  8.94e-01  9.48e-02   0.29
2004 06 16  2150   53172   78600  0  2.53e+02  1.86e+01  0  5.21e+02  3.16e+01  3.94e+00  1.00e+00  1.78e-01   0.42
2004 06 16  2155   53172   78900  0  2.08e+02  1.72e+01  0  5.22e+02  3.44e+01  4.39e+00  9.15e-01  2.22e-01   0.21
2004 06 16  2200   53172   79200  0  2.56e+02  2.03e+01  0  5.76e+02  3.34e+01  4.23e+00  1.16e+00  1.90e-01   0.10
2004 06 16  2205   53172   79500  0  3.08e+02  1.85e+01  0  5.97e+02  7.10e+01  7.85e+00  1.23e+00  2.14e-01   0.61
2004 06 16  2210   53172   79800  0  2.53e+02  1.70e+01  0  6.03e+02  5.99e+01  7.67e+00  7.90e-01  2.95e-01   0.58
2004 06 16  2215   53172   80100  0  2.33e+02  1.78e+01  0  6.10e+02  5.24e+01  6.16e+00  9.98e-01  1.69e-01   0.16
2004 06 16  2220   53172   80400  0  3.22e+02  1.50e+01  0  5.75e+02  5.03e+01  5.66e+00  1.00e+00  2.14e-01   0.34
2004 06 16  2225   53172   80700  0  2.42e+02  1.97e+01  0  5.50e+02  3.35e+01  4.69e+00  6.24e-01  2.32e-01   0.25
2004 06 16  2230   53172   81000  0  2.52e+02  1.82e+01  0  5.16e+02  3.65e+01  4.27e+00  8.97e-01  2.14e-01   0.55
2004 06 16  2235   53172   81300  0  2.76e+02  1.52e+01  0  5.95e+02  4.69e+01  5.91e+00  9.15e-01  1.87e-01   0.22
2004 06 16  2240   53172   81600  0  2.02e+02  1.53e+01  0  5.94e+02  6.39e+01  7.08e+00  1.33e+00  2.53e-01   0.63
2004 06 16  2245   53172   81900  0  2.43e+02  1.77e+01  0  6.04e+02  5.14e+01  5.91e+00  9.50e-01  2.41e-01   0.79
2004 06 16  2250   53172   82200  0  1.88e+02  1.37e+01  0  5.55e+02  4.30e+01  5.34e+00  8.94e-01  2.74e-01   0.36
2004 06 16  2255   53172   82500  0  2.42e+02  1.82e+01  0  5.53e+02  4.83e+01  5.87e+00  1.10e+00  2.42e-01   0.40
2004 06 16  2300   53172   82800  0  3.03e+02  2.24e+01  0  5.48e+02  4.03e+01  5.30e+00  8.44e-01  2.32e-01   0.22
2004 06 16  2305   53172   83100  0  2.16e+02  2.05e+01  0  5.99e+02  4.05e+01  5.18e+00  8.52e-01  2.74e-01   0.05
2004 06 16  2310   53172   83400  0  2.00e+02  1.45e+01  0  5.82e+02  5.17e+01  5.50e+00  8.76e-01  3.09e-01   0.24
2004 06 16  2315   53172   83700  0  2.56e+02  1.64e+01  0  6.04e+02  5.64e+01  6.35e+00  1.09e+00  2.85e-01   0.61
2004 06 16  2320   53172   84000  0  2.53e+02  1.58e+01  0  5.51e+02  4.00e+01  4.72e+00  7.69e-01  2.32e-01   0.10
2004 06 16  2325   53172   84300  0  2.25e+02  1.74e+01  0  5.25e+02  3.56e+01  4.48e+00  1.05e+00  1.45e-01   0.57
2004 06 16  2330   53172   84600  0  1.98e+02  1.56e+01  0  5.09e+02  3.73e+01  4.75e+00  7.05e-01  1.45e-01   0.17
2004 06 16  2335   53172   84900  0  2.60e+02  2.03e+01  0  5.18e+02  3.53e+01  4.20e+00  1.06e+00  1.90e-01   0.36
2004 06 16  2340   53172   85200  0  2.42e+02  1.93e+01  0  5.95e+02  4.23e+01  5.13e+00  7.89e-01  2.83e-01   0.20
2004 06 16  2345   53172   85500  0  2.20e+02  1.77e+01  0  5.57e+02  5.00e+01  6.55e+00  7.81e-01  3.57e-01   0.19
2004 06 16  2350   53172   85800  0  2.66e+02  1.29e+01  0  5.18e+02  3.98e+01  5.32e+00  8.96e-01  2.12e-01   0.33
2004 06 16  2355   53172   86100  0  2.36e+02  1.84e+01  0  5.24e+02  3.77e+01  4.30e+00  8.95e-01  1.64e-01   0.13
