:Data_list: 20040103_ace_sis_5m.txt
:Created: 2004 Jan 04 0011 UT
# Prepared by the U.S. Dept. of Commerce, NOAA, Space Environment Center.
# Please send comments and suggestions to SEC.Webmaster@noaa.gov 
# 
# Units: proton flux p/cs2-sec-ster
# Status(S): 0 = nominal data, 1 to 8 = bad data record, 9 = no data
# Missing data values: -1.00e+05
# Source: ACE Satellite - Solar Isotope Spectrometer
#
# 5-minute averaged Real-time Integral Flux of High-energy Solar Protons
# 
#                 Modified Seconds
# UT Date   Time   Julian  of the      ---- Integral Proton Flux ----
# YR MO DA  HHMM     Day     Day       S    > 10 MeV    S    > 30 MeV
#--------------------------------------------------------------------
2004 01 03  0000    53007       0      0    8.50e-01    0    5.96e-01
2004 01 03  0005    53007     300      0    8.62e-01    0    6.07e-01
2004 01 03  0010    53007     600      0    8.55e-01    0    6.00e-01
2004 01 03  0015    53007     900      0    8.77e-01    0    6.20e-01
2004 01 03  0020    53007    1200      0    8.69e-01    0    6.12e-01
2004 01 03  0025    53007    1500      0    8.82e-01    0    6.12e-01
2004 01 03  0030    53007    1800      0    8.47e-01    0    6.03e-01
2004 01 03  0035    53007    2100      0    8.62e-01    0    6.08e-01
2004 01 03  0040    53007    2400      0    8.52e-01    0    6.03e-01
2004 01 03  0045    53007    2700      0    8.42e-01    0    5.98e-01
2004 01 03  0050    53007    3000      0    8.53e-01    0    6.05e-01
2004 01 03  0055    53007    3300      0    8.61e-01    0    6.06e-01
2004 01 03  0100    53007    3600      0    8.62e-01    0    6.07e-01
2004 01 03  0105    53007    3900      0    8.99e-01    0    6.34e-01
2004 01 03  0110    53007    4200      0    8.74e-01    0    6.24e-01
2004 01 03  0115    53007    4500      0    8.49e-01    0    5.98e-01
2004 01 03  0120    53007    4800      0    8.93e-01    0    6.34e-01
2004 01 03  0125    53007    5100      0    8.76e-01    0    6.29e-01
2004 01 03  0130    53007    5400      0    8.60e-01    0    6.10e-01
2004 01 03  0135    53007    5700      0    8.64e-01    0    6.08e-01
2004 01 03  0140    53007    6000      0    8.56e-01    0    5.95e-01
2004 01 03  0145    53007    6300      0    8.79e-01    0    6.19e-01
2004 01 03  0150    53007    6600      0    8.50e-01    0    5.94e-01
2004 01 03  0155    53007    6900      0    8.59e-01    0    6.07e-01
2004 01 03  0200    53007    7200      0    8.72e-01    0    6.09e-01
2004 01 03  0205    53007    7500      0    8.40e-01    0    5.90e-01
2004 01 03  0210    53007    7800      0    8.83e-01    0    6.19e-01
2004 01 03  0215    53007    8100      0    8.74e-01    0    6.17e-01
2004 01 03  0220    53007    8400      0    8.38e-01    0    5.84e-01
2004 01 03  0225    53007    8700      0    8.93e-01    0    6.27e-01
2004 01 03  0230    53007    9000      0    8.90e-01    0    6.32e-01
2004 01 03  0235    53007    9300      0    8.53e-01    0    6.11e-01
2004 01 03  0240    53007    9600      0    8.59e-01    0    5.98e-01
2004 01 03  0245    53007    9900      0    8.19e-01    0    5.79e-01
2004 01 03  0250    53007   10200      0    8.43e-01    0    5.88e-01
2004 01 03  0255    53007   10500      0    8.77e-01    0    6.18e-01
2004 01 03  0300    53007   10800      0    8.34e-01    0    5.80e-01
2004 01 03  0305    53007   11100      0    8.69e-01    0    6.19e-01
2004 01 03  0310    53007   11400      0    8.83e-01    0    6.17e-01
2004 01 03  0315    53007   11700      0    8.77e-01    0    6.16e-01
2004 01 03  0320    53007   12000      0    8.61e-01    0    6.10e-01
2004 01 03  0325    53007   12300      0    8.63e-01    0    6.14e-01
2004 01 03  0330    53007   12600      0    8.52e-01    0    5.99e-01
2004 01 03  0335    53007   12900      0    8.67e-01    0    6.13e-01
2004 01 03  0340    53007   13200      0    8.38e-01    0    5.91e-01
2004 01 03  0345    53007   13500      0    8.38e-01    0    5.83e-01
2004 01 03  0350    53007   13800      0    8.62e-01    0    6.09e-01
2004 01 03  0355    53007   14100      0    8.75e-01    0    6.21e-01
2004 01 03  0400    53007   14400      0    8.68e-01    0    6.10e-01
2004 01 03  0405    53007   14700      0    8.70e-01    0    6.11e-01
2004 01 03  0410    53007   15000      0    8.58e-01    0    6.09e-01
2004 01 03  0415    53007   15300      0    8.42e-01    0    5.91e-01
2004 01 03  0420    53007   15600      0    8.90e-01    0    6.28e-01
2004 01 03  0425    53007   15900      0    8.43e-01    0    5.93e-01
2004 01 03  0430    53007   16200      0    8.64e-01    0    6.08e-01
2004 01 03  0435    53007   16500      0    8.59e-01    0    6.06e-01
2004 01 03  0440    53007   16800      0    8.52e-01    0    6.06e-01
2004 01 03  0445    53007   17100      0    8.48e-01    0    5.93e-01
2004 01 03  0450    53007   17400      0    8.51e-01    0    6.04e-01
2004 01 03  0455    53007   17700      0    8.62e-01    0    6.13e-01
2004 01 03  0500    53007   18000      0    8.63e-01    0    6.14e-01
2004 01 03  0505    53007   18300      0    8.56e-01    0    6.00e-01
2004 01 03  0510    53007   18600      0    8.53e-01    0    6.08e-01
2004 01 03  0515    53007   18900      0    8.56e-01    0    6.04e-01
2004 01 03  0520    53007   19200      0    8.36e-01    0    5.94e-01
2004 01 03  0525    53007   19500      0    8.51e-01    0    6.04e-01
2004 01 03  0530    53007   19800      0    8.60e-01    0    6.11e-01
2004 01 03  0535    53007   20100      0    8.47e-01    0    5.97e-01
2004 01 03  0540    53007   20400      0    8.38e-01    0    5.94e-01
2004 01 03  0545    53007   20700      0    8.44e-01    0    5.90e-01
2004 01 03  0550    53007   21000      0    8.42e-01    0    5.94e-01
2004 01 03  0555    53007   21300      0    8.53e-01    0    5.97e-01
2004 01 03  0600    53007   21600      0    8.62e-01    0    6.09e-01
2004 01 03  0605    53007   21900      0    8.59e-01    0    6.10e-01
2004 01 03  0610    53007   22200      0    8.50e-01    0    5.93e-01
2004 01 03  0615    53007   22500      0    8.74e-01    0    6.13e-01
2004 01 03  0620    53007   22800      0    8.40e-01    0    5.88e-01
2004 01 03  0625    53007   23100      0    8.47e-01    0    6.00e-01
2004 01 03  0630    53007   23400      0    8.55e-01    0    6.08e-01
2004 01 03  0635    53007   23700      0    8.59e-01    0    6.01e-01
2004 01 03  0640    53007   24000      0    8.40e-01    0    5.88e-01
2004 01 03  0645    53007   24300      0    8.73e-01    0    6.16e-01
2004 01 03  0650    53007   24600      0    8.57e-01    0    6.06e-01
2004 01 03  0655    53007   24900      0    8.53e-01    0    6.01e-01
2004 01 03  0700    53007   25200      0    8.56e-01    0    5.99e-01
2004 01 03  0705    53007   25500      0    8.50e-01    0    5.99e-01
2004 01 03  0710    53007   25800      0    8.86e-01    0    6.27e-01
2004 01 03  0715    53007   26100      0    8.37e-01    0    5.97e-01
2004 01 03  0720    53007   26400      0    8.61e-01    0    6.09e-01
2004 01 03  0725    53007   26700      0    8.46e-01    0    5.96e-01
2004 01 03  0730    53007   27000      0    8.41e-01    0    5.88e-01
2004 01 03  0735    53007   27300      0    8.42e-01    0    5.88e-01
2004 01 03  0740    53007   27600      0    8.43e-01    0    6.04e-01
2004 01 03  0745    53007   27900      0    8.60e-01    0    6.09e-01
2004 01 03  0750    53007   28200      0    8.26e-01    0    5.87e-01
2004 01 03  0755    53007   28500      0    8.62e-01    0    6.05e-01
2004 01 03  0800    53007   28800      0    8.74e-01    0    6.12e-01
2004 01 03  0805    53007   29100      0    8.57e-01    0    6.01e-01
2004 01 03  0810    53007   29400      0    8.69e-01    0    6.11e-01
2004 01 03  0815    53007   29700      0    8.62e-01    0    6.13e-01
2004 01 03  0820    53007   30000      0    8.52e-01    0    6.01e-01
2004 01 03  0825    53007   30300      0    8.47e-01    0    5.91e-01
2004 01 03  0830    53007   30600      0    8.69e-01    0    6.17e-01
2004 01 03  0835    53007   30900      0    8.82e-01    0    6.30e-01
2004 01 03  0840    53007   31200      0    8.46e-01    0    5.96e-01
2004 01 03  0845    53007   31500      0    8.41e-01    0    5.92e-01
2004 01 03  0850    53007   31800      0    8.77e-01    0    6.21e-01
2004 01 03  0855    53007   32100      0    8.52e-01    0    6.00e-01
2004 01 03  0900    53007   32400      0    8.49e-01    0    5.94e-01
2004 01 03  0905    53007   32700      0    8.69e-01    0    6.13e-01
2004 01 03  0910    53007   33000      0    8.92e-01    0    6.24e-01
2004 01 03  0915    53007   33300      0    8.66e-01    0    6.03e-01
2004 01 03  0920    53007   33600      0    8.36e-01    0    5.89e-01
2004 01 03  0925    53007   33900      0    8.61e-01    0    6.04e-01
2004 01 03  0930    53007   34200      0    8.23e-01    0    5.84e-01
2004 01 03  0935    53007   34500      0    8.81e-01    0    6.27e-01
2004 01 03  0940    53007   34800      0    8.73e-01    0    6.19e-01
2004 01 03  0945    53007   35100      0    8.66e-01    0    6.11e-01
2004 01 03  0950    53007   35400      0    8.60e-01    0    5.99e-01
2004 01 03  0955    53007   35700      0    8.61e-01    0    6.09e-01
2004 01 03  1000    53007   36000      0    8.54e-01    0    6.02e-01
2004 01 03  1005    53007   36300      0    8.68e-01    0    6.09e-01
2004 01 03  1010    53007   36600      0    8.54e-01    0    6.06e-01
2004 01 03  1015    53007   36900      0    8.52e-01    0    5.99e-01
2004 01 03  1020    53007   37200      0    8.70e-01    0    6.10e-01
2004 01 03  1025    53007   37500      0    8.66e-01    0    6.02e-01
2004 01 03  1030    53007   37800      0    8.48e-01    0    6.03e-01
2004 01 03  1035    53007   38100      0    8.59e-01    0    6.05e-01
2004 01 03  1040    53007   38400      0    8.42e-01    0    5.94e-01
2004 01 03  1045    53007   38700      0    8.59e-01    0    6.08e-01
2004 01 03  1050    53007   39000      0    8.70e-01    0    6.12e-01
2004 01 03  1055    53007   39300      0    8.88e-01    0    6.36e-01
2004 01 03  1100    53007   39600      0    8.65e-01    0    6.07e-01
2004 01 03  1105    53007   39900      0    8.34e-01    0    5.83e-01
2004 01 03  1110    53007   40200      0    8.56e-01    0    6.02e-01
2004 01 03  1115    53007   40500      0    8.50e-01    0    5.99e-01
2004 01 03  1120    53007   40800      0    8.44e-01    0    5.93e-01
2004 01 03  1125    53007   41100      0    8.47e-01    0    6.02e-01
2004 01 03  1130    53007   41400      0    8.72e-01    0    6.19e-01
2004 01 03  1135    53007   41700      0    8.73e-01    0    6.21e-01
2004 01 03  1140    53007   42000      0    8.59e-01    0    6.11e-01
2004 01 03  1145    53007   42300      0    8.56e-01    0    6.03e-01
2004 01 03  1150    53007   42600      0    8.58e-01    0    6.07e-01
2004 01 03  1155    53007   42900      0    8.45e-01    0    5.97e-01
2004 01 03  1200    53007   43200      0    8.42e-01    0    5.96e-01
2004 01 03  1205    53007   43500      0    8.57e-01    0    6.13e-01
2004 01 03  1210    53007   43800      0    8.62e-01    0    6.12e-01
2004 01 03  1215    53007   44100      0    8.58e-01    0    5.98e-01
2004 01 03  1220    53007   44400      0    8.56e-01    0    6.04e-01
2004 01 03  1225    53007   44700      0    8.57e-01    0    6.09e-01
2004 01 03  1230    53007   45000      0    8.66e-01    0    6.10e-01
2004 01 03  1235    53007   45300      0    8.31e-01    0    5.81e-01
2004 01 03  1240    53007   45600      0    8.46e-01    0    6.04e-01
2004 01 03  1245    53007   45900      0    8.47e-01    0    5.99e-01
2004 01 03  1250    53007   46200      0    8.25e-01    0    5.80e-01
2004 01 03  1255    53007   46500      0    8.37e-01    0    5.94e-01
2004 01 03  1300    53007   46800      0    8.53e-01    0    6.02e-01
2004 01 03  1305    53007   47100      0    8.18e-01    0    5.73e-01
2004 01 03  1310    53007   47400      0    8.41e-01    0    5.97e-01
2004 01 03  1315    53007   47700      0    8.39e-01    0    5.94e-01
2004 01 03  1320    53007   48000      0    8.64e-01    0    6.04e-01
2004 01 03  1325    53007   48300      0    8.62e-01    0    6.09e-01
2004 01 03  1330    53007   48600      0    8.41e-01    0    5.99e-01
2004 01 03  1335    53007   48900      0    8.51e-01    0    6.08e-01
2004 01 03  1340    53007   49200      0    8.63e-01    0    6.08e-01
2004 01 03  1345    53007   49500      0    8.39e-01    0    5.93e-01
2004 01 03  1350    53007   49800      0    8.47e-01    0    5.94e-01
2004 01 03  1355    53007   50100      0    8.58e-01    0    6.03e-01
2004 01 03  1400    53007   50400      0    8.43e-01    0    5.92e-01
2004 01 03  1405    53007   50700      0    8.62e-01    0    6.01e-01
2004 01 03  1410    53007   51000      0    8.76e-01    0    6.26e-01
2004 01 03  1415    53007   51300      0    8.54e-01    0    6.09e-01
2004 01 03  1420    53007   51600      0    8.42e-01    0    6.00e-01
2004 01 03  1425    53007   51900      0    8.75e-01    0    6.19e-01
2004 01 03  1430    53007   52200      0    8.38e-01    0    5.93e-01
2004 01 03  1435    53007   52500      0    8.33e-01    0    5.86e-01
2004 01 03  1440    53007   52800      0    8.51e-01    0    5.99e-01
2004 01 03  1445    53007   53100      0    8.68e-01    0    6.00e-01
2004 01 03  1450    53007   53400      0    8.40e-01    0    5.96e-01
2004 01 03  1455    53007   53700      0    8.52e-01    0    6.07e-01
2004 01 03  1500    53007   54000      0    8.62e-01    0    6.13e-01
2004 01 03  1505    53007   54300      0    8.43e-01    0    5.97e-01
2004 01 03  1510    53007   54600      0    8.70e-01    0    6.16e-01
2004 01 03  1515    53007   54900      0    8.64e-01    0    6.06e-01
2004 01 03  1520    53007   55200      0    8.62e-01    0    6.08e-01
2004 01 03  1525    53007   55500      0    8.48e-01    0    6.01e-01
2004 01 03  1530    53007   55800      0    8.61e-01    0    6.10e-01
2004 01 03  1535    53007   56100      0    8.59e-01    0    6.04e-01
2004 01 03  1540    53007   56400      0    8.54e-01    0    6.00e-01
2004 01 03  1545    53007   56700      0    8.43e-01    0    5.91e-01
2004 01 03  1550    53007   57000      0    8.52e-01    0    5.98e-01
2004 01 03  1555    53007   57300      0    8.43e-01    0    5.98e-01
2004 01 03  1600    53007   57600      0    8.75e-01    0    6.10e-01
2004 01 03  1605    53007   57900      0    8.84e-01    0    6.24e-01
2004 01 03  1610    53007   58200      0    8.55e-01    0    5.96e-01
2004 01 03  1615    53007   58500      0    8.49e-01    0    5.93e-01
2004 01 03  1620    53007   58800      0    8.47e-01    0    6.01e-01
2004 01 03  1625    53007   59100      0    8.54e-01    0    5.98e-01
2004 01 03  1630    53007   59400      0    8.59e-01    0    6.06e-01
2004 01 03  1635    53007   59700      0    8.63e-01    0    6.03e-01
2004 01 03  1640    53007   60000      0    8.10e-01    0    5.69e-01
2004 01 03  1645    53007   60300      0    8.63e-01    0    6.04e-01
2004 01 03  1650    53007   60600      0    8.65e-01    0    6.13e-01
2004 01 03  1655    53007   60900      0    8.58e-01    0    6.02e-01
2004 01 03  1700    53007   61200      0    8.54e-01    0    6.01e-01
2004 01 03  1705    53007   61500      0    8.47e-01    0    5.99e-01
2004 01 03  1710    53007   61800      0    8.40e-01    0    5.89e-01
2004 01 03  1715    53007   62100      0    8.63e-01    0    6.13e-01
2004 01 03  1720    53007   62400      0    8.44e-01    0    5.87e-01
2004 01 03  1725    53007   62700      0    8.52e-01    0    5.98e-01
2004 01 03  1730    53007   63000      0    8.37e-01    0    5.88e-01
2004 01 03  1735    53007   63300      0    8.43e-01    0    5.92e-01
2004 01 03  1740    53007   63600      0    8.34e-01    0    5.87e-01
2004 01 03  1745    53007   63900      0    8.61e-01    0    6.09e-01
2004 01 03  1750    53007   64200      0    8.66e-01    0    6.11e-01
2004 01 03  1755    53007   64500      0    8.54e-01    0    5.99e-01
2004 01 03  1800    53007   64800      0    8.47e-01    0    5.95e-01
2004 01 03  1805    53007   65100      0    8.49e-01    0    6.02e-01
2004 01 03  1810    53007   65400      0    8.58e-01    0    6.07e-01
2004 01 03  1815    53007   65700      0    8.50e-01    0    5.96e-01
2004 01 03  1820    53007   66000      0    8.61e-01    0    6.03e-01
2004 01 03  1825    53007   66300      0    8.51e-01    0    5.99e-01
2004 01 03  1830    53007   66600      0    8.56e-01    0    5.98e-01
2004 01 03  1835    53007   66900      0    8.52e-01    0    5.94e-01
2004 01 03  1840    53007   67200      0    8.27e-01    0    5.81e-01
2004 01 03  1845    53007   67500      0    8.52e-01    0    5.97e-01
2004 01 03  1850    53007   67800      0    8.57e-01    0    5.95e-01
2004 01 03  1855    53007   68100      0    8.43e-01    0    5.91e-01
2004 01 03  1900    53007   68400      0    8.46e-01    0    5.88e-01
2004 01 03  1905    53007   68700      0    8.44e-01    0    5.89e-01
2004 01 03  1910    53007   69000      0    8.70e-01    0    6.15e-01
2004 01 03  1915    53007   69300      0    8.44e-01    0    5.97e-01
2004 01 03  1920    53007   69600      0    8.40e-01    0    5.91e-01
2004 01 03  1925    53007   69900      0    8.14e-01    0    5.70e-01
2004 01 03  1930    53007   70200      0    8.48e-01    0    5.99e-01
2004 01 03  1935    53007   70500      0    8.47e-01    0    5.97e-01
2004 01 03  1940    53007   70800      0    8.44e-01    0    5.94e-01
2004 01 03  1945    53007   71100      0    8.47e-01    0    5.97e-01
2004 01 03  1950    53007   71400      0    8.50e-01    0    5.97e-01
2004 01 03  1955    53007   71700      0    8.48e-01    0    6.02e-01
2004 01 03  2000    53007   72000      0    8.46e-01    0    5.94e-01
2004 01 03  2005    53007   72300      0    8.54e-01    0    6.03e-01
2004 01 03  2010    53007   72600      0    8.33e-01    0    5.88e-01
2004 01 03  2015    53007   72900      0    8.43e-01    0    5.87e-01
2004 01 03  2020    53007   73200      0    8.59e-01    0    6.00e-01
2004 01 03  2025    53007   73500      0    8.63e-01    0    6.07e-01
2004 01 03  2030    53007   73800      0    8.39e-01    0    5.81e-01
2004 01 03  2035    53007   74100      0    8.31e-01    0    5.89e-01
2004 01 03  2040    53007   74400      0    8.57e-01    0    6.06e-01
2004 01 03  2045    53007   74700      0    8.68e-01    0    6.13e-01
2004 01 03  2050    53007   75000      0    8.71e-01    0    6.06e-01
2004 01 03  2055    53007   75300      0    8.58e-01    0    5.99e-01
2004 01 03  2100    53007   75600      0    8.40e-01    0    5.88e-01
2004 01 03  2105    53007   75900      0    8.59e-01    0    6.08e-01
2004 01 03  2110    53007   76200      0    8.53e-01    0    6.01e-01
2004 01 03  2115    53007   76500      0    8.35e-01    0    5.78e-01
2004 01 03  2120    53007   76800      0    8.47e-01    0    5.99e-01
2004 01 03  2125    53007   77100      0    8.72e-01    0    6.12e-01
2004 01 03  2130    53007   77400      0    8.67e-01    0    6.10e-01
2004 01 03  2135    53007   77700      0    8.60e-01    0    5.96e-01
2004 01 03  2140    53007   78000      0    8.40e-01    0    5.94e-01
2004 01 03  2145    53007   78300      0    8.37e-01    0    5.90e-01
2004 01 03  2150    53007   78600      0    8.66e-01    0    6.16e-01
2004 01 03  2155    53007   78900      0    8.61e-01    0    6.05e-01
2004 01 03  2200    53007   79200      0    8.43e-01    0    5.91e-01
2004 01 03  2205    53007   79500      0    8.40e-01    0    5.92e-01
2004 01 03  2210    53007   79800      0    8.57e-01    0    6.04e-01
2004 01 03  2215    53007   80100      0    8.81e-01    0    6.24e-01
2004 01 03  2220    53007   80400      9   -1.00e+05    9   -1.00e+05
2004 01 03  2225    53007   80700      9   -1.00e+05    9   -1.00e+05
2004 01 03  2230    53007   81000      9   -1.00e+05    9   -1.00e+05
2004 01 03  2235    53007   81300      9   -1.00e+05    9   -1.00e+05
2004 01 03  2240    53007   81600      0    8.39e-01    0    5.99e-01
2004 01 03  2245    53007   81900      0    8.29e-01    0    5.77e-01
2004 01 03  2250    53007   82200      0    8.50e-01    0    6.03e-01
2004 01 03  2255    53007   82500      0    8.44e-01    0    5.91e-01
2004 01 03  2300    53007   82800      0    8.58e-01    0    6.07e-01
2004 01 03  2305    53007   83100      0    8.82e-01    0    6.22e-01
2004 01 03  2310    53007   83400      0    8.82e-01    0    6.18e-01
2004 01 03  2315    53007   83700      0    8.52e-01    0    6.04e-01
2004 01 03  2320    53007   84000      0    8.50e-01    0    6.03e-01
2004 01 03  2325    53007   84300      0    8.42e-01    0    5.97e-01
2004 01 03  2330    53007   84600      0    8.36e-01    0    5.87e-01
2004 01 03  2335    53007   84900      0    8.41e-01    0    5.94e-01
2004 01 03  2340    53007   85200      0    8.36e-01    0    5.82e-01
2004 01 03  2345    53007   85500      0    8.57e-01    0    6.06e-01
2004 01 03  2350    53007   85800      0    8.32e-01    0    5.86e-01
2004 01 03  2355    53007   86100      0    8.65e-01    0    6.07e-01
