:Data_list: 20041211_ace_epam_5m.txt
:Created: 2004 Dec 12 0012 UT
# Prepared by the U.S. Dept. of Commerce, NOAA, Space Environment Center.
# Please send comments and suggestions to SEC.Webmaster@noaa.gov 
# 
# Units: Differential Flux particles/cm2-s-ster-MeV
# Units: Anisotropy Index 0.0 - 2.0
# Status(S): 0 = nominal, 4,6,7,8 = bad data, unable to process, 9 = no data
# Missing data values: -1.00e+05, index = -1.00
# Source: ACE Satellite - Electron, Proton, and Alpha Monitor
# 2004 Feb 04: see http://www.sec.noaa.gov/ftpdir/lists/ace/README for EPAM channel change notice.
#
#                      5-minute averaged Real-time Differential Electron and Proton Flux 
# 
#                Modified Seconds ---------------------------- Differential Flux --------------------------- 
# UT Date   Time  Julian  of the  ----- Electron -----   ------------------- Protons keV -------------------   Anis.
# YR MO DA  HHMM    Day    Day    S    38-53   175-315   S    47-68   115-195   310-580   761-1220 1060-1900   Ratio
#-------------------------------------------------------------------------------------------------------------------
2004 12 11  0000   53350       0  0  5.01e+02  1.80e+01  0  1.41e+03  6.70e+01  9.11e+00  2.81e+00  6.74e-01   0.26
2004 12 11  0005   53350     300  0  4.47e+02  2.01e+01  0  1.39e+03  7.05e+01  9.60e+00  2.93e+00  6.74e-01   0.15
2004 12 11  0010   53350     600  0  5.31e+02  1.75e+01  0  1.40e+03  7.59e+01  8.71e+00  2.62e+00  7.58e-01   0.32
2004 12 11  0015   53350     900  0  4.89e+02  2.07e+01  0  1.47e+03  9.10e+01  1.14e+01  3.18e+00  7.06e-01   0.11
2004 12 11  0020   53350    1200  0  4.71e+02  1.88e+01  0  1.49e+03  8.56e+01  1.03e+01  3.30e+00  4.93e-01   0.37
2004 12 11  0025   53350    1500  0  4.60e+02  1.84e+01  0  1.54e+03  9.11e+01  1.10e+01  2.99e+00  6.86e-01   0.28
2004 12 11  0030   53350    1800  0  4.80e+02  1.76e+01  0  1.37e+03  8.54e+01  1.09e+01  2.97e+00  6.53e-01   0.09
2004 12 11  0035   53350    2100  0  4.71e+02  1.77e+01  0  1.48e+03  9.13e+01  1.19e+01  2.44e+00  6.86e-01   0.08
2004 12 11  0040   53350    2400  0  4.83e+02  1.86e+01  0  1.46e+03  9.12e+01  1.05e+01  3.37e+00  6.66e-01   0.05
2004 12 11  0045   53350    2700  0  4.94e+02  1.84e+01  0  1.41e+03  8.74e+01  1.11e+01  2.56e+00  6.74e-01   0.01
2004 12 11  0050   53350    3000  0  5.06e+02  1.74e+01  0  1.43e+03  8.10e+01  1.03e+01  3.22e+00  8.11e-01   0.14
2004 12 11  0055   53350    3300  0  4.73e+02  1.82e+01  0  1.46e+03  8.81e+01  1.08e+01  3.03e+00  6.66e-01   0.17
2004 12 11  0100   53350    3600  0  4.30e+02  1.84e+01  0  1.41e+03  8.87e+01  1.05e+01  2.67e+00  6.76e-01   0.12
2004 12 11  0105   53350    3900  0  4.31e+02  2.11e+01  0  1.35e+03  8.58e+01  1.13e+01  2.41e+00  7.48e-01   0.22
2004 12 11  0110   53350    4200  0  5.31e+02  1.74e+01  0  1.45e+03  8.55e+01  1.04e+01  3.24e+00  6.37e-01   0.12
2004 12 11  0115   53350    4500  0  4.25e+02  1.61e+01  0  1.43e+03  8.69e+01  1.05e+01  2.63e+00  7.24e-01   0.07
2004 12 11  0120   53350    4800  0  4.74e+02  1.84e+01  0  1.31e+03  7.75e+01  1.10e+01  2.91e+00  5.27e-01   0.12
2004 12 11  0125   53350    5100  0  5.39e+02  1.79e+01  0  1.36e+03  7.69e+01  1.13e+01  2.99e+00  5.89e-01   0.12
2004 12 11  0130   53350    5400  0  5.01e+02  2.07e+01  0  1.43e+03  8.15e+01  1.05e+01  2.73e+00  5.89e-01   0.04
2004 12 11  0135   53350    5700  0  4.46e+02  1.99e+01  0  1.35e+03  8.77e+01  1.04e+01  2.83e+00  6.74e-01   0.17
2004 12 11  0140   53350    6000  0  5.22e+02  2.13e+01  0  1.31e+03  7.83e+01  1.16e+01  2.81e+00  7.40e-01   0.12
2004 12 11  0145   53350    6300  0  5.05e+02  1.99e+01  0  1.36e+03  7.49e+01  1.09e+01  2.97e+00  6.64e-01   0.20
2004 12 11  0150   53350    6600  0  4.65e+02  1.93e+01  0  1.38e+03  8.47e+01  1.11e+01  2.76e+00  8.85e-01   0.28
2004 12 11  0155   53350    6900  0  4.73e+02  1.99e+01  0  1.33e+03  8.73e+01  1.06e+01  2.43e+00  6.69e-01   0.28
2004 12 11  0200   53350    7200  0  6.01e+02  1.60e+01  0  1.39e+03  7.90e+01  1.03e+01  2.70e+00  6.43e-01   0.09
2004 12 11  0205   53350    7500  0  4.56e+02  2.15e+01  0  1.41e+03  8.75e+01  1.11e+01  2.79e+00  5.79e-01   0.25
2004 12 11  0210   53350    7800  0  4.91e+02  1.95e+01  0  1.40e+03  8.44e+01  1.13e+01  2.95e+00  6.33e-01   0.16
2004 12 11  0215   53350    8100  0  5.45e+02  1.57e+01  0  1.31e+03  7.68e+01  1.03e+01  2.89e+00  6.01e-01   0.04
2004 12 11  0220   53350    8400  0  5.11e+02  2.01e+01  0  1.40e+03  7.98e+01  1.04e+01  2.50e+00  5.08e-01   0.22
2004 12 11  0225   53350    8700  0  5.00e+02  2.20e+01  0  1.44e+03  8.82e+01  1.12e+01  2.60e+00  7.69e-01   0.13
2004 12 11  0230   53350    9000  0  5.47e+02  1.74e+01  0  1.34e+03  9.65e+01  1.25e+01  3.04e+00  7.16e-01   0.16
2004 12 11  0235   53350    9300  0  5.48e+02  1.52e+01  0  1.46e+03  9.02e+01  1.28e+01  2.69e+00  5.79e-01   0.08
2004 12 11  0240   53350    9600  0  4.69e+02  1.76e+01  0  1.42e+03  8.88e+01  1.15e+01  2.85e+00  6.53e-01   0.27
2004 12 11  0245   53350    9900  0  4.74e+02  2.03e+01  0  1.41e+03  1.00e+02  1.22e+01  2.81e+00  7.59e-01   0.12
2004 12 11  0250   53350   10200  0  4.78e+02  1.57e+01  0  1.46e+03  9.39e+01  1.23e+01  3.06e+00  5.79e-01   0.14
2004 12 11  0255   53350   10500  0  4.76e+02  2.03e+01  0  1.41e+03  1.00e+02  1.17e+01  2.85e+00  6.22e-01   0.11
2004 12 11  0300   53350   10800  0  4.22e+02  2.30e+01  0  1.41e+03  1.01e+02  1.17e+01  3.30e+00  5.41e-01   0.23
2004 12 11  0305   53350   11100  0  4.63e+02  1.97e+01  0  1.39e+03  9.38e+01  1.03e+01  3.03e+00  7.15e-01   0.26
2004 12 11  0310   53350   11400  0  4.71e+02  1.78e+01  0  1.45e+03  8.99e+01  1.04e+01  2.35e+00  5.79e-01   0.32
2004 12 11  0315   53350   11700  0  4.51e+02  1.81e+01  0  1.45e+03  9.26e+01  1.16e+01  2.61e+00  5.89e-01   0.12
2004 12 11  0320   53350   12000  0  4.48e+02  1.81e+01  0  1.34e+03  9.54e+01  1.14e+01  2.65e+00  6.37e-01   0.18
2004 12 11  0325   53350   12300  0  5.27e+02  1.80e+01  0  1.37e+03  8.10e+01  1.05e+01  3.20e+00  6.32e-01   0.15
2004 12 11  0330   53350   12600  0  4.58e+02  1.91e+01  0  1.41e+03  8.73e+01  1.04e+01  2.52e+00  6.08e-01   0.12
2004 12 11  0335   53350   12900  0  4.48e+02  1.95e+01  0  1.46e+03  9.23e+01  1.14e+01  2.84e+00  6.76e-01   0.04
2004 12 11  0340   53350   13200  0  4.99e+02  1.77e+01  0  1.38e+03  8.78e+01  1.12e+01  2.73e+00  6.76e-01   0.07
2004 12 11  0345   53350   13500  0  5.50e+02  1.70e+01  0  1.53e+03  9.86e+01  1.28e+01  2.95e+00  6.01e-01   0.15
2004 12 11  0350   53350   13800  0  4.65e+02  1.86e+01  0  1.51e+03  9.72e+01  1.18e+01  2.65e+00  5.51e-01   0.08
2004 12 11  0355   53350   14100  0  4.58e+02  2.04e+01  0  1.47e+03  1.00e+02  1.16e+01  2.88e+00  6.47e-01   0.14
2004 12 11  0400   53350   14400  0  5.39e+02  2.09e+01  0  1.65e+03  9.91e+01  1.02e+01  2.66e+00  5.48e-01   0.22
2004 12 11  0405   53350   14700  0  4.72e+02  2.02e+01  0  1.64e+03  1.12e+02  1.13e+01  3.01e+00  6.66e-01   0.14
2004 12 11  0410   53350   15000  0  3.84e+02  1.40e+01  0  1.64e+03  9.91e+01  1.13e+01  2.86e+00  7.15e-01   0.09
2004 12 11  0415   53350   15300  0  4.87e+02  1.57e+01  0  1.71e+03  1.05e+02  1.23e+01  3.14e+00  5.90e-01   0.05
2004 12 11  0420   53350   15600  0  4.67e+02  1.62e+01  0  1.84e+03  1.22e+02  1.22e+01  3.22e+00  6.06e-01   0.15
2004 12 11  0425   53350   15900  0  4.09e+02  1.99e+01  0  1.97e+03  1.58e+02  1.45e+01  2.93e+00  6.43e-01   0.15
2004 12 11  0430   53350   16200  0  3.99e+02  1.93e+01  0  1.87e+03  1.57e+02  1.47e+01  3.16e+00  7.38e-01   0.15
2004 12 11  0435   53350   16500  0  5.31e+02  1.93e+01  0  2.20e+03  1.77e+02  1.59e+01  3.43e+00  6.51e-01   0.09
2004 12 11  0440   53350   16800  0  5.00e+02  1.66e+01  0  2.13e+03  1.71e+02  1.40e+01  3.37e+00  6.01e-01   0.11
2004 12 11  0445   53350   17100  0  4.94e+02  1.64e+01  0  2.12e+03  1.77e+02  1.58e+01  3.10e+00  5.69e-01   0.11
2004 12 11  0450   53350   17400  0  4.96e+02  1.70e+01  0  2.11e+03  1.74e+02  1.45e+01  3.32e+00  5.79e-01   0.11
2004 12 11  0455   53350   17700  0  3.95e+02  1.62e+01  0  1.92e+03  1.63e+02  1.53e+01  3.24e+00  7.06e-01   0.25
2004 12 11  0500   53350   18000  0  4.82e+02  1.75e+01  0  1.96e+03  1.57e+02  1.58e+01  3.54e+00  6.33e-01   0.16
2004 12 11  0505   53350   18300  0  4.71e+02  1.62e+01  0  1.75e+03  1.41e+02  1.41e+01  3.66e+00  4.85e-01   0.03
2004 12 11  0510   53350   18600  0  4.60e+02  1.89e+01  0  1.95e+03  1.54e+02  1.47e+01  3.26e+00  7.38e-01   0.25
2004 12 11  0515   53350   18900  0  4.62e+02  1.65e+01  0  2.02e+03  1.69e+02  1.38e+01  3.13e+00  6.69e-01   0.03
2004 12 11  0520   53350   19200  0  4.53e+02  1.84e+01  0  2.24e+03  1.97e+02  1.56e+01  3.45e+00  7.16e-01   0.18
2004 12 11  0525   53350   19500  0  4.96e+02  1.99e+01  0  2.57e+03  2.16e+02  1.66e+01  3.39e+00  8.96e-01   0.10
2004 12 11  0530   53350   19800  0  5.45e+02  2.09e+01  0  2.63e+03  2.22e+02  1.71e+01  3.24e+00  7.49e-01   0.08
2004 12 11  0535   53350   20100  0  5.41e+02  1.78e+01  0  2.32e+03  1.86e+02  1.54e+01  3.10e+00  7.69e-01   0.16
2004 12 11  0540   53350   20400  0  4.81e+02  2.13e+01  0  2.20e+03  1.89e+02  1.39e+01  3.30e+00  8.50e-01   0.17
2004 12 11  0545   53350   20700  0  4.28e+02  1.63e+01  0  2.25e+03  1.89e+02  1.58e+01  2.80e+00  8.11e-01   0.14
2004 12 11  0550   53350   21000  0  4.82e+02  1.74e+01  0  2.24e+03  1.86e+02  1.38e+01  3.43e+00  5.90e-01   0.03
2004 12 11  0555   53350   21300  0  4.68e+02  1.79e+01  0  2.32e+03  1.96e+02  1.54e+01  3.05e+00  6.66e-01   0.11
2004 12 11  0600   53350   21600  0  5.08e+02  1.90e+01  0  2.51e+03  2.15e+02  1.62e+01  3.60e+00  6.57e-01   0.23
2004 12 11  0605   53350   21900  0  4.47e+02  1.58e+01  0  2.62e+03  2.14e+02  1.71e+01  3.45e+00  8.53e-01   0.11
2004 12 11  0610   53350   22200  0  4.28e+02  2.00e+01  0  2.33e+03  1.76e+02  1.55e+01  2.88e+00  6.76e-01   0.18
2004 12 11  0615   53350   22500  0  5.22e+02  1.67e+01  0  2.30e+03  1.82e+02  1.23e+01  3.26e+00  7.05e-01   0.17
2004 12 11  0620   53350   22800  0  4.88e+02  1.74e+01  0  2.31e+03  1.83e+02  1.48e+01  3.11e+00  6.86e-01   0.14
2004 12 11  0625   53350   23100  0  4.20e+02  1.97e+01  0  2.30e+03  1.75e+02  1.49e+01  3.12e+00  6.85e-01   0.17
2004 12 11  0630   53350   23400  0  4.66e+02  1.88e+01  0  2.17e+03  1.77e+02  1.39e+01  3.79e+00  6.37e-01   0.06
2004 12 11  0635   53350   23700  0  5.21e+02  1.81e+01  0  2.26e+03  1.80e+02  1.51e+01  2.89e+00  6.37e-01   0.34
2004 12 11  0640   53350   24000  9 -1.00e+05 -1.00e+05  9 -1.00e+05 -1.00e+05 -1.00e+05 -1.00e+05 -1.00e+05  -1.00
2004 12 11  0645   53350   24300  9 -1.00e+05 -1.00e+05  9 -1.00e+05 -1.00e+05 -1.00e+05 -1.00e+05 -1.00e+05  -1.00
2004 12 11  0650   53350   24600  9 -1.00e+05 -1.00e+05  9 -1.00e+05 -1.00e+05 -1.00e+05 -1.00e+05 -1.00e+05  -1.00
2004 12 11  0655   53350   24900  9 -1.00e+05 -1.00e+05  9 -1.00e+05 -1.00e+05 -1.00e+05 -1.00e+05 -1.00e+05  -1.00
2004 12 11  0700   53350   25200  9 -1.00e+05 -1.00e+05  9 -1.00e+05 -1.00e+05 -1.00e+05 -1.00e+05 -1.00e+05  -1.00
2004 12 11  0705   53350   25500  9 -1.00e+05 -1.00e+05  9 -1.00e+05 -1.00e+05 -1.00e+05 -1.00e+05 -1.00e+05  -1.00
2004 12 11  0710   53350   25800  9 -1.00e+05 -1.00e+05  9 -1.00e+05 -1.00e+05 -1.00e+05 -1.00e+05 -1.00e+05  -1.00
2004 12 11  0715   53350   26100  9 -1.00e+05 -1.00e+05  9 -1.00e+05 -1.00e+05 -1.00e+05 -1.00e+05 -1.00e+05  -1.00
2004 12 11  0720   53350   26400  9 -1.00e+05 -1.00e+05  9 -1.00e+05 -1.00e+05 -1.00e+05 -1.00e+05 -1.00e+05  -1.00
2004 12 11  0725   53350   26700  9 -1.00e+05 -1.00e+05  9 -1.00e+05 -1.00e+05 -1.00e+05 -1.00e+05 -1.00e+05  -1.00
2004 12 11  0730   53350   27000  0  4.86e+02  2.02e+01  0  4.66e+03  3.80e+02  1.41e+01  2.29e+00  6.30e+00   0.52
2004 12 11  0735   53350   27300  0  5.05e+02  2.30e+01  0  4.46e+03  3.66e+02  1.92e+01  3.43e+00  6.85e-01   0.03
2004 12 11  0740   53350   27600  0  5.43e+02  1.85e+01  0  4.34e+03  3.48e+02  1.85e+01  3.15e+00  8.20e-01   0.10
2004 12 11  0745   53350   27900  0  4.74e+02  1.91e+01  0  4.52e+03  3.54e+02  1.86e+01  3.06e+00  7.27e-01   0.19
2004 12 11  0750   53350   28200  0  4.87e+02  1.97e+01  0  4.64e+03  3.79e+02  1.82e+01  2.70e+00  6.85e-01   0.32
2004 12 11  0755   53350   28500  0  5.39e+02  1.83e+01  0  4.31e+03  3.52e+02  1.84e+01  3.22e+00  7.40e-01   0.11
2004 12 11  0800   53350   28800  0  5.90e+02  2.05e+01  0  4.48e+03  3.57e+02  1.78e+01  3.26e+00  7.69e-01   0.10
2004 12 11  0805   53350   29100  0  5.09e+02  2.13e+01  0  4.62e+03  3.57e+02  1.95e+01  2.87e+00  6.74e-01   0.09
2004 12 11  0810   53350   29400  0  5.16e+02  1.68e+01  0  4.34e+03  3.57e+02  1.88e+01  3.52e+00  6.42e-01   0.08
2004 12 11  0815   53350   29700  0  5.65e+02  1.72e+01  0  4.68e+03  3.69e+02  2.02e+01  3.16e+00  7.16e-01   0.11
2004 12 11  0820   53350   30000  0  4.83e+02  1.68e+01  0  4.44e+03  3.47e+02  1.95e+01  3.07e+00  6.76e-01   0.09
2004 12 11  0825   53350   30300  0  4.71e+02  1.77e+01  0  4.13e+03  3.33e+02  1.83e+01  2.88e+00  7.05e-01   0.15
2004 12 11  0830   53350   30600  0  5.41e+02  1.93e+01  0  4.07e+03  3.43e+02  1.85e+01  2.85e+00  6.74e-01   0.14
2004 12 11  0835   53350   30900  0  5.49e+02  1.86e+01  0  4.16e+03  3.38e+02  1.81e+01  3.05e+00  6.18e-01   0.07
2004 12 11  0840   53350   31200  0  4.71e+02  1.90e+01  0  4.26e+03  3.43e+02  1.85e+01  3.22e+00  6.08e-01   0.23
2004 12 11  0845   53350   31500  0  4.33e+02  2.09e+01  0  4.12e+03  3.35e+02  1.88e+01  2.93e+00  5.79e-01   0.19
2004 12 11  0850   53350   31800  0  5.57e+02  1.81e+01  0  4.08e+03  3.34e+02  1.74e+01  2.99e+00  8.11e-01   0.20
2004 12 11  0855   53350   32100  0  4.91e+02  1.58e+01  0  4.00e+03  3.24e+02  1.84e+01  3.03e+00  7.15e-01   0.15
2004 12 11  0900   53350   32400  0  5.04e+02  1.59e+01  0  4.06e+03  3.15e+02  1.93e+01  3.14e+00  6.66e-01   0.12
2004 12 11  0905   53350   32700  0  5.39e+02  2.18e+01  0  3.99e+03  3.28e+02  1.71e+01  3.31e+00  7.27e-01   0.14
2004 12 11  0910   53350   33000  0  4.99e+02  1.95e+01  0  3.96e+03  3.27e+02  1.72e+01  3.41e+00  6.37e-01   0.15
2004 12 11  0915   53350   33300  0  4.88e+02  2.34e+01  0  3.85e+03  3.13e+02  1.84e+01  3.49e+00  6.76e-01   0.06
2004 12 11  0920   53350   33600  0  5.10e+02  2.11e+01  0  3.88e+03  3.16e+02  1.86e+01  3.01e+00  6.64e-01   0.17
2004 12 11  0925   53350   33900  0  5.19e+02  1.90e+01  0  3.90e+03  3.13e+02  1.74e+01  2.84e+00  8.40e-01   0.11
2004 12 11  0930   53350   34200  0  5.14e+02  1.81e+01  0  4.09e+03  3.11e+02  1.81e+01  3.47e+00  6.47e-01   0.18
2004 12 11  0935   53350   34500  0  4.85e+02  2.07e+01  0  3.88e+03  3.25e+02  1.82e+01  2.97e+00  7.69e-01   0.09
2004 12 11  0940   53350   34800  0  5.39e+02  1.80e+01  0  3.97e+03  3.12e+02  1.75e+01  3.13e+00  6.69e-01   0.13
2004 12 11  0945   53350   35100  0  4.85e+02  1.89e+01  0  3.88e+03  3.08e+02  1.63e+01  3.26e+00  5.80e-01   0.16
2004 12 11  0950   53350   35400  0  4.76e+02  1.87e+01  0  3.85e+03  3.03e+02  1.74e+01  3.18e+00  6.85e-01   0.09
2004 12 11  0955   53350   35700  0  4.94e+02  1.70e+01  0  3.81e+03  3.06e+02  1.87e+01  3.25e+00  5.35e-01   0.12
2004 12 11  1000   53350   36000  0  5.47e+02  1.72e+01  0  3.97e+03  3.22e+02  1.75e+01  2.79e+00  6.32e-01   0.29
2004 12 11  1005   53350   36300  0  5.34e+02  1.93e+01  0  3.87e+03  3.05e+02  1.69e+01  3.08e+00  5.37e-01   0.36
2004 12 11  1010   53350   36600  0  5.25e+02  1.80e+01  0  3.87e+03  3.12e+02  1.70e+01  3.03e+00  7.13e-01   0.18
2004 12 11  1015   53350   36900  0  5.27e+02  2.07e+01  0  3.98e+03  3.32e+02  1.92e+01  2.81e+00  8.01e-01   0.25
2004 12 11  1020   53350   37200  0  5.51e+02  1.67e+01  0  3.93e+03  3.09e+02  1.78e+01  2.69e+00  6.24e-01   0.05
2004 12 11  1025   53350   37500  0  4.67e+02  1.91e+01  0  3.92e+03  3.03e+02  1.74e+01  3.22e+00  6.32e-01   0.18
2004 12 11  1030   53350   37800  0  5.34e+02  1.78e+01  0  4.10e+03  3.07e+02  1.67e+01  3.01e+00  6.22e-01   0.03
2004 12 11  1035   53350   38100  0  5.01e+02  1.93e+01  0  4.11e+03  3.21e+02  1.76e+01  2.90e+00  5.53e-01   0.02
2004 12 11  1040   53350   38400  0  4.92e+02  2.40e+01  0  4.03e+03  3.18e+02  1.71e+01  2.62e+00  6.43e-01   0.29
2004 12 11  1045   53350   38700  0  4.64e+02  1.62e+01  0  4.21e+03  3.33e+02  1.76e+01  2.91e+00  7.38e-01   0.06
2004 12 11  1050   53350   39000  0  5.82e+02  1.65e+01  0  4.42e+03  3.47e+02  1.88e+01  2.50e+00  6.86e-01   0.19
2004 12 11  1055   53350   39300  0  5.19e+02  2.18e+01  0  5.21e+03  3.93e+02  1.95e+01  3.26e+00  7.38e-01   0.08
2004 12 11  1100   53350   39600  0  4.76e+02  1.86e+01  0  5.02e+03  3.83e+02  1.80e+01  3.18e+00  8.60e-01   0.26
2004 12 11  1105   53350   39900  0  5.42e+02  1.75e+01  0  4.73e+03  3.67e+02  1.78e+01  2.78e+00  5.60e-01   0.16
2004 12 11  1110   53350   40200  0  4.60e+02  1.68e+01  0  4.44e+03  3.38e+02  1.75e+01  2.97e+00  5.69e-01   0.08
2004 12 11  1115   53350   40500  0  5.37e+02  1.61e+01  0  4.30e+03  3.38e+02  1.82e+01  2.93e+00  5.79e-01   0.35
2004 12 11  1120   53350   40800  0  4.89e+02  2.07e+01  0  4.86e+03  3.72e+02  1.90e+01  3.30e+00  6.37e-01   0.10
2004 12 11  1125   53350   41100  0  5.46e+02  1.67e+01  0  4.74e+03  3.53e+02  1.75e+01  2.78e+00  7.15e-01   0.06
2004 12 11  1130   53350   41400  0  5.10e+02  1.60e+01  0  4.13e+03  3.12e+02  1.74e+01  2.72e+00  6.95e-01   0.24
2004 12 11  1135   53350   41700  0  4.13e+02  1.79e+01  0  4.24e+03  3.41e+02  1.75e+01  2.92e+00  8.02e-01   0.11
2004 12 11  1140   53350   42000  0  5.39e+02  1.79e+01  0  4.53e+03  3.57e+02  1.78e+01  2.71e+00  5.89e-01   0.09
2004 12 11  1145   53350   42300  0  5.03e+02  1.66e+01  0  4.87e+03  3.67e+02  1.81e+01  2.83e+00  6.53e-01   0.11
2004 12 11  1150   53350   42600  0  5.03e+02  1.74e+01  0  5.53e+03  4.14e+02  1.86e+01  3.32e+00  6.76e-01   0.20
2004 12 11  1155   53350   42900  0  4.75e+02  1.81e+01  0  5.61e+03  4.27e+02  1.99e+01  3.49e+00  7.53e-01   0.25
2004 12 11  1200   53350   43200  0  5.18e+02  1.62e+01  0  5.94e+03  4.46e+02  1.96e+01  2.91e+00  6.64e-01   0.05
2004 12 11  1205   53350   43500  0  4.93e+02  2.21e+01  0  5.97e+03  4.33e+02  1.95e+01  2.85e+00  7.40e-01   0.23
2004 12 11  1210   53350   43800  0  4.87e+02  1.78e+01  0  6.75e+03  4.83e+02  2.03e+01  2.86e+00  7.93e-01   0.10
2004 12 11  1215   53350   44100  0  5.72e+02  1.89e+01  0  7.82e+03  5.67e+02  2.25e+01  2.39e+00  7.69e-01   0.19
2004 12 11  1220   53350   44400  0  4.64e+02  1.68e+01  0  6.94e+03  4.87e+02  2.04e+01  2.92e+00  5.62e-01   0.17
2004 12 11  1225   53350   44700  0  4.65e+02  1.68e+01  0  7.72e+03  5.58e+02  2.06e+01  3.22e+00  7.48e-01   0.28
2004 12 11  1230   53350   45000  0  4.92e+02  1.93e+01  0  7.85e+03  5.62e+02  2.14e+01  2.76e+00  6.64e-01   0.11
2004 12 11  1235   53350   45300  0  5.14e+02  1.95e+01  0  8.74e+03  6.10e+02  2.35e+01  2.99e+00  7.85e-01   0.27
2004 12 11  1240   53350   45600  0  4.26e+02  1.93e+01  0  8.73e+03  6.00e+02  2.40e+01  3.12e+00  7.90e-01   0.22
2004 12 11  1245   53350   45900  0  4.66e+02  1.65e+01  0  7.98e+03  5.30e+02  1.96e+01  3.08e+00  8.47e-01   0.10
2004 12 11  1250   53350   46200  0  5.21e+02  1.43e+01  0  7.85e+03  5.18e+02  2.20e+01  2.56e+00  6.74e-01   0.27
2004 12 11  1255   53350   46500  0  4.82e+02  1.89e+01  0  8.54e+03  5.18e+02  1.98e+01  2.87e+00  7.59e-01   0.18
2004 12 11  1300   53350   46800  0  4.64e+02  1.80e+01  0  9.81e+03  5.93e+02  2.19e+01  3.01e+00  7.58e-01   0.19
2004 12 11  1305   53350   47100  0  5.92e+02  1.95e+01  0  8.58e+03  5.58e+02  2.10e+01  2.91e+00  6.74e-01   0.30
2004 12 11  1310   53350   47400  0  5.43e+02  1.78e+01  0  8.86e+03  5.98e+02  2.10e+01  2.58e+00  8.22e-01   0.12
2004 12 11  1315   53350   47700  0  5.88e+02  2.08e+01  0  8.42e+03  5.64e+02  2.11e+01  2.76e+00  7.31e-01   0.18
2004 12 11  1320   53350   48000  0  4.83e+02  1.89e+01  0  9.16e+03  6.15e+02  2.14e+01  3.01e+00  5.80e-01   0.09
2004 12 11  1325   53350   48300  0  5.52e+02  1.82e+01  0  9.57e+03  6.32e+02  2.09e+01  2.46e+00  6.08e-01   0.07
2004 12 11  1330   53350   48600  0  4.71e+02  1.59e+01  0  8.39e+03  5.57e+02  2.14e+01  2.59e+00  7.53e-01   0.06
2004 12 11  1335   53350   48900  0  5.16e+02  2.09e+01  0  8.89e+03  5.63e+02  2.08e+01  2.68e+00  7.06e-01   0.11
2004 12 11  1340   53350   49200  0  5.49e+02  1.81e+01  0  1.01e+04  6.57e+02  2.22e+01  2.50e+00  8.11e-01   0.28
2004 12 11  1345   53350   49500  0  4.84e+02  2.07e+01  0  8.87e+03  5.83e+02  2.00e+01  2.34e+00  5.12e-01   0.22
2004 12 11  1350   53350   49800  0  4.78e+02  1.80e+01  0  8.29e+03  5.12e+02  1.85e+01  2.08e+00  5.90e-01   0.35
2004 12 11  1355   53350   50100  0  5.79e+02  1.88e+01  0  9.26e+03  6.12e+02  1.99e+01  2.23e+00  5.41e-01   0.31
2004 12 11  1400   53350   50400  0  5.36e+02  2.06e+01  0  8.46e+03  5.67e+02  1.89e+01  1.89e+00  7.44e-01   0.30
2004 12 11  1405   53350   50700  0  5.64e+02  1.59e+01  0  9.66e+03  6.49e+02  2.11e+01  2.25e+00  6.37e-01   0.04
2004 12 11  1410   53350   51000  0  4.73e+02  1.80e+01  0  9.09e+03  6.01e+02  1.86e+01  2.16e+00  5.69e-01   0.36
2004 12 11  1415   53350   51300  0  6.07e+02  1.70e+01  0  8.45e+03  5.48e+02  1.85e+01  1.94e+00  6.18e-01   0.24
2004 12 11  1420   53350   51600  0  4.53e+02  2.18e+01  0  8.83e+03  5.79e+02  2.07e+01  1.96e+00  4.83e-01   0.12
2004 12 11  1425   53350   51900  0  4.87e+02  1.76e+01  0  8.57e+03  5.78e+02  2.14e+01  2.52e+00  5.48e-01   0.18
2004 12 11  1430   53350   52200  0  5.47e+02  2.07e+01  0  9.34e+03  6.28e+02  1.89e+01  2.25e+00  6.86e-01   0.03
2004 12 11  1435   53350   52500  0  4.68e+02  2.25e+01  0  5.21e+03  3.46e+02  1.52e+01  2.15e+00  5.79e-01   0.36
2004 12 11  1440   53350   52800  0  5.25e+02  1.91e+01  0  4.61e+03  2.95e+02  1.38e+01  1.81e+00  6.32e-01   0.06
2004 12 11  1445   53350   53100  0  5.75e+02  1.59e+01  0  5.24e+03  3.43e+02  1.41e+01  2.29e+00  4.93e-01   0.39
2004 12 11  1450   53350   53400  9 -1.00e+05 -1.00e+05  9 -1.00e+05 -1.00e+05 -1.00e+05 -1.00e+05 -1.00e+05  -1.00
2004 12 11  1455   53350   53700  9 -1.00e+05 -1.00e+05  9 -1.00e+05 -1.00e+05 -1.00e+05 -1.00e+05 -1.00e+05  -1.00
2004 12 11  1500   53350   54000  9 -1.00e+05 -1.00e+05  9 -1.00e+05 -1.00e+05 -1.00e+05 -1.00e+05 -1.00e+05  -1.00
2004 12 11  1505   53350   54300  9 -1.00e+05 -1.00e+05  9 -1.00e+05 -1.00e+05 -1.00e+05 -1.00e+05 -1.00e+05  -1.00
2004 12 11  1510   53350   54600  9 -1.00e+05 -1.00e+05  9 -1.00e+05 -1.00e+05 -1.00e+05 -1.00e+05 -1.00e+05  -1.00
2004 12 11  1515   53350   54900  0  3.81e+02  1.70e+01  0  3.00e+03  2.70e+02  1.35e+01  1.28e+00  8.34e-01   0.49
2004 12 11  1520   53350   55200  0  5.27e+02  1.80e+01  0  3.16e+03  2.79e+02  1.60e+01  3.04e+00  5.16e-01   0.28
2004 12 11  1525   53350   55500  0  4.50e+02  2.01e+01  0  3.33e+03  2.63e+02  1.54e+01  2.25e+00  3.92e-01   0.32
2004 12 11  1530   53350   55800  0  4.37e+02  1.78e+01  0  3.65e+03  2.72e+02  1.40e+01  2.29e+00  5.27e-01   0.33
2004 12 11  1535   53350   56100  0  4.65e+02  2.13e+01  0  3.60e+03  2.43e+02  1.22e+01  2.60e+00  4.74e-01   0.19
2004 12 11  1540   53350   56400  0  4.53e+02  2.07e+01  0  4.20e+03  2.78e+02  1.46e+01  1.89e+00  3.94e-01   0.26
2004 12 11  1545   53350   56700  0  4.87e+02  2.18e+01  0  3.91e+03  2.63e+02  1.29e+01  2.12e+00  4.64e-01   0.31
2004 12 11  1550   53350   57000  0  5.18e+02  1.89e+01  0  3.71e+03  2.24e+02  1.24e+01  2.27e+00  3.90e-01   0.37
2004 12 11  1555   53350   57300  0  5.31e+02  1.67e+01  0  3.87e+03  2.44e+02  1.10e+01  2.02e+00  4.01e-01   0.48
2004 12 11  1600   53350   57600  0  4.73e+02  1.84e+01  0  3.35e+03  2.02e+02  1.03e+01  2.33e+00  5.58e-01   0.34
2004 12 11  1605   53350   57900  0  4.56e+02  1.54e+01  0  3.33e+03  2.15e+02  1.04e+01  2.17e+00  3.77e-01   0.14
2004 12 11  1610   53350   58200  0  5.21e+02  2.09e+01  0  3.27e+03  2.03e+02  1.04e+01  2.34e+00  4.73e-01   0.18
2004 12 11  1615   53350   58500  0  5.09e+02  2.07e+01  0  4.19e+03  2.51e+02  1.06e+01  1.64e+00  3.37e-01   0.06
2004 12 11  1620   53350   58800  0  4.58e+02  2.30e+01  0  3.84e+03  2.31e+02  1.11e+01  2.40e+00  2.70e-01   0.39
2004 12 11  1625   53350   59100  0  4.45e+02  1.70e+01  0  3.74e+03  2.35e+02  1.09e+01  2.61e+00  4.73e-01   0.08
2004 12 11  1630   53350   59400  0  5.27e+02  1.99e+01  0  4.42e+03  2.72e+02  1.17e+01  2.31e+00  4.00e-01   0.13
2004 12 11  1635   53350   59700  0  4.63e+02  1.81e+01  0  4.08e+03  2.62e+02  1.15e+01  2.19e+00  4.35e-01   0.23
2004 12 11  1640   53350   60000  0  4.48e+02  1.58e+01  0  4.08e+03  2.60e+02  1.16e+01  2.32e+00  4.35e-01   0.33
2004 12 11  1645   53350   60300  0  4.50e+02  1.67e+01  0  4.11e+03  2.33e+02  1.05e+01  2.00e+00  5.31e-01   0.42
2004 12 11  1650   53350   60600  0  5.27e+02  1.72e+01  0  4.07e+03  2.46e+02  1.04e+01  2.12e+00  4.11e-01   0.33
2004 12 11  1655   53350   60900  0  4.33e+02  1.82e+01  0  3.89e+03  2.42e+02  1.02e+01  2.04e+00  4.35e-01   0.35
2004 12 11  1700   53350   61200  0  3.90e+02  1.45e+01  0  4.24e+03  2.57e+02  1.12e+01  1.77e+00  3.19e-01   0.23
2004 12 11  1705   53350   61500  0  5.74e+02  1.93e+01  0  4.22e+03  2.63e+02  1.01e+01  2.08e+00  3.48e-01   0.09
2004 12 11  1710   53350   61800  0  4.66e+02  2.07e+01  0  4.22e+03  2.68e+02  1.23e+01  2.21e+00  2.90e-01   0.27
2004 12 11  1715   53350   62100  0  4.71e+02  2.00e+01  0  4.12e+03  2.73e+02  1.25e+01  2.04e+00  3.96e-01   0.21
2004 12 11  1720   53350   62400  0  4.69e+02  1.68e+01  0  4.84e+03  2.98e+02  1.28e+01  1.81e+00  3.69e-01   0.17
2004 12 11  1725   53350   62700  0  4.88e+02  1.77e+01  0  4.96e+03  3.03e+02  1.08e+01  1.64e+00  3.21e-01   0.27
2004 12 11  1730   53350   63000  0  4.82e+02  2.11e+01  0  4.98e+03  2.94e+02  1.05e+01  2.06e+00  4.95e-01   0.24
2004 12 11  1735   53350   63300  0  4.55e+02  1.53e+01  0  4.99e+03  2.94e+02  1.03e+01  1.75e+00  4.74e-01   0.40
2004 12 11  1740   53350   63600  0  5.04e+02  1.80e+01  0  4.77e+03  2.62e+02  1.02e+01  1.64e+00  3.66e-01   0.39
2004 12 11  1745   53350   63900  0  5.07e+02  1.89e+01  0  4.91e+03  2.85e+02  1.00e+01  1.70e+00  3.27e-01   0.54
2004 12 11  1750   53350   64200  0  4.23e+02  1.84e+01  0  5.12e+03  2.97e+02  1.09e+01  1.75e+00  3.58e-01   0.23
2004 12 11  1755   53350   64500  0  4.87e+02  1.95e+01  0  5.28e+03  3.02e+02  1.19e+01  1.32e+00  4.81e-01   0.32
2004 12 11  1800   53350   64800  0  4.91e+02  1.64e+01  0  5.36e+03  3.02e+02  1.20e+01  1.62e+00  4.00e-01   0.19
2004 12 11  1805   53350   65100  0  4.61e+02  1.93e+01  0  5.10e+03  2.87e+02  1.08e+01  1.67e+00  4.73e-01   0.13
2004 12 11  1810   53350   65400  0  5.81e+02  1.82e+01  0  4.53e+03  2.60e+02  1.10e+01  1.50e+00  4.00e-01   0.35
2004 12 11  1815   53350   65700  0  5.48e+02  1.60e+01  0  5.22e+03  2.96e+02  1.07e+01  1.64e+00  3.90e-01   0.17
2004 12 11  1820   53350   66000  0  4.75e+02  2.04e+01  0  5.70e+03  3.16e+02  1.14e+01  1.71e+00  4.19e-01   0.24
2004 12 11  1825   53350   66300  0  4.49e+02  1.97e+01  0  5.24e+03  2.97e+02  1.08e+01  1.68e+00  3.79e-01   0.24
2004 12 11  1830   53350   66600  0  5.34e+02  1.78e+01  0  5.37e+03  3.01e+02  1.00e+01  1.83e+00  5.79e-01   0.27
2004 12 11  1835   53350   66900  0  4.53e+02  1.60e+01  0  5.89e+03  3.33e+02  1.07e+01  1.62e+00  4.10e-01   0.28
2004 12 11  1840   53350   67200  0  4.83e+02  1.87e+01  0  5.08e+03  2.85e+02  1.17e+01  1.58e+00  3.69e-01   0.28
2004 12 11  1845   53350   67500  0  5.08e+02  1.75e+01  0  4.97e+03  2.88e+02  1.06e+01  1.73e+00  3.38e-01   0.39
2004 12 11  1850   53350   67800  0  4.70e+02  1.79e+01  0  5.61e+03  3.23e+02  1.12e+01  1.62e+00  4.35e-01   0.36
2004 12 11  1855   53350   68100  0  5.95e+02  1.95e+01  0  5.62e+03  3.06e+02  1.09e+01  1.31e+00  4.43e-01   0.10
2004 12 11  1900   53350   68400  0  4.65e+02  1.61e+01  0  5.45e+03  2.91e+02  1.14e+01  1.58e+00  4.44e-01   0.07
2004 12 11  1905   53350   68700  0  4.98e+02  1.58e+01  0  5.35e+03  2.92e+02  1.03e+01  1.41e+00  4.93e-01   0.22
2004 12 11  1910   53350   69000  0  4.62e+02  1.97e+01  0  5.25e+03  2.76e+02  8.88e+00  1.43e+00  3.06e-01   0.08
2004 12 11  1915   53350   69300  0  5.06e+02  1.84e+01  0  5.67e+03  3.02e+02  1.08e+01  1.37e+00  3.57e-01   0.11
2004 12 11  1920   53350   69600  0  6.04e+02  2.00e+01  0  5.24e+03  2.73e+02  9.95e+00  1.31e+00  3.67e-01   0.36
2004 12 11  1925   53350   69900  0  4.84e+02  1.81e+01  0  4.48e+03  2.27e+02  9.07e+00  1.66e+00  3.48e-01   0.17
2004 12 11  1930   53350   70200  0  4.85e+02  2.13e+01  0  4.45e+03  2.14e+02  9.05e+00  1.52e+00  4.95e-01   0.22
2004 12 11  1935   53350   70500  0  5.16e+02  1.74e+01  0  4.64e+03  2.35e+02  7.84e+00  1.64e+00  3.48e-01   0.25
2004 12 11  1940   53350   70800  0  5.54e+02  1.63e+01  0  5.36e+03  2.84e+02  9.26e+00  1.45e+00  3.48e-01   0.19
2004 12 11  1945   53350   71100  0  5.27e+02  1.45e+01  0  5.30e+03  2.67e+02  9.93e+00  1.56e+00  3.48e-01   0.19
2004 12 11  1950   53350   71400  0  4.79e+02  1.45e+01  0  4.96e+03  2.44e+02  8.25e+00  1.58e+00  4.40e-01   0.20
2004 12 11  1955   53350   71700  0  5.74e+02  2.04e+01  0  5.00e+03  2.52e+02  9.83e+00  1.43e+00  3.77e-01   0.13
2004 12 11  2000   53350   72000  0  5.03e+02  2.03e+01  0  4.72e+03  2.36e+02  8.95e+00  1.52e+00  3.58e-01   0.17
2004 12 11  2005   53350   72300  0  4.91e+02  1.98e+01  0  4.11e+03  1.99e+02  7.43e+00  1.58e+00  4.01e-01   0.10
2004 12 11  2010   53350   72600  0  5.47e+02  1.68e+01  0  4.03e+03  1.83e+02  8.29e+00  1.73e+00  2.42e-01   0.15
2004 12 11  2015   53350   72900  0  6.28e+02  1.84e+01  0  3.84e+03  1.84e+02  6.95e+00  1.70e+00  3.06e-01   0.14
2004 12 11  2020   53350   73200  0  4.70e+02  1.70e+01  0  4.23e+03  1.96e+02  7.24e+00  1.27e+00  4.28e-01   0.13
2004 12 11  2025   53350   73500  0  4.53e+02  1.95e+01  0  3.80e+03  1.83e+02  6.75e+00  1.37e+00  3.69e-01   0.08
2004 12 11  2030   53350   73800  0  5.39e+02  1.80e+01  0  3.92e+03  1.76e+02  7.51e+00  1.16e+00  2.74e-01   0.42
2004 12 11  2035   53350   74100  0  4.93e+02  1.80e+01  0  3.81e+03  1.73e+02  7.77e+00  1.51e+00  3.48e-01   0.06
2004 12 11  2040   53350   74400  0  5.20e+02  1.49e+01  0  3.64e+03  1.59e+02  5.93e+00  1.75e+00  3.90e-01   0.35
2004 12 11  2045   53350   74700  0  5.31e+02  2.16e+01  0  3.42e+03  1.52e+02  7.06e+00  1.43e+00  2.87e-01   0.64
2004 12 11  2050   53350   75000  0  5.75e+02  1.57e+01  0  3.51e+03  1.66e+02  6.62e+00  1.58e+00  2.43e-01   0.24
2004 12 11  2055   53350   75300  0  5.32e+02  2.01e+01  0  3.49e+03  1.55e+02  6.03e+00  1.52e+00  4.32e-01   0.32
2004 12 11  2100   53350   75600  0  5.63e+02  2.01e+01  0  3.34e+03  1.51e+02  5.85e+00  1.64e+00  3.12e-01   0.55
2004 12 11  2105   53350   75900  0  5.88e+02  2.01e+01  0  3.39e+03  1.45e+02  6.52e+00  1.06e+00  3.58e-01   0.28
2004 12 11  2110   53350   76200  0  4.91e+02  1.95e+01  0  3.30e+03  1.41e+02  7.11e+00  1.31e+00  2.84e-01   0.25
2004 12 11  2115   53350   76500  0  4.99e+02  1.47e+01  0  3.57e+03  1.61e+02  6.68e+00  1.07e+00  3.12e-01   0.19
2004 12 11  2120   53350   76800  0  6.04e+02  1.84e+01  0  3.52e+03  1.49e+02  6.49e+00  1.14e+00  3.27e-01   0.49
2004 12 11  2125   53350   77100  0  5.04e+02  1.44e+01  0  3.13e+03  1.24e+02  5.95e+00  1.26e+00  2.41e-01   0.42
2004 12 11  2130   53350   77400  0  5.62e+02  1.58e+01  0  3.33e+03  1.47e+02  6.43e+00  1.14e+00  2.41e-01   0.28
2004 12 11  2135   53350   77700  0  4.94e+02  1.64e+01  0  3.37e+03  1.62e+02  6.69e+00  1.31e+00  3.58e-01   0.27
2004 12 11  2140   53350   78000  0  4.96e+02  1.82e+01  0  3.33e+03  1.50e+02  6.76e+00  1.49e+00  2.32e-01   0.43
2004 12 11  2145   53350   78300  0  4.63e+02  2.00e+01  0  3.44e+03  1.55e+02  7.66e+00  1.28e+00  2.61e-01   0.58
2004 12 11  2150   53350   78600  0  5.32e+02  1.47e+01  0  3.43e+03  1.55e+02  6.29e+00  1.06e+00  2.42e-01   0.20
2004 12 11  2155   53350   78900  0  5.31e+02  1.90e+01  0  3.31e+03  1.46e+02  7.27e+00  1.28e+00  3.28e-01   0.30
2004 12 11  2200   53350   79200  0  5.54e+02  1.97e+01  0  3.31e+03  1.53e+02  6.43e+00  1.35e+00  3.38e-01   0.64
2004 12 11  2205   53350   79500  0  5.14e+02  1.61e+01  0  2.99e+03  1.49e+02  7.78e+00  1.33e+00  3.28e-01   0.08
2004 12 11  2210   53350   79800  0  6.13e+02  1.80e+01  0  3.02e+03  1.40e+02  7.38e+00  1.52e+00  3.58e-01   0.16
2004 12 11  2215   53350   80100  0  5.64e+02  2.00e+01  0  3.08e+03  1.48e+02  7.00e+00  1.47e+00  2.99e-01   0.08
2004 12 11  2220   53350   80400  0  5.49e+02  1.74e+01  0  3.16e+03  1.48e+02  7.57e+00  1.72e+00  3.86e-01   0.18
2004 12 11  2225   53350   80700  0  4.31e+02  2.13e+01  0  3.00e+03  1.50e+02  7.21e+00  1.35e+00  3.48e-01   0.27
2004 12 11  2230   53350   81000  0  5.11e+02  1.86e+01  0  3.13e+03  1.52e+02  7.42e+00  1.28e+00  2.32e-01   0.18
2004 12 11  2235   53350   81300  0  4.96e+02  1.95e+01  0  3.02e+03  1.46e+02  5.62e+00  1.51e+00  2.61e-01   0.15
2004 12 11  2240   53350   81600  0  4.89e+02  1.68e+01  0  2.55e+03  1.13e+02  6.33e+00  1.23e+00  3.90e-01   0.50
2004 12 11  2245   53350   81900  0  5.40e+02  1.96e+01  0  2.54e+03  1.19e+02  5.55e+00  1.67e+00  2.76e-01   0.12
2004 12 11  2250   53350   82200  0  4.74e+02  2.03e+01  0  2.71e+03  1.22e+02  5.83e+00  1.73e+00  2.84e-01   0.21
2004 12 11  2255   53350   82500  0  5.43e+02  1.93e+01  0  2.60e+03  1.18e+02  5.70e+00  1.56e+00  3.69e-01   0.28
2004 12 11  2300   53350   82800  0  4.78e+02  1.82e+01  0  2.53e+03  1.10e+02  5.30e+00  1.60e+00  3.48e-01   0.30
2004 12 11  2305   53350   83100  0  5.48e+02  1.84e+01  0  2.69e+03  1.23e+02  6.03e+00  1.04e+00  2.95e-01   0.13
2004 12 11  2310   53350   83400  0  4.92e+02  1.72e+01  0  2.69e+03  1.20e+02  5.87e+00  1.27e+00  3.06e-01   0.17
2004 12 11  2315   53350   83700  0  4.71e+02  1.67e+01  0  2.64e+03  1.21e+02  5.99e+00  1.46e+00  3.48e-01   0.30
2004 12 11  2320   53350   84000  0  5.54e+02  1.87e+01  0  2.65e+03  1.25e+02  5.44e+00  1.70e+00  2.84e-01   0.13
2004 12 11  2325   53350   84300  0  4.61e+02  1.86e+01  0  2.64e+03  1.19e+02  5.74e+00  1.53e+00  2.32e-01   0.08
2004 12 11  2330   53350   84600  0  4.87e+02  1.86e+01  0  2.82e+03  1.27e+02  6.49e+00  1.41e+00  2.42e-01   0.19
2004 12 11  2335   53350   84900  0  4.89e+02  1.99e+01  0  2.79e+03  1.56e+02  8.00e+00  1.66e+00  3.06e-01   0.24
2004 12 11  2340   53350   85200  0  4.58e+02  1.59e+01  0  3.43e+03  1.93e+02  7.49e+00  1.42e+00  2.85e-01   0.15
2004 12 11  2345   53350   85500  0  4.71e+02  1.43e+01  0  3.41e+03  1.95e+02  9.15e+00  1.37e+00  2.74e-01   0.25
2004 12 11  2350   53350   85800  0  4.22e+02  1.68e+01  0  3.19e+03  1.88e+02  9.64e+00  1.46e+00  3.90e-01   0.21
2004 12 11  2355   53350   86100  0  4.88e+02  1.49e+01  0  3.27e+03  1.79e+02  9.79e+00  1.42e+00  3.66e-01   0.26
