:Data_list: 20040705_ace_sis_5m.txt
:Created: 2004 Jul 06 0011 UT
# Prepared by the U.S. Dept. of Commerce, NOAA, Space Environment Center.
# Please send comments and suggestions to SEC.Webmaster@noaa.gov 
# 
# Units: proton flux p/cs2-sec-ster
# Status(S): 0 = nominal data, 1 to 8 = bad data record, 9 = no data
# Missing data values: -1.00e+05
# Source: ACE Satellite - Solar Isotope Spectrometer
#
# 5-minute averaged Real-time Integral Flux of High-energy Solar Protons
# 
#                 Modified Seconds
# UT Date   Time   Julian  of the      ---- Integral Proton Flux ----
# YR MO DA  HHMM     Day     Day       S    > 10 MeV    S    > 30 MeV
#--------------------------------------------------------------------
2004 07 05  0000    53191       0      0    1.09e+00    0    7.66e-01
2004 07 05  0005    53191     300      0    1.07e+00    0    7.59e-01
2004 07 05  0010    53191     600      0    1.06e+00    0    7.53e-01
2004 07 05  0015    53191     900      0    1.08e+00    0    7.63e-01
2004 07 05  0020    53191    1200      0    1.06e+00    0    7.43e-01
2004 07 05  0025    53191    1500      0    1.09e+00    0    7.69e-01
2004 07 05  0030    53191    1800      0    1.08e+00    0    7.62e-01
2004 07 05  0035    53191    2100      0    1.17e+00    0    7.60e-01
2004 07 05  0040    53191    2400      0    1.08e+00    0    7.52e-01
2004 07 05  0045    53191    2700      0    1.07e+00    0    7.56e-01
2004 07 05  0050    53191    3000      0    1.08e+00    0    7.65e-01
2004 07 05  0055    53191    3300      0    1.05e+00    0    7.34e-01
2004 07 05  0100    53191    3600      0    1.11e+00    0    7.78e-01
2004 07 05  0105    53191    3900      0    1.08e+00    0    7.51e-01
2004 07 05  0110    53191    4200      0    1.07e+00    0    7.52e-01
2004 07 05  0115    53191    4500      0    1.07e+00    0    7.57e-01
2004 07 05  0120    53191    4800      0    1.07e+00    0    7.44e-01
2004 07 05  0125    53191    5100      0    1.06e+00    0    7.38e-01
2004 07 05  0130    53191    5400      0    1.10e+00    0    7.79e-01
2004 07 05  0135    53191    5700      0    1.08e+00    0    7.48e-01
2004 07 05  0140    53191    6000      0    1.08e+00    0    7.56e-01
2004 07 05  0145    53191    6300      0    1.07e+00    0    7.51e-01
2004 07 05  0150    53191    6600      0    1.09e+00    0    7.68e-01
2004 07 05  0155    53191    6900      0    1.07e+00    0    7.57e-01
2004 07 05  0200    53191    7200      0    1.07e+00    0    7.49e-01
2004 07 05  0205    53191    7500      0    1.10e+00    0    7.79e-01
2004 07 05  0210    53191    7800      0    1.08e+00    0    7.59e-01
2004 07 05  0215    53191    8100      0    1.07e+00    0    7.54e-01
2004 07 05  0220    53191    8400      0    1.08e+00    0    7.58e-01
2004 07 05  0225    53191    8700      0    1.07e+00    0    7.51e-01
2004 07 05  0230    53191    9000      0    1.05e+00    0    7.39e-01
2004 07 05  0235    53191    9300      0    1.08e+00    0    7.57e-01
2004 07 05  0240    53191    9600      0    1.06e+00    0    7.42e-01
2004 07 05  0245    53191    9900      0    1.06e+00    0    7.44e-01
2004 07 05  0250    53191   10200      0    1.07e+00    0    7.53e-01
2004 07 05  0255    53191   10500      0    1.09e+00    0    7.77e-01
2004 07 05  0300    53191   10800      0    1.07e+00    0    7.56e-01
2004 07 05  0305    53191   11100      0    1.06e+00    0    7.50e-01
2004 07 05  0310    53191   11400      0    1.06e+00    0    7.43e-01
2004 07 05  0315    53191   11700      0    1.07e+00    0    7.51e-01
2004 07 05  0320    53191   12000      0    1.08e+00    0    7.55e-01
2004 07 05  0325    53191   12300      0    1.07e+00    0    7.54e-01
2004 07 05  0330    53191   12600      0    1.07e+00    0    7.58e-01
2004 07 05  0335    53191   12900      0    1.07e+00    0    7.62e-01
2004 07 05  0340    53191   13200      0    1.09e+00    0    7.62e-01
2004 07 05  0345    53191   13500      0    1.12e+00    0    7.80e-01
2004 07 05  0350    53191   13800      0    1.05e+00    0    7.36e-01
2004 07 05  0355    53191   14100      0    1.05e+00    0    7.48e-01
2004 07 05  0400    53191   14400      0    1.07e+00    0    7.47e-01
2004 07 05  0405    53191   14700      0    1.07e+00    0    7.56e-01
2004 07 05  0410    53191   15000      0    1.07e+00    0    7.59e-01
2004 07 05  0415    53191   15300      0    1.07e+00    0    7.40e-01
2004 07 05  0420    53191   15600      0    1.08e+00    0    7.61e-01
2004 07 05  0425    53191   15900      0    1.07e+00    0    7.56e-01
2004 07 05  0430    53191   16200      0    1.08e+00    0    7.50e-01
2004 07 05  0435    53191   16500      0    1.09e+00    0    7.63e-01
2004 07 05  0440    53191   16800      0    1.06e+00    0    7.52e-01
2004 07 05  0445    53191   17100      0    1.05e+00    0    7.31e-01
2004 07 05  0450    53191   17400      0    1.07e+00    0    7.57e-01
2004 07 05  0455    53191   17700      0    1.07e+00    0    7.53e-01
2004 07 05  0500    53191   18000      0    1.11e+00    0    7.86e-01
2004 07 05  0505    53191   18300      0    1.09e+00    0    7.76e-01
2004 07 05  0510    53191   18600      0    1.06e+00    0    7.40e-01
2004 07 05  0515    53191   18900      0    1.07e+00    0    7.53e-01
2004 07 05  0520    53191   19200      0    1.08e+00    0    7.62e-01
2004 07 05  0525    53191   19500      0    1.09e+00    0    7.59e-01
2004 07 05  0530    53191   19800      0    1.06e+00    0    7.55e-01
2004 07 05  0535    53191   20100      0    1.07e+00    0    7.50e-01
2004 07 05  0540    53191   20400      0    1.10e+00    0    7.88e-01
2004 07 05  0545    53191   20700      0    1.11e+00    0    7.83e-01
2004 07 05  0550    53191   21000      0    1.06e+00    0    7.42e-01
2004 07 05  0555    53191   21300      0    1.07e+00    0    7.51e-01
2004 07 05  0600    53191   21600      0    1.09e+00    0    7.69e-01
2004 07 05  0605    53191   21900      0    1.09e+00    0    7.64e-01
2004 07 05  0610    53191   22200      0    1.07e+00    0    7.53e-01
2004 07 05  0615    53191   22500      0    1.09e+00    0    7.62e-01
2004 07 05  0620    53191   22800      0    1.06e+00    0    7.50e-01
2004 07 05  0625    53191   23100      0    1.09e+00    0    7.59e-01
2004 07 05  0630    53191   23400      0    1.09e+00    0    7.63e-01
2004 07 05  0635    53191   23700      0    1.08e+00    0    7.62e-01
2004 07 05  0640    53191   24000      0    1.09e+00    0    7.66e-01
2004 07 05  0645    53191   24300      0    1.10e+00    0    7.77e-01
2004 07 05  0650    53191   24600      0    1.10e+00    0    7.77e-01
2004 07 05  0655    53191   24900      0    1.09e+00    0    7.69e-01
2004 07 05  0700    53191   25200      0    1.08e+00    0    7.58e-01
2004 07 05  0705    53191   25500      0    1.08e+00    0    7.61e-01
2004 07 05  0710    53191   25800      0    1.07e+00    0    7.54e-01
2004 07 05  0715    53191   26100      0    1.09e+00    0    7.74e-01
2004 07 05  0720    53191   26400      0    1.07e+00    0    7.46e-01
2004 07 05  0725    53191   26700      0    1.11e+00    0    7.74e-01
2004 07 05  0730    53191   27000      0    1.09e+00    0    7.61e-01
2004 07 05  0735    53191   27300      0    1.06e+00    0    7.51e-01
2004 07 05  0740    53191   27600      0    1.09e+00    0    7.64e-01
2004 07 05  0745    53191   27900      0    1.08e+00    0    7.70e-01
2004 07 05  0750    53191   28200      0    1.12e+00    0    7.94e-01
2004 07 05  0755    53191   28500      0    1.09e+00    0    7.64e-01
2004 07 05  0800    53191   28800      0    1.05e+00    0    7.34e-01
2004 07 05  0805    53191   29100      0    1.06e+00    0    7.49e-01
2004 07 05  0810    53191   29400      0    1.10e+00    0    7.77e-01
2004 07 05  0815    53191   29700      0    1.10e+00    0    7.77e-01
2004 07 05  0820    53191   30000      0    1.08e+00    0    7.53e-01
2004 07 05  0825    53191   30300      0    1.08e+00    0    7.62e-01
2004 07 05  0830    53191   30600      0    1.11e+00    0    7.73e-01
2004 07 05  0835    53191   30900      0    1.12e+00    0    7.87e-01
2004 07 05  0840    53191   31200      0    1.09e+00    0    7.63e-01
2004 07 05  0845    53191   31500      0    1.11e+00    0    7.82e-01
2004 07 05  0850    53191   31800      0    1.08e+00    0    7.62e-01
2004 07 05  0855    53191   32100      0    1.07e+00    0    7.50e-01
2004 07 05  0900    53191   32400      0    1.06e+00    0    7.49e-01
2004 07 05  0905    53191   32700      0    1.12e+00    0    7.83e-01
2004 07 05  0910    53191   33000      0    1.13e+00    0    7.99e-01
2004 07 05  0915    53191   33300      0    1.07e+00    0    7.64e-01
2004 07 05  0920    53191   33600      0    1.06e+00    0    7.53e-01
2004 07 05  0925    53191   33900      0    1.08e+00    0    7.64e-01
2004 07 05  0930    53191   34200      0    1.09e+00    0    7.76e-01
2004 07 05  0935    53191   34500      0    1.09e+00    0    7.63e-01
2004 07 05  0940    53191   34800      0    1.05e+00    0    7.32e-01
2004 07 05  0945    53191   35100      0    1.10e+00    0    7.78e-01
2004 07 05  0950    53191   35400      0    1.07e+00    0    7.54e-01
2004 07 05  0955    53191   35700      0    1.10e+00    0    7.76e-01
2004 07 05  1000    53191   36000      0    1.08e+00    0    7.57e-01
2004 07 05  1005    53191   36300      0    1.09e+00    0    7.53e-01
2004 07 05  1010    53191   36600      0    1.06e+00    0    7.43e-01
2004 07 05  1015    53191   36900      0    1.12e+00    0    7.93e-01
2004 07 05  1020    53191   37200      0    1.09e+00    0    7.66e-01
2004 07 05  1025    53191   37500      0    1.12e+00    0    7.90e-01
2004 07 05  1030    53191   37800      0    1.08e+00    0    7.64e-01
2004 07 05  1035    53191   38100      0    1.08e+00    0    7.59e-01
2004 07 05  1040    53191   38400      0    1.08e+00    0    7.68e-01
2004 07 05  1045    53191   38700      0    1.09e+00    0    7.63e-01
2004 07 05  1050    53191   39000      0    1.08e+00    0    7.57e-01
2004 07 05  1055    53191   39300      0    1.09e+00    0    7.78e-01
2004 07 05  1100    53191   39600      0    1.08e+00    0    7.51e-01
2004 07 05  1105    53191   39900      0    1.09e+00    0    7.62e-01
2004 07 05  1110    53191   40200      0    1.10e+00    0    7.66e-01
2004 07 05  1115    53191   40500      0    1.10e+00    0    7.71e-01
2004 07 05  1120    53191   40800      0    1.11e+00    0    7.73e-01
2004 07 05  1125    53191   41100      0    1.07e+00    0    7.56e-01
2004 07 05  1130    53191   41400      0    1.06e+00    0    7.38e-01
2004 07 05  1135    53191   41700      0    1.06e+00    0    7.51e-01
2004 07 05  1140    53191   42000      0    1.12e+00    0    7.89e-01
2004 07 05  1145    53191   42300      0    1.08e+00    0    7.66e-01
2004 07 05  1150    53191   42600      0    1.10e+00    0    7.69e-01
2004 07 05  1155    53191   42900      0    1.06e+00    0    7.43e-01
2004 07 05  1200    53191   43200      0    1.07e+00    0    7.53e-01
2004 07 05  1205    53191   43500      0    1.09e+00    0    7.71e-01
2004 07 05  1210    53191   43800      0    1.09e+00    0    7.72e-01
2004 07 05  1215    53191   44100      0    1.10e+00    0    7.71e-01
2004 07 05  1220    53191   44400      0    1.11e+00    0    7.84e-01
2004 07 05  1225    53191   44700      0    8.74e-01    0    6.00e-01
2004 07 05  1230    53191   45000      0    1.11e+00    0    7.81e-01
2004 07 05  1235    53191   45300      0    1.11e+00    0    7.82e-01
2004 07 05  1240    53191   45600      0    1.07e+00    0    7.48e-01
2004 07 05  1245    53191   45900      0    1.09e+00    0    7.73e-01
2004 07 05  1250    53191   46200      0    1.09e+00    0    7.62e-01
2004 07 05  1255    53191   46500      0    1.08e+00    0    7.64e-01
2004 07 05  1300    53191   46800      0    1.10e+00    0    7.59e-01
2004 07 05  1305    53191   47100      0    1.08e+00    0    7.66e-01
2004 07 05  1310    53191   47400      0    1.10e+00    0    7.69e-01
2004 07 05  1315    53191   47700      0    1.09e+00    0    7.78e-01
2004 07 05  1320    53191   48000      0    1.09e+00    0    7.70e-01
2004 07 05  1325    53191   48300      0    1.12e+00    0    7.83e-01
2004 07 05  1330    53191   48600      0    1.09e+00    0    7.59e-01
2004 07 05  1335    53191   48900      0    1.09e+00    0    7.76e-01
2004 07 05  1340    53191   49200      0    1.10e+00    0    7.78e-01
2004 07 05  1345    53191   49500      0    1.09e+00    0    7.63e-01
2004 07 05  1350    53191   49800      0    1.12e+00    0    7.91e-01
2004 07 05  1355    53191   50100      0    1.07e+00    0    7.50e-01
2004 07 05  1400    53191   50400      0    1.09e+00    0    7.71e-01
2004 07 05  1405    53191   50700      0    1.07e+00    0    7.67e-01
2004 07 05  1410    53191   51000      0    1.12e+00    0    7.82e-01
2004 07 05  1415    53191   51300      0    1.09e+00    0    7.68e-01
2004 07 05  1420    53191   51600      0    1.09e+00    0    7.60e-01
2004 07 05  1425    53191   51900      0    1.06e+00    0    7.47e-01
2004 07 05  1430    53191   52200      0    1.09e+00    0    7.77e-01
2004 07 05  1435    53191   52500      0    1.08e+00    0    7.58e-01
2004 07 05  1440    53191   52800      0    1.09e+00    0    7.67e-01
2004 07 05  1445    53191   53100      0    1.09e+00    0    7.67e-01
2004 07 05  1450    53191   53400      0    1.08e+00    0    7.61e-01
2004 07 05  1455    53191   53700      0    1.09e+00    0    7.76e-01
2004 07 05  1500    53191   54000      0    1.08e+00    0    7.63e-01
2004 07 05  1505    53191   54300      0    1.12e+00    0    7.88e-01
2004 07 05  1510    53191   54600      0    1.07e+00    0    7.58e-01
2004 07 05  1515    53191   54900      0    1.09e+00    0    7.63e-01
2004 07 05  1520    53191   55200      0    1.10e+00    0    7.71e-01
2004 07 05  1525    53191   55500      0    1.10e+00    0    7.72e-01
2004 07 05  1530    53191   55800      0    1.11e+00    0    7.87e-01
2004 07 05  1535    53191   56100      0    1.09e+00    0    7.71e-01
2004 07 05  1540    53191   56400      0    1.09e+00    0    7.66e-01
2004 07 05  1545    53191   56700      0    1.07e+00    0    7.55e-01
2004 07 05  1550    53191   57000      0    1.05e+00    0    7.43e-01
2004 07 05  1555    53191   57300      0    1.12e+00    0    7.89e-01
2004 07 05  1600    53191   57600      0    1.07e+00    0    7.45e-01
2004 07 05  1605    53191   57900      0    1.07e+00    0    7.52e-01
2004 07 05  1610    53191   58200      0    1.07e+00    0    7.66e-01
2004 07 05  1615    53191   58500      0    1.08e+00    0    7.58e-01
2004 07 05  1620    53191   58800      0    1.09e+00    0    7.60e-01
2004 07 05  1625    53191   59100      0    1.09e+00    0    7.62e-01
2004 07 05  1630    53191   59400      0    1.08e+00    0    7.62e-01
2004 07 05  1635    53191   59700      0    1.09e+00    0    7.78e-01
2004 07 05  1640    53191   60000      0    1.07e+00    0    7.55e-01
2004 07 05  1645    53191   60300      0    1.12e+00    0    7.82e-01
2004 07 05  1650    53191   60600      0    1.09e+00    0    7.77e-01
2004 07 05  1655    53191   60900      0    1.10e+00    0    7.77e-01
2004 07 05  1700    53191   61200      0    1.09e+00    0    7.79e-01
2004 07 05  1705    53191   61500      0    1.08e+00    0    7.52e-01
2004 07 05  1710    53191   61800      0    1.09e+00    0    7.71e-01
2004 07 05  1715    53191   62100      0    1.09e+00    0    7.67e-01
2004 07 05  1720    53191   62400      0    1.08e+00    0    7.57e-01
2004 07 05  1725    53191   62700      0    1.07e+00    0    7.47e-01
2004 07 05  1730    53191   63000      0    1.08e+00    0    7.58e-01
2004 07 05  1735    53191   63300      0    1.10e+00    0    7.70e-01
2004 07 05  1740    53191   63600      0    1.08e+00    0    7.71e-01
2004 07 05  1745    53191   63900      0    1.08e+00    0    7.60e-01
2004 07 05  1750    53191   64200      0    1.10e+00    0    7.69e-01
2004 07 05  1755    53191   64500      0    1.09e+00    0    7.77e-01
2004 07 05  1800    53191   64800      0    1.11e+00    0    7.82e-01
2004 07 05  1805    53191   65100      0    1.10e+00    0    7.69e-01
2004 07 05  1810    53191   65400      0    1.09e+00    0    7.68e-01
2004 07 05  1815    53191   65700      0    1.07e+00    0    7.60e-01
2004 07 05  1820    53191   66000      0    1.10e+00    0    7.70e-01
2004 07 05  1825    53191   66300      0    1.09e+00    0    7.77e-01
2004 07 05  1830    53191   66600      0    1.09e+00    0    7.63e-01
2004 07 05  1835    53191   66900      0    1.07e+00    0    7.54e-01
2004 07 05  1840    53191   67200      0    1.07e+00    0    7.51e-01
2004 07 05  1845    53191   67500      0    1.10e+00    0    7.74e-01
2004 07 05  1850    53191   67800      0    1.05e+00    0    7.34e-01
2004 07 05  1855    53191   68100      0    1.11e+00    0    7.80e-01
2004 07 05  1900    53191   68400      0    1.09e+00    0    7.69e-01
2004 07 05  1905    53191   68700      0    1.10e+00    0    7.73e-01
2004 07 05  1910    53191   69000      0    1.06e+00    0    7.51e-01
2004 07 05  1915    53191   69300      0    1.07e+00    0    7.53e-01
2004 07 05  1920    53191   69600      0    1.07e+00    0    7.45e-01
2004 07 05  1925    53191   69900      0    1.10e+00    0    7.68e-01
2004 07 05  1930    53191   70200      0    1.08e+00    0    7.55e-01
2004 07 05  1935    53191   70500      0    1.05e+00    0    7.32e-01
2004 07 05  1940    53191   70800      0    1.08e+00    0    7.64e-01
2004 07 05  1945    53191   71100      0    1.07e+00    0    7.50e-01
2004 07 05  1950    53191   71400      0    1.09e+00    0    7.64e-01
2004 07 05  1955    53191   71700      0    1.08e+00    0    7.52e-01
2004 07 05  2000    53191   72000      0    1.11e+00    0    7.81e-01
2004 07 05  2005    53191   72300      0    1.10e+00    0    7.79e-01
2004 07 05  2010    53191   72600      0    1.06e+00    0    7.42e-01
2004 07 05  2015    53191   72900      0    1.10e+00    0    7.68e-01
2004 07 05  2020    53191   73200      0    1.07e+00    0    7.54e-01
2004 07 05  2025    53191   73500      0    1.11e+00    0    7.80e-01
2004 07 05  2030    53191   73800      0    1.07e+00    0    7.51e-01
2004 07 05  2035    53191   74100      0    1.07e+00    0    7.57e-01
2004 07 05  2040    53191   74400      0    1.08e+00    0    7.56e-01
2004 07 05  2045    53191   74700      0    1.08e+00    0    7.62e-01
2004 07 05  2050    53191   75000      0    1.11e+00    0    7.87e-01
2004 07 05  2055    53191   75300      0    1.09e+00    0    7.60e-01
2004 07 05  2100    53191   75600      0    1.09e+00    0    7.67e-01
2004 07 05  2105    53191   75900      0    1.09e+00    0    7.70e-01
2004 07 05  2110    53191   76200      0    1.09e+00    0    7.76e-01
2004 07 05  2115    53191   76500      0    1.09e+00    0    7.66e-01
2004 07 05  2120    53191   76800      0    1.09e+00    0    7.67e-01
2004 07 05  2125    53191   77100      0    1.11e+00    0    7.83e-01
2004 07 05  2130    53191   77400      0    1.10e+00    0    7.83e-01
2004 07 05  2135    53191   77700      0    1.10e+00    0    7.74e-01
2004 07 05  2140    53191   78000      0    1.08e+00    0    7.60e-01
2004 07 05  2145    53191   78300      0    1.09e+00    0    7.63e-01
2004 07 05  2150    53191   78600      0    1.08e+00    0    7.58e-01
2004 07 05  2155    53191   78900      0    1.09e+00    0    7.63e-01
2004 07 05  2200    53191   79200      0    1.09e+00    0    7.68e-01
2004 07 05  2205    53191   79500      0    1.10e+00    0    7.78e-01
2004 07 05  2210    53191   79800      0    1.06e+00    0    7.37e-01
2004 07 05  2215    53191   80100      0    1.09e+00    0    7.76e-01
2004 07 05  2220    53191   80400      0    1.08e+00    0    7.60e-01
2004 07 05  2225    53191   80700      0    1.11e+00    0    7.78e-01
2004 07 05  2230    53191   81000      0    1.09e+00    0    7.72e-01
2004 07 05  2235    53191   81300      0    1.10e+00    0    7.72e-01
2004 07 05  2240    53191   81600      0    1.10e+00    0    7.67e-01
2004 07 05  2245    53191   81900      0    1.09e+00    0    7.53e-01
2004 07 05  2250    53191   82200      0    1.09e+00    0    7.63e-01
2004 07 05  2255    53191   82500      0    1.12e+00    0    7.88e-01
2004 07 05  2300    53191   82800      0    1.08e+00    0    7.64e-01
2004 07 05  2305    53191   83100      0    1.10e+00    0    7.76e-01
2004 07 05  2310    53191   83400      0    1.10e+00    0    7.73e-01
2004 07 05  2315    53191   83700      0    1.10e+00    0    7.72e-01
2004 07 05  2320    53191   84000      0    1.10e+00    0    7.71e-01
2004 07 05  2325    53191   84300      0    1.06e+00    0    7.58e-01
2004 07 05  2330    53191   84600      0    1.07e+00    0    7.53e-01
2004 07 05  2335    53191   84900      0    1.05e+00    0    7.30e-01
2004 07 05  2340    53191   85200      0    1.07e+00    0    7.43e-01
2004 07 05  2345    53191   85500      0    1.07e+00    0    7.51e-01
2004 07 05  2350    53191   85800      0    1.07e+00    0    7.54e-01
2004 07 05  2355    53191   86100      0    1.08e+00    0    7.61e-01
