:Data_list: 20040328_ace_sis_5m.txt
:Created: 2004 Mar 29 0011 UT
# Prepared by the U.S. Dept. of Commerce, NOAA, Space Environment Center.
# Please send comments and suggestions to SEC.Webmaster@noaa.gov 
# 
# Units: proton flux p/cs2-sec-ster
# Status(S): 0 = nominal data, 1 to 8 = bad data record, 9 = no data
# Missing data values: -1.00e+05
# Source: ACE Satellite - Solar Isotope Spectrometer
#
# 5-minute averaged Real-time Integral Flux of High-energy Solar Protons
# 
#                 Modified Seconds
# UT Date   Time   Julian  of the      ---- Integral Proton Flux ----
# YR MO DA  HHMM     Day     Day       S    > 10 MeV    S    > 30 MeV
#--------------------------------------------------------------------
2004 03 28  0000    53092       0      0    9.62e-01    0    6.90e-01
2004 03 28  0005    53092     300      0    9.52e-01    0    6.64e-01
2004 03 28  0010    53092     600      0    9.58e-01    0    6.80e-01
2004 03 28  0015    53092     900      0    9.49e-01    0    6.66e-01
2004 03 28  0020    53092    1200      0    9.64e-01    0    6.86e-01
2004 03 28  0025    53092    1500      0    9.69e-01    0    6.76e-01
2004 03 28  0030    53092    1800      0    9.42e-01    0    6.63e-01
2004 03 28  0035    53092    2100      0    9.44e-01    0    6.69e-01
2004 03 28  0040    53092    2400      0    9.32e-01    0    6.63e-01
2004 03 28  0045    53092    2700      0    9.35e-01    0    6.59e-01
2004 03 28  0050    53092    3000      0    9.34e-01    0    6.69e-01
2004 03 28  0055    53092    3300      0    9.33e-01    0    6.60e-01
2004 03 28  0100    53092    3600      0    9.59e-01    0    6.72e-01
2004 03 28  0105    53092    3900      0    9.62e-01    0    6.83e-01
2004 03 28  0110    53092    4200      0    9.21e-01    0    6.49e-01
2004 03 28  0115    53092    4500      0    9.81e-01    0    6.96e-01
2004 03 28  0120    53092    4800      0    9.34e-01    0    6.63e-01
2004 03 28  0125    53092    5100      0    9.60e-01    0    6.83e-01
2004 03 28  0130    53092    5400      0    9.47e-01    0    6.68e-01
2004 03 28  0135    53092    5700      0    9.47e-01    0    6.66e-01
2004 03 28  0140    53092    6000      0    9.50e-01    0    6.67e-01
2004 03 28  0145    53092    6300      0    9.51e-01    0    6.68e-01
2004 03 28  0150    53092    6600      0    9.52e-01    0    6.66e-01
2004 03 28  0155    53092    6900      0    9.61e-01    0    6.81e-01
2004 03 28  0200    53092    7200      0    9.42e-01    0    6.67e-01
2004 03 28  0205    53092    7500      0    9.46e-01    0    6.62e-01
2004 03 28  0210    53092    7800      0    9.89e-01    0    6.97e-01
2004 03 28  0215    53092    8100      0    9.62e-01    0    6.84e-01
2004 03 28  0220    53092    8400      0    9.60e-01    0    6.78e-01
2004 03 28  0225    53092    8700      0    9.46e-01    0    6.56e-01
2004 03 28  0230    53092    9000      0    9.47e-01    0    6.71e-01
2004 03 28  0235    53092    9300      0    9.34e-01    0    6.54e-01
2004 03 28  0240    53092    9600      0    9.47e-01    0    6.67e-01
2004 03 28  0245    53092    9900      0    9.53e-01    0    6.70e-01
2004 03 28  0250    53092   10200      0    9.56e-01    0    6.68e-01
2004 03 28  0255    53092   10500      0    9.56e-01    0    6.71e-01
2004 03 28  0300    53092   10800      0    9.32e-01    0    6.52e-01
2004 03 28  0305    53092   11100      0    9.39e-01    0    6.58e-01
2004 03 28  0310    53092   11400      0    9.89e-01    0    7.00e-01
2004 03 28  0315    53092   11700      0    9.59e-01    0    6.69e-01
2004 03 28  0320    53092   12000      0    9.59e-01    0    6.76e-01
2004 03 28  0325    53092   12300      0    9.50e-01    0    6.74e-01
2004 03 28  0330    53092   12600      0    9.39e-01    0    6.62e-01
2004 03 28  0335    53092   12900      0    9.62e-01    0    6.81e-01
2004 03 28  0340    53092   13200      0    9.40e-01    0    6.59e-01
2004 03 28  0345    53092   13500      0    9.60e-01    0    6.82e-01
2004 03 28  0350    53092   13800      0    9.40e-01    0    6.66e-01
2004 03 28  0355    53092   14100      0    9.59e-01    0    6.77e-01
2004 03 28  0400    53092   14400      0    9.58e-01    0    6.73e-01
2004 03 28  0405    53092   14700      0    9.75e-01    0    6.85e-01
2004 03 28  0410    53092   15000      0    9.30e-01    0    6.57e-01
2004 03 28  0415    53092   15300      0    9.71e-01    0    6.83e-01
2004 03 28  0420    53092   15600      0    9.51e-01    0    6.66e-01
2004 03 28  0425    53092   15900      0    9.20e-01    0    6.52e-01
2004 03 28  0430    53092   16200      0    9.32e-01    0    6.58e-01
2004 03 28  0435    53092   16500      0    9.58e-01    0    6.76e-01
2004 03 28  0440    53092   16800      0    9.11e-01    0    6.38e-01
2004 03 28  0445    53092   17100      0    9.56e-01    0    6.80e-01
2004 03 28  0450    53092   17400      0    9.39e-01    0    6.59e-01
2004 03 28  0455    53092   17700      0    9.34e-01    0    6.57e-01
2004 03 28  0500    53092   18000      0    9.28e-01    0    6.50e-01
2004 03 28  0505    53092   18300      0    9.70e-01    0    6.86e-01
2004 03 28  0510    53092   18600      0    9.41e-01    0    6.70e-01
2004 03 28  0515    53092   18900      0    9.62e-01    0    6.80e-01
2004 03 28  0520    53092   19200      0    9.61e-01    0    6.81e-01
2004 03 28  0525    53092   19500      0    9.63e-01    0    6.70e-01
2004 03 28  0530    53092   19800      0    9.51e-01    0    6.64e-01
2004 03 28  0535    53092   20100      0    9.47e-01    0    6.69e-01
2004 03 28  0540    53092   20400      0    9.29e-01    0    6.53e-01
2004 03 28  0545    53092   20700      0    9.26e-01    0    6.50e-01
2004 03 28  0550    53092   21000      0    9.49e-01    0    6.71e-01
2004 03 28  0555    53092   21300      0    9.80e-01    0    6.94e-01
2004 03 28  0600    53092   21600      0    9.60e-01    0    6.81e-01
2004 03 28  0605    53092   21900      0    9.51e-01    0    6.72e-01
2004 03 28  0610    53092   22200      0    9.42e-01    0    6.63e-01
2004 03 28  0615    53092   22500      0    9.53e-01    0    6.76e-01
2004 03 28  0620    53092   22800      0    9.68e-01    0    6.82e-01
2004 03 28  0625    53092   23100      0    9.59e-01    0    6.79e-01
2004 03 28  0630    53092   23400      0    9.57e-01    0    6.73e-01
2004 03 28  0635    53092   23700      0    9.39e-01    0    6.65e-01
2004 03 28  0640    53092   24000      0    9.46e-01    0    6.66e-01
2004 03 28  0645    53092   24300      0    9.37e-01    0    6.51e-01
2004 03 28  0650    53092   24600      0    9.64e-01    0    6.82e-01
2004 03 28  0655    53092   24900      0    9.52e-01    0    6.70e-01
2004 03 28  0700    53092   25200      0    9.28e-01    0    6.49e-01
2004 03 28  0705    53092   25500      0    9.46e-01    0    6.72e-01
2004 03 28  0710    53092   25800      0    9.53e-01    0    6.71e-01
2004 03 28  0715    53092   26100      0    9.50e-01    0    6.75e-01
2004 03 28  0720    53092   26400      0    9.22e-01    0    6.50e-01
2004 03 28  0725    53092   26700      0    9.58e-01    0    6.77e-01
2004 03 28  0730    53092   27000      0    9.57e-01    0    6.69e-01
2004 03 28  0735    53092   27300      0    9.42e-01    0    6.54e-01
2004 03 28  0740    53092   27600      0    9.28e-01    0    6.55e-01
2004 03 28  0745    53092   27900      0    9.63e-01    0    6.81e-01
2004 03 28  0750    53092   28200      0    9.50e-01    0    6.68e-01
2004 03 28  0755    53092   28500      0    9.48e-01    0    6.61e-01
2004 03 28  0800    53092   28800      0    9.53e-01    0    6.71e-01
2004 03 28  0805    53092   29100      0    9.52e-01    0    6.73e-01
2004 03 28  0810    53092   29400      0    9.34e-01    0    6.58e-01
2004 03 28  0815    53092   29700      0    9.43e-01    0    6.57e-01
2004 03 28  0820    53092   30000      0    9.24e-01    0    6.55e-01
2004 03 28  0825    53092   30300      0    9.38e-01    0    6.61e-01
2004 03 28  0830    53092   30600      0    9.59e-01    0    6.77e-01
2004 03 28  0835    53092   30900      0    9.38e-01    0    6.66e-01
2004 03 28  0840    53092   31200      0    9.38e-01    0    6.66e-01
2004 03 28  0845    53092   31500      0    9.35e-01    0    6.58e-01
2004 03 28  0850    53092   31800      0    9.41e-01    0    6.68e-01
2004 03 28  0855    53092   32100      0    9.48e-01    0    6.69e-01
2004 03 28  0900    53092   32400      0    9.46e-01    0    6.62e-01
2004 03 28  0905    53092   32700      0    9.48e-01    0    6.67e-01
2004 03 28  0910    53092   33000      0    9.48e-01    0    6.70e-01
2004 03 28  0915    53092   33300      0    9.31e-01    0    6.58e-01
2004 03 28  0920    53092   33600      0    9.51e-01    0    6.73e-01
2004 03 28  0925    53092   33900      0    9.50e-01    0    6.64e-01
2004 03 28  0930    53092   34200      0    9.23e-01    0    6.58e-01
2004 03 28  0935    53092   34500      0    9.39e-01    0    6.56e-01
2004 03 28  0940    53092   34800      0    9.47e-01    0    6.75e-01
2004 03 28  0945    53092   35100      0    9.50e-01    0    6.68e-01
2004 03 28  0950    53092   35400      0    9.39e-01    0    6.62e-01
2004 03 28  0955    53092   35700      0    9.61e-01    0    6.76e-01
2004 03 28  1000    53092   36000      0    9.46e-01    0    6.67e-01
2004 03 28  1005    53092   36300      0    9.35e-01    0    6.61e-01
2004 03 28  1010    53092   36600      0    9.48e-01    0    6.73e-01
2004 03 28  1015    53092   36900      0    9.63e-01    0    6.77e-01
2004 03 28  1020    53092   37200      0    9.44e-01    0    6.61e-01
2004 03 28  1025    53092   37500      0    9.49e-01    0    6.64e-01
2004 03 28  1030    53092   37800      0    9.53e-01    0    6.65e-01
2004 03 28  1035    53092   38100      0    9.42e-01    0    6.72e-01
2004 03 28  1040    53092   38400      0    9.48e-01    0    6.70e-01
2004 03 28  1045    53092   38700      0    9.62e-01    0    6.78e-01
2004 03 28  1050    53092   39000      0    9.42e-01    0    6.60e-01
2004 03 28  1055    53092   39300      0    9.27e-01    0    6.51e-01
2004 03 28  1100    53092   39600      0    9.54e-01    0    6.73e-01
2004 03 28  1105    53092   39900      0    9.59e-01    0    6.76e-01
2004 03 28  1110    53092   40200      0    9.63e-01    0    6.79e-01
2004 03 28  1115    53092   40500      0    9.57e-01    0    6.75e-01
2004 03 28  1120    53092   40800      0    9.58e-01    0    6.80e-01
2004 03 28  1125    53092   41100      0    9.35e-01    0    6.58e-01
2004 03 28  1130    53092   41400      0    9.43e-01    0    6.64e-01
2004 03 28  1135    53092   41700      0    9.42e-01    0    6.68e-01
2004 03 28  1140    53092   42000      0    9.25e-01    0    6.50e-01
2004 03 28  1145    53092   42300      0    9.66e-01    0    6.76e-01
2004 03 28  1150    53092   42600      0    9.59e-01    0    6.75e-01
2004 03 28  1155    53092   42900      0    9.44e-01    0    6.63e-01
2004 03 28  1200    53092   43200      0    9.66e-01    0    6.82e-01
2004 03 28  1205    53092   43500      0    9.61e-01    0    6.72e-01
2004 03 28  1210    53092   43800      0    9.57e-01    0    6.67e-01
2004 03 28  1215    53092   44100      0    9.34e-01    0    6.60e-01
2004 03 28  1220    53092   44400      0    9.31e-01    0    6.52e-01
2004 03 28  1225    53092   44700      0    9.18e-01    0    6.37e-01
2004 03 28  1230    53092   45000      0    9.38e-01    0    6.63e-01
2004 03 28  1235    53092   45300      0    9.37e-01    0    6.62e-01
2004 03 28  1240    53092   45600      0    9.27e-01    0    6.53e-01
2004 03 28  1245    53092   45900      0    9.43e-01    0    6.68e-01
2004 03 28  1250    53092   46200      0    9.48e-01    0    6.72e-01
2004 03 28  1255    53092   46500      0    9.39e-01    0    6.57e-01
2004 03 28  1300    53092   46800      0    9.33e-01    0    6.62e-01
2004 03 28  1305    53092   47100      0    9.33e-01    0    6.49e-01
2004 03 28  1310    53092   47400      0    9.40e-01    0    6.59e-01
2004 03 28  1315    53092   47700      0    9.58e-01    0    6.71e-01
2004 03 28  1320    53092   48000      0    9.49e-01    0    6.73e-01
2004 03 28  1325    53092   48300      0    9.51e-01    0    6.70e-01
2004 03 28  1330    53092   48600      0    9.40e-01    0    6.52e-01
2004 03 28  1335    53092   48900      0    9.24e-01    0    6.53e-01
2004 03 28  1340    53092   49200      0    9.32e-01    0    6.57e-01
2004 03 28  1345    53092   49500      0    9.51e-01    0    6.72e-01
2004 03 28  1350    53092   49800      0    9.61e-01    0    6.78e-01
2004 03 28  1355    53092   50100      9   -1.00e+05    9   -1.00e+05
2004 03 28  1400    53092   50400      0    8.18e-01    0    5.62e-01
2004 03 28  1405    53092   50700      0    9.40e-01    0    6.70e-01
2004 03 28  1410    53092   51000      0    2.23e+03    0    3.59e+00
2004 03 28  1415    53092   51300      0    1.53e+00    0    8.55e-01
2004 03 28  1420    53092   51600      0    9.50e-01    0    6.71e-01
2004 03 28  1425    53092   51900      0    9.42e-01    0    6.68e-01
2004 03 28  1430    53092   52200      0    2.98e+03    0    3.42e+00
2004 03 28  1435    53092   52500      0    4.33e+00    0    1.51e+00
2004 03 28  1440    53092   52800      0    9.53e-01    0    6.74e-01
2004 03 28  1445    53092   53100      0    9.47e-01    0    6.71e-01
2004 03 28  1450    53092   53400      0    1.05e+03    0    6.95e-01
2004 03 28  1455    53092   53700      0    4.79e+00    0    3.59e+00
2004 03 28  1500    53092   54000      0    9.48e-01    0    6.70e-01
2004 03 28  1505    53092   54300      0    9.63e-01    0    6.89e-01
2004 03 28  1510    53092   54600      0    7.42e+02    0    6.78e-01
2004 03 28  1515    53092   54900      0    9.50e-01    0    6.70e-01
2004 03 28  1520    53092   55200      0    9.74e-01    0    6.90e-01
2004 03 28  1525    53092   55500      0    9.69e-01    0    6.83e-01
2004 03 28  1530    53092   55800      0    9.74e-01    0    6.78e-01
2004 03 28  1535    53092   56100      0    9.51e-01    0    6.61e-01
2004 03 28  1540    53092   56400      0    9.66e-01    0    6.83e-01
2004 03 28  1545    53092   56700      0    4.46e+03    0    9.45e+00
2004 03 28  1550    53092   57000      0    1.30e+00    0    7.84e-01
2004 03 28  1555    53092   57300      0    9.58e-01    0    6.70e-01
2004 03 28  1600    53092   57600      0    9.63e-01    0    6.93e-01
2004 03 28  1605    53092   57900      0    2.38e+03    0    6.13e+00
2004 03 28  1610    53092   58200      0    9.43e-01    0    6.57e-01
2004 03 28  1615    53092   58500      0    9.39e-01    0    6.63e-01
2004 03 28  1620    53092   58800      0    9.75e-01    0    6.88e-01
2004 03 28  1625    53092   59100      0    3.91e+03    0    7.10e-01
2004 03 28  1630    53092   59400      0    2.90e+00    0    2.15e+00
2004 03 28  1635    53092   59700      0    9.51e-01    0    6.77e-01
2004 03 28  1640    53092   60000      0    9.33e-01    0    6.48e-01
2004 03 28  1645    53092   60300      0    2.97e+03    0    6.80e-01
2004 03 28  1650    53092   60600      0    1.44e+00    0    8.32e-01
2004 03 28  1655    53092   60900      0    4.46e+03    0    6.90e-01
2004 03 28  1700    53092   61200      0    9.53e-01    0    6.75e-01
2004 03 28  1705    53092   61500      0    9.23e-01    0    6.50e-01
2004 03 28  1710    53092   61800      0    1.78e+03    0    6.70e-01
2004 03 28  1715    53092   62100      0    9.48e-01    0    6.72e-01
2004 03 28  1720    53092   62400      0    9.63e-01    0    6.87e-01
2004 03 28  1725    53092   62700      0    9.40e-01    0    6.58e-01
2004 03 28  1730    53092   63000      0    9.54e-01    0    6.74e-01
2004 03 28  1735    53092   63300      0    9.41e-01    0    6.56e-01
2004 03 28  1740    53092   63600      0    9.59e-01    0    6.71e-01
2004 03 28  1745    53092   63900      0    9.39e-01    0    6.63e-01
2004 03 28  1750    53092   64200      0    9.47e-01    0    6.63e-01
2004 03 28  1755    53092   64500      0    9.32e-01    0    6.56e-01
2004 03 28  1800    53092   64800      0    9.49e-01    0    6.64e-01
2004 03 28  1805    53092   65100      0    9.52e-01    0    6.64e-01
2004 03 28  1810    53092   65400      0    9.54e-01    0    6.73e-01
2004 03 28  1815    53092   65700      0    9.61e-01    0    6.75e-01
2004 03 28  1820    53092   66000      0    9.51e-01    0    6.74e-01
2004 03 28  1825    53092   66300      0    9.32e-01    0    6.60e-01
2004 03 28  1830    53092   66600      0    9.24e-01    0    6.40e-01
2004 03 28  1835    53092   66900      0    9.51e-01    0    6.70e-01
2004 03 28  1840    53092   67200      0    9.39e-01    0    6.60e-01
2004 03 28  1845    53092   67500      0    9.48e-01    0    6.60e-01
2004 03 28  1850    53092   67800      0    9.72e-01    0    6.80e-01
2004 03 28  1855    53092   68100      0    9.41e-01    0    6.58e-01
2004 03 28  1900    53092   68400      0    9.53e-01    0    6.76e-01
2004 03 28  1905    53092   68700      0    9.71e-01    0    6.74e-01
2004 03 28  1910    53092   69000      0    9.48e-01    0    6.69e-01
2004 03 28  1915    53092   69300      0    9.43e-01    0    6.70e-01
2004 03 28  1920    53092   69600      0    9.56e-01    0    6.70e-01
2004 03 28  1925    53092   69900      0    9.31e-01    0    6.59e-01
2004 03 28  1930    53092   70200      0    9.66e-01    0    6.87e-01
2004 03 28  1935    53092   70500      0    9.42e-01    0    6.66e-01
2004 03 28  1940    53092   70800      0    9.42e-01    0    6.61e-01
2004 03 28  1945    53092   71100      0    9.44e-01    0    6.68e-01
2004 03 28  1950    53092   71400      0    9.60e-01    0    6.76e-01
2004 03 28  1955    53092   71700      0    9.61e-01    0    6.73e-01
2004 03 28  2000    53092   72000      0    9.61e-01    0    6.74e-01
2004 03 28  2005    53092   72300      0    9.66e-01    0    6.88e-01
2004 03 28  2010    53092   72600      0    9.70e-01    0    6.81e-01
2004 03 28  2015    53092   72900      0    9.64e-01    0    6.86e-01
2004 03 28  2020    53092   73200      0    9.27e-01    0    6.41e-01
2004 03 28  2025    53092   73500      0    9.77e-01    0    6.97e-01
2004 03 28  2030    53092   73800      0    9.60e-01    0    6.73e-01
2004 03 28  2035    53092   74100      0    9.41e-01    0    6.67e-01
2004 03 28  2040    53092   74400      0    9.52e-01    0    6.66e-01
2004 03 28  2045    53092   74700      0    9.72e-01    0    6.86e-01
2004 03 28  2050    53092   75000      0    9.49e-01    0    6.68e-01
2004 03 28  2055    53092   75300      0    9.71e-01    0    6.88e-01
2004 03 28  2100    53092   75600      0    9.68e-01    0    6.89e-01
2004 03 28  2105    53092   75900      0    9.30e-01    0    6.49e-01
2004 03 28  2110    53092   76200      0    9.40e-01    0    6.70e-01
2004 03 28  2115    53092   76500      0    9.70e-01    0    6.81e-01
2004 03 28  2120    53092   76800      0    9.30e-01    0    6.61e-01
2004 03 28  2125    53092   77100      0    9.46e-01    0    6.64e-01
2004 03 28  2130    53092   77400      0    9.67e-01    0    6.91e-01
2004 03 28  2135    53092   77700      0    9.23e-01    0    6.51e-01
2004 03 28  2140    53092   78000      0    9.41e-01    0    6.60e-01
2004 03 28  2145    53092   78300      0    9.59e-01    0    6.77e-01
2004 03 28  2150    53092   78600      0    9.51e-01    0    6.81e-01
2004 03 28  2155    53092   78900      0    9.47e-01    0    6.71e-01
2004 03 28  2200    53092   79200      0    9.66e-01    0    6.81e-01
2004 03 28  2205    53092   79500      0    9.82e-01    0    6.90e-01
2004 03 28  2210    53092   79800      0    9.43e-01    0    6.66e-01
2004 03 28  2215    53092   80100      0    9.64e-01    0    6.85e-01
2004 03 28  2220    53092   80400      0    9.84e-01    0    6.94e-01
2004 03 28  2225    53092   80700      0    9.26e-01    0    6.52e-01
2004 03 28  2230    53092   81000      0    9.49e-01    0    6.65e-01
2004 03 28  2235    53092   81300      0    9.80e-01    0    6.88e-01
2004 03 28  2240    53092   81600      0    9.43e-01    0    6.73e-01
2004 03 28  2245    53092   81900      0    9.79e-01    0    6.84e-01
2004 03 28  2250    53092   82200      0    9.68e-01    0    6.88e-01
2004 03 28  2255    53092   82500      0    9.32e-01    0    6.56e-01
2004 03 28  2300    53092   82800      0    9.57e-01    0    6.73e-01
2004 03 28  2305    53092   83100      0    9.24e-01    0    6.53e-01
2004 03 28  2310    53092   83400      0    9.53e-01    0    6.71e-01
2004 03 28  2315    53092   83700      0    9.42e-01    0    6.66e-01
2004 03 28  2320    53092   84000      0    9.46e-01    0    6.59e-01
2004 03 28  2325    53092   84300      0    9.53e-01    0    6.74e-01
2004 03 28  2330    53092   84600      0    9.36e-01    0    6.59e-01
2004 03 28  2335    53092   84900      0    9.23e-01    0    6.55e-01
2004 03 28  2340    53092   85200      0    9.24e-01    0    6.52e-01
2004 03 28  2345    53092   85500      0    9.69e-01    0    6.76e-01
2004 03 28  2350    53092   85800      0    9.61e-01    0    6.77e-01
2004 03 28  2355    53092   86100      0    9.34e-01    0    6.70e-01
