:Data_list: 20041106_ace_epam_5m.txt
:Created: 2004 Nov 07 0012 UT
# Prepared by the U.S. Dept. of Commerce, NOAA, Space Environment Center.
# Please send comments and suggestions to SEC.Webmaster@noaa.gov 
# 
# Units: Differential Flux particles/cm2-s-ster-MeV
# Units: Anisotropy Index 0.0 - 2.0
# Status(S): 0 = nominal, 4,6,7,8 = bad data, unable to process, 9 = no data
# Missing data values: -1.00e+05, index = -1.00
# Source: ACE Satellite - Electron, Proton, and Alpha Monitor
# 2004 Feb 04: see http://www.sec.noaa.gov/ftpdir/lists/ace/README for EPAM channel change notice.
#
#                      5-minute averaged Real-time Differential Electron and Proton Flux 
# 
#                Modified Seconds ---------------------------- Differential Flux --------------------------- 
# UT Date   Time  Julian  of the  ----- Electron -----   ------------------- Protons keV -------------------   Anis.
# YR MO DA  HHMM    Day    Day    S    38-53   175-315   S    47-68   115-195   310-580   761-1220 1060-1900   Ratio
#-------------------------------------------------------------------------------------------------------------------
2004 11 06  0000   53315       0  0  2.18e+04  2.14e+02  0  5.21e+03  1.68e+03  2.76e+02  7.58e+01  2.23e+01   0.28
2004 11 06  0005   53315     300  0  2.35e+04  2.16e+02  0  6.64e+03  2.34e+03  4.04e+02  9.35e+01  2.61e+01   0.12
2004 11 06  0010   53315     600  0  2.61e+04  2.32e+02  0  6.13e+03  2.10e+03  3.38e+02  1.01e+02  2.65e+01   0.09
2004 11 06  0015   53315     900  0  2.80e+04  2.46e+02  0  6.05e+03  2.24e+03  3.75e+02  1.23e+02  3.11e+01   0.07
2004 11 06  0020   53315    1200  0  2.63e+04  2.29e+02  0  5.66e+03  1.95e+03  4.05e+02  1.12e+02  2.85e+01   0.06
2004 11 06  0025   53315    1500  0  2.61e+04  2.29e+02  0  6.62e+03  2.27e+03  4.39e+02  1.16e+02  2.83e+01   0.13
2004 11 06  0030   53315    1800  0  2.63e+04  2.36e+02  0  6.48e+03  2.35e+03  4.40e+02  1.06e+02  2.78e+01   0.06
2004 11 06  0035   53315    2100  0  2.62e+04  2.42e+02  0  7.68e+03  2.95e+03  5.15e+02  1.22e+02  3.33e+01   0.16
2004 11 06  0040   53315    2400  0  2.44e+04  2.11e+02  0  7.76e+03  2.90e+03  4.91e+02  1.16e+02  3.15e+01   0.21
2004 11 06  0045   53315    2700  0  2.49e+04  2.20e+02  0  6.13e+03  2.21e+03  4.03e+02  1.09e+02  2.85e+01   0.08
2004 11 06  0050   53315    3000  0  2.36e+04  2.13e+02  0  5.18e+03  1.81e+03  3.21e+02  9.62e+01  2.46e+01   0.12
2004 11 06  0055   53315    3300  0  2.44e+04  2.19e+02  0  5.05e+03  1.62e+03  2.84e+02  1.15e+02  2.41e+01   0.12
2004 11 06  0100   53315    3600  0  2.29e+04  2.12e+02  0  4.66e+03  1.53e+03  2.76e+02  8.64e+01  2.16e+01   0.19
2004 11 06  0105   53315    3900  0  2.37e+04  2.30e+02  0  4.39e+03  1.31e+03  2.44e+02  8.08e+01  2.21e+01   0.07
2004 11 06  0110   53315    4200  0  2.17e+04  1.98e+02  0  4.56e+03  1.40e+03  2.42e+02  7.38e+01  2.01e+01   0.13
2004 11 06  0115   53315    4500  0  2.24e+04  2.24e+02  0  4.28e+03  1.28e+03  2.19e+02  7.65e+01  2.15e+01   0.17
2004 11 06  0120   53315    4800  0  2.09e+04  2.02e+02  0  4.59e+03  1.41e+03  2.30e+02  6.99e+01  2.00e+01   0.16
2004 11 06  0125   53315    5100  0  2.31e+04  2.24e+02  0  4.40e+03  1.48e+03  2.64e+02  8.40e+01  2.24e+01   0.11
2004 11 06  0130   53315    5400  0  2.20e+04  2.12e+02  0  4.63e+03  1.56e+03  2.86e+02  8.82e+01  2.38e+01   0.23
2004 11 06  0135   53315    5700  0  2.31e+04  2.11e+02  0  5.58e+03  1.94e+03  3.32e+02  8.63e+01  2.54e+01   0.27
2004 11 06  0140   53315    6000  0  2.29e+04  2.32e+02  0  5.61e+03  2.10e+03  3.91e+02  9.59e+01  2.77e+01   0.33
2004 11 06  0145   53315    6300  0  2.34e+04  2.30e+02  0  6.20e+03  2.15e+03  3.74e+02  9.69e+01  2.63e+01   0.32
2004 11 06  0150   53315    6600  0  2.29e+04  2.36e+02  0  4.66e+03  1.45e+03  2.65e+02  8.30e+01  2.32e+01   0.04
2004 11 06  0155   53315    6900  0  2.33e+04  2.23e+02  0  4.87e+03  1.55e+03  2.82e+02  8.08e+01  2.26e+01   0.02
2004 11 06  0200   53315    7200  0  2.41e+04  2.31e+02  0  5.32e+03  1.71e+03  2.91e+02  8.52e+01  2.31e+01   0.03
2004 11 06  0205   53315    7500  0  2.30e+04  2.25e+02  0  5.67e+03  1.86e+03  3.14e+02  8.65e+01  2.44e+01   0.10
2004 11 06  0210   53315    7800  0  2.25e+04  2.23e+02  0  5.12e+03  1.56e+03  2.63e+02  8.20e+01  2.26e+01   0.09
2004 11 06  0215   53315    8100  0  2.31e+04  2.28e+02  0  4.60e+03  1.60e+03  2.91e+02  8.92e+01  2.28e+01   0.12
2004 11 06  0220   53315    8400  0  2.31e+04  2.32e+02  0  4.69e+03  1.61e+03  3.10e+02  9.11e+01  2.56e+01   0.18
2004 11 06  0225   53315    8700  0  2.30e+04  2.23e+02  0  4.75e+03  1.44e+03  2.77e+02  9.05e+01  2.38e+01   0.14
2004 11 06  0230   53315    9000  0  2.23e+04  2.21e+02  0  3.98e+03  1.21e+03  2.37e+02  8.46e+01  2.22e+01   0.09
2004 11 06  0235   53315    9300  0  2.33e+04  2.19e+02  0  4.30e+03  1.35e+03  2.61e+02  8.92e+01  2.23e+01   0.16
2004 11 06  0240   53315    9600  0  2.33e+04  2.36e+02  0  4.77e+03  1.54e+03  2.85e+02  8.64e+01  2.34e+01   0.11
2004 11 06  0245   53315    9900  0  2.38e+04  2.34e+02  0  4.82e+03  1.46e+03  2.72e+02  8.66e+01  2.29e+01   0.09
2004 11 06  0250   53315   10200  0  2.28e+04  2.30e+02  0  4.36e+03  1.42e+03  2.70e+02  8.78e+01  2.30e+01   0.10
2004 11 06  0255   53315   10500  0  2.29e+04  2.30e+02  0  4.65e+03  1.49e+03  2.86e+02  9.17e+01  2.34e+01   0.27
2004 11 06  0300   53315   10800  0  2.30e+04  2.38e+02  0  4.28e+03  1.33e+03  2.54e+02  8.14e+01  2.19e+01   0.27
2004 11 06  0305   53315   11100  0  2.27e+04  2.18e+02  0  4.18e+03  1.33e+03  2.68e+02  8.27e+01  2.19e+01   0.28
2004 11 06  0310   53315   11400  0  2.31e+04  2.18e+02  0  4.66e+03  1.52e+03  2.95e+02  9.03e+01  2.48e+01   0.24
2004 11 06  0315   53315   11700  0  2.37e+04  2.23e+02  0  4.56e+03  1.47e+03  2.87e+02  9.38e+01  2.36e+01   0.19
2004 11 06  0320   53315   12000  0  2.39e+04  2.22e+02  0  4.44e+03  1.41e+03  2.75e+02  8.92e+01  2.48e+01   0.38
2004 11 06  0325   53315   12300  0  2.40e+04  2.38e+02  0  4.85e+03  1.58e+03  3.01e+02  9.25e+01  2.44e+01   0.31
2004 11 06  0330   53315   12600  0  2.44e+04  2.32e+02  0  7.93e+03  2.95e+03  4.63e+02  1.05e+02  2.74e+01   0.08
2004 11 06  0335   53315   12900  0  2.47e+04  2.32e+02  0  8.31e+03  3.01e+03  4.78e+02  1.05e+02  2.83e+01   0.10
2004 11 06  0340   53315   13200  0  2.52e+04  2.33e+02  0  7.36e+03  2.64e+03  4.23e+02  1.05e+02  2.73e+01   0.09
2004 11 06  0345   53315   13500  0  2.41e+04  2.26e+02  0  5.54e+03  1.90e+03  3.37e+02  9.50e+01  2.45e+01   0.24
2004 11 06  0350   53315   13800  0  2.42e+04  2.36e+02  0  6.46e+03  2.31e+03  3.80e+02  9.56e+01  2.57e+01   0.13
2004 11 06  0355   53315   14100  0  2.38e+04  2.30e+02  0  5.79e+03  2.02e+03  3.67e+02  9.53e+01  2.48e+01   0.08
2004 11 06  0400   53315   14400  0  2.40e+04  2.24e+02  0  5.34e+03  1.81e+03  3.48e+02  9.93e+01  2.62e+01   0.07
2004 11 06  0405   53315   14700  0  2.42e+04  2.26e+02  0  6.96e+03  2.67e+03  4.15e+02  1.04e+02  2.55e+01   0.08
2004 11 06  0410   53315   15000  0  2.35e+04  2.27e+02  0  6.61e+03  2.31e+03  3.59e+02  1.03e+02  2.66e+01   0.17
2004 11 06  0415   53315   15300  0  2.22e+04  2.19e+02  0  4.37e+03  1.46e+03  2.78e+02  8.39e+01  2.47e+01   0.15
2004 11 06  0420   53315   15600  0  2.20e+04  2.21e+02  0  4.57e+03  1.54e+03  2.97e+02  8.65e+01  2.30e+01   0.05
2004 11 06  0425   53315   15900  0  2.28e+04  2.15e+02  0  4.54e+03  1.41e+03  2.83e+02  8.67e+01  2.29e+01   0.17
2004 11 06  0430   53315   16200  0  2.20e+04  2.14e+02  0  4.17e+03  1.32e+03  2.54e+02  8.16e+01  2.14e+01   0.17
2004 11 06  0435   53315   16500  0  2.23e+04  2.24e+02  0  4.91e+03  1.49e+03  2.73e+02  8.30e+01  2.22e+01   0.15
2004 11 06  0440   53315   16800  0  2.35e+04  2.23e+02  0  5.61e+03  1.83e+03  3.24e+02  8.85e+01  2.30e+01   0.16
2004 11 06  0445   53315   17100  0  2.28e+04  2.27e+02  0  5.40e+03  1.84e+03  3.05e+02  8.53e+01  2.45e+01   0.17
2004 11 06  0450   53315   17400  0  2.17e+04  2.18e+02  0  4.48e+03  1.54e+03  2.76e+02  8.89e+01  2.31e+01   0.13
2004 11 06  0455   53315   17700  0  2.25e+04  2.27e+02  0  4.38e+03  1.42e+03  2.65e+02  8.86e+01  2.23e+01   0.25
2004 11 06  0500   53315   18000  0  2.17e+04  2.15e+02  0  5.42e+03  1.82e+03  3.48e+02  8.45e+01  2.62e+01   0.16
2004 11 06  0505   53315   18300  0  2.38e+04  2.21e+02  0  7.17e+03  2.48e+03  4.35e+02  1.03e+02  2.81e+01   0.19
2004 11 06  0510   53315   18600  0  2.60e+04  2.32e+02  0  7.71e+03  2.53e+03  4.25e+02  1.41e+02  2.90e+01   0.51
2004 11 06  0515   53315   18900  0  2.63e+04  2.37e+02  0  8.42e+03  2.83e+03  4.59e+02  1.60e+02  2.95e+01   0.56
2004 11 06  0520   53315   19200  0  2.79e+04  2.44e+02  0  1.05e+04  3.28e+03  4.62e+02  1.67e+02  3.04e+01   0.60
2004 11 06  0525   53315   19500  0  2.72e+04  2.40e+02  0  1.01e+04  3.26e+03  4.94e+02  1.62e+02  3.22e+01   0.48
2004 11 06  0530   53315   19800  0  2.63e+04  2.43e+02  0  9.03e+03  3.10e+03  5.11e+02  1.55e+02  3.29e+01   0.54
2004 11 06  0535   53315   20100  0  2.43e+04  2.31e+02  0  7.52e+03  2.86e+03  4.79e+02  1.36e+02  3.35e+01   0.31
2004 11 06  0540   53315   20400  0  2.51e+04  2.31e+02  0  8.86e+03  3.02e+03  4.83e+02  1.28e+02  3.19e+01   0.28
2004 11 06  0545   53315   20700  0  2.84e+04  2.49e+02  0  1.01e+04  3.41e+03  5.37e+02  1.51e+02  3.32e+01   0.37
2004 11 06  0550   53315   21000  0  2.86e+04  2.58e+02  0  1.12e+04  3.60e+03  5.40e+02  1.69e+02  3.41e+01   0.47
2004 11 06  0555   53315   21300  0  2.76e+04  2.46e+02  0  1.04e+04  3.49e+03  5.37e+02  1.74e+02  3.42e+01   0.45
2004 11 06  0600   53315   21600  0  2.80e+04  2.51e+02  0  9.04e+03  3.11e+03  5.12e+02  1.71e+02  3.16e+01   0.42
2004 11 06  0605   53315   21900  0  2.98e+04  2.56e+02  0  8.40e+03  3.05e+03  5.11e+02  1.77e+02  3.23e+01   0.42
2004 11 06  0610   53315   22200  0  2.88e+04  2.63e+02  0  8.14e+03  2.92e+03  4.73e+02  1.62e+02  3.20e+01   0.40
2004 11 06  0615   53315   22500  0  2.95e+04  2.72e+02  0  9.50e+03  3.36e+03  5.08e+02  1.70e+02  3.16e+01   0.38
2004 11 06  0620   53315   22800  0  2.63e+04  2.55e+02  0  8.32e+03  2.99e+03  4.84e+02  1.67e+02  3.28e+01   0.26
2004 11 06  0625   53315   23100  0  2.19e+04  2.18e+02  0  5.12e+03  2.09e+03  4.23e+02  1.05e+02  3.09e+01   0.29
2004 11 06  0630   53315   23400  0  2.14e+04  2.09e+02  0  4.86e+03  1.95e+03  3.85e+02  8.97e+01  2.99e+01   0.30
2004 11 06  0635   53315   23700  0  2.15e+04  2.27e+02  0  4.88e+03  1.98e+03  3.90e+02  9.34e+01  2.92e+01   0.22
2004 11 06  0640   53315   24000  0  2.12e+04  2.15e+02  0  5.00e+03  2.06e+03  3.89e+02  9.65e+01  2.85e+01   0.28
2004 11 06  0645   53315   24300  0  2.13e+04  2.09e+02  0  5.18e+03  2.02e+03  3.89e+02  9.65e+01  2.91e+01   0.23
2004 11 06  0650   53315   24600  0  2.31e+04  2.31e+02  0  5.04e+03  1.99e+03  3.77e+02  1.02e+02  2.70e+01   0.15
2004 11 06  0655   53315   24900  0  2.58e+04  2.50e+02  0  5.71e+03  2.17e+03  4.03e+02  1.39e+02  2.82e+01   0.19
2004 11 06  0700   53315   25200  0  3.37e+04  3.04e+02  0  8.51e+03  2.88e+03  4.45e+02  1.63e+02  2.88e+01   0.25
2004 11 06  0705   53315   25500  9 -1.00e+05 -1.00e+05  9 -1.00e+05 -1.00e+05 -1.00e+05 -1.00e+05 -1.00e+05  -1.00
2004 11 06  0710   53315   25800  9 -1.00e+05 -1.00e+05  9 -1.00e+05 -1.00e+05 -1.00e+05 -1.00e+05 -1.00e+05  -1.00
2004 11 06  0715   53315   26100  9 -1.00e+05 -1.00e+05  9 -1.00e+05 -1.00e+05 -1.00e+05 -1.00e+05 -1.00e+05  -1.00
2004 11 06  0720   53315   26400  9 -1.00e+05 -1.00e+05  9 -1.00e+05 -1.00e+05 -1.00e+05 -1.00e+05 -1.00e+05  -1.00
2004 11 06  0725   53315   26700  9 -1.00e+05 -1.00e+05  9 -1.00e+05 -1.00e+05 -1.00e+05 -1.00e+05 -1.00e+05  -1.00
2004 11 06  0730   53315   27000  9 -1.00e+05 -1.00e+05  9 -1.00e+05 -1.00e+05 -1.00e+05 -1.00e+05 -1.00e+05  -1.00
2004 11 06  0735   53315   27300  9 -1.00e+05 -1.00e+05  9 -1.00e+05 -1.00e+05 -1.00e+05 -1.00e+05 -1.00e+05  -1.00
2004 11 06  0740   53315   27600  9 -1.00e+05 -1.00e+05  9 -1.00e+05 -1.00e+05 -1.00e+05 -1.00e+05 -1.00e+05  -1.00
2004 11 06  0745   53315   27900  9 -1.00e+05 -1.00e+05  9 -1.00e+05 -1.00e+05 -1.00e+05 -1.00e+05 -1.00e+05  -1.00
2004 11 06  0750   53315   28200  9 -1.00e+05 -1.00e+05  9 -1.00e+05 -1.00e+05 -1.00e+05 -1.00e+05 -1.00e+05  -1.00
2004 11 06  0755   53315   28500  9 -1.00e+05 -1.00e+05  9 -1.00e+05 -1.00e+05 -1.00e+05 -1.00e+05 -1.00e+05  -1.00
2004 11 06  0800   53315   28800  9 -1.00e+05 -1.00e+05  9 -1.00e+05 -1.00e+05 -1.00e+05 -1.00e+05 -1.00e+05  -1.00
2004 11 06  0805   53315   29100  9 -1.00e+05 -1.00e+05  9 -1.00e+05 -1.00e+05 -1.00e+05  8.90e+03  2.69e+01   2.00
2004 11 06  0810   53315   29400  0  1.97e+04  2.17e+02  0  4.76e+03  1.75e+03  3.34e+02  9.18e+01  2.47e+01   0.27
2004 11 06  0815   53315   29700  0  2.02e+04  2.12e+02  0  5.37e+03  2.03e+03  3.62e+02  9.11e+01  2.62e+01   0.16
2004 11 06  0820   53315   30000  0  2.15e+04  2.23e+02  0  5.56e+03  2.01e+03  3.47e+02  9.81e+01  2.63e+01   0.14
2004 11 06  0825   53315   30300  0  2.27e+04  2.21e+02  0  7.39e+03  2.40e+03  3.90e+02  1.06e+02  2.67e+01   0.28
2004 11 06  0830   53315   30600  0  3.21e+04  3.04e+02  0  1.00e+04  3.17e+03  4.91e+02  1.55e+02  3.36e+01   0.41
2004 11 06  0835   53315   30900  0  3.65e+04  3.18e+02  0  1.17e+04  3.56e+03  5.24e+02  2.02e+02  3.38e+01   0.16
2004 11 06  0840   53315   31200  0  3.64e+04  3.23e+02  0  1.13e+04  3.46e+03  5.24e+02  2.07e+02  3.42e+01   0.12
2004 11 06  0845   53315   31500  0  3.61e+04  3.22e+02  0  1.13e+04  3.47e+03  5.05e+02  2.12e+02  3.40e+01   0.13
2004 11 06  0850   53315   31800  0  3.57e+04  3.31e+02  0  1.10e+04  3.44e+03  5.12e+02  2.15e+02  3.43e+01   0.13
2004 11 06  0855   53315   32100  0  3.46e+04  3.06e+02  0  1.33e+04  3.84e+03  5.47e+02  2.11e+02  3.68e+01   0.15
2004 11 06  0900   53315   32400  0  3.44e+04  3.09e+02  0  1.34e+04  3.85e+03  5.63e+02  2.09e+02  3.68e+01   0.20
2004 11 06  0905   53315   32700  0  3.47e+04  3.30e+02  0  1.30e+04  3.90e+03  5.56e+02  2.13e+02  3.70e+01   0.17
2004 11 06  0910   53315   33000  0  3.37e+04  3.03e+02  0  1.33e+04  3.98e+03  5.50e+02  2.11e+02  3.60e+01   0.13
2004 11 06  0915   53315   33300  0  3.34e+04  3.02e+02  0  1.33e+04  3.72e+03  5.14e+02  2.05e+02  3.41e+01   0.13
2004 11 06  0920   53315   33600  0  3.42e+04  2.94e+02  0  1.25e+04  3.54e+03  4.90e+02  2.05e+02  3.32e+01   0.17
2004 11 06  0925   53315   33900  0  3.55e+04  3.21e+02  0  1.27e+04  3.69e+03  5.30e+02  2.04e+02  3.63e+01   0.12
2004 11 06  0930   53315   34200  0  3.56e+04  3.18e+02  0  1.26e+04  3.51e+03  5.11e+02  2.17e+02  3.51e+01   0.14
2004 11 06  0935   53315   34500  0  3.58e+04  3.11e+02  0  1.35e+04  3.73e+03  5.05e+02  2.14e+02  3.40e+01   0.10
2004 11 06  0940   53315   34800  0  3.61e+04  3.12e+02  0  1.28e+04  3.71e+03  5.12e+02  2.11e+02  3.36e+01   0.11
2004 11 06  0945   53315   35100  0  3.59e+04  3.12e+02  0  1.31e+04  3.79e+03  5.19e+02  2.06e+02  3.52e+01   0.14
2004 11 06  0950   53315   35400  0  3.60e+04  3.06e+02  0  1.26e+04  3.63e+03  5.18e+02  2.05e+02  3.53e+01   0.14
2004 11 06  0955   53315   35700  0  3.54e+04  3.04e+02  0  1.08e+04  3.29e+03  4.92e+02  2.03e+02  3.38e+01   0.14
2004 11 06  1000   53315   36000  0  3.67e+04  3.09e+02  0  1.01e+04  3.11e+03  4.76e+02  2.11e+02  3.30e+01   0.10
2004 11 06  1005   53315   36300  0  3.64e+04  3.26e+02  0  9.16e+03  2.87e+03  4.50e+02  2.19e+02  3.15e+01   0.05
2004 11 06  1010   53315   36600  0  3.68e+04  3.18e+02  0  1.08e+04  3.27e+03  4.72e+02  2.22e+02  3.19e+01   0.06
2004 11 06  1015   53315   36900  0  3.67e+04  3.16e+02  0  1.00e+04  3.13e+03  4.53e+02  2.15e+02  3.17e+01   0.03
2004 11 06  1020   53315   37200  0  3.58e+04  3.03e+02  0  1.11e+04  3.31e+03  4.77e+02  2.05e+02  3.32e+01   0.07
2004 11 06  1025   53315   37500  0  3.59e+04  3.12e+02  0  9.97e+03  3.10e+03  4.70e+02  1.81e+02  3.18e+01   0.14
2004 11 06  1030   53315   37800  0  2.90e+04  2.73e+02  0  1.28e+04  3.67e+03  4.95e+02  1.37e+02  3.14e+01   0.31
2004 11 06  1035   53315   38100  0  2.50e+04  2.38e+02  0  9.45e+03  2.54e+03  4.18e+02  1.10e+02  3.30e+01   0.17
2004 11 06  1040   53315   38400  0  2.06e+04  2.17e+02  0  4.33e+03  1.47e+03  2.85e+02  8.36e+01  2.62e+01   0.36
2004 11 06  1045   53315   38700  0  2.05e+04  2.12e+02  0  4.08e+03  1.47e+03  2.75e+02  8.55e+01  2.41e+01   0.34
2004 11 06  1050   53315   39000  0  2.07e+04  2.12e+02  0  3.93e+03  1.29e+03  2.61e+02  8.73e+01  2.35e+01   0.29
2004 11 06  1055   53315   39300  0  2.08e+04  2.24e+02  0  4.13e+03  1.36e+03  2.67e+02  8.95e+01  2.41e+01   0.28
2004 11 06  1100   53315   39600  0  2.05e+04  2.06e+02  0  3.96e+03  1.35e+03  2.65e+02  8.69e+01  2.35e+01   0.29
2004 11 06  1105   53315   39900  0  2.02e+04  2.15e+02  0  3.87e+03  1.38e+03  2.67e+02  8.22e+01  2.40e+01   0.32
2004 11 06  1110   53315   40200  0  1.96e+04  2.08e+02  0  4.08e+03  1.40e+03  2.70e+02  8.45e+01  2.34e+01   0.32
2004 11 06  1115   53315   40500  0  1.98e+04  1.94e+02  0  3.94e+03  1.35e+03  2.70e+02  8.25e+01  2.22e+01   0.34
2004 11 06  1120   53315   40800  0  1.82e+04  2.03e+02  0  3.53e+03  1.25e+03  2.54e+02  8.01e+01  2.27e+01   0.43
2004 11 06  1125   53315   41100  0  2.05e+04  2.12e+02  0  3.97e+03  1.32e+03  2.66e+02  8.45e+01  2.35e+01   0.35
2004 11 06  1130   53315   41400  0  2.33e+04  2.33e+02  0  4.71e+03  1.61e+03  3.03e+02  9.35e+01  2.54e+01   0.25
2004 11 06  1135   53315   41700  0  2.30e+04  2.24e+02  0  4.49e+03  1.53e+03  2.95e+02  9.07e+01  2.48e+01   0.22
2004 11 06  1140   53315   42000  0  2.24e+04  2.30e+02  0  4.65e+03  1.62e+03  2.95e+02  8.64e+01  2.37e+01   0.22
2004 11 06  1145   53315   42300  0  2.31e+04  2.28e+02  0  5.09e+03  1.70e+03  3.07e+02  9.30e+01  2.47e+01   0.24
2004 11 06  1150   53315   42600  0  2.61e+04  2.55e+02  0  1.43e+04  3.85e+03  5.11e+02  1.41e+02  3.33e+01   0.30
2004 11 06  1155   53315   42900  0  2.59e+04  2.47e+02  0  1.20e+04  3.41e+03  4.94e+02  1.39e+02  3.53e+01   0.27
2004 11 06  1200   53315   43200  0  2.35e+04  2.30e+02  0  7.29e+03  2.43e+03  4.09e+02  1.08e+02  2.96e+01   0.10
2004 11 06  1205   53315   43500  0  2.64e+04  2.51e+02  0  9.42e+03  2.83e+03  4.20e+02  1.36e+02  3.05e+01   0.03
2004 11 06  1210   53315   43800  0  2.65e+04  2.49e+02  0  1.06e+04  3.30e+03  4.68e+02  1.35e+02  3.23e+01   0.04
2004 11 06  1215   53315   44100  0  2.73e+04  2.56e+02  0  7.53e+03  2.68e+03  4.61e+02  1.31e+02  3.35e+01   0.08
2004 11 06  1220   53315   44400  0  2.53e+04  2.47e+02  0  6.44e+03  2.07e+03  3.91e+02  1.30e+02  3.32e+01   0.06
2004 11 06  1225   53315   44700  0  2.42e+04  2.32e+02  0  5.80e+03  1.81e+03  3.14e+02  1.28e+02  3.18e+01   0.06
2004 11 06  1230   53315   45000  0  2.33e+04  2.15e+02  0  6.20e+03  1.94e+03  3.17e+02  1.32e+02  2.75e+01   0.07
2004 11 06  1235   53315   45300  0  2.48e+04  2.37e+02  0  5.52e+03  1.72e+03  3.04e+02  1.27e+02  2.46e+01   0.06
2004 11 06  1240   53315   45600  0  2.56e+04  2.50e+02  0  6.16e+03  1.83e+03  2.91e+02  1.29e+02  2.39e+01   0.14
2004 11 06  1245   53315   45900  0  2.66e+04  2.52e+02  0  5.98e+03  1.83e+03  3.13e+02  1.29e+02  2.92e+01   0.20
2004 11 06  1250   53315   46200  0  2.54e+04  2.44e+02  0  5.93e+03  2.29e+03  4.41e+02  1.28e+02  3.49e+01   0.14
2004 11 06  1255   53315   46500  0  2.54e+04  2.28e+02  0  5.78e+03  2.07e+03  4.27e+02  1.31e+02  4.02e+01   0.15
2004 11 06  1300   53315   46800  0  2.41e+04  2.20e+02  0  6.30e+03  2.02e+03  3.74e+02  1.29e+02  3.63e+01   0.12
2004 11 06  1305   53315   47100  0  2.50e+04  2.28e+02  0  1.35e+04  3.50e+03  4.52e+02  1.24e+02  3.44e+01   0.15
2004 11 06  1310   53315   47400  0  2.41e+04  2.17e+02  0  1.84e+04  4.60e+03  5.78e+02  1.26e+02  4.00e+01   0.02
2004 11 06  1315   53315   47700  0  2.36e+04  2.19e+02  0  1.94e+04  4.89e+03  6.31e+02  1.25e+02  4.18e+01   0.07
2004 11 06  1320   53315   48000  0  2.47e+04  2.20e+02  0  1.44e+04  3.90e+03  5.36e+02  1.35e+02  3.67e+01   0.16
2004 11 06  1325   53315   48300  0  2.65e+04  2.44e+02  0  1.52e+04  4.36e+03  5.91e+02  1.76e+02  3.68e+01   0.41
2004 11 06  1330   53315   48600  0  2.81e+04  2.50e+02  0  1.21e+04  3.68e+03  5.71e+02  1.79e+02  3.89e+01   0.57
2004 11 06  1335   53315   48900  0  2.80e+04  2.49e+02  0  1.20e+04  3.36e+03  4.93e+02  1.75e+02  3.82e+01   0.58
2004 11 06  1340   53315   49200  0  2.82e+04  2.38e+02  0  1.47e+04  4.17e+03  5.97e+02  1.79e+02  4.16e+01   0.57
2004 11 06  1345   53315   49500  0  2.73e+04  2.31e+02  0  1.41e+04  3.99e+03  5.74e+02  1.73e+02  3.84e+01   0.54
2004 11 06  1350   53315   49800  0  2.71e+04  2.43e+02  0  1.42e+04  3.85e+03  5.64e+02  1.76e+02  3.58e+01   0.65
2004 11 06  1355   53315   50100  0  2.76e+04  2.55e+02  0  1.39e+04  3.79e+03  5.29e+02  1.67e+02  3.62e+01   0.58
2004 11 06  1400   53315   50400  0  2.74e+04  2.46e+02  0  1.38e+04  3.69e+03  4.97e+02  1.62e+02  3.54e+01   0.57
2004 11 06  1405   53315   50700  0  2.57e+04  2.32e+02  0  1.20e+04  3.41e+03  5.04e+02  1.61e+02  3.73e+01   0.52
2004 11 06  1410   53315   51000  0  2.33e+04  2.03e+02  0  1.07e+04  3.14e+03  4.75e+02  1.41e+02  3.97e+01   0.25
2004 11 06  1415   53315   51300  0  2.29e+04  2.07e+02  0  1.09e+04  3.07e+03  4.91e+02  1.41e+02  3.84e+01   0.26
2004 11 06  1420   53315   51600  0  2.45e+04  2.07e+02  0  1.22e+04  3.69e+03  5.71e+02  1.54e+02  4.10e+01   0.19
2004 11 06  1425   53315   51900  0  2.51e+04  2.19e+02  0  1.11e+04  3.36e+03  5.34e+02  1.49e+02  3.93e+01   0.18
2004 11 06  1430   53315   52200  0  2.52e+04  2.19e+02  0  1.33e+04  3.82e+03  5.27e+02  1.44e+02  3.64e+01   0.05
2004 11 06  1435   53315   52500  0  2.63e+04  2.28e+02  0  1.20e+04  3.57e+03  5.35e+02  1.45e+02  3.90e+01   0.10
2004 11 06  1440   53315   52800  0  2.77e+04  2.40e+02  0  1.54e+04  4.35e+03  5.73e+02  1.46e+02  3.85e+01   0.06
2004 11 06  1445   53315   53100  0  2.75e+04  2.37e+02  0  1.34e+04  3.91e+03  5.36e+02  1.47e+02  3.59e+01   0.09
2004 11 06  1450   53315   53400  0  2.80e+04  2.46e+02  0  1.75e+04  4.79e+03  6.28e+02  1.57e+02  3.97e+01   0.06
2004 11 06  1455   53315   53700  0  2.73e+04  2.33e+02  0  1.94e+04  5.30e+03  7.05e+02  1.58e+02  4.57e+01   0.09
2004 11 06  1500   53315   54000  0  2.74e+04  2.38e+02  0  1.65e+04  4.73e+03  6.41e+02  1.48e+02  4.18e+01   0.04
2004 11 06  1505   53315   54300  0  2.74e+04  2.31e+02  0  1.06e+04  3.27e+03  4.99e+02  1.44e+02  3.83e+01   0.06
2004 11 06  1510   53315   54600  0  2.74e+04  2.40e+02  0  1.33e+04  3.93e+03  5.58e+02  1.45e+02  3.88e+01   0.07
2004 11 06  1515   53315   54900  0  2.72e+04  2.51e+02  0  2.05e+04  5.54e+03  6.76e+02  1.44e+02  4.20e+01   0.04
2004 11 06  1520   53315   55200  0  2.71e+04  2.24e+02  0  1.47e+04  4.46e+03  6.10e+02  1.39e+02  3.99e+01   0.01
2004 11 06  1525   53315   55500  0  2.61e+04  2.31e+02  0  1.10e+04  3.36e+03  4.77e+02  1.35e+02  3.71e+01   0.06
2004 11 06  1530   53315   55800  0  2.44e+04  2.23e+02  0  1.24e+04  3.63e+03  5.40e+02  1.36e+02  4.13e+01   0.11
2004 11 06  1535   53315   56100  0  2.49e+04  2.29e+02  0  1.25e+04  3.76e+03  5.50e+02  1.47e+02  4.08e+01   0.05
2004 11 06  1540   53315   56400  0  2.62e+04  2.19e+02  0  1.37e+04  3.97e+03  5.73e+02  1.49e+02  4.14e+01   0.05
2004 11 06  1545   53315   56700  0  2.70e+04  2.48e+02  0  1.25e+04  3.79e+03  5.53e+02  1.50e+02  4.04e+01   0.14
2004 11 06  1550   53315   57000  0  2.76e+04  2.25e+02  0  1.35e+04  4.09e+03  5.74e+02  1.53e+02  4.03e+01   0.11
2004 11 06  1555   53315   57300  0  2.69e+04  2.42e+02  0  1.34e+04  4.09e+03  5.90e+02  1.48e+02  4.22e+01   0.10
2004 11 06  1600   53315   57600  0  2.77e+04  2.37e+02  0  1.45e+04  4.22e+03  6.03e+02  1.55e+02  4.19e+01   0.02
2004 11 06  1605   53315   57900  0  2.79e+04  2.42e+02  0  1.41e+04  4.15e+03  5.80e+02  1.54e+02  4.12e+01   0.05
2004 11 06  1610   53315   58200  0  2.68e+04  2.45e+02  0  1.38e+04  4.18e+03  5.97e+02  1.53e+02  4.43e+01   0.09
2004 11 06  1615   53315   58500  0  2.66e+04  2.34e+02  0  1.29e+04  4.08e+03  6.14e+02  1.61e+02  4.39e+01   0.06
2004 11 06  1620   53315   58800  0  2.68e+04  2.51e+02  0  1.23e+04  3.78e+03  5.44e+02  1.63e+02  4.16e+01   0.03
2004 11 06  1625   53315   59100  0  2.70e+04  2.54e+02  0  1.22e+04  3.73e+03  5.41e+02  1.55e+02  4.15e+01   0.10
2004 11 06  1630   53315   59400  0  2.77e+04  2.51e+02  0  1.29e+04  3.98e+03  5.94e+02  1.49e+02  4.21e+01   0.09
2004 11 06  1635   53315   59700  0  2.75e+04  2.57e+02  0  1.30e+04  4.17e+03  6.31e+02  1.61e+02  4.47e+01   0.02
2004 11 06  1640   53315   60000  0  2.73e+04  2.40e+02  0  1.30e+04  4.18e+03  5.99e+02  1.60e+02  4.43e+01   0.03
2004 11 06  1645   53315   60300  0  2.76e+04  2.55e+02  0  1.13e+04  3.93e+03  5.88e+02  1.52e+02  4.39e+01   0.03
2004 11 06  1650   53315   60600  0  2.72e+04  2.35e+02  0  1.17e+04  3.75e+03  5.71e+02  1.57e+02  4.04e+01   0.03
2004 11 06  1655   53315   60900  0  2.79e+04  2.67e+02  0  1.33e+04  4.04e+03  6.10e+02  1.60e+02  4.16e+01   0.04
2004 11 06  1700   53315   61200  0  2.64e+04  2.42e+02  0  1.12e+04  3.48e+03  5.21e+02  1.48e+02  3.78e+01   0.05
2004 11 06  1705   53315   61500  0  2.62e+04  2.40e+02  0  1.19e+04  3.73e+03  5.32e+02  1.45e+02  3.79e+01   0.03
2004 11 06  1710   53315   61800  0  2.70e+04  2.51e+02  0  1.29e+04  3.89e+03  5.62e+02  1.48e+02  4.13e+01   0.09
2004 11 06  1715   53315   62100  0  2.74e+04  2.50e+02  0  1.24e+04  3.74e+03  5.35e+02  1.48e+02  3.90e+01   0.08
2004 11 06  1720   53315   62400  0  2.74e+04  2.54e+02  0  1.22e+04  3.77e+03  5.47e+02  1.44e+02  4.11e+01   0.09
2004 11 06  1725   53315   62700  0  2.76e+04  2.56e+02  0  1.30e+04  3.97e+03  5.70e+02  1.50e+02  4.24e+01   0.10
2004 11 06  1730   53315   63000  0  2.75e+04  2.50e+02  0  1.30e+04  4.03e+03  5.86e+02  1.59e+02  4.39e+01   0.09
2004 11 06  1735   53315   63300  0  2.86e+04  2.69e+02  0  1.64e+04  4.61e+03  6.27e+02  1.78e+02  4.52e+01   0.24
2004 11 06  1740   53315   63600  0  3.15e+04  2.95e+02  0  1.86e+04  5.02e+03  6.88e+02  1.87e+02  5.02e+01   0.28
2004 11 06  1745   53315   63900  0  3.15e+04  2.92e+02  0  1.74e+04  4.83e+03  6.71e+02  1.97e+02  4.86e+01   0.30
2004 11 06  1750   53315   64200  0  3.09e+04  2.80e+02  0  1.67e+04  4.59e+03  6.43e+02  1.89e+02  4.83e+01   0.31
2004 11 06  1755   53315   64500  0  2.91e+04  2.63e+02  0  1.38e+04  4.08e+03  5.92e+02  1.62e+02  4.51e+01   0.13
2004 11 06  1800   53315   64800  0  2.95e+04  2.78e+02  0  1.46e+04  4.12e+03  5.94e+02  1.56e+02  4.36e+01   0.06
2004 11 06  1805   53315   65100  0  2.95e+04  2.61e+02  0  1.51e+04  4.38e+03  6.40e+02  1.61e+02  4.64e+01   0.08
2004 11 06  1810   53315   65400  0  3.00e+04  2.63e+02  0  1.66e+04  4.75e+03  6.92e+02  1.78e+02  4.83e+01   0.10
2004 11 06  1815   53315   65700  0  3.02e+04  2.70e+02  0  1.76e+04  4.96e+03  6.87e+02  1.82e+02  4.99e+01   0.14
2004 11 06  1820   53315   66000  0  3.21e+04  2.91e+02  0  1.80e+04  4.98e+03  6.91e+02  2.06e+02  4.97e+01   0.22
2004 11 06  1825   53315   66300  0  3.39e+04  3.01e+02  0  1.86e+04  5.17e+03  6.99e+02  2.29e+02  4.99e+01   0.35
2004 11 06  1830   53315   66600  0  3.50e+04  3.03e+02  0  1.88e+04  5.15e+03  7.07e+02  2.36e+02  4.94e+01   0.36
2004 11 06  1835   53315   66900  0  3.38e+04  2.97e+02  0  1.92e+04  5.30e+03  7.15e+02  2.30e+02  5.01e+01   0.26
2004 11 06  1840   53315   67200  0  3.30e+04  2.98e+02  0  1.78e+04  4.96e+03  6.88e+02  2.24e+02  5.12e+01   0.25
2004 11 06  1845   53315   67500  0  3.36e+04  2.93e+02  0  1.84e+04  5.17e+03  7.36e+02  2.41e+02  5.40e+01   0.25
2004 11 06  1850   53315   67800  0  3.32e+04  2.82e+02  0  1.67e+04  4.87e+03  6.97e+02  2.40e+02  5.36e+01   0.22
2004 11 06  1855   53315   68100  0  3.26e+04  2.82e+02  0  1.52e+04  4.51e+03  6.72e+02  2.41e+02  5.26e+01   0.22
2004 11 06  1900   53315   68400  0  3.11e+04  2.55e+02  0  1.44e+04  4.45e+03  6.49e+02  2.29e+02  5.03e+01   0.17
2004 11 06  1905   53315   68700  0  2.96e+04  2.59e+02  0  1.39e+04  4.40e+03  6.49e+02  2.27e+02  5.04e+01   0.15
2004 11 06  1910   53315   69000  0  2.77e+04  2.28e+02  0  1.35e+04  4.27e+03  6.51e+02  2.24e+02  5.04e+01   0.07
2004 11 06  1915   53315   69300  0  2.55e+04  2.28e+02  0  1.37e+04  4.32e+03  6.46e+02  2.08e+02  4.97e+01   0.09
2004 11 06  1920   53315   69600  0  2.62e+04  2.28e+02  0  1.37e+04  4.25e+03  6.42e+02  2.02e+02  4.85e+01   0.09
2004 11 06  1925   53315   69900  0  2.69e+04  2.38e+02  0  1.32e+04  4.21e+03  6.51e+02  2.15e+02  4.82e+01   0.06
2004 11 06  1930   53315   70200  0  3.28e+04  2.74e+02  0  1.43e+04  4.36e+03  6.45e+02  2.14e+02  4.95e+01   0.13
2004 11 06  1935   53315   70500  0  3.34e+04  2.90e+02  0  1.55e+04  4.51e+03  6.54e+02  2.46e+02  4.98e+01   0.34
2004 11 06  1940   53315   70800  0  3.51e+04  3.11e+02  0  1.58e+04  4.60e+03  6.59e+02  2.61e+02  5.09e+01   0.37
2004 11 06  1945   53315   71100  0  3.33e+04  2.86e+02  0  1.50e+04  4.39e+03  6.59e+02  2.49e+02  5.05e+01   0.29
2004 11 06  1950   53315   71400  0  3.04e+04  2.51e+02  0  1.29e+04  4.06e+03  6.20e+02  2.02e+02  4.90e+01   0.07
2004 11 06  1955   53315   71700  0  3.15e+04  2.73e+02  0  1.57e+04  4.61e+03  6.59e+02  2.06e+02  5.12e+01   0.08
2004 11 06  2000   53315   72000  0  3.10e+04  2.81e+02  0  1.76e+04  5.07e+03  7.32e+02  2.20e+02  5.82e+01   0.17
2004 11 06  2005   53315   72300  0  3.16e+04  2.75e+02  0  1.72e+04  4.98e+03  7.43e+02  2.23e+02  5.87e+01   0.20
2004 11 06  2010   53315   72600  0  3.08e+04  2.67e+02  0  1.57e+04  4.65e+03  6.92e+02  2.16e+02  5.50e+01   0.22
2004 11 06  2015   53315   72900  0  3.07e+04  2.60e+02  0  1.64e+04  4.78e+03  7.11e+02  2.13e+02  5.59e+01   0.16
2004 11 06  2020   53315   73200  0  3.06e+04  2.69e+02  0  1.74e+04  5.03e+03  7.27e+02  2.08e+02  5.73e+01   0.05
2004 11 06  2025   53315   73500  0  3.11e+04  2.67e+02  0  1.80e+04  5.17e+03  7.58e+02  2.14e+02  6.04e+01   0.05
2004 11 06  2030   53315   73800  0  3.19e+04  2.74e+02  0  1.87e+04  5.35e+03  7.70e+02  2.19e+02  6.41e+01   0.12
2004 11 06  2035   53315   74100  0  3.00e+04  2.63e+02  0  1.58e+04  4.65e+03  6.96e+02  1.96e+02  5.70e+01   0.01
2004 11 06  2040   53315   74400  0  3.02e+04  2.61e+02  0  1.48e+04  4.29e+03  6.71e+02  1.92e+02  5.06e+01   0.08
2004 11 06  2045   53315   74700  0  3.10e+04  2.56e+02  0  1.63e+04  4.64e+03  6.96e+02  1.82e+02  5.33e+01   0.15
2004 11 06  2050   53315   75000  0  3.06e+04  2.66e+02  0  1.68e+04  4.87e+03  7.27e+02  1.95e+02  6.07e+01   0.07
2004 11 06  2055   53315   75300  0  3.16e+04  2.55e+02  0  1.95e+04  5.49e+03  8.15e+02  2.28e+02  6.52e+01   0.13
2004 11 06  2100   53315   75600  0  3.20e+04  2.61e+02  0  1.97e+04  5.53e+03  8.22e+02  2.43e+02  6.65e+01   0.09
2004 11 06  2105   53315   75900  0  3.25e+04  2.70e+02  0  1.95e+04  5.60e+03  8.26e+02  2.33e+02  6.75e+01   0.10
2004 11 06  2110   53315   76200  0  3.16e+04  2.68e+02  0  2.05e+04  5.80e+03  8.33e+02  2.41e+02  7.07e+01   0.22
2004 11 06  2115   53315   76500  0  3.30e+04  2.75e+02  0  2.26e+04  6.06e+03  8.53e+02  2.52e+02  6.83e+01   0.26
2004 11 06  2120   53315   76800  0  3.42e+04  2.88e+02  0  2.21e+04  5.93e+03  8.36e+02  2.64e+02  6.95e+01   0.32
2004 11 06  2125   53315   77100  0  3.23e+04  2.70e+02  0  2.03e+04  5.63e+03  8.19e+02  2.50e+02  6.56e+01   0.30
2004 11 06  2130   53315   77400  0  3.17e+04  2.64e+02  0  1.77e+04  5.02e+03  7.38e+02  2.48e+02  6.17e+01   0.21
2004 11 06  2135   53315   77700  0  3.13e+04  2.47e+02  0  1.69e+04  5.03e+03  7.57e+02  2.63e+02  6.14e+01   0.22
2004 11 06  2140   53315   78000  0  3.24e+04  2.61e+02  0  1.76e+04  4.99e+03  7.62e+02  2.60e+02  6.28e+01   0.22
2004 11 06  2145   53315   78300  0  3.25e+04  2.76e+02  0  1.82e+04  5.18e+03  7.71e+02  2.70e+02  6.33e+01   0.28
2004 11 06  2150   53315   78600  0  3.33e+04  2.51e+02  0  1.81e+04  5.02e+03  7.39e+02  2.82e+02  6.41e+01   0.35
2004 11 06  2155   53315   78900  0  3.43e+04  2.66e+02  0  1.75e+04  4.87e+03  7.07e+02  3.02e+02  6.00e+01   0.50
2004 11 06  2200   53315   79200  0  3.30e+04  2.55e+02  0  1.87e+04  5.21e+03  7.26e+02  3.12e+02  5.93e+01   0.51
2004 11 06  2205   53315   79500  0  3.32e+04  2.59e+02  0  1.97e+04  5.56e+03  8.07e+02  3.26e+02  6.33e+01   0.49
2004 11 06  2210   53315   79800  0  3.45e+04  2.60e+02  0  1.84e+04  5.20e+03  7.48e+02  3.19e+02  6.13e+01   0.43
2004 11 06  2215   53315   80100  0  3.61e+04  2.78e+02  0  1.86e+04  5.27e+03  7.89e+02  3.38e+02  6.60e+01   0.42
2004 11 06  2220   53315   80400  0  3.60e+04  2.83e+02  0  1.80e+04  4.88e+03  7.10e+02  3.16e+02  6.30e+01   0.36
2004 11 06  2225   53315   80700  0  3.53e+04  2.67e+02  0  1.79e+04  4.71e+03  6.79e+02  3.02e+02  5.93e+01   0.40
2004 11 06  2230   53315   81000  0  3.56e+04  2.62e+02  0  1.79e+04  4.93e+03  7.08e+02  2.96e+02  6.08e+01   0.31
2004 11 06  2235   53315   81300  0  3.15e+04  2.36e+02  0  1.70e+04  4.74e+03  6.95e+02  2.62e+02  6.00e+01   0.11
2004 11 06  2240   53315   81600  0  3.17e+04  2.35e+02  0  1.65e+04  4.64e+03  7.03e+02  2.67e+02  6.13e+01   0.22
2004 11 06  2245   53315   81900  0  3.21e+04  2.35e+02  0  1.73e+04  4.79e+03  6.89e+02  2.89e+02  5.71e+01   0.45
2004 11 06  2250   53315   82200  0  3.31e+04  2.40e+02  0  1.84e+04  5.22e+03  7.86e+02  3.10e+02  6.45e+01   0.36
2004 11 06  2255   53315   82500  0  3.24e+04  2.40e+02  0  1.75e+04  5.12e+03  7.71e+02  2.83e+02  6.63e+01   0.37
2004 11 06  2300   53315   82800  0  3.33e+04  2.48e+02  0  1.79e+04  5.17e+03  7.35e+02  3.05e+02  6.37e+01   0.42
2004 11 06  2305   53315   83100  0  3.38e+04  2.53e+02  0  1.87e+04  5.07e+03  7.31e+02  2.96e+02  6.46e+01   0.44
2004 11 06  2310   53315   83400  0  3.30e+04  2.60e+02  0  1.89e+04  5.00e+03  7.20e+02  3.16e+02  6.45e+01   0.49
2004 11 06  2315   53315   83700  0  3.30e+04  2.51e+02  0  2.05e+04  5.47e+03  7.80e+02  3.18e+02  7.08e+01   0.47
2004 11 06  2320   53315   84000  0  3.31e+04  2.46e+02  0  2.06e+04  5.49e+03  7.90e+02  3.48e+02  7.29e+01   0.51
2004 11 06  2325   53315   84300  0  3.37e+04  2.58e+02  0  2.14e+04  5.57e+03  7.98e+02  3.24e+02  7.20e+01   0.42
2004 11 06  2330   53315   84600  0  3.59e+04  2.56e+02  0  2.20e+04  5.71e+03  8.14e+02  3.34e+02  7.17e+01   0.46
2004 11 06  2335   53315   84900  0  3.33e+04  2.48e+02  0  2.15e+04  5.72e+03  8.16e+02  3.55e+02  7.05e+01   0.61
2004 11 06  2340   53315   85200  0  3.42e+04  2.60e+02  0  2.03e+04  5.49e+03  8.10e+02  3.38e+02  7.39e+01   0.48
2004 11 06  2345   53315   85500  0  3.64e+04  2.52e+02  0  2.15e+04  5.73e+03  8.34e+02  3.31e+02  7.76e+01   0.38
2004 11 06  2350   53315   85800  0  3.71e+04  2.49e+02  0  2.32e+04  6.04e+03  8.77e+02  3.75e+02  8.11e+01   0.49
2004 11 06  2355   53315   86100  0  3.49e+04  2.47e+02  0  2.07e+04  5.50e+03  8.40e+02  3.64e+02  8.24e+01   0.54
