:Data_list: 20040214_ace_epam_5m.txt
:Created: 2004 Feb 15 0012 UT
# Prepared by the U.S. Dept. of Commerce, NOAA, Space Environment Center.
# Please send comments and suggestions to SEC.Webmaster@noaa.gov 
# 
# Units: Differential Flux particles/cm2-s-ster-MeV
# Units: Anisotropy Index 0.0 - 2.0
# Status(S): 0 = nominal, 4,6,7,8 = bad data, unable to process, 9 = no data
# Missing data values: -1.00e+05, index = -1.00
# Source: ACE Satellite - Electron, Proton, and Alpha Monitor
# 2004 Feb 04: see http://www.sec.noaa.gov/ftpdir/lists/ace/README for EPAM channel change notice.
#
#                      5-minute averaged Real-time Differential Electron and Proton Flux 
# 
#                Modified Seconds ---------------------------- Differential Flux --------------------------- 
# UT Date   Time  Julian  of the  ----- Electron -----   ------------------- Protons keV -------------------   Anis.
# YR MO DA  HHMM    Day    Day    S    38-53   175-315   S    47-68   115-195   310-580   761-1220 1060-1900   Ratio
#-------------------------------------------------------------------------------------------------------------------
2004 02 14  0000   53049       0  0  4.40e+02  1.41e+01  0  9.58e+02  2.61e+01  6.93e+00  2.02e+00  7.93e-01   0.38
2004 02 14  0005   53049     300  0  3.37e+02  1.51e+01  0  9.62e+02  2.50e+01  6.42e+00  1.73e+00  6.01e-01   0.12
2004 02 14  0010   53049     600  0  3.73e+02  1.29e+01  0  8.96e+02  2.68e+01  6.62e+00  2.47e+00  5.79e-01   0.27
2004 02 14  0015   53049     900  0  4.24e+02  1.39e+01  0  9.32e+02  2.61e+01  6.32e+00  2.18e+00  7.76e-01   0.18
2004 02 14  0020   53049    1200  0  3.46e+02  1.39e+01  0  9.31e+02  2.58e+01  6.79e+00  1.73e+00  7.38e-01   0.35
2004 02 14  0025   53049    1500  0  3.72e+02  1.62e+01  0  9.33e+02  2.74e+01  7.93e+00  2.35e+00  6.74e-01   0.21
2004 02 14  0030   53049    1800  0  3.77e+02  1.32e+01  0  8.60e+02  2.42e+01  6.77e+00  1.90e+00  5.71e-01   0.33
2004 02 14  0035   53049    2100  0  4.35e+02  1.43e+01  0  9.57e+02  2.40e+01  6.03e+00  2.39e+00  7.06e-01   0.43
2004 02 14  0040   53049    2400  0  3.79e+02  1.79e+01  0  9.08e+02  2.19e+01  5.62e+00  2.08e+00  4.54e-01   0.19
2004 02 14  0045   53049    2700  0  3.49e+02  1.43e+01  0  8.97e+02  2.25e+01  4.99e+00  1.28e+00  5.02e-01   0.13
2004 02 14  0050   53049    3000  0  4.31e+02  1.49e+01  0  9.22e+02  1.91e+01  5.34e+00  1.64e+00  4.74e-01   0.53
2004 02 14  0055   53049    3300  0  4.07e+02  1.82e+01  0  9.05e+02  2.10e+01  5.11e+00  1.79e+00  5.12e-01   0.22
2004 02 14  0100   53049    3600  0  3.98e+02  1.52e+01  0  9.35e+02  2.10e+01  5.71e+00  2.19e+00  4.93e-01   0.75
2004 02 14  0105   53049    3900  0  3.68e+02  1.58e+01  0  8.80e+02  1.97e+01  4.59e+00  1.75e+00  5.06e-01   0.48
2004 02 14  0110   53049    4200  0  4.37e+02  1.61e+01  0  9.61e+02  2.25e+01  4.24e+00  1.58e+00  4.64e-01   0.16
2004 02 14  0115   53049    4500  0  3.52e+02  1.40e+01  0  9.61e+02  1.81e+01  4.15e+00  2.06e+00  4.73e-01   0.22
2004 02 14  0120   53049    4800  0  3.41e+02  1.29e+01  0  8.94e+02  2.14e+01  5.35e+00  1.98e+00  5.02e-01   0.46
2004 02 14  0125   53049    5100  0  4.49e+02  1.66e+01  0  9.52e+02  1.96e+01  4.65e+00  1.54e+00  4.32e-01   0.59
2004 02 14  0130   53049    5400  0  3.60e+02  1.42e+01  0  9.65e+02  1.82e+01  5.17e+00  1.60e+00  3.96e-01   0.52
2004 02 14  0135   53049    5700  0  3.97e+02  1.56e+01  0  9.12e+02  1.98e+01  4.78e+00  1.56e+00  4.73e-01   0.38
2004 02 14  0140   53049    6000  0  4.09e+02  1.47e+01  0  9.35e+02  2.04e+01  5.54e+00  1.52e+00  5.06e-01   0.14
2004 02 14  0145   53049    6300  0  4.23e+02  1.33e+01  0  9.58e+02  2.29e+01  5.35e+00  1.43e+00  5.12e-01   0.03
2004 02 14  0150   53049    6600  0  3.44e+02  1.26e+01  0  9.32e+02  2.07e+01  5.89e+00  1.39e+00  4.44e-01   0.14
2004 02 14  0155   53049    6900  0  3.70e+02  1.53e+01  0  8.40e+02  2.20e+01  5.74e+00  1.66e+00  5.37e-01   0.16
2004 02 14  0200   53049    7200  0  4.33e+02  1.41e+01  0  9.41e+02  2.29e+01  5.02e+00  1.86e+00  5.79e-01   0.30
2004 02 14  0205   53049    7500  0  3.37e+02  1.29e+01  0  9.53e+02  2.52e+01  5.57e+00  1.79e+00  5.58e-01   0.16
2004 02 14  0210   53049    7800  0  3.41e+02  1.58e+01  0  1.09e+03  3.44e+01  5.38e+00  1.54e+00  6.32e-01   0.03
2004 02 14  0215   53049    8100  0  4.37e+02  1.49e+01  0  1.13e+03  2.73e+01  5.41e+00  1.69e+00  6.33e-01   0.38
2004 02 14  0220   53049    8400  0  3.66e+02  1.41e+01  0  9.89e+02  2.21e+01  6.39e+00  1.97e+00  6.11e-01   0.15
2004 02 14  0225   53049    8700  0  3.64e+02  1.74e+01  0  9.68e+02  2.44e+01  5.15e+00  1.87e+00  6.32e-01   0.14
2004 02 14  0230   53049    9000  0  3.34e+02  1.54e+01  0  8.98e+02  2.44e+01  6.13e+00  1.48e+00  5.53e-01   0.25
2004 02 14  0235   53049    9300  0  4.17e+02  1.22e+01  0  9.60e+02  2.26e+01  5.28e+00  1.54e+00  6.53e-01   0.21
2004 02 14  0240   53049    9600  0  3.22e+02  1.91e+01  0  1.01e+03  2.46e+01  6.60e+00  1.81e+00  6.69e-01   0.16
2004 02 14  0245   53049    9900  0  4.04e+02  1.64e+01  0  9.50e+02  3.08e+01  6.69e+00  1.73e+00  6.22e-01   0.38
2004 02 14  0250   53049   10200  0  4.06e+02  1.55e+01  0  1.03e+03  2.82e+01  7.34e+00  1.66e+00  7.59e-01   0.04
2004 02 14  0255   53049   10500  0  3.62e+02  1.50e+01  0  1.02e+03  2.72e+01  6.57e+00  2.18e+00  8.74e-01   0.05
2004 02 14  0300   53049   10800  0  3.54e+02  1.26e+01  0  9.59e+02  2.51e+01  6.13e+00  1.33e+00  7.16e-01   0.18
2004 02 14  0305   53049   11100  0  3.82e+02  1.35e+01  0  9.34e+02  2.78e+01  6.79e+00  2.31e+00  5.79e-01   0.10
2004 02 14  0310   53049   11400  9 -1.00e+05 -1.00e+05  9 -1.00e+05 -1.00e+05 -1.00e+05 -1.00e+05 -1.00e+05  -1.00
2004 02 14  0315   53049   11700  0  3.53e+02  1.25e+01  0  9.90e+02  2.73e+01  6.62e+00  1.71e+00  6.87e-01   0.80
2004 02 14  0320   53049   12000  0  3.27e+02  1.58e+01  0  1.02e+03  3.19e+01  7.15e+00  1.92e+00  5.89e-01   0.10
2004 02 14  0325   53049   12300  0  4.35e+02  1.44e+01  0  9.50e+02  2.87e+01  6.61e+00  1.68e+00  6.18e-01   0.18
2004 02 14  0330   53049   12600  0  3.41e+02  1.62e+01  0  9.96e+02  2.94e+01  7.15e+00  1.77e+00  6.64e-01   0.12
2004 02 14  0335   53049   12900  0  3.19e+02  1.33e+01  0  9.49e+02  3.75e+01  8.41e+00  1.60e+00  7.53e-01   0.07
2004 02 14  0340   53049   13200  0  3.92e+02  1.31e+01  0  1.21e+03  1.17e+02  9.92e+00  1.79e+00  8.79e-01   0.29
2004 02 14  0345   53049   13500  0  2.96e+02  1.45e+01  0  1.15e+03  5.43e+01  9.67e+00  1.75e+00  6.22e-01   0.48
2004 02 14  0350   53049   13800  0  3.44e+02  1.17e+01  0  1.06e+03  3.94e+01  6.73e+00  1.66e+00  5.12e-01   0.10
2004 02 14  0355   53049   14100  0  3.57e+02  1.40e+01  0  8.59e+02  2.38e+01  5.41e+00  1.51e+00  5.22e-01   0.15
2004 02 14  0400   53049   14400  0  4.27e+02  1.72e+01  0  9.52e+02  2.18e+01  4.36e+00  2.08e+00  5.12e-01   0.40
2004 02 14  0405   53049   14700  0  3.63e+02  1.12e+01  0  9.69e+02  2.26e+01  4.69e+00  1.52e+00  3.27e-01   0.25
2004 02 14  0410   53049   15000  0  3.27e+02  1.54e+01  0  6.71e+03  3.09e+02  7.03e+00  1.83e+00  7.44e-01   0.26
2004 02 14  0415   53049   15300  0  4.03e+02  1.20e+01  0  1.21e+03  1.23e+02  6.97e+00  1.51e+00  6.37e-01   0.14
2004 02 14  0420   53049   15600  0  3.91e+02  1.49e+01  0  9.25e+02  2.39e+01  6.29e+00  1.56e+00  4.85e-01   0.30
2004 02 14  0425   53049   15900  0  3.79e+02  1.36e+01  0  1.02e+03  2.45e+01  7.18e+00  1.33e+00  6.66e-01   0.65
2004 02 14  0430   53049   16200  0  4.33e+02  1.42e+01  0  9.59e+02  2.62e+01  6.01e+00  1.41e+00  6.37e-01   0.51
2004 02 14  0435   53049   16500  0  5.03e+02  1.31e+01  0  1.93e+03  3.36e+01  5.41e+00  1.27e+00  3.79e-01   0.36
2004 02 14  0440   53049   16800  0  3.92e+02  1.44e+01  0  9.16e+02  2.18e+01  6.24e+00  1.55e+00  5.88e-01   0.26
2004 02 14  0445   53049   17100  0  3.68e+02  1.43e+01  0  8.61e+02  2.29e+01  5.31e+00  1.41e+00  7.06e-01   0.26
2004 02 14  0450   53049   17400  0  3.99e+02  1.39e+01  0  9.42e+02  2.27e+01  5.47e+00  1.21e+00  7.38e-01   0.52
2004 02 14  0455   53049   17700  0  3.40e+02  1.49e+01  0  9.30e+02  2.45e+01  5.66e+00  1.58e+00  6.60e-01   0.32
2004 02 14  0500   53049   18000  0  3.97e+02  1.47e+01  0  9.39e+02  2.06e+01  6.00e+00  1.54e+00  6.32e-01   0.36
2004 02 14  0505   53049   18300  0  3.72e+02  1.29e+01  0  9.38e+02  2.48e+01  5.47e+00  1.81e+00  7.69e-01   0.23
2004 02 14  0510   53049   18600  0  4.37e+02  1.42e+01  0  9.40e+02  2.40e+01  6.05e+00  1.49e+00  6.15e-01   0.24
2004 02 14  0515   53049   18900  0  3.68e+02  1.22e+01  0  9.06e+02  2.63e+01  5.57e+00  1.64e+00  7.80e-01   0.33
2004 02 14  0520   53049   19200  0  3.20e+02  1.59e+01  0  8.52e+02  2.28e+01  6.91e+00  1.30e+00  5.88e-01   0.10
2004 02 14  0525   53049   19500  0  4.74e+02  1.43e+01  0  9.55e+02  2.25e+01  5.21e+00  1.68e+00  4.43e-01   0.11
2004 02 14  0530   53049   19800  0  3.39e+02  1.22e+01  0  9.40e+02  2.43e+01  4.88e+00  1.23e+00  5.48e-01   0.44
2004 02 14  0535   53049   20100  0  3.62e+02  1.36e+01  0  8.91e+02  2.13e+01  5.35e+00  1.35e+00  6.24e-01   0.10
2004 02 14  0540   53049   20400  0  3.86e+02  1.26e+01  0  9.82e+02  2.46e+01  6.16e+00  1.58e+00  5.16e-01   0.60
2004 02 14  0545   53049   20700  0  3.59e+02  1.24e+01  0  8.96e+02  2.38e+01  6.16e+00  1.54e+00  5.69e-01   0.49
2004 02 14  0550   53049   21000  0  3.19e+02  1.49e+01  0  9.39e+02  2.30e+01  5.85e+00  1.79e+00  6.33e-01   0.18
2004 02 14  0555   53049   21300  0  3.08e+02  1.29e+01  0  8.97e+02  2.17e+01  5.93e+00  1.91e+00  5.37e-01   0.27
2004 02 14  0600   53049   21600  0  4.02e+02  1.44e+01  0  9.63e+02  2.36e+01  5.20e+00  1.66e+00  5.31e-01   0.23
2004 02 14  0605   53049   21900  0  3.41e+02  1.47e+01  0  9.95e+02  2.17e+01  5.32e+00  1.72e+00  6.86e-01   0.21
2004 02 14  0610   53049   22200  0  3.28e+02  1.47e+01  0  8.54e+02  2.32e+01  5.15e+00  1.50e+00  4.21e-01   0.07
2004 02 14  0615   53049   22500  0  4.30e+02  1.63e+01  0  9.47e+02  2.37e+01  5.65e+00  2.00e+00  6.28e-01   0.19
2004 02 14  0620   53049   22800  0  3.21e+02  1.43e+01  0  9.10e+02  2.26e+01  5.44e+00  1.39e+00  4.83e-01   0.39
2004 02 14  0625   53049   23100  0  3.57e+02  1.60e+01  0  9.25e+02  2.09e+01  5.28e+00  1.41e+00  4.11e-01   0.22
2004 02 14  0630   53049   23400  0  4.08e+02  1.59e+01  0  8.90e+02  2.26e+01  6.01e+00  1.64e+00  6.08e-01   0.18
2004 02 14  0635   53049   23700  0  3.65e+02  1.35e+01  0  9.38e+02  2.18e+01  4.75e+00  1.43e+00  5.51e-01   0.30
2004 02 14  0640   53049   24000  0  3.84e+02  1.52e+01  0  9.10e+02  2.24e+01  5.05e+00  1.20e+00  4.06e-01   0.54
2004 02 14  0645   53049   24300  0  4.02e+02  1.33e+01  0  8.57e+02  2.28e+01  5.21e+00  1.50e+00  4.32e-01   0.34
2004 02 14  0650   53049   24600  0  3.71e+02  1.76e+01  0  9.08e+02  2.35e+01  5.05e+00  1.21e+00  3.97e-01   0.35
2004 02 14  0655   53049   24900  0  3.75e+02  1.26e+01  0  9.66e+02  1.86e+01  5.41e+00  1.87e+00  5.79e-01   0.21
2004 02 14  0700   53049   25200  0  4.09e+02  1.20e+01  0  8.72e+02  1.95e+01  5.44e+00  1.48e+00  5.06e-01   0.22
2004 02 14  0705   53049   25500  0  4.45e+02  1.52e+01  0  8.98e+02  2.21e+01  5.38e+00  1.56e+00  4.73e-01   0.57
2004 02 14  0710   53049   25800  0  3.67e+02  1.65e+01  0  9.42e+02  1.98e+01  5.38e+00  1.52e+00  5.51e-01   0.19
2004 02 14  0715   53049   26100  0  3.37e+02  1.41e+01  0  9.58e+02  1.88e+01  4.98e+00  1.25e+00  6.43e-01   0.11
2004 02 14  0720   53049   26400  0  3.97e+02  1.03e+01  0  8.93e+02  2.01e+01  5.44e+00  1.27e+00  4.64e-01   0.37
2004 02 14  0725   53049   26700  0  4.49e+02  1.51e+01  0  9.45e+02  1.95e+01  5.54e+00  9.98e-01  6.01e-01   0.28
2004 02 14  0730   53049   27000  0  4.03e+02  1.24e+01  0  3.94e+03  9.96e+01  5.67e+00  1.33e+00  6.01e-01   0.20
2004 02 14  0735   53049   27300  0  4.78e+02  1.31e+01  0  1.64e+03  3.11e+01  5.33e+00  1.34e+00  5.17e-01   0.47
2004 02 14  0740   53049   27600  0  4.91e+02  9.86e+00  0  2.99e+03  6.87e+01  5.57e+00  1.21e+00  4.32e-01   0.57
2004 02 14  0745   53049   27900  0  3.77e+02  1.47e+01  0  6.62e+03  1.86e+02  7.41e+00  1.50e+00  4.53e-01   0.16
2004 02 14  0750   53049   28200  0  3.97e+02  1.36e+01  0  1.46e+03  4.40e+01  5.10e+00  1.35e+00  4.55e-01   0.21
2004 02 14  0755   53049   28500  0  4.98e+02  1.49e+01  0  4.66e+03  1.30e+02  5.31e+00  1.23e+00  4.64e-01   0.24
2004 02 14  0800   53049   28800  0  4.27e+02  1.42e+01  0  2.02e+03  4.28e+01  5.02e+00  1.32e+00  4.99e-01   0.38
2004 02 14  0805   53049   29100  0  4.46e+02  1.45e+01  0  9.01e+02  1.95e+01  5.21e+00  1.10e+00  4.85e-01   0.07
2004 02 14  0810   53049   29400  0  3.95e+02  1.57e+01  0  8.41e+02  1.86e+01  4.43e+00  1.14e+00  4.74e-01   0.33
2004 02 14  0815   53049   29700  0  4.95e+02  1.23e+01  0  9.37e+02  1.95e+01  5.02e+00  1.14e+00  5.71e-01   0.12
2004 02 14  0820   53049   30000  0  4.11e+02  1.22e+01  0  1.08e+03  2.33e+01  4.29e+00  9.35e-01  4.21e-01   0.18
2004 02 14  0825   53049   30300  0  5.19e+02  1.43e+01  0  1.06e+03  2.26e+01  3.80e+00  8.73e-01  3.69e-01   0.45
2004 02 14  0830   53049   30600  0  4.91e+02  1.39e+01  0  9.87e+02  2.16e+01  4.44e+00  9.50e-01  3.66e-01   0.42
2004 02 14  0835   53049   30900  0  3.61e+02  1.14e+01  0  9.08e+02  2.16e+01  4.29e+00  1.04e+00  3.69e-01   0.06
2004 02 14  0840   53049   31200  0  3.42e+02  1.54e+01  0  9.21e+02  1.84e+01  4.78e+00  1.28e+00  5.02e-01   0.23
2004 02 14  0845   53049   31500  0  3.47e+02  1.61e+01  0  1.67e+03  3.73e+01  4.66e+00  1.16e+00  4.73e-01   0.14
2004 02 14  0850   53049   31800  0  4.51e+02  1.49e+01  0  7.75e+03  2.02e+02  4.43e+00  1.31e+00  3.79e-01   0.40
2004 02 14  0855   53049   32100  0  2.88e+02  1.59e+01  0  7.92e+03  2.12e+02  5.14e+00  1.07e+00  4.25e-01   0.24
2004 02 14  0900   53049   32400  0  3.69e+02  1.67e+01  0  4.68e+03  1.66e+02  5.59e+00  1.11e+00  2.32e-01   0.63
2004 02 14  0905   53049   32700  0  3.93e+02  1.53e+01  0  1.90e+03  6.54e+01  4.72e+00  1.14e+00  3.37e-01   0.59
2004 02 14  0910   53049   33000  0  3.01e+02  1.49e+01  0  9.39e+02  1.83e+01  4.00e+00  1.14e+00  4.15e-01   0.47
2004 02 14  0915   53049   33300  0  2.53e+02  1.75e+01  0  9.31e+02  1.67e+01  3.46e+00  1.03e+00  4.06e-01   0.30
2004 02 14  0920   53049   33600  0  3.26e+02  1.81e+01  0  8.96e+02  1.96e+01  3.85e+00  8.96e-01  4.83e-01   0.45
2004 02 14  0925   53049   33900  0  3.45e+02  1.35e+01  0  9.55e+02  2.17e+01  3.54e+00  9.56e-01  2.53e-01   0.19
2004 02 14  0930   53049   34200  0  2.84e+02  1.35e+01  0  9.68e+02  1.63e+01  3.82e+00  1.30e+00  3.86e-01   0.31
2004 02 14  0935   53049   34500  0  3.09e+02  1.52e+01  0  8.50e+02  1.65e+01  3.21e+00  1.09e+00  3.96e-01   0.43
2004 02 14  0940   53049   34800  0  3.57e+02  1.39e+01  0  8.90e+02  1.59e+01  3.74e+00  1.23e+00  3.27e-01   0.42
2004 02 14  0945   53049   35100  0  3.31e+02  1.58e+01  0  8.80e+02  1.40e+01  3.03e+00  1.07e+00  3.86e-01   0.63
2004 02 14  0950   53049   35400  0  3.03e+02  1.38e+01  0  9.09e+02  1.68e+01  2.79e+00  1.12e+00  2.90e-01   0.66
2004 02 14  0955   53049   35700  0  3.77e+02  1.43e+01  0  9.70e+02  1.37e+01  3.18e+00  1.43e+00  3.27e-01   0.22
2004 02 14  1000   53049   36000  0  3.40e+02  1.47e+01  0  9.33e+02  1.36e+01  3.05e+00  1.00e+00  3.39e-01   0.04
2004 02 14  1005   53049   36300  0  3.26e+02  1.41e+01  0  8.91e+02  1.78e+01  3.67e+00  1.21e+00  2.32e-01   0.58
2004 02 14  1010   53049   36600  0  3.21e+02  1.43e+01  0  1.27e+03  3.86e+01  4.06e+00  1.35e+00  3.48e-01   0.19
2004 02 14  1015   53049   36900  0  4.18e+02  1.59e+01  0  1.44e+03  5.70e+01  3.27e+00  1.04e+00  3.21e-01   0.34
2004 02 14  1020   53049   37200  0  3.49e+02  1.70e+01  0  1.07e+03  3.40e+01  3.77e+00  1.14e+00  2.74e-01   0.37
2004 02 14  1025   53049   37500  0  3.99e+02  1.20e+01  0  9.99e+02  1.70e+01  2.65e+00  8.31e-01  1.90e-01   0.42
2004 02 14  1030   53049   37800  0  3.83e+02  1.26e+01  0  9.47e+02  1.78e+01  3.47e+00  9.85e-01  2.41e-01   0.14
2004 02 14  1035   53049   38100  0  3.39e+02  1.57e+01  0  1.05e+03  1.75e+01  2.82e+00  1.02e+00  4.11e-01   0.41
2004 02 14  1040   53049   38400  0  3.89e+02  1.55e+01  0  1.20e+03  2.38e+01  2.94e+00  1.09e+00  2.85e-01   0.40
2004 02 14  1045   53049   38700  0  2.90e+02  1.35e+01  0  9.38e+02  1.57e+01  3.08e+00  7.48e-01  2.63e-01   0.30
2004 02 14  1050   53049   39000  0  4.13e+02  1.31e+01  0  9.38e+02  1.47e+01  2.95e+00  1.35e+00  1.79e-01   0.42
2004 02 14  1055   53049   39300  0  3.72e+02  1.31e+01  0  9.49e+02  1.36e+01  2.66e+00  8.79e-01  3.03e-01   0.37
2004 02 14  1100   53049   39600  0  3.77e+02  1.35e+01  0  9.25e+02  1.65e+01  3.08e+00  7.69e-01  2.32e-01   0.20
2004 02 14  1105   53049   39900  0  4.00e+02  1.43e+01  0  9.68e+02  1.35e+01  3.25e+00  1.16e+00  2.95e-01   0.30
2004 02 14  1110   53049   40200  0  3.31e+02  1.52e+01  0  1.03e+03  2.06e+01  2.97e+00  1.07e+00  2.14e-01   0.42
2004 02 14  1115   53049   40500  0  3.35e+02  1.41e+01  0  9.43e+02  1.38e+01  2.92e+00  9.15e-01  3.48e-01   0.19
2004 02 14  1120   53049   40800  0  4.03e+02  1.52e+01  0  1.17e+03  2.79e+01  3.03e+00  9.91e-01  3.48e-01   0.11
2004 02 14  1125   53049   41100  0  3.75e+02  1.51e+01  0  1.09e+03  2.12e+01  3.03e+00  9.34e-01  2.51e-01   0.42
2004 02 14  1130   53049   41400  0  3.12e+02  1.22e+01  0  9.44e+02  1.60e+01  3.18e+00  9.98e-01  2.42e-01   0.50
2004 02 14  1135   53049   41700  0  3.42e+02  1.40e+01  0  9.66e+02  1.91e+01  2.91e+00  8.77e-01  2.99e-01   0.27
2004 02 14  1140   53049   42000  0  3.89e+02  1.40e+01  0  1.20e+03  2.75e+01  3.13e+00  9.91e-01  3.67e-01   0.32
2004 02 14  1145   53049   42300  0  3.28e+02  1.22e+01  0  1.40e+03  3.19e+01  3.57e+00  8.94e-01  2.84e-01   0.08
2004 02 14  1150   53049   42600  0  3.17e+02  1.45e+01  0  1.29e+03  3.48e+01  3.43e+00  1.09e+00  2.70e-01   0.52
2004 02 14  1155   53049   42900  0  4.32e+02  1.31e+01  0  1.39e+03  2.48e+01  3.94e+00  7.81e-01  2.61e-01   0.43
2004 02 14  1200   53049   43200  0  3.08e+02  1.22e+01  0  1.43e+03  5.05e+01  3.27e+00  1.16e+00  2.99e-01   0.11
2004 02 14  1205   53049   43500  0  3.66e+02  1.29e+01  0  9.76e+02  1.57e+01  2.79e+00  1.12e+00  2.00e-01   0.23
2004 02 14  1210   53049   43800  0  3.42e+02  1.17e+01  0  8.54e+02  1.52e+01  2.91e+00  1.12e+00  3.28e-01   0.48
2004 02 14  1215   53049   44100  0  3.98e+02  1.24e+01  0  9.47e+02  1.52e+01  2.43e+00  1.03e+00  2.70e-01   0.16
2004 02 14  1220   53049   44400  0  3.33e+02  1.33e+01  0  9.52e+02  1.35e+01  2.85e+00  1.02e+00  3.37e-01   0.37
2004 02 14  1225   53049   44700  0  3.14e+02  1.24e+01  0  9.36e+02  1.39e+01  3.03e+00  8.77e-01  3.09e-01   0.11
2004 02 14  1230   53049   45000  0  4.15e+02  1.67e+01  0  9.77e+02  1.43e+01  2.55e+00  9.91e-01  3.57e-01   0.08
2004 02 14  1235   53049   45300  0  3.68e+02  1.37e+01  0  9.85e+02  1.54e+01  3.08e+00  9.98e-01  3.69e-01   0.25
2004 02 14  1240   53049   45600  0  3.54e+02  1.68e+01  0  1.97e+03  3.35e+02  9.46e+00  1.28e+00  3.48e-01   0.50
2004 02 14  1245   53049   45900  0  3.14e+02  1.49e+01  0  1.96e+03  7.73e+01  7.08e+00  9.56e-01  2.84e-01   0.49
2004 02 14  1250   53049   46200  0  4.13e+02  1.57e+01  0  2.29e+03  7.88e+01  3.67e+00  9.98e-01  3.58e-01   0.11
2004 02 14  1255   53049   46500  0  3.04e+02  1.60e+01  0  1.47e+03  4.29e+01  3.49e+00  7.91e-01  2.67e-01   0.20
2004 02 14  1300   53049   46800  0  3.26e+02  1.37e+01  0  1.22e+03  2.64e+01  2.69e+00  9.35e-01  2.11e-01   0.55
2004 02 14  1305   53049   47100  0  4.62e+02  1.45e+01  0  1.21e+03  1.96e+01  2.82e+00  9.56e-01  2.32e-01   0.76
2004 02 14  1310   53049   47400  0  3.22e+02  1.34e+01  0  9.24e+02  1.34e+01  2.80e+00  8.62e-01  2.23e-01   0.36
2004 02 14  1315   53049   47700  0  2.78e+02  1.55e+01  0  9.17e+02  1.45e+01  2.16e+00  1.23e+00  1.90e-01   0.42
2004 02 14  1320   53049   48000  0  4.00e+02  1.18e+01  0  9.08e+02  1.33e+01  3.00e+00  8.27e-01  1.69e-01   0.23
2004 02 14  1325   53049   48300  0  3.37e+02  1.51e+01  0  9.13e+02  1.42e+01  2.62e+00  8.11e-01  2.42e-01   0.28
2004 02 14  1330   53049   48600  0  3.39e+02  1.18e+01  0  8.99e+02  1.38e+01  2.56e+00  8.52e-01  3.48e-01   0.07
2004 02 14  1335   53049   48900  0  3.40e+02  1.44e+01  0  8.52e+02  1.24e+01  2.63e+00  1.02e+00  2.50e-01   0.32
2004 02 14  1340   53049   49200  0  4.27e+02  1.43e+01  0  9.27e+02  1.66e+01  3.57e+00  1.04e+00  2.95e-01   0.56
2004 02 14  1345   53049   49500  0  3.03e+02  1.62e+01  0  9.30e+02  1.47e+01  2.69e+00  9.98e-01  2.53e-01   0.32
2004 02 14  1350   53049   49800  0  3.33e+02  1.39e+01  0  8.83e+02  1.65e+01  3.02e+00  9.32e-01  3.74e-01   0.08
2004 02 14  1355   53049   50100  0  3.84e+02  1.28e+01  0  9.52e+02  1.44e+01  2.75e+00  1.19e+00  1.90e-01   0.51
2004 02 14  1400   53049   50400  0  3.65e+02  1.36e+01  0  9.79e+02  2.20e+01  3.00e+00  1.35e+00  2.51e-01   0.13
2004 02 14  1405   53049   50700  0  3.19e+02  1.28e+01  0  1.14e+03  3.24e+01  3.18e+00  9.72e-01  1.26e-01   0.07
2004 02 14  1410   53049   51000  0  4.60e+02  1.45e+01  0  1.04e+03  2.84e+01  2.79e+00  8.95e-01  3.90e-01   0.28
2004 02 14  1415   53049   51300  0  3.81e+02  1.22e+01  0  9.17e+02  1.43e+01  2.20e+00  9.15e-01  2.32e-01   0.19
2004 02 14  1420   53049   51600  0  3.39e+02  1.67e+01  0  9.45e+02  1.48e+01  2.64e+00  1.20e+00  3.09e-01   0.45
2004 02 14  1425   53049   51900  0  2.94e+02  1.31e+01  0  8.59e+02  1.24e+01  3.25e+00  8.19e-01  2.90e-01   0.60
2004 02 14  1430   53049   52200  0  4.44e+02  1.45e+01  0  9.44e+02  1.23e+01  2.69e+00  9.35e-01  2.95e-01   0.24
2004 02 14  1435   53049   52500  0  3.32e+02  1.59e+01  0  9.16e+02  1.40e+01  2.61e+00  1.28e+00  3.96e-01   0.40
2004 02 14  1440   53049   52800  0  3.42e+02  1.26e+01  0  8.90e+02  1.19e+01  2.73e+00  1.09e+00  2.22e-01   0.26
2004 02 14  1445   53049   53100  0  3.37e+02  1.41e+01  0  8.82e+02  1.44e+01  2.72e+00  9.98e-01  2.42e-01   0.49
2004 02 14  1450   53049   53400  0  4.20e+02  1.65e+01  0  1.08e+03  2.70e+01  2.94e+00  8.62e-01  2.41e-01   0.58
2004 02 14  1455   53049   53700  0  3.59e+02  1.35e+01  0  2.82e+03  1.47e+02  6.20e+00  1.21e+00  3.16e-01   0.16
2004 02 14  1500   53049   54000  0  3.82e+02  1.39e+01  0  2.32e+03  1.58e+02  5.83e+00  1.06e+00  3.06e-01   0.19
2004 02 14  1505   53049   54300  0  4.02e+02  1.56e+01  0  1.36e+03  5.57e+01  3.88e+00  1.05e+00  3.19e-01   0.15
2004 02 14  1510   53049   54600  0  3.17e+02  1.43e+01  0  1.30e+03  2.94e+01  2.81e+00  8.62e-01  2.24e-01   0.35
2004 02 14  1515   53049   54900  0  4.44e+02  1.57e+01  0  1.12e+03  2.91e+01  2.92e+00  9.96e-01  2.82e-01   0.35
2004 02 14  1520   53049   55200  0  4.21e+02  1.21e+01  0  1.04e+03  2.14e+01  3.30e+00  8.62e-01  2.85e-01   0.24
2004 02 14  1525   53049   55500  0  3.66e+02  1.37e+01  0  9.88e+02  1.83e+01  3.31e+00  7.48e-01  2.63e-01   0.54
2004 02 14  1530   53049   55800  0  3.51e+02  1.08e+01  0  9.48e+02  1.85e+01  3.02e+00  8.44e-01  3.03e-01   0.08
2004 02 14  1535   53049   56100  0  3.72e+02  1.39e+01  0  9.16e+02  1.69e+01  3.11e+00  9.98e-01  4.11e-01   0.11
2004 02 14  1540   53049   56400  0  4.27e+02  1.39e+01  0  1.08e+03  2.69e+01  3.21e+00  9.98e-01  2.32e-01   0.29
2004 02 14  1545   53049   56700  0  4.12e+02  1.16e+01  0  1.10e+03  2.85e+01  3.38e+00  9.67e-01  3.66e-01   0.30
2004 02 14  1550   53049   57000  0  3.23e+02  1.16e+01  0  3.13e+03  1.10e+02  3.64e+00  1.23e+00  2.84e-01   0.29
2004 02 14  1555   53049   57300  0  4.26e+02  1.29e+01  0  1.98e+03  5.80e+01  3.24e+00  1.08e+00  2.53e-01   0.54
2004 02 14  1600   53049   57600  0  3.59e+02  1.34e+01  0  2.76e+03  8.93e+01  3.77e+00  8.97e-01  3.03e-01   0.28
2004 02 14  1605   53049   57900  0  3.45e+02  1.24e+01  0  3.22e+03  9.19e+01  3.08e+00  8.73e-01  2.42e-01   0.32
2004 02 14  1610   53049   58200  0  4.36e+02  1.51e+01  0  2.70e+03  8.20e+01  3.00e+00  7.81e-01  3.09e-01   0.13
2004 02 14  1615   53049   58500  0  3.34e+02  1.26e+01  0  3.72e+03  1.10e+02  3.94e+00  1.01e+00  2.51e-01   0.35
2004 02 14  1620   53049   58800  0  4.28e+02  1.35e+01  0  3.81e+03  1.34e+02  4.39e+00  7.90e-01  3.27e-01   0.35
2004 02 14  1625   53049   59100  0  3.72e+02  1.86e+01  0  5.18e+03  2.15e+02  4.03e+00  9.53e-01  3.19e-01   0.13
2004 02 14  1630   53049   59400  0  3.64e+02  1.58e+01  0  4.94e+03  2.25e+02  5.80e+00  8.96e-01  3.09e-01   0.45
2004 02 14  1635   53049   59700  0  4.00e+02  1.22e+01  0  4.47e+03  1.86e+02  5.51e+00  1.10e+00  2.21e-01   0.29
2004 02 14  1640   53049   60000  0  3.84e+02  1.68e+01  0  1.28e+03  3.73e+01  3.64e+00  9.34e-01  2.41e-01   0.38
2004 02 14  1645   53049   60300  0  4.35e+02  1.29e+01  0  4.59e+03  1.79e+02  4.33e+00  1.03e+00  3.57e-01   0.45
2004 02 14  1650   53049   60600  0  4.22e+02  1.24e+01  0  3.64e+03  1.97e+02  4.96e+00  9.91e-01  4.35e-01   0.11
2004 02 14  1655   53049   60900  0  3.82e+02  1.43e+01  0  3.02e+03  2.15e+02  6.46e+00  1.06e+00  2.84e-01   0.55
2004 02 14  1700   53049   61200  0  3.27e+02  1.35e+01  0  1.33e+03  3.40e+01  2.94e+00  8.38e-01  1.26e-01   0.32
2004 02 14  1705   53049   61500  0  3.98e+02  1.63e+01  0  1.22e+03  2.79e+01  3.61e+00  1.22e+00  3.48e-01   0.21
2004 02 14  1710   53049   61800  0  3.54e+02  1.60e+01  0  1.27e+03  2.50e+01  2.82e+00  9.35e-01  3.06e-01   0.09
2004 02 14  1715   53049   62100  0  3.41e+02  1.45e+01  0  1.33e+03  3.06e+01  2.79e+00  1.11e+00  3.09e-01   0.37
2004 02 14  1720   53049   62400  0  3.41e+02  1.58e+01  0  1.34e+03  2.77e+01  3.34e+00  9.15e-01  2.51e-01   0.14
2004 02 14  1725   53049   62700  0  3.77e+02  1.47e+01  0  1.11e+03  2.68e+01  3.05e+00  9.56e-01  2.63e-01   0.12
2004 02 14  1730   53049   63000  0  3.30e+02  1.42e+01  0  1.13e+03  2.47e+01  3.25e+00  1.34e+00  3.21e-01   0.15
2004 02 14  1735   53049   63300  0  3.55e+02  1.39e+01  0  1.04e+03  2.36e+01  2.75e+00  9.15e-01  3.06e-01   0.17
2004 02 14  1740   53049   63600  0  4.40e+02  1.47e+01  0  1.21e+03  1.97e+01  3.51e+00  8.94e-01  2.11e-01   0.19
2004 02 14  1745   53049   63900  0  3.50e+02  1.34e+01  0  1.19e+03  2.18e+01  2.97e+00  1.06e+00  3.30e-01   0.18
2004 02 14  1750   53049   64200  0  3.61e+02  1.62e+01  0  1.09e+03  2.69e+01  2.82e+00  1.02e+00  2.84e-01   0.16
2004 02 14  1755   53049   64500  0  4.42e+02  1.28e+01  0  1.17e+03  2.46e+01  3.25e+00  1.04e+00  2.32e-01   0.26
2004 02 14  1800   53049   64800  0  3.53e+02  1.31e+01  0  1.09e+03  2.22e+01  3.36e+00  6.68e-01  2.05e-01   0.19
2004 02 14  1805   53049   65100  0  3.17e+02  1.14e+01  0  1.04e+03  2.17e+01  2.56e+00  1.18e+00  3.37e-01   0.64
2004 02 14  1810   53049   65400  0  4.01e+02  1.24e+01  0  9.80e+02  1.68e+01  2.86e+00  9.85e-01  2.32e-01   0.58
2004 02 14  1815   53049   65700  0  3.31e+02  1.47e+01  0  1.02e+03  1.74e+01  2.62e+00  9.35e-01  1.51e-01   0.21
2004 02 14  1820   53049   66000  0  3.91e+02  1.66e+01  0  1.00e+03  2.01e+01  3.21e+00  9.56e-01  2.21e-01   0.57
2004 02 14  1825   53049   66300  0  3.57e+02  1.37e+01  0  9.32e+02  1.88e+01  2.69e+00  1.11e+00  2.59e-01   0.35
2004 02 14  1830   53049   66600  0  4.40e+02  1.55e+01  0  1.07e+03  2.09e+01  3.08e+00  1.08e+00  2.74e-01   0.39
2004 02 14  1835   53049   66900  0  3.73e+02  1.68e+01  0  1.09e+03  2.18e+01  2.88e+00  9.35e-01  2.42e-01   0.98
2004 02 14  1840   53049   67200  0  3.48e+02  1.47e+01  0  9.54e+02  1.97e+01  3.00e+00  1.30e+00  2.59e-01   0.15
2004 02 14  1845   53049   67500  0  3.72e+02  1.41e+01  0  1.21e+03  2.64e+01  2.62e+00  1.10e+00  5.06e-01   0.22
2004 02 14  1850   53049   67800  0  3.55e+02  1.33e+01  0  1.26e+03  3.07e+01  2.76e+00  9.15e-01  3.67e-01   0.29
2004 02 14  1855   53049   68100  0  3.39e+02  1.56e+01  0  1.60e+03  4.69e+01  3.55e+00  1.16e+00  2.61e-01   0.79
2004 02 14  1900   53049   68400  0  4.28e+02  1.45e+01  0  2.38e+03  6.68e+01  2.79e+00  9.56e-01  2.42e-01   0.58
2004 02 14  1905   53049   68700  0  4.33e+02  1.15e+01  0  3.83e+03  1.03e+02  4.63e+00  8.19e-01  3.19e-01   0.45
2004 02 14  1910   53049   69000  0  3.82e+02  1.22e+01  0  1.20e+04  3.96e+02  5.35e+00  9.91e-01  2.70e-01   0.38
2004 02 14  1915   53049   69300  0  3.54e+02  1.47e+01  0  1.77e+03  4.36e+01  3.31e+00  1.21e+00  2.74e-01   0.37
2004 02 14  1920   53049   69600  0  3.92e+02  1.51e+01  0  1.01e+04  2.39e+02  5.23e+00  9.34e-01  2.90e-01   0.50
2004 02 14  1925   53049   69900  0  3.80e+02  1.31e+01  0  9.58e+03  2.58e+02  4.21e+00  9.34e-01  2.12e-01   0.10
2004 02 14  1930   53049   70200  0  3.68e+02  1.33e+01  0  1.86e+03  3.82e+01  3.70e+00  8.96e-01  1.90e-01   0.37
2004 02 14  1935   53049   70500  0  3.73e+02  1.26e+01  0  9.24e+02  1.58e+01  3.34e+00  9.14e-01  3.27e-01   0.17
2004 02 14  1940   53049   70800  0  3.60e+02  1.28e+01  0  9.30e+02  1.47e+01  2.73e+00  1.14e+00  2.51e-01   0.30
2004 02 14  1945   53049   71100  0  3.46e+02  1.67e+01  0  9.26e+02  1.50e+01  2.67e+00  9.53e-01  1.64e-01   0.35
2004 02 14  1950   53049   71400  0  3.25e+02  1.35e+01  0  9.32e+02  1.47e+01  3.25e+00  6.86e-01  2.42e-01   0.23
2004 02 14  1955   53049   71700  0  4.35e+02  1.33e+01  0  9.17e+02  1.39e+01  2.67e+00  9.15e-01  2.32e-01   0.55
2004 02 14  2000   53049   72000  0  3.65e+02  1.44e+01  0  9.51e+02  1.44e+01  2.91e+00  1.20e+00  1.93e-01   0.15
2004 02 14  2005   53049   72300  0  2.83e+02  1.45e+01  0  8.62e+02  1.27e+01  2.72e+00  1.16e+00  2.53e-01   0.39
2004 02 14  2010   53049   72600  0  3.66e+02  1.13e+01  0  9.08e+02  1.55e+01  2.52e+00  1.06e+00  3.21e-01   0.27
2004 02 14  2015   53049   72900  0  3.66e+02  1.43e+01  0  8.87e+02  1.32e+01  3.64e+00  9.35e-01  2.95e-01   0.23
2004 02 14  2020   53049   73200  0  3.21e+02  1.41e+01  0  8.92e+02  1.42e+01  3.25e+00  8.52e-01  2.32e-01   0.51
2004 02 14  2025   53049   73500  0  3.48e+02  1.46e+01  0  8.50e+02  1.67e+01  3.27e+00  9.85e-01  2.50e-01   0.18
2004 02 14  2030   53049   73800  0  3.30e+02  1.35e+01  0  9.66e+02  1.56e+01  3.21e+00  7.48e-01  3.16e-01   0.66
2004 02 14  2035   53049   74100  0  3.41e+02  1.35e+01  0  9.17e+02  1.33e+01  3.38e+00  9.35e-01  3.37e-01   0.19
2004 02 14  2040   53049   74400  0  3.31e+02  1.47e+01  0  8.95e+02  1.50e+01  3.05e+00  5.98e-01  3.30e-01   0.31
2004 02 14  2045   53049   74700  0  4.20e+02  1.57e+01  0  9.26e+02  1.60e+01  3.28e+00  9.77e-01  3.37e-01   0.00
2004 02 14  2050   53049   75000  0  3.39e+02  1.44e+01  0  9.48e+02  1.51e+01  3.77e+00  8.44e-01  3.57e-01   0.66
2004 02 14  2055   53049   75300  0  3.63e+02  1.33e+01  0  9.10e+02  1.91e+01  3.64e+00  8.11e-01  3.79e-01   0.21
2004 02 14  2100   53049   75600  0  3.75e+02  1.72e+01  0  2.65e+03  6.94e+01  2.82e+00  7.69e-01  3.58e-01   0.59
2004 02 14  2105   53049   75900  0  3.51e+02  1.31e+01  0  9.34e+02  1.39e+01  2.91e+00  1.18e+00  2.76e-01   0.24
2004 02 14  2110   53049   76200  0  3.19e+02  1.53e+01  0  9.46e+02  1.27e+01  3.02e+00  8.73e-01  3.06e-01   0.74
2004 02 14  2115   53049   76500  0  3.23e+02  1.47e+01  0  8.58e+02  1.26e+01  3.25e+00  6.24e-01  2.63e-01   0.20
2004 02 14  2120   53049   76800  0  3.88e+02  1.49e+01  0  8.98e+02  1.41e+01  2.30e+00  8.09e-01  1.87e-01   0.55
2004 02 14  2125   53049   77100  0  3.19e+02  1.60e+01  0  9.07e+02  1.28e+01  2.69e+00  8.52e-01  1.90e-01   0.66
2004 02 14  2130   53049   77400  0  3.21e+02  1.47e+01  0  8.61e+02  1.34e+01  1.68e+00  7.24e-01  2.32e-01   0.13
2004 02 14  2135   53049   77700  0  3.31e+02  1.36e+01  0  9.35e+02  1.17e+01  2.01e+00  5.34e-01  1.74e-01   0.27
2004 02 14  2140   53049   78000  0  4.11e+02  1.43e+01  0  8.91e+02  1.21e+01  2.26e+00  5.61e-01  1.90e-01   0.13
2004 02 14  2145   53049   78300  0  4.49e+02  1.40e+01  0  8.70e+02  1.17e+01  2.01e+00  5.72e-01  1.74e-01   0.39
2004 02 14  2150   53049   78600  0  4.58e+02  1.31e+01  0  8.63e+02  1.33e+01  2.55e+00  4.00e-01  9.66e-02   1.15
2004 02 14  2155   53049   78900  0  4.32e+02  1.74e+01  0  9.50e+02  1.21e+01  2.00e+00  3.53e-01  1.69e-01   0.58
2004 02 14  2200   53049   79200  0  3.44e+02  1.38e+01  0  9.16e+02  1.27e+01  1.95e+00  3.81e-01  1.74e-01   1.05
2004 02 14  2205   53049   79500  0  3.25e+02  1.38e+01  0  8.76e+02  1.22e+01  1.98e+00  5.34e-01  1.35e-01   0.38
2004 02 14  2210   53049   79800  0  4.23e+02  1.28e+01  0  8.89e+02  1.34e+01  1.83e+00  5.91e-01  1.64e-01   0.25
2004 02 14  2215   53049   80100  0  3.63e+02  1.58e+01  0  8.72e+02  1.13e+01  2.00e+00  5.20e-01  1.47e-01   0.74
2004 02 14  2220   53049   80400  0  3.24e+02  1.22e+01  0  9.94e+02  6.04e+01  3.49e+00  6.10e-01  2.41e-01   0.80
2004 02 14  2225   53049   80700  0  3.37e+02  1.70e+01  0  2.62e+03  6.95e+01  3.21e+00  5.72e-01  1.26e-01   0.11
2004 02 14  2230   53049   81000  0  3.39e+02  1.35e+01  0  9.04e+02  1.33e+01  2.16e+00  4.78e-01  1.16e-01   0.24
2004 02 14  2235   53049   81300  0  3.49e+02  1.36e+01  0  9.08e+02  1.11e+01  1.83e+00  6.86e-01  1.55e-01   0.41
2004 02 14  2240   53049   81600  0  3.79e+02  1.29e+01  0  8.19e+02  1.19e+01  1.74e+00  4.38e-01  1.45e-01   0.91
2004 02 14  2245   53049   81900  0  3.99e+02  1.43e+01  0  9.21e+02  1.21e+01  1.97e+00  2.91e-01  1.37e-01   0.79
2004 02 14  2250   53049   82200  0  4.04e+02  1.57e+01  0  1.19e+03  7.39e+01  3.25e+00  4.57e-01  1.78e-01   0.19
2004 02 14  2255   53049   82500  0  3.75e+02  1.31e+01  0  1.45e+04  4.18e+02  4.56e+00  5.82e-01  2.00e-01   0.64
2004 02 14  2300   53049   82800  0  4.58e+02  1.22e+01  0  1.81e+04  6.18e+02  5.18e+00  4.37e-01  1.58e-01   0.65
2004 02 14  2305   53049   83100  0  5.25e+02  1.42e+01  0  9.51e+02  1.12e+01  1.50e+00  5.28e-01  1.16e-01   0.14
2004 02 14  2310   53049   83400  0  4.83e+02  1.16e+01  0  9.10e+02  1.25e+01  2.07e+00  4.16e-01  9.48e-02   0.61
2004 02 14  2315   53049   83700  0  3.95e+02  1.35e+01  0  8.42e+02  1.14e+01  2.26e+00  4.99e-01  6.32e-02   0.05
2004 02 14  2320   53049   84000  0  5.63e+02  1.41e+01  0  9.11e+02  1.04e+01  2.05e+00  3.87e-01  1.69e-01   0.26
2004 02 14  2325   53049   84300  0  4.56e+02  1.49e+01  0  9.34e+02  1.37e+01  1.61e+00  5.20e-01  1.79e-01   0.91
2004 02 14  2330   53049   84600  0  4.80e+02  1.47e+01  0  8.47e+02  1.16e+01  1.86e+00  4.57e-01  1.60e-01   0.20
2004 02 14  2335   53049   84900  0  3.64e+02  1.58e+01  0  9.01e+02  1.33e+01  1.93e+00  4.78e-01  1.37e-01   0.43
2004 02 14  2340   53049   85200  0  3.79e+02  1.43e+01  0  8.89e+02  1.22e+01  1.84e+00  4.99e-01  1.69e-01   0.29
2004 02 14  2345   53049   85500  0  3.59e+02  1.52e+01  0  9.02e+02  1.28e+01  1.64e+00  3.87e-01  1.43e-01   0.50
2004 02 14  2350   53049   85800  0  3.43e+02  1.47e+01  0  8.33e+02  1.26e+01  1.64e+00  2.91e-01  1.05e-01   0.58
2004 02 14  2355   53049   86100  0  4.42e+02  1.39e+01  0  9.39e+02  1.34e+01  1.67e+00  4.37e-01  9.48e-02   0.21
