:Data_list: 20040807_ace_epam_5m.txt
:Created: 2004 Aug 08 0012 UT
# Prepared by the U.S. Dept. of Commerce, NOAA, Space Environment Center.
# Please send comments and suggestions to SEC.Webmaster@noaa.gov 
# 
# Units: Differential Flux particles/cm2-s-ster-MeV
# Units: Anisotropy Index 0.0 - 2.0
# Status(S): 0 = nominal, 4,6,7,8 = bad data, unable to process, 9 = no data
# Missing data values: -1.00e+05, index = -1.00
# Source: ACE Satellite - Electron, Proton, and Alpha Monitor
# 2004 Feb 04: see http://www.sec.noaa.gov/ftpdir/lists/ace/README for EPAM channel change notice.
#
#                      5-minute averaged Real-time Differential Electron and Proton Flux 
# 
#                Modified Seconds ---------------------------- Differential Flux --------------------------- 
# UT Date   Time  Julian  of the  ----- Electron -----   ------------------- Protons keV -------------------   Anis.
# YR MO DA  HHMM    Day    Day    S    38-53   175-315   S    47-68   115-195   310-580   761-1220 1060-1900   Ratio
#-------------------------------------------------------------------------------------------------------------------
2004 08 07  0000   53224       0  0  4.68e+02  1.86e+01  0  5.02e+02  1.63e+01  2.37e+00  1.14e+00  3.09e-01   0.02
2004 08 07  0005   53224     300  0  5.94e+02  2.00e+01  0  5.51e+02  1.30e+01  2.58e+00  9.34e-01  2.03e-01   0.25
2004 08 07  0010   53224     600  0  6.13e+02  2.07e+01  0  5.40e+02  1.58e+01  2.26e+00  7.90e-01  3.27e-01   0.37
2004 08 07  0015   53224     900  0  4.79e+02  2.00e+01  0  5.30e+02  1.49e+01  2.10e+00  9.91e-01  2.70e-01   0.05
2004 08 07  0020   53224    1200  0  4.35e+02  2.09e+01  0  5.29e+02  1.45e+01  1.62e+00  6.48e-01  2.03e-01   0.23
2004 08 07  0025   53224    1500  0  4.76e+02  1.93e+01  0  5.16e+02  1.42e+01  1.87e+00  8.11e-01  3.16e-01   0.23
2004 08 07  0030   53224    1800  0  5.24e+02  1.91e+01  0  5.12e+02  1.07e+01  2.02e+00  6.98e-01  1.72e-01   0.17
2004 08 07  0035   53224    2100  0  4.23e+02  2.10e+01  0  4.95e+02  1.21e+01  1.73e+00  8.10e-01  2.46e-01   0.93
2004 08 07  0040   53224    2400  0  4.53e+02  1.66e+01  0  5.46e+02  1.47e+01  1.54e+00  6.86e-01  2.84e-01   0.20
2004 08 07  0045   53224    2700  0  4.52e+02  2.03e+01  0  4.91e+02  1.34e+01  1.94e+00  4.40e-01  2.50e-01   0.45
2004 08 07  0050   53224    3000  0  3.97e+02  1.64e+01  0  5.18e+02  1.49e+01  1.57e+00  5.40e-01  3.06e-01   0.43
2004 08 07  0055   53224    3300  0  4.53e+02  1.86e+01  0  4.91e+02  1.19e+01  2.03e+00  6.24e-01  2.74e-01   0.29
2004 08 07  0100   53224    3600  0  4.44e+02  2.27e+01  0  5.41e+02  1.31e+01  1.66e+00  5.80e-01  2.59e-01   0.17
2004 08 07  0105   53224    3900  0  4.82e+02  1.97e+01  0  5.11e+02  1.28e+01  1.93e+00  6.86e-01  2.63e-01   0.27
2004 08 07  0110   53224    4200  0  4.67e+02  1.82e+01  0  4.72e+02  1.35e+01  1.44e+00  5.63e-01  2.59e-01   0.34
2004 08 07  0115   53224    4500  0  4.67e+02  1.74e+01  0  5.53e+02  1.31e+01  2.13e+00  6.65e-01  2.21e-01   0.29
2004 08 07  0120   53224    4800  0  4.31e+02  1.89e+01  0  5.20e+02  1.43e+01  2.26e+00  8.11e-01  2.53e-01   0.57
2004 08 07  0125   53224    5100  0  4.87e+02  1.78e+01  0  4.79e+02  1.30e+01  1.83e+00  6.16e-01  3.30e-01   0.69
2004 08 07  0130   53224    5400  0  5.00e+02  1.89e+01  0  5.10e+02  1.21e+01  2.16e+00  7.07e-01  1.90e-01   0.34
2004 08 07  0135   53224    5700  0  5.07e+02  1.93e+01  0  5.47e+02  1.34e+01  1.97e+00  5.61e-01  2.11e-01   0.85
2004 08 07  0140   53224    6000  0  5.33e+02  2.35e+01  0  5.22e+02  1.23e+01  2.08e+00  5.98e-01  1.87e-01   0.39
2004 08 07  0145   53224    6300  0  4.47e+02  2.07e+01  0  4.95e+02  1.32e+01  2.13e+00  4.16e-01  1.16e-01   0.30
2004 08 07  0150   53224    6600  0  4.45e+02  2.00e+01  0  5.00e+02  1.27e+01  2.04e+00  6.86e-01  2.80e-01   0.24
2004 08 07  0155   53224    6900  0  5.46e+02  2.20e+01  0  5.41e+02  1.42e+01  2.22e+00  5.72e-01  2.03e-01   0.32
2004 08 07  0200   53224    7200  0  4.65e+02  1.66e+01  0  4.60e+02  9.85e+00  1.67e+00  5.61e-01  2.42e-01   0.51
2004 08 07  0205   53224    7500  0  4.89e+02  1.54e+01  0  5.31e+02  1.20e+01  2.22e+00  5.53e-01  2.22e-01   0.35
2004 08 07  0210   53224    7800  0  4.00e+02  1.82e+01  0  5.08e+02  1.07e+01  2.16e+00  4.76e-01  2.03e-01   0.19
2004 08 07  0215   53224    8100  0  5.10e+02  1.99e+01  0  5.24e+02  1.38e+01  2.13e+00  3.12e-01  1.69e-01   0.22
2004 08 07  0220   53224    8400  0  5.27e+02  2.04e+01  0  5.14e+02  1.54e+01  1.92e+00  8.00e-01  2.90e-01   0.23
2004 08 07  0225   53224    8700  0  4.71e+02  2.09e+01  0  5.60e+02  1.29e+01  2.31e+00  5.72e-01  3.67e-01   0.38
2004 08 07  0230   53224    9000  0  4.61e+02  1.75e+01  0  5.38e+02  1.12e+01  1.74e+00  8.19e-01  2.51e-01   0.48
2004 08 07  0235   53224    9300  0  4.55e+02  1.53e+01  0  5.04e+02  1.32e+01  2.10e+00  5.40e-01  2.84e-01   0.35
2004 08 07  0240   53224    9600  0  4.75e+02  1.91e+01  0  5.74e+02  1.59e+01  2.37e+00  5.14e-01  2.22e-01   0.55
2004 08 07  0245   53224    9900  0  4.53e+02  2.13e+01  0  2.28e+03  2.34e+01  2.10e+00  6.67e-01  2.22e-01   0.33
2004 08 07  0250   53224   10200  0  6.01e+02  2.20e+01  0  1.85e+03  1.99e+01  1.67e+00  7.28e-01  2.63e-01   0.22
2004 08 07  0255   53224   10500  0  5.79e+02  1.70e+01  0  3.17e+03  2.65e+01  2.43e+00  6.10e-01  2.03e-01   0.24
2004 08 07  0300   53224   10800  0  5.29e+02  1.68e+01  0  5.65e+03  3.32e+01  2.43e+00  6.48e-01  1.93e-01   0.40
2004 08 07  0305   53224   11100  0  6.44e+02  2.07e+01  0  3.15e+03  2.72e+01  1.80e+00  6.03e-01  3.16e-01   0.32
2004 08 07  0310   53224   11400  0  6.44e+02  1.91e+01  0  7.25e+02  1.39e+01  2.25e+00  5.10e-01  2.76e-01   0.40
2004 08 07  0315   53224   11700  0  5.52e+02  1.97e+01  0  5.86e+02  1.24e+01  2.16e+00  4.99e-01  3.16e-01   0.48
2004 08 07  0320   53224   12000  0  5.39e+02  1.62e+01  0  3.55e+03  2.80e+01  2.23e+00  4.57e-01  3.37e-01   0.49
2004 08 07  0325   53224   12300  0  6.03e+02  1.91e+01  0  3.48e+03  2.26e+01  2.30e+00  8.79e-01  2.59e-01   0.15
2004 08 07  0330   53224   12600  0  5.38e+02  1.89e+01  0  5.58e+02  1.33e+01  1.61e+00  5.82e-01  3.69e-01   0.60
2004 08 07  0335   53224   12900  0  4.70e+02  1.95e+01  0  5.20e+02  1.46e+01  2.58e+00  6.10e-01  2.51e-01   0.75
2004 08 07  0340   53224   13200  0  4.76e+02  2.01e+01  0  5.46e+02  1.44e+01  1.91e+00  5.72e-01  2.44e-01   0.89
2004 08 07  0345   53224   13500  0  5.41e+02  1.93e+01  0  5.06e+02  1.36e+01  2.00e+00  6.65e-01  2.74e-01   0.07
2004 08 07  0350   53224   13800  0  4.84e+02  1.73e+01  0  5.22e+02  1.36e+01  1.86e+00  8.97e-01  2.32e-01   0.37
2004 08 07  0355   53224   14100  0  5.05e+02  2.34e+01  0  5.10e+02  1.35e+01  2.16e+00  5.20e-01  2.32e-01   0.14
2004 08 07  0400   53224   14400  0  4.85e+02  1.62e+01  0  4.61e+02  1.42e+01  1.97e+00  5.82e-01  2.42e-01   0.27
2004 08 07  0405   53224   14700  0  5.51e+02  1.90e+01  0  5.35e+02  1.29e+01  2.11e+00  8.44e-01  2.94e-01   0.35
2004 08 07  0410   53224   15000  0  4.85e+02  1.87e+01  0  5.32e+02  1.48e+01  2.26e+00  8.52e-01  1.90e-01   0.67
2004 08 07  0415   53224   15300  0  5.29e+02  2.03e+01  0  5.27e+02  1.38e+01  2.85e+00  6.24e-01  2.00e-01   0.52
2004 08 07  0420   53224   15600  0  5.59e+02  1.37e+01  0  5.05e+02  1.34e+01  2.05e+00  8.97e-01  2.94e-01   0.26
2004 08 07  0425   53224   15900  0  4.98e+02  1.95e+01  0  4.88e+02  1.22e+01  2.13e+00  7.69e-01  2.63e-01   0.41
2004 08 07  0430   53224   16200  0  4.84e+02  1.88e+01  0  5.42e+02  1.33e+01  2.79e+00  8.00e-01  2.70e-01   0.47
2004 08 07  0435   53224   16500  0  4.78e+02  1.86e+01  0  4.90e+02  1.28e+01  1.83e+00  9.15e-01  3.09e-01   0.36
2004 08 07  0440   53224   16800  0  5.16e+02  1.82e+01  0  5.68e+02  1.47e+01  1.97e+00  8.73e-01  1.90e-01   0.28
2004 08 07  0445   53224   17100  0  4.60e+02  1.75e+01  0  5.20e+02  1.47e+01  2.13e+00  7.62e-01  2.03e-01   0.34
2004 08 07  0450   53224   17400  0  4.96e+02  2.11e+01  0  5.01e+02  1.61e+01  1.77e+00  7.81e-01  2.51e-01   0.30
2004 08 07  0455   53224   17700  0  4.87e+02  1.89e+01  0  5.59e+02  1.60e+01  2.39e+00  7.90e-01  1.47e-01   0.26
2004 08 07  0500   53224   18000  0  4.91e+02  1.82e+01  0  5.15e+02  1.62e+01  2.07e+00  6.48e-01  2.32e-01   0.40
2004 08 07  0505   53224   18300  0  4.51e+02  1.97e+01  0  5.62e+02  1.40e+01  2.19e+00  8.00e-01  3.28e-01   0.09
2004 08 07  0510   53224   18600  0  4.71e+02  2.13e+01  0  5.22e+02  1.65e+01  2.25e+00  7.43e-01  2.90e-01   0.18
2004 08 07  0515   53224   18900  0  4.60e+02  2.26e+01  0  5.67e+02  1.28e+01  2.16e+00  7.90e-01  3.16e-01   0.13
2004 08 07  0520   53224   19200  0  4.40e+02  1.90e+01  0  5.66e+02  1.45e+01  2.10e+00  6.67e-01  2.41e-01   0.36
2004 08 07  0525   53224   19500  0  4.53e+02  1.77e+01  0  5.34e+02  1.34e+01  1.74e+00  7.24e-01  3.19e-01   0.46
2004 08 07  0530   53224   19800  0  4.44e+02  1.74e+01  0  5.77e+02  1.43e+01  2.49e+00  7.28e-01  2.42e-01   0.22
2004 08 07  0535   53224   20100  0  4.22e+02  1.95e+01  0  5.63e+02  1.55e+01  2.10e+00  7.05e-01  2.61e-01   0.60
2004 08 07  0540   53224   20400  0  4.17e+02  1.82e+01  0  5.60e+02  1.14e+01  2.25e+00  6.48e-01  2.32e-01   0.09
2004 08 07  0545   53224   20700  0  4.87e+02  1.64e+01  0  5.37e+02  1.57e+01  2.69e+00  7.07e-01  1.48e-01   0.45
2004 08 07  0550   53224   21000  0  4.38e+02  1.65e+01  0  5.96e+02  1.83e+01  2.30e+00  5.10e-01  2.05e-01   0.44
2004 08 07  0555   53224   21300  0  4.76e+02  1.74e+01  0  5.24e+02  1.41e+01  2.59e+00  6.24e-01  3.37e-01   0.09
2004 08 07  0600   53224   21600  0  4.40e+02  1.87e+01  0  4.75e+02  1.23e+01  1.90e+00  6.86e-01  2.53e-01   0.24
2004 08 07  0605   53224   21900  0  4.94e+02  2.08e+01  0  5.60e+02  1.58e+01  2.30e+00  9.50e-01  2.41e-01   0.45
2004 08 07  0610   53224   22200  0  5.30e+02  1.62e+01  0  5.57e+02  1.66e+01  1.87e+00  7.90e-01  2.74e-01   0.29
2004 08 07  0615   53224   22500  0  4.15e+02  1.53e+01  0  5.27e+02  1.57e+01  2.13e+00  7.69e-01  3.16e-01   0.43
2004 08 07  0620   53224   22800  0  4.59e+02  2.03e+01  0  5.82e+02  1.75e+01  2.30e+00  7.39e-01  2.94e-01   0.35
2004 08 07  0625   53224   23100  0  5.65e+02  1.99e+01  0  5.45e+02  1.53e+01  2.16e+00  7.69e-01  2.74e-01   0.38
2004 08 07  0630   53224   23400  0  4.87e+02  1.75e+01  0  5.71e+02  1.51e+01  2.00e+00  6.68e-01  3.12e-01   0.30
2004 08 07  0635   53224   23700  0  5.00e+02  2.34e+01  0  5.43e+02  1.68e+01  2.49e+00  8.11e-01  2.74e-01   0.58
2004 08 07  0640   53224   24000  0  4.89e+02  1.66e+01  0  5.98e+02  1.24e+01  2.33e+00  8.73e-01  2.74e-01   0.42
2004 08 07  0645   53224   24300  0  4.79e+02  1.82e+01  0  5.81e+02  1.31e+01  2.14e+00  7.04e-01  2.59e-01   0.41
2004 08 07  0650   53224   24600  0  6.28e+02  1.97e+01  0  6.26e+02  1.47e+01  1.67e+00  6.86e-01  2.53e-01   0.41
2004 08 07  0655   53224   24900  0  6.85e+02  2.38e+01  0  7.31e+02  1.67e+01  2.46e+00  8.11e-01  3.06e-01   0.23
2004 08 07  0700   53224   25200  0  7.11e+02  2.01e+01  0  8.57e+02  1.78e+01  2.33e+00  6.33e-01  2.67e-01   0.37
2004 08 07  0705   53224   25500  0  5.74e+02  1.99e+01  0  7.31e+02  1.81e+01  2.16e+00  7.48e-01  2.21e-01   0.22
2004 08 07  0710   53224   25800  0  6.43e+02  2.02e+01  0  5.90e+02  1.48e+01  2.10e+00  6.48e-01  2.99e-01   0.17
2004 08 07  0715   53224   26100  0  6.18e+02  2.07e+01  0  6.33e+02  1.87e+01  2.16e+00  8.77e-01  2.61e-01   0.25
2004 08 07  0720   53224   26400  0  6.80e+02  1.74e+01  0  5.96e+02  1.60e+01  2.10e+00  7.48e-01  3.37e-01   0.32
2004 08 07  0725   53224   26700  0  6.05e+02  1.97e+01  0  5.30e+02  1.57e+01  2.70e+00  7.05e-01  3.19e-01   0.21
2004 08 07  0730   53224   27000  0  5.65e+02  2.04e+01  0  5.54e+02  1.60e+01  2.37e+00  7.05e-01  2.61e-01   0.48
2004 08 07  0735   53224   27300  0  4.69e+02  1.84e+01  0  5.11e+02  1.35e+01  2.49e+00  9.35e-01  2.00e-01   0.46
2004 08 07  0740   53224   27600  0  5.03e+02  1.63e+01  0  5.43e+02  1.48e+01  2.34e+00  6.86e-01  2.12e-01   0.22
2004 08 07  0745   53224   27900  0  5.08e+02  1.93e+01  0  5.23e+02  1.57e+01  1.74e+00  8.57e-01  2.70e-01   0.50
2004 08 07  0750   53224   28200  0  4.94e+02  1.91e+01  0  5.11e+02  1.40e+01  2.19e+00  6.48e-01  2.61e-01   0.22
2004 08 07  0755   53224   28500  0  4.91e+02  1.93e+01  0  5.26e+02  1.39e+01  2.33e+00  6.44e-01  2.53e-01   0.45
2004 08 07  0800   53224   28800  0  4.91e+02  1.75e+01  0  4.74e+02  1.26e+01  2.52e+00  8.57e-01  1.45e-01   0.51
2004 08 07  0805   53224   29100  0  5.29e+02  2.16e+01  0  5.50e+02  1.29e+01  2.70e+00  6.67e-01  2.41e-01   0.59
2004 08 07  0810   53224   29400  0  5.01e+02  1.87e+01  0  5.11e+02  1.45e+01  1.87e+00  6.65e-01  3.37e-01   0.28
2004 08 07  0815   53224   29700  0  4.56e+02  1.86e+01  0  4.78e+02  1.35e+01  2.28e+00  9.91e-01  2.99e-01   0.41
2004 08 07  0820   53224   30000  0  5.36e+02  2.16e+01  0  5.15e+02  1.31e+01  2.01e+00  8.19e-01  2.12e-01   0.23
2004 08 07  0825   53224   30300  0  5.23e+02  2.03e+01  0  5.26e+02  1.58e+01  1.64e+00  7.07e-01  2.95e-01   0.23
2004 08 07  0830   53224   30600  0  4.90e+02  1.70e+01  0  5.17e+02  1.33e+01  2.25e+00  6.86e-01  1.96e-01   0.55
2004 08 07  0835   53224   30900  0  5.21e+02  1.87e+01  0  4.75e+02  1.29e+01  2.98e+00  7.69e-01  3.06e-01   0.89
2004 08 07  0840   53224   31200  0  5.16e+02  1.89e+01  0  5.56e+02  1.47e+01  2.00e+00  8.32e-01  2.95e-01   0.63
2004 08 07  0845   53224   31500  0  5.01e+02  2.09e+01  0  5.12e+02  1.30e+01  2.30e+00  1.04e+00  2.14e-01   0.50
2004 08 07  0850   53224   31800  0  4.87e+02  1.89e+01  0  5.01e+02  1.39e+01  2.36e+00  4.78e-01  1.69e-01   0.35
2004 08 07  0855   53224   32100  0  5.56e+02  1.82e+01  0  5.42e+02  1.33e+01  2.06e+00  5.20e-01  2.00e-01   0.76
2004 08 07  0900   53224   32400  0  5.54e+02  2.13e+01  0  5.67e+02  1.39e+01  1.80e+00  5.14e-01  2.50e-01   0.64
2004 08 07  0905   53224   32700  0  4.94e+02  1.93e+01  0  5.11e+02  1.21e+01  1.90e+00  7.48e-01  1.69e-01   0.37
2004 08 07  0910   53224   33000  0  6.35e+02  1.95e+01  0  5.17e+02  1.35e+01  2.05e+00  6.51e-01  2.41e-01   0.51
2004 08 07  0915   53224   33300  0  5.83e+02  2.26e+01  0  4.91e+02  1.15e+01  1.87e+00  4.99e-01  2.53e-01   0.33
2004 08 07  0920   53224   33600  0  5.79e+02  1.82e+01  0  5.12e+02  1.22e+01  1.77e+00  7.90e-01  2.21e-01   0.30
2004 08 07  0925   53224   33900  0  5.85e+02  2.22e+01  0  5.06e+02  1.40e+01  1.69e+00  6.68e-01  3.21e-01   0.31
2004 08 07  0930   53224   34200  0  5.92e+02  2.53e+01  0  5.61e+02  1.15e+01  1.80e+00  7.48e-01  1.79e-01   0.14
2004 08 07  0935   53224   34500  0  6.08e+02  2.05e+01  0  5.46e+02  1.43e+01  1.90e+00  5.61e-01  2.11e-01   0.79
2004 08 07  0940   53224   34800  0  5.48e+02  1.99e+01  0  4.91e+02  1.39e+01  1.91e+00  6.68e-01  1.96e-01   0.03
2004 08 07  0945   53224   35100  0  6.39e+02  1.80e+01  0  5.23e+02  1.29e+01  2.29e+00  7.28e-01  2.21e-01   0.19
2004 08 07  0950   53224   35400  0  6.45e+02  2.13e+01  0  5.21e+02  1.55e+01  1.95e+00  6.29e-01  2.22e-01   0.62
2004 08 07  0955   53224   35700  0  6.55e+02  1.95e+01  0  5.07e+02  1.13e+01  1.59e+00  6.86e-01  2.03e-01   0.33
2004 08 07  1000   53224   36000  0  6.13e+02  1.87e+01  0  4.90e+02  1.43e+01  1.90e+00  8.73e-01  1.90e-01   0.10
2004 08 07  1005   53224   36300  0  7.14e+02  2.07e+01  0  5.05e+02  1.24e+01  1.83e+00  5.34e-01  1.64e-01   0.59
2004 08 07  1010   53224   36600  0  6.45e+02  2.34e+01  0  5.46e+02  1.31e+01  2.04e+00  5.91e-01  1.26e-01   0.51
2004 08 07  1015   53224   36900  0  6.71e+02  1.80e+01  0  4.76e+02  1.25e+01  1.84e+00  7.90e-01  2.63e-01   0.18
2004 08 07  1020   53224   37200  0  6.73e+02  2.16e+01  0  5.13e+02  1.07e+01  1.95e+00  7.43e-01  6.32e-02   0.24
2004 08 07  1025   53224   37500  0  7.74e+02  2.29e+01  0  5.04e+02  1.31e+01  1.80e+00  5.91e-01  1.69e-01   0.33
2004 08 07  1030   53224   37800  0  7.32e+02  2.00e+01  0  5.24e+02  1.13e+01  1.59e+00  3.81e-01  2.12e-01   0.40
2004 08 07  1035   53224   38100  0  7.56e+02  2.69e+01  0  4.91e+02  1.48e+01  1.31e+00  6.65e-01  2.00e-01   0.50
2004 08 07  1040   53224   38400  0  7.56e+02  2.41e+01  0  5.25e+02  1.30e+01  1.86e+00  3.62e-01  2.32e-01   0.83
2004 08 07  1045   53224   38700  0  7.16e+02  2.06e+01  0  5.23e+02  1.51e+01  1.59e+00  4.00e-01  1.45e-01   0.41
2004 08 07  1050   53224   39000  0  7.43e+02  2.11e+01  0  4.82e+02  1.43e+01  1.61e+00  5.61e-01  2.74e-01   0.46
2004 08 07  1055   53224   39300  0  8.42e+02  2.34e+01  0  5.50e+02  1.35e+01  1.80e+00  7.81e-01  2.41e-01   0.53
2004 08 07  1100   53224   39600  0  7.76e+02  2.09e+01  0  5.41e+02  1.42e+01  1.86e+00  5.53e-01  1.83e-01   0.33
2004 08 07  1105   53224   39900  0  7.83e+02  2.07e+01  0  4.88e+02  1.27e+01  1.28e+00  6.03e-01  1.79e-01   0.38
2004 08 07  1110   53224   40200  0  7.95e+02  2.14e+01  0  5.07e+02  1.38e+01  1.72e+00  5.63e-01  1.52e-01   0.46
2004 08 07  1115   53224   40500  0  7.50e+02  2.03e+01  0  5.36e+02  1.29e+01  1.67e+00  6.24e-01  6.95e-02   0.42
2004 08 07  1120   53224   40800  0  7.36e+02  2.18e+01  0  5.08e+02  1.59e+01  1.84e+00  6.44e-01  1.16e-01   0.54
2004 08 07  1125   53224   41100  0  7.46e+02  2.62e+01  0  4.80e+02  1.47e+01  1.64e+00  6.16e-01  2.41e-01   0.34
2004 08 07  1130   53224   41400  0  7.38e+02  2.20e+01  0  5.17e+02  1.66e+01  1.93e+00  5.20e-01  2.11e-01   0.36
2004 08 07  1135   53224   41700  0  7.31e+02  2.34e+01  0  5.29e+02  1.50e+01  1.48e+00  4.16e-01  2.00e-01   0.46
2004 08 07  1140   53224   42000  0  7.46e+02  2.37e+01  0  4.87e+02  1.57e+01  1.58e+00  7.74e-01  2.05e-01   0.33
2004 08 07  1145   53224   42300  0  8.53e+02  2.13e+01  0  5.45e+02  1.53e+01  1.74e+00  5.82e-01  1.51e-01   0.40
2004 08 07  1150   53224   42600  0  8.15e+02  2.19e+01  0  5.53e+02  1.41e+01  1.69e+00  5.45e-01  2.85e-01   0.59
2004 08 07  1155   53224   42900  0  8.51e+02  1.97e+01  0  5.47e+02  1.59e+01  2.23e+00  4.99e-01  1.37e-01   0.77
2004 08 07  1200   53224   43200  0  6.85e+02  2.24e+01  0  5.30e+02  1.76e+01  1.48e+00  6.65e-01  1.58e-01   0.70
2004 08 07  1205   53224   43500  0  7.42e+02  2.27e+01  0  5.74e+02  1.46e+01  1.86e+00  7.21e-01  1.60e-01   0.23
2004 08 07  1210   53224   43800  0  8.06e+02  1.93e+01  0  5.29e+02  1.77e+01  1.87e+00  5.20e-01  2.00e-01   0.52
2004 08 07  1215   53224   44100  0  7.39e+02  2.27e+01  0  5.05e+02  1.56e+01  2.22e+00  4.19e-01  2.51e-01   0.07
2004 08 07  1220   53224   44400  0  7.47e+02  1.90e+01  0  5.64e+02  1.47e+01  1.89e+00  5.53e-01  2.03e-01   0.79
2004 08 07  1225   53224   44700  0  7.94e+02  2.16e+01  0  5.61e+02  1.47e+01  1.93e+00  2.91e-01  1.69e-01   0.62
2004 08 07  1230   53224   45000  0  7.56e+02  1.95e+01  0  5.34e+02  1.75e+01  1.98e+00  4.57e-01  1.83e-01   0.11
2004 08 07  1235   53224   45300  0  8.58e+02  1.93e+01  0  5.68e+02  1.65e+01  1.65e+00  6.29e-01  1.83e-01   0.42
2004 08 07  1240   53224   45600  0  9.60e+02  2.15e+01  0  5.33e+02  1.81e+01  1.74e+00  6.03e-01  2.09e-01   0.64
2004 08 07  1245   53224   45900  0  8.66e+02  2.30e+01  0  5.46e+02  1.41e+01  1.77e+00  4.19e-01  1.35e-01   1.16
2004 08 07  1250   53224   46200  0  8.83e+02  2.13e+01  0  5.22e+02  1.39e+01  1.80e+00  6.29e-01  1.93e-01   0.81
2004 08 07  1255   53224   46500  0  8.97e+02  2.22e+01  0  5.72e+02  1.59e+01  1.74e+00  5.20e-01  9.01e-02   0.59
2004 08 07  1300   53224   46800  0  8.37e+02  2.31e+01  0  5.60e+02  1.69e+01  1.42e+00  5.83e-01  2.68e-01   0.22
2004 08 07  1305   53224   47100  0  8.85e+02  2.11e+01  0  5.30e+02  1.54e+01  1.77e+00  4.76e-01  1.74e-01   0.29
2004 08 07  1310   53224   47400  0  8.90e+02  2.16e+01  0  5.69e+02  1.79e+01  2.16e+00  4.95e-01  2.32e-01   0.07
2004 08 07  1315   53224   47700  0  9.49e+02  2.18e+01  0  5.73e+02  2.10e+01  2.03e+00  7.07e-01  1.37e-01   0.17
2004 08 07  1320   53224   48000  0  9.34e+02  1.81e+01  0  5.91e+02  1.67e+01  2.13e+00  5.14e-01  2.51e-01   0.65
2004 08 07  1325   53224   48300  0  8.76e+02  2.20e+01  0  5.50e+02  1.75e+01  1.85e+00  4.57e-01  2.03e-01   0.59
2004 08 07  1330   53224   48600  0  9.06e+02  2.09e+01  0  5.79e+02  1.67e+01  1.61e+00  4.99e-01  2.00e-01   0.54
2004 08 07  1335   53224   48900  0  8.94e+02  2.37e+01  0  5.92e+02  1.70e+01  1.66e+00  5.63e-01  1.78e-01   0.09
2004 08 07  1340   53224   49200  0  9.65e+02  2.26e+01  0  5.82e+02  1.97e+01  1.61e+00  4.99e-01  2.84e-01   0.27
2004 08 07  1345   53224   49500  0  9.58e+02  2.30e+01  0  6.71e+02  2.12e+01  1.80e+00  7.28e-01  1.90e-01   0.60
2004 08 07  1350   53224   49800  0  8.99e+02  2.47e+01  0  7.90e+02  2.46e+01  2.21e+00  5.10e-01  2.23e-01   0.49
2004 08 07  1355   53224   50100  0  9.26e+02  2.18e+01  0  7.17e+02  2.59e+01  1.66e+00  8.39e-01  2.02e-01   0.16
2004 08 07  1400   53224   50400  0  9.73e+02  2.22e+01  0  6.94e+02  2.43e+01  2.19e+00  4.13e-01  1.02e-01   0.27
2004 08 07  1405   53224   50700  0  1.04e+03  2.32e+01  0  7.41e+02  2.64e+01  1.72e+00  4.05e-01  1.78e-01   0.71
2004 08 07  1410   53224   51000  0  9.54e+02  2.40e+01  0  7.22e+02  2.52e+01  2.26e+00  6.03e-01  1.47e-01   0.46
2004 08 07  1415   53224   51300  0  9.75e+02  2.34e+01  0  6.73e+02  2.56e+01  1.97e+00  7.91e-01  1.87e-01   0.41
2004 08 07  1420   53224   51600  0  9.51e+02  2.71e+01  0  7.02e+02  2.50e+01  2.07e+00  4.16e-01  2.32e-01   0.07
2004 08 07  1425   53224   51900  0  9.67e+02  2.65e+01  0  7.00e+02  2.33e+01  1.97e+00  6.03e-01  1.69e-01   0.27
2004 08 07  1430   53224   52200  0  9.71e+02  2.19e+01  0  6.52e+02  1.90e+01  2.16e+00  4.75e-01  1.87e-01   0.58
2004 08 07  1435   53224   52500  0  9.05e+02  2.24e+01  0  6.45e+02  1.98e+01  1.97e+00  6.24e-01  1.69e-01   0.78
2004 08 07  1440   53224   52800  0  8.41e+02  2.15e+01  0  6.68e+02  1.88e+01  2.10e+00  7.90e-01  2.11e-01   0.05
2004 08 07  1445   53224   53100  0  8.55e+02  1.98e+01  0  6.66e+02  2.32e+01  2.11e+00  3.34e-01  1.43e-01   0.22
2004 08 07  1450   53224   53400  0  8.53e+02  2.15e+01  0  6.18e+02  2.33e+01  1.74e+00  5.82e-01  1.79e-01   0.76
2004 08 07  1455   53224   53700  0  8.56e+02  2.44e+01  0  6.95e+02  2.71e+01  1.80e+00  6.48e-01  1.35e-01   0.45
2004 08 07  1500   53224   54000  0  7.30e+02  1.97e+01  0  7.15e+02  2.30e+01  1.71e+00  5.72e-01  1.55e-01   0.44
2004 08 07  1505   53224   54300  0  7.52e+02  2.59e+01  0  6.58e+02  2.08e+01  1.90e+00  5.82e-01  2.42e-01   0.17
2004 08 07  1510   53224   54600  0  7.27e+02  1.75e+01  0  7.08e+02  2.04e+01  1.71e+00  4.76e-01  2.32e-01   0.46
2004 08 07  1515   53224   54900  0  7.84e+02  2.13e+01  0  7.22e+02  2.63e+01  2.37e+00  4.19e-01  1.26e-01   0.41
2004 08 07  1520   53224   55200  0  8.01e+02  2.42e+01  0  6.84e+02  2.28e+01  1.97e+00  4.37e-01  1.79e-01   0.45
2004 08 07  1525   53224   55500  0  8.04e+02  2.20e+01  0  7.32e+02  2.54e+01  1.77e+00  6.86e-01  1.35e-01   0.13
2004 08 07  1530   53224   55800  0  8.29e+02  2.37e+01  0  6.80e+02  2.27e+01  2.19e+00  7.24e-01  1.83e-01   0.33
2004 08 07  1535   53224   56100  0  8.58e+02  2.16e+01  0  7.09e+02  2.60e+01  2.13e+00  4.57e-01  1.55e-01   0.71
2004 08 07  1540   53224   56400  0  8.50e+02  2.47e+01  0  6.89e+02  2.59e+01  1.48e+00  5.40e-01  2.00e-01   0.88
2004 08 07  1545   53224   56700  0  8.35e+02  2.27e+01  0  6.75e+02  1.99e+01  2.25e+00  4.38e-01  1.35e-01   0.23
2004 08 07  1550   53224   57000  0  8.05e+02  1.95e+01  0  6.82e+02  2.30e+01  1.92e+00  4.38e-01  1.93e-01   0.70
2004 08 07  1555   53224   57300  0  8.03e+02  2.15e+01  0  6.90e+02  2.39e+01  2.26e+00  6.24e-01  1.16e-01   0.38
2004 08 07  1600   53224   57600  0  7.64e+02  2.34e+01  0  7.25e+02  2.20e+01  1.86e+00  5.91e-01  2.12e-01   0.27
2004 08 07  1605   53224   57900  0  8.38e+02  2.29e+01  0  6.42e+02  2.24e+01  1.86e+00  4.76e-01  1.55e-01   0.20
2004 08 07  1610   53224   58200  0  7.88e+02  2.14e+01  0  7.24e+02  2.62e+01  1.70e+00  3.12e-01  9.48e-02   0.64
2004 08 07  1615   53224   58500  0  7.68e+02  2.34e+01  0  7.15e+02  2.65e+01  2.19e+00  4.92e-01  2.23e-01   0.26
2004 08 07  1620   53224   58800  0  8.71e+02  2.09e+01  0  8.13e+02  3.13e+01  2.49e+00  3.33e-01  2.32e-01   0.99
2004 08 07  1625   53224   59100  0  8.59e+02  2.11e+01  0  8.12e+02  2.94e+01  1.90e+00  6.44e-01  1.26e-01   0.72
2004 08 07  1630   53224   59400  0  7.49e+02  2.34e+01  0  8.18e+02  3.38e+01  1.52e+00  6.10e-01  8.59e-02   0.36
2004 08 07  1635   53224   59700  0  8.35e+02  2.44e+01  0  7.78e+02  3.17e+01  2.07e+00  4.99e-01  1.79e-01   0.44
2004 08 07  1640   53224   60000  0  8.24e+02  1.82e+01  0  8.20e+02  3.32e+01  2.00e+00  4.99e-01  2.32e-01   0.36
2004 08 07  1645   53224   60300  0  7.72e+02  2.29e+01  0  7.91e+02  3.00e+01  1.91e+00  5.80e-01  8.92e-02   0.24
2004 08 07  1650   53224   60600  0  7.61e+02  2.07e+01  0  7.57e+02  2.94e+01  2.07e+00  4.16e-01  1.58e-01   0.56
2004 08 07  1655   53224   60900  0  7.80e+02  2.22e+01  0  7.93e+02  3.07e+01  2.02e+00  5.98e-01  1.34e-01   0.55
2004 08 07  1700   53224   61200  0  7.88e+02  2.11e+01  0  7.44e+02  2.78e+01  1.97e+00  3.53e-01  2.00e-01   0.33
2004 08 07  1705   53224   61500  0  7.47e+02  1.74e+01  0  7.41e+02  2.89e+01  1.84e+00  5.40e-01  2.00e-01   0.32
2004 08 07  1710   53224   61800  0  9.32e+02  2.09e+01  0  7.77e+02  2.92e+01  2.39e+00  4.92e-01  1.25e-01   0.30
2004 08 07  1715   53224   62100  0  8.19e+02  2.36e+01  0  7.93e+02  3.02e+01  2.07e+00  6.24e-01  9.48e-02   0.24
2004 08 07  1720   53224   62400  0  8.00e+02  1.95e+01  0  7.68e+02  3.35e+01  2.26e+00  6.24e-01  2.11e-01   0.33
2004 08 07  1725   53224   62700  0  9.05e+02  2.03e+01  0  7.77e+02  3.01e+01  1.72e+00  5.28e-01  2.41e-01   0.44
2004 08 07  1730   53224   63000  0  8.46e+02  2.22e+01  0  7.66e+02  2.80e+01  1.74e+00  6.03e-01  1.16e-01   0.28
2004 08 07  1735   53224   63300  0  7.69e+02  2.00e+01  0  7.70e+02  3.13e+01  2.46e+00  5.34e-01  2.03e-01   0.32
2004 08 07  1740   53224   63600  0  8.40e+02  2.14e+01  0  7.34e+02  2.95e+01  2.04e+00  5.34e-01  5.27e-02   0.17
2004 08 07  1745   53224   63900  0  7.64e+02  2.51e+01  0  8.40e+02  3.23e+01  2.49e+00  4.78e-01  1.85e-01   0.46
2004 08 07  1750   53224   64200  0  8.17e+02  2.00e+01  0  8.03e+02  3.25e+01  2.22e+00  5.14e-01  2.70e-01   0.05
2004 08 07  1755   53224   64500  0  9.11e+02  2.39e+01  0  7.65e+02  3.18e+01  2.13e+00  4.76e-01  1.16e-01   0.61
2004 08 07  1800   53224   64800  0  8.62e+02  2.32e+01  0  1.26e+03  3.43e+01  2.29e+00  5.20e-01  1.69e-01   0.13
2004 08 07  1805   53224   65100  0  7.89e+02  2.02e+01  0  9.92e+02  3.65e+01  1.89e+00  5.91e-01  2.03e-01   0.65
2004 08 07  1810   53224   65400  0  7.69e+02  2.27e+01  0  7.69e+02  3.21e+01  2.31e+00  4.19e-01  1.45e-01   0.40
2004 08 07  1815   53224   65700  0  7.77e+02  2.27e+01  0  8.30e+02  3.72e+01  2.31e+00  3.81e-01  1.16e-01   0.59
2004 08 07  1820   53224   66000  0  7.77e+02  1.95e+01  0  8.65e+02  3.63e+01  1.80e+00  4.99e-01  1.16e-01   0.63
2004 08 07  1825   53224   66300  0  7.72e+02  2.21e+01  0  8.90e+02  3.84e+01  2.22e+00  3.81e-01  1.47e-01   0.45
2004 08 07  1830   53224   66600  0  7.49e+02  2.29e+01  0  7.96e+02  3.27e+01  2.37e+00  5.72e-01  2.03e-01   0.26
2004 08 07  1835   53224   66900  0  7.72e+02  2.61e+01  0  8.51e+02  3.70e+01  2.49e+00  6.24e-01  1.37e-01   0.13
2004 08 07  1840   53224   67200  0  8.03e+02  2.21e+01  0  8.81e+02  3.79e+01  2.37e+00  5.34e-01  1.35e-01   0.62
2004 08 07  1845   53224   67500  0  7.59e+02  2.04e+01  0  9.48e+02  3.77e+01  2.31e+00  4.00e-01  1.26e-01   0.59
2004 08 07  1850   53224   67800  0  7.43e+02  2.26e+01  0  8.87e+02  4.18e+01  2.46e+00  7.07e-01  1.16e-01   0.64
2004 08 07  1855   53224   68100  0  7.99e+02  2.13e+01  0  8.70e+02  3.58e+01  2.72e+00  3.87e-01  1.34e-01   0.18
2004 08 07  1900   53224   68400  0  6.89e+02  2.32e+01  0  8.94e+02  4.09e+01  2.66e+00  4.16e-01  1.69e-01   0.52
2004 08 07  1905   53224   68700  0  7.54e+02  2.18e+01  0  8.94e+02  4.19e+01  2.33e+00  6.44e-01  1.16e-01   0.28
2004 08 07  1910   53224   69000  0  7.61e+02  2.44e+01  0  8.55e+02  4.04e+01  2.02e+00  5.10e-01  8.69e-02   0.08
2004 08 07  1915   53224   69300  0  7.61e+02  2.42e+01  0  9.09e+02  4.10e+01  2.13e+00  4.37e-01  2.11e-01   0.35
2004 08 07  1920   53224   69600  0  8.15e+02  2.32e+01  0  8.57e+02  3.97e+01  1.87e+00  5.40e-01  1.16e-01   0.26
2004 08 07  1925   53224   69900  0  7.65e+02  2.53e+01  0  8.69e+02  3.72e+01  2.08e+00  5.80e-01  1.25e-01   0.08
2004 08 07  1930   53224   70200  0  7.47e+02  2.40e+01  0  8.80e+02  4.02e+01  2.20e+00  4.99e-01  7.24e-02   0.56
2004 08 07  1935   53224   70500  0  7.80e+02  2.47e+01  0  8.55e+02  3.92e+01  2.63e+00  4.92e-01  2.32e-01   0.34
2004 08 07  1940   53224   70800  0  7.68e+02  2.57e+01  0  9.02e+02  4.15e+01  2.43e+00  4.16e-01  1.58e-01   0.21
2004 08 07  1945   53224   71100  0  8.27e+02  2.08e+01  0  8.78e+02  3.72e+01  2.47e+00  3.09e-01  1.33e-01   0.64
2004 08 07  1950   53224   71400  0  6.96e+02  2.22e+01  0  9.12e+02  3.88e+01  2.91e+00  5.28e-01  6.32e-02   0.49
2004 08 07  1955   53224   71700  0  7.56e+02  1.97e+01  0  8.04e+02  4.04e+01  2.26e+00  5.82e-01  1.29e-01   0.17
2004 08 07  2000   53224   72000  0  8.17e+02  2.45e+01  0  8.76e+02  3.62e+01  2.26e+00  6.03e-01  2.11e-01   0.01
2004 08 07  2005   53224   72300  0  7.49e+02  2.16e+01  0  8.61e+02  3.72e+01  2.33e+00  6.68e-01  1.34e-01   0.33
2004 08 07  2010   53224   72600  0  7.58e+02  2.49e+01  0  8.77e+02  3.85e+01  2.43e+00  4.57e-01  9.27e-02   0.33
2004 08 07  2015   53224   72900  0  7.61e+02  2.13e+01  0  7.99e+02  3.86e+01  2.49e+00  3.81e-01  1.26e-01   0.66
2004 08 07  2020   53224   73200  0  7.00e+02  2.34e+01  0  8.64e+02  3.94e+01  2.07e+00  5.34e-01  1.04e-01   0.05
2004 08 07  2025   53224   73500  0  6.93e+02  2.49e+01  0  8.31e+02  4.00e+01  2.33e+00  5.82e-01  1.58e-01   0.57
2004 08 07  2030   53224   73800  0  7.00e+02  2.50e+01  0  8.03e+02  3.55e+01  2.19e+00  5.14e-01  2.11e-01   0.35
2004 08 07  2035   53224   74100  0  7.59e+02  2.36e+01  0  8.17e+02  3.83e+01  2.10e+00  6.10e-01  2.03e-01   0.51
2004 08 07  2040   53224   74400  0  6.82e+02  2.44e+01  0  8.45e+02  3.37e+01  2.39e+00  6.24e-01  2.42e-01   0.49
2004 08 07  2045   53224   74700  0  8.17e+02  1.88e+01  0  8.42e+02  3.90e+01  2.55e+00  5.34e-01  1.93e-01   0.39
2004 08 07  2050   53224   75000  0  7.95e+02  2.16e+01  0  8.59e+02  3.65e+01  2.22e+00  4.57e-01  2.41e-01   0.39
2004 08 07  2055   53224   75300  0  6.71e+02  2.32e+01  0  8.53e+02  4.08e+01  2.37e+00  4.95e-01  1.55e-01   0.35
2004 08 07  2100   53224   75600  0  7.38e+02  1.86e+01  0  9.36e+02  3.75e+01  2.52e+00  5.61e-01  1.79e-01   0.64
2004 08 07  2105   53224   75900  0  6.58e+02  2.11e+01  0  8.52e+02  4.02e+01  2.13e+00  4.76e-01  1.35e-01   0.60
2004 08 07  2110   53224   76200  0  7.47e+02  2.14e+01  0  8.72e+02  4.30e+01  2.67e+00  6.29e-01  2.03e-01   0.34
2004 08 07  2115   53224   76500  0  7.24e+02  2.13e+01  0  8.56e+02  4.03e+01  2.26e+00  4.78e-01  2.32e-01   0.32
2004 08 07  2120   53224   76800  0  7.16e+02  2.53e+01  0  8.63e+02  4.05e+01  1.89e+00  5.33e-01  2.03e-01   0.05
2004 08 07  2125   53224   77100  0  8.33e+02  2.23e+01  0  8.70e+02  3.61e+01  2.04e+00  3.62e-01  1.83e-01   0.18
2004 08 07  2130   53224   77400  0  6.99e+02  2.16e+01  0  9.05e+02  4.47e+01  2.29e+00  6.44e-01  1.69e-01   0.41
2004 08 07  2135   53224   77700  0  7.10e+02  2.22e+01  0  9.07e+02  4.01e+01  2.80e+00  5.10e-01  1.34e-01   0.60
2004 08 07  2140   53224   78000  0  6.66e+02  2.28e+01  0  8.88e+02  4.41e+01  2.65e+00  5.61e-01  2.58e-02   0.15
2004 08 07  2145   53224   78300  0  6.96e+02  2.26e+01  0  8.98e+02  4.02e+01  2.13e+00  5.20e-01  1.37e-01   0.33
2004 08 07  2150   53224   78600  0  7.24e+02  1.95e+01  0  8.98e+02  3.85e+01  2.77e+00  5.45e-01  8.02e-02   0.25
2004 08 07  2155   53224   78900  0  7.30e+02  2.01e+01  0  8.29e+02  4.34e+01  2.62e+00  4.99e-01  1.80e-01   0.43
2004 08 07  2200   53224   79200  0  7.02e+02  2.38e+01  0  9.35e+02  3.95e+01  2.10e+00  5.61e-01  1.79e-01   0.00
2004 08 07  2205   53224   79500  0  6.99e+02  1.90e+01  0  8.84e+02  3.96e+01  2.94e+00  7.21e-01  2.67e-01   0.56
2004 08 07  2210   53224   79800  0  7.03e+02  1.87e+01  0  8.47e+02  3.68e+01  2.39e+00  6.24e-01  1.79e-01   0.59
2004 08 07  2215   53224   80100  0  7.45e+02  2.01e+01  0  8.71e+02  4.17e+01  1.97e+00  3.52e-01  1.16e-01   0.51
2004 08 07  2220   53224   80400  0  6.70e+02  2.24e+01  0  8.55e+02  3.85e+01  1.97e+00  5.61e-01  1.47e-01   0.20
2004 08 07  2225   53224   80700  0  7.52e+02  2.03e+01  0  8.67e+02  3.76e+01  1.93e+00  6.44e-01  1.74e-01   0.41
2004 08 07  2230   53224   81000  0  6.55e+02  2.03e+01  0  8.57e+02  3.72e+01  2.02e+00  6.86e-01  1.34e-01   0.29
2004 08 07  2235   53224   81300  0  7.74e+02  2.43e+01  0  8.87e+02  3.64e+01  2.46e+00  5.82e-01  1.79e-01   0.30
2004 08 07  2240   53224   81600  0  7.20e+02  2.01e+01  0  9.21e+02  3.92e+01  2.03e+00  3.53e-01  1.58e-01   0.33
2004 08 07  2245   53224   81900  0  6.94e+02  1.90e+01  0  8.79e+02  3.88e+01  2.14e+00  4.92e-01  1.78e-01   0.29
2004 08 07  2250   53224   82200  0  8.04e+02  1.57e+01  0  8.74e+02  3.17e+01  2.00e+00  5.40e-01  1.37e-01   0.40
2004 08 07  2255   53224   82500  0  7.47e+02  2.39e+01  0  8.77e+02  3.79e+01  2.16e+00  5.53e-01  1.93e-01   0.22
2004 08 07  2300   53224   82800  0  7.31e+02  2.36e+01  0  8.51e+02  3.89e+01  2.25e+00  5.72e-01  9.66e-02   0.41
2004 08 07  2305   53224   83100  0  7.65e+02  1.97e+01  0  8.46e+02  3.64e+01  2.20e+00  4.57e-01  1.90e-01   0.20
2004 08 07  2310   53224   83400  0  7.63e+02  2.25e+01  0  9.22e+02  3.83e+01  2.01e+00  5.14e-01  1.26e-01   0.30
2004 08 07  2315   53224   83700  0  6.80e+02  2.57e+01  0  8.80e+02  4.42e+01  2.13e+00  5.14e-01  1.64e-01   1.15
2004 08 07  2320   53224   84000  0  6.89e+02  2.22e+01  0  9.24e+02  3.62e+01  2.06e+00  3.12e-01  1.05e-01   0.57
2004 08 07  2325   53224   84300  0  7.09e+02  2.13e+01  0  9.13e+02  4.16e+01  2.43e+00  3.81e-01  1.58e-01   0.15
2004 08 07  2330   53224   84600  0  7.01e+02  2.27e+01  0  8.65e+02  3.88e+01  2.01e+00  5.14e-01  1.26e-01   0.40
2004 08 07  2335   53224   84900  0  6.63e+02  2.04e+01  0  8.38e+02  3.62e+01  2.43e+00  4.76e-01  1.45e-01   0.30
2004 08 07  2340   53224   85200  0  7.74e+02  2.13e+01  0  8.11e+02  3.73e+01  2.10e+00  3.33e-01  1.58e-01   0.54
2004 08 07  2345   53224   85500  0  7.19e+02  2.20e+01  0  8.46e+02  3.44e+01  2.07e+00  3.62e-01  1.45e-01   0.55
2004 08 07  2350   53224   85800  0  7.12e+02  2.06e+01  0  8.99e+02  3.47e+01  2.25e+00  5.03e-01  2.32e-01   0.52
2004 08 07  2355   53224   86100  0  6.84e+02  2.20e+01  0  8.26e+02  3.88e+01  2.85e+00  5.40e-01  1.58e-01   0.38
