:Data_list: 20040205_ace_epam_5m.txt
:Created: 2004 Feb 06 0012 UT
# Prepared by the U.S. Dept. of Commerce, NOAA, Space Environment Center.
# Please send comments and suggestions to SEC.Webmaster@noaa.gov 
# 
# Units: Differential Flux particles/cm2-s-ster-MeV
# Units: Anisotropy Index 0.0 - 2.0
# Status(S): 0 = nominal, 4,6,7,8 = bad data, unable to process, 9 = no data
# Missing data values: -1.00e+05, index = -1.00
# Source: ACE Satellite - Electron, Proton, and Alpha Monitor
# 2004 Feb 04: see http://www.sec.noaa.gov/ftpdir/lists/ace/README for EPAM channel change notice.
#
#                      5-minute averaged Real-time Differential Electron and Proton Flux 
# 
#                Modified Seconds ---------------------------- Differential Flux --------------------------- 
# UT Date   Time  Julian  of the  ----- Electron -----   ------------------- Protons keV -------------------   Anis.
# YR MO DA  HHMM    Day    Day    S    38-53   175-315   S    47-68   115-195   310-580   761-1220 1060-1900   Ratio
#-------------------------------------------------------------------------------------------------------------------
2004 02 05  0000   53040       0  0  1.41e+03  2.27e+01  0  1.29e+03  1.54e+01  2.45e+00  8.27e-01  2.94e-01   0.30
2004 02 05  0005   53040     300  0  1.46e+03  2.53e+01  0  1.26e+03  1.46e+01  2.23e+00  5.82e-01  2.11e-01   0.57
2004 02 05  0010   53040     600  0  1.34e+03  2.61e+01  0  9.83e+02  1.44e+01  1.73e+00  8.31e-01  2.21e-01   0.40
2004 02 05  0015   53040     900  0  1.34e+03  2.49e+01  0  9.88e+02  1.47e+01  2.20e+00  8.44e-01  2.05e-01   0.16
2004 02 05  0020   53040    1200  0  1.36e+03  2.59e+01  0  1.12e+03  1.48e+01  2.43e+00  5.61e-01  3.16e-01   0.10
2004 02 05  0025   53040    1500  0  1.36e+03  2.84e+01  0  1.34e+03  1.53e+01  1.96e+00  7.28e-01  2.32e-01   0.58
2004 02 05  0030   53040    1800  0  1.40e+03  2.73e+01  0  1.85e+03  3.65e+01  2.82e+00  9.32e-01  3.57e-01   0.15
2004 02 05  0035   53040    2100  0  1.39e+03  2.74e+01  0  2.41e+03  5.28e+01  3.53e+00  6.65e-01  3.16e-01   0.62
2004 02 05  0040   53040    2400  0  1.42e+03  2.59e+01  0  3.29e+03  6.60e+01  3.08e+00  7.81e-01  2.51e-01   0.17
2004 02 05  0045   53040    2700  0  1.36e+03  2.43e+01  0  3.18e+03  8.18e+01  3.14e+00  9.34e-01  4.06e-01   0.30
2004 02 05  0050   53040    3000  0  1.45e+03  2.74e+01  0  3.64e+03  8.79e+01  3.83e+00  8.11e-01  3.27e-01   0.62
2004 02 05  0055   53040    3300  0  1.43e+03  2.59e+01  0  3.38e+03  9.67e+01  4.39e+00  6.86e-01  3.28e-01   1.04
2004 02 05  0100   53040    3600  0  1.35e+03  2.20e+01  0  2.53e+03  6.92e+01  3.29e+00  5.91e-01  2.90e-01   0.17
2004 02 05  0105   53040    3900  0  1.37e+03  2.69e+01  0  3.32e+03  6.81e+01  2.86e+00  8.31e-01  2.95e-01   0.19
2004 02 05  0110   53040    4200  0  1.42e+03  2.64e+01  0  4.21e+03  5.98e+01  2.99e+00  1.05e+00  2.99e-01   0.04
2004 02 05  0115   53040    4500  0  1.48e+03  1.79e+01  0  1.06e+03  2.07e+01  2.68e+00  8.38e-01  3.48e-01   0.04
2004 02 05  0120   53040    4800  0  1.40e+03  2.52e+01  0  1.03e+03  1.83e+01  3.45e+00  9.72e-01  3.38e-01   0.20
2004 02 05  0125   53040    5100  0  1.37e+03  2.34e+01  0  1.27e+03  2.22e+01  2.99e+00  9.56e-01  4.00e-01   0.40
2004 02 05  0130   53040    5400  0  1.42e+03  2.92e+01  0  1.34e+03  2.27e+01  2.04e+00  9.15e-01  2.03e-01   0.26
2004 02 05  0135   53040    5700  0  1.46e+03  2.34e+01  0  9.47e+02  1.42e+01  2.04e+00  7.43e-01  2.51e-01   0.42
2004 02 05  0140   53040    6000  0  1.39e+03  2.11e+01  0  9.77e+02  1.53e+01  1.73e+00  7.28e-01  2.53e-01   0.06
2004 02 05  0145   53040    6300  0  1.36e+03  2.21e+01  0  9.07e+02  1.45e+01  2.17e+00  9.15e-01  2.70e-01   0.12
2004 02 05  0150   53040    6600  0  1.49e+03  2.48e+01  0  9.99e+02  1.57e+01  2.56e+00  8.00e-01  2.61e-01   0.20
2004 02 05  0155   53040    6900  0  1.35e+03  2.32e+01  0  1.00e+03  1.70e+01  2.60e+00  7.90e-01  2.63e-01   0.24
2004 02 05  0200   53040    7200  0  1.34e+03  2.22e+01  0  9.44e+02  1.79e+01  3.07e+00  8.44e-01  3.48e-01   0.34
2004 02 05  0205   53040    7500  0  1.52e+03  2.01e+01  0  9.67e+02  1.77e+01  2.89e+00  7.07e-01  2.53e-01   0.49
2004 02 05  0210   53040    7800  0  1.48e+03  2.72e+01  0  9.88e+02  1.67e+01  2.93e+00  5.82e-01  2.63e-01   0.84
2004 02 05  0215   53040    8100  0  1.39e+03  2.47e+01  0  9.35e+02  1.52e+01  2.11e+00  7.56e-01  2.14e-01   0.28
2004 02 05  0220   53040    8400  0  1.28e+03  2.28e+01  0  9.23e+02  1.58e+01  2.93e+00  7.48e-01  2.63e-01   0.39
2004 02 05  0225   53040    8700  0  1.46e+03  2.13e+01  0  9.74e+02  1.54e+01  2.89e+00  7.69e-01  3.06e-01   0.21
2004 02 05  0230   53040    9000  0  1.40e+03  2.21e+01  0  9.93e+02  1.80e+01  2.70e+00  6.86e-01  2.59e-01   0.35
2004 02 05  0235   53040    9300  0  1.39e+03  1.99e+01  0  1.02e+03  2.07e+01  2.56e+00  8.94e-01  4.21e-01   0.11
2004 02 05  0240   53040    9600  0  1.43e+03  1.99e+01  0  1.14e+03  2.24e+01  2.59e+00  9.50e-01  3.66e-01   0.20
2004 02 05  0245   53040    9900  0  1.46e+03  2.51e+01  0  1.04e+03  1.94e+01  2.53e+00  1.10e+00  3.06e-01   0.33
2004 02 05  0250   53040   10200  0  1.39e+03  1.89e+01  0  9.61e+02  1.65e+01  2.00e+00  5.82e-01  3.69e-01   0.64
2004 02 05  0255   53040   10500  0  1.38e+03  2.52e+01  0  9.98e+02  1.84e+01  2.76e+00  7.56e-01  2.67e-01   0.26
2004 02 05  0300   53040   10800  0  1.42e+03  2.30e+01  0  2.35e+03  4.84e+01  2.66e+00  9.35e-01  1.90e-01   0.25
2004 02 05  0305   53040   11100  0  1.30e+03  2.44e+01  0  1.07e+03  1.88e+01  2.30e+00  7.90e-01  2.74e-01   0.33
2004 02 05  0310   53040   11400  0  1.35e+03  2.50e+01  0  2.39e+03  1.98e+01  2.39e+00  8.09e-01  3.66e-01   0.20
2004 02 05  0315   53040   11700  0  1.45e+03  2.36e+01  0  2.60e+03  3.22e+01  3.89e+00  7.69e-01  3.79e-01   0.25
2004 02 05  0320   53040   12000  0  1.33e+03  2.78e+01  0  1.40e+03  4.14e+01  2.90e+00  8.57e-01  2.80e-01   0.81
2004 02 05  0325   53040   12300  0  1.38e+03  1.98e+01  0  4.38e+03  1.06e+02  4.33e+00  8.38e-01  2.80e-01   0.28
2004 02 05  0330   53040   12600  0  1.49e+03  2.24e+01  0  1.37e+04  5.31e+02  1.07e+01  7.48e-01  3.27e-01   0.76
2004 02 05  0335   53040   12900  0  1.47e+03  2.50e+01  0  6.44e+03  1.92e+02  4.70e+00  9.72e-01  3.57e-01   0.46
2004 02 05  0340   53040   13200  0  1.43e+03  2.11e+01  0  3.84e+03  9.67e+01  3.51e+00  8.95e-01  2.80e-01   0.29
2004 02 05  0345   53040   13500  0  1.35e+03  2.07e+01  0  3.18e+03  1.16e+02  3.89e+00  8.11e-01  3.48e-01   0.46
2004 02 05  0350   53040   13800  0  1.46e+03  2.37e+01  0  4.10e+03  1.18e+02  3.54e+00  1.07e+00  2.61e-01   0.30
2004 02 05  0355   53040   14100  0  1.47e+03  1.90e+01  0  5.03e+03  1.85e+02  5.28e+00  1.12e+00  2.51e-01   0.47
2004 02 05  0400   53040   14400  0  1.40e+03  1.95e+01  0  2.28e+03  7.61e+01  2.87e+00  7.62e-01  3.19e-01   0.07
2004 02 05  0405   53040   14700  0  1.41e+03  2.20e+01  0  2.91e+03  6.99e+01  2.60e+00  1.06e+00  2.95e-01   0.56
2004 02 05  0410   53040   15000  0  1.35e+03  2.07e+01  0  3.40e+03  8.37e+01  3.63e+00  7.62e-01  2.99e-01   0.31
2004 02 05  0415   53040   15300  0  1.45e+03  2.36e+01  0  3.26e+03  9.82e+01  3.23e+00  1.03e+00  3.38e-01   0.16
2004 02 05  0420   53040   15600  0  1.48e+03  2.11e+01  0  1.89e+03  3.82e+01  2.76e+00  1.18e+00  2.95e-01   0.40
2004 02 05  0425   53040   15900  0  1.44e+03  2.32e+01  0  2.57e+03  6.08e+01  3.17e+00  9.53e-01  3.67e-01   0.43
2004 02 05  0430   53040   16200  0  1.45e+03  2.14e+01  0  4.80e+03  1.44e+02  4.64e+00  1.07e+00  1.90e-01   0.79
2004 02 05  0435   53040   16500  0  1.42e+03  1.76e+01  0  9.36e+03  2.61e+02  5.62e+00  8.94e-01  3.06e-01   0.23
2004 02 05  0440   53040   16800  0  1.49e+03  2.16e+01  0  5.70e+03  2.57e+02  6.53e+00  7.74e-01  3.83e-01   0.38
2004 02 05  0445   53040   17100  0  1.37e+03  2.30e+01  0  2.40e+03  6.61e+01  2.83e+00  6.44e-01  2.32e-01   0.32
2004 02 05  0450   53040   17400  0  1.35e+03  2.57e+01  0  1.70e+03  4.57e+01  2.63e+00  7.28e-01  3.16e-01   0.04
2004 02 05  0455   53040   17700  0  1.44e+03  2.75e+01  0  2.01e+03  5.81e+01  2.73e+00  1.04e+00  2.41e-01   0.25
2004 02 05  0500   53040   18000  0  1.34e+03  2.32e+01  0  2.43e+03  6.67e+01  3.26e+00  9.56e-01  3.27e-01   0.31
2004 02 05  0505   53040   18300  0  1.30e+03  2.09e+01  0  1.66e+03  3.64e+01  2.33e+00  1.02e+00  3.06e-01   0.28
2004 02 05  0510   53040   18600  0  1.35e+03  1.86e+01  0  1.44e+03  3.32e+01  2.62e+00  8.62e-01  2.76e-01   0.18
2004 02 05  0515   53040   18900  0  1.63e+03  2.98e+01  0  1.66e+03  2.80e+01  2.93e+00  9.15e-01  2.32e-01   1.60
2004 02 05  0520   53040   19200  9 -1.00e+05 -1.00e+05  9 -1.00e+05 -1.00e+05 -1.00e+05 -1.00e+05 -1.00e+05  -1.00
2004 02 05  0525   53040   19500  9 -1.00e+05 -1.00e+05  9 -1.00e+05 -1.00e+05 -1.00e+05 -1.00e+05 -1.00e+05  -1.00
2004 02 05  0530   53040   19800  0  1.43e+03  2.34e+01  0  1.22e+03  1.82e+01  2.93e+00  1.14e+00  2.32e-01   1.42
2004 02 05  0535   53040   20100  9 -1.00e+05 -1.00e+05  9 -1.00e+05 -1.00e+05 -1.00e+05 -1.00e+05 -1.00e+05  -1.00
2004 02 05  0540   53040   20400  9 -1.00e+05 -1.00e+05  9 -1.00e+05 -1.00e+05 -1.00e+05 -1.00e+05 -1.00e+05  -1.00
2004 02 05  0545   53040   20700  0  1.32e+03  1.56e+01  0  1.12e+03  1.64e+01  1.99e+00  1.41e+00  3.57e-01   0.74
2004 02 05  0550   53040   21000  9 -1.00e+05 -1.00e+05  9 -1.00e+05 -1.00e+05 -1.00e+05 -1.00e+05 -1.00e+05  -1.00
2004 02 05  0555   53040   21300  0  1.35e+03  2.09e+01  0  1.78e+03  3.46e+01  2.04e+00  8.17e-01  3.75e-01   0.20
2004 02 05  0600   53040   21600  0  1.31e+03  2.11e+01  0  9.59e+02  1.86e+01  2.20e+00  7.81e-01  2.61e-01   0.58
2004 02 05  0605   53040   21900  0  1.45e+03  1.81e+01  0  9.99e+02  1.33e+01  2.78e+00  9.53e-01  2.99e-01   0.33
2004 02 05  0610   53040   22200  0  1.36e+03  1.60e+01  0  9.97e+02  1.39e+01  2.36e+00  8.94e-01  3.16e-01   0.18
2004 02 05  0615   53040   22500  0  1.38e+03  2.29e+01  0  9.71e+02  1.69e+01  2.71e+00  8.76e-01  2.41e-01   0.36
2004 02 05  0620   53040   22800  0  1.36e+03  2.21e+01  0  1.03e+03  1.40e+01  2.50e+00  1.07e+00  4.06e-01   0.56
2004 02 05  0625   53040   23100  0  1.30e+03  1.60e+01  0  1.05e+03  1.46e+01  2.99e+00  9.98e-01  2.84e-01   0.40
2004 02 05  0630   53040   23400  0  1.38e+03  1.97e+01  0  1.03e+03  1.53e+01  2.62e+00  9.53e-01  3.09e-01   0.31
2004 02 05  0635   53040   23700  0  1.32e+03  2.21e+01  0  9.74e+02  1.86e+01  2.50e+00  1.03e+00  3.19e-01   0.09
2004 02 05  0640   53040   24000  0  1.44e+03  1.57e+01  0  9.62e+02  1.53e+01  2.53e+00  9.56e-01  3.27e-01   0.25
2004 02 05  0645   53040   24300  0  1.38e+03  1.91e+01  0  1.00e+03  1.54e+01  1.78e+00  1.06e+00  2.48e-01   0.59
2004 02 05  0650   53040   24600  0  1.35e+03  1.94e+01  0  9.14e+02  1.49e+01  2.45e+00  8.38e-01  2.58e-01   0.36
2004 02 05  0655   53040   24900  0  1.44e+03  2.44e+01  0  9.96e+02  1.32e+01  2.53e+00  8.96e-01  2.22e-01   0.30
2004 02 05  0700   53040   25200  0  1.33e+03  2.05e+01  0  9.73e+02  1.34e+01  2.43e+00  1.12e+00  3.58e-01   0.23
2004 02 05  0705   53040   25500  0  1.23e+03  1.98e+01  0  9.65e+02  1.45e+01  2.01e+00  9.53e-01  2.51e-01   0.24
2004 02 05  0710   53040   25800  0  1.35e+03  2.37e+01  0  9.18e+02  1.36e+01  2.53e+00  1.24e+00  3.09e-01   0.61
2004 02 05  0715   53040   26100  0  1.32e+03  2.11e+01  0  1.01e+03  1.56e+01  2.50e+00  7.28e-01  2.63e-01   0.30
2004 02 05  0720   53040   26400  0  1.34e+03  1.93e+01  0  1.00e+03  1.44e+01  2.22e+00  9.85e-01  3.92e-01   0.43
2004 02 05  0725   53040   26700  0  1.27e+03  1.91e+01  0  9.80e+02  1.57e+01  2.60e+00  7.48e-01  3.37e-01   0.29
2004 02 05  0730   53040   27000  0  1.40e+03  1.53e+01  0  1.08e+03  1.85e+01  2.79e+00  8.94e-01  3.48e-01   0.15
2004 02 05  0735   53040   27300  0  1.31e+03  1.75e+01  0  9.77e+02  1.57e+01  2.87e+00  5.45e-01  2.67e-01   0.36
2004 02 05  0740   53040   27600  0  1.29e+03  1.78e+01  0  9.80e+02  1.55e+01  2.20e+00  9.56e-01  3.48e-01   0.02
2004 02 05  0745   53040   27900  0  1.31e+03  1.70e+01  0  9.45e+02  1.44e+01  2.70e+00  7.90e-01  2.42e-01   0.18
2004 02 05  0750   53040   28200  0  1.29e+03  2.19e+01  0  9.90e+02  1.55e+01  3.10e+00  8.97e-01  3.21e-01   0.42
2004 02 05  0755   53040   28500  0  1.21e+03  1.76e+01  0  9.89e+02  1.44e+01  2.60e+00  8.94e-01  2.95e-01   0.57
2004 02 05  0800   53040   28800  0  1.27e+03  1.90e+01  0  9.12e+02  1.42e+01  2.53e+00  1.02e+00  2.67e-01   0.16
2004 02 05  0805   53040   29100  0  1.37e+03  1.93e+01  0  9.93e+02  1.46e+01  2.40e+00  7.28e-01  4.11e-01   0.20
2004 02 05  0810   53040   29400  0  1.27e+03  1.78e+01  0  9.40e+02  1.56e+01  2.23e+00  1.21e+00  2.95e-01   0.33
2004 02 05  0815   53040   29700  0  1.38e+03  1.83e+01  0  1.93e+03  3.53e+01  2.59e+00  1.06e+00  2.76e-01   0.39
2004 02 05  0820   53040   30000  0  1.43e+03  2.16e+01  0  2.54e+03  4.18e+01  3.13e+00  7.69e-01  3.79e-01   0.46
2004 02 05  0825   53040   30300  0  1.36e+03  2.24e+01  0  1.52e+03  2.49e+01  2.43e+00  8.31e-01  4.21e-01   0.40
2004 02 05  0830   53040   30600  0  1.30e+03  2.19e+01  0  2.34e+03  2.98e+01  2.51e+00  7.21e-01  3.57e-01   0.34
2004 02 05  0835   53040   30900  0  1.30e+03  2.18e+01  0  9.34e+02  1.63e+01  3.19e+00  9.98e-01  4.00e-01   0.36
2004 02 05  0840   53040   31200  0  1.40e+03  2.13e+01  0  1.01e+03  1.76e+01  2.50e+00  1.01e+00  5.12e-01   0.49
2004 02 05  0845   53040   31500  0  1.40e+03  1.95e+01  0  9.87e+02  1.45e+01  2.07e+00  9.15e-01  2.61e-01   0.37
2004 02 05  0850   53040   31800  0  1.36e+03  2.03e+01  0  8.73e+02  1.59e+01  2.40e+00  8.52e-01  3.48e-01   0.09
2004 02 05  0855   53040   32100  0  1.26e+03  2.18e+01  0  1.02e+03  1.69e+01  2.81e+00  9.15e-01  2.80e-01   0.06
2004 02 05  0900   53040   32400  0  1.29e+03  1.97e+01  0  3.96e+03  7.05e+01  3.05e+00  8.00e-01  4.35e-01   0.12
2004 02 05  0905   53040   32700  0  1.28e+03  2.01e+01  0  1.05e+03  2.32e+01  3.09e+00  8.94e-01  2.42e-01   0.53
2004 02 05  0910   53040   33000  0  1.25e+03  2.30e+01  0  1.53e+04  8.52e+02  1.40e+01  9.34e-01  3.96e-01   0.03
2004 02 05  0915   53040   33300  0  1.38e+03  1.95e+01  0  1.28e+04  3.85e+02  8.39e+00  9.91e-01  3.96e-01   0.11
2004 02 05  0920   53040   33600  0  1.35e+03  2.20e+01  0  1.51e+04  6.64e+02  1.12e+01  9.53e-01  3.67e-01   0.35
2004 02 05  0925   53040   33900  0  1.38e+03  1.49e+01  0  7.53e+03  2.30e+02  4.29e+00  9.98e-01  3.06e-01   0.39
2004 02 05  0930   53040   34200  0  1.57e+03  2.14e+01  0  1.30e+03  3.04e+01  2.81e+00  1.01e+00  2.99e-01   0.50
2004 02 05  0935   53040   34500  0  2.24e+03  1.91e+01  0  3.39e+03  7.64e+01  3.26e+00  1.20e+00  3.77e-01   0.28
2004 02 05  0940   53040   34800  0  2.46e+03  1.64e+01  0  3.36e+03  9.12e+01  3.33e+00  8.52e-01  4.21e-01   0.57
2004 02 05  0945   53040   35100  0  2.39e+03  1.98e+01  0  3.18e+03  8.62e+01  3.11e+00  1.18e+00  3.19e-01   0.27
2004 02 05  0950   53040   35400  0  1.74e+03  1.84e+01  0  3.45e+03  8.28e+01  3.54e+00  7.05e-01  4.25e-01   0.25
2004 02 05  0955   53040   35700  0  1.65e+03  1.80e+01  0  1.05e+03  1.95e+01  2.63e+00  1.23e+00  2.95e-01   0.14
2004 02 05  1000   53040   36000  0  1.72e+03  2.06e+01  0  9.14e+02  1.50e+01  2.84e+00  8.44e-01  3.12e-01   0.38
2004 02 05  1005   53040   36300  0  1.80e+03  1.95e+01  0  1.02e+03  1.71e+01  2.70e+00  8.32e-01  2.95e-01   0.16
2004 02 05  1010   53040   36600  0  1.69e+03  2.07e+01  0  9.99e+02  1.45e+01  2.89e+00  7.48e-01  3.48e-01   0.51
2004 02 05  1015   53040   36900  0  1.64e+03  2.01e+01  0  9.12e+02  1.46e+01  2.39e+00  7.56e-01  4.64e-01   0.18
2004 02 05  1020   53040   37200  0  1.66e+03  1.74e+01  0  1.01e+03  1.57e+01  2.96e+00  8.32e-01  4.85e-01   0.29
2004 02 05  1025   53040   37500  0  1.67e+03  2.01e+01  0  9.44e+02  1.59e+01  2.10e+00  8.94e-01  3.69e-01   0.40
2004 02 05  1030   53040   37800  0  1.46e+03  1.70e+01  0  9.88e+02  1.64e+01  2.31e+00  9.15e-01  2.50e-01   0.28
2004 02 05  1035   53040   38100  0  1.54e+03  1.91e+01  0  9.24e+02  1.33e+01  2.53e+00  8.73e-01  4.32e-01   0.38
2004 02 05  1040   53040   38400  0  1.57e+03  1.62e+01  0  9.93e+02  1.48e+01  2.28e+00  1.16e+00  4.37e-01   0.40
2004 02 05  1045   53040   38700  0  1.53e+03  1.78e+01  0  9.74e+02  1.36e+01  2.89e+00  8.52e-01  2.11e-01   0.35
2004 02 05  1050   53040   39000  0  1.31e+03  2.05e+01  0  9.01e+02  1.78e+01  2.66e+00  6.65e-01  3.48e-01   0.36
2004 02 05  1055   53040   39300  0  1.61e+03  1.50e+01  0  1.68e+03  3.23e+01  2.42e+00  1.04e+00  2.50e-01   0.39
2004 02 05  1100   53040   39600  0  1.43e+03  1.49e+01  0  1.87e+03  3.98e+01  2.76e+00  7.90e-01  3.27e-01   0.15
2004 02 05  1105   53040   39900  0  1.46e+03  1.78e+01  0  1.56e+03  2.72e+01  2.30e+00  8.11e-01  2.74e-01   0.42
2004 02 05  1110   53040   40200  0  1.49e+03  2.22e+01  0  1.18e+03  1.89e+01  2.51e+00  8.97e-01  3.39e-01   0.29
2004 02 05  1115   53040   40500  0  1.43e+03  2.15e+01  0  1.17e+03  2.12e+01  2.93e+00  9.15e-01  4.00e-01   0.24
2004 02 05  1120   53040   40800  0  1.45e+03  1.77e+01  0  1.11e+03  2.03e+01  2.87e+00  1.01e+00  3.19e-01   0.28
2004 02 05  1125   53040   41100  0  1.39e+03  1.56e+01  0  9.89e+02  1.92e+01  2.78e+00  8.19e-01  2.12e-01   0.25
2004 02 05  1130   53040   41400  0  1.45e+03  1.66e+01  0  1.08e+03  1.88e+01  2.83e+00  8.73e-01  2.95e-01   0.19
2004 02 05  1135   53040   41700  0  1.40e+03  1.75e+01  0  1.08e+03  1.90e+01  2.84e+00  1.14e+00  3.28e-01   0.26
2004 02 05  1140   53040   42000  0  1.37e+03  2.13e+01  0  1.05e+03  1.78e+01  3.14e+00  1.01e+00  4.25e-01   0.45
2004 02 05  1145   53040   42300  0  1.54e+03  2.16e+01  0  9.78e+02  1.39e+01  2.73e+00  9.77e-01  4.95e-01   0.23
2004 02 05  1150   53040   42600  0  1.54e+03  1.95e+01  0  9.72e+02  1.69e+01  3.11e+00  1.12e+00  4.44e-01   0.49
2004 02 05  1155   53040   42900  0  1.38e+03  1.42e+01  0  9.70e+02  1.57e+01  2.65e+00  1.16e+00  3.77e-01   0.33
2004 02 05  1200   53040   43200  0  1.38e+03  1.52e+01  0  9.66e+02  1.60e+01  2.56e+00  7.62e-01  3.57e-01   0.13
2004 02 05  1205   53040   43500  0  1.46e+03  2.16e+01  0  9.89e+02  1.36e+01  2.79e+00  9.98e-01  3.58e-01   0.27
2004 02 05  1210   53040   43800  0  1.21e+03  1.74e+01  0  9.60e+02  1.60e+01  3.14e+00  1.03e+00  2.61e-01   0.24
2004 02 05  1215   53040   44100  0  1.49e+03  1.82e+01  0  8.94e+02  1.42e+01  2.68e+00  8.57e-01  4.06e-01   0.36
2004 02 05  1220   53040   44400  0  1.64e+03  1.89e+01  0  9.39e+02  1.52e+01  2.73e+00  7.90e-01  3.16e-01   0.13
2004 02 05  1225   53040   44700  0  1.37e+03  1.29e+01  0  9.41e+02  1.50e+01  2.93e+00  1.05e+00  3.19e-01   0.34
2004 02 05  1230   53040   45000  0  1.42e+03  1.88e+01  0  9.71e+02  1.61e+01  2.71e+00  8.76e-01  2.41e-01   0.16
2004 02 05  1235   53040   45300  0  1.42e+03  1.68e+01  0  9.60e+02  1.56e+01  2.66e+00  1.04e+00  3.16e-01   0.08
2004 02 05  1240   53040   45600  0  1.34e+03  2.04e+01  0  9.70e+02  1.62e+01  3.24e+00  1.04e+00  4.10e-01   0.30
2004 02 05  1245   53040   45900  0  1.29e+03  1.93e+01  0  1.00e+03  1.57e+01  3.13e+00  9.56e-01  3.79e-01   0.28
2004 02 05  1250   53040   46200  0  1.40e+03  1.72e+01  0  8.92e+02  1.65e+01  2.30e+00  1.10e+00  3.58e-01   0.49
2004 02 05  1255   53040   46500  0  1.31e+03  1.73e+01  0  9.63e+02  1.60e+01  2.84e+00  8.97e-01  3.57e-01   0.30
2004 02 05  1300   53040   46800  0  1.33e+03  1.78e+01  0  9.35e+02  1.61e+01  2.53e+00  8.52e-01  3.58e-01   0.25
2004 02 05  1305   53040   47100  0  1.34e+03  1.51e+01  0  9.48e+02  1.56e+01  2.60e+00  9.77e-01  3.16e-01   0.58
2004 02 05  1310   53040   47400  0  1.44e+03  1.90e+01  0  9.66e+02  1.40e+01  2.14e+00  1.02e+00  4.55e-01   0.14
2004 02 05  1315   53040   47700  0  1.36e+03  2.11e+01  0  9.47e+02  1.47e+01  3.29e+00  1.10e+00  4.43e-01   0.43
2004 02 05  1320   53040   48000  0  1.35e+03  1.99e+01  0  9.50e+02  1.51e+01  2.42e+00  1.16e+00  3.39e-01   0.23
2004 02 05  1325   53040   48300  0  1.41e+03  1.93e+01  0  9.50e+02  1.52e+01  3.29e+00  1.10e+00  3.06e-01   0.28
2004 02 05  1330   53040   48600  0  1.41e+03  1.74e+01  0  1.03e+03  1.62e+01  2.79e+00  9.77e-01  2.53e-01   0.28
2004 02 05  1335   53040   48900  0  1.31e+03  1.82e+01  0  1.01e+03  1.84e+01  2.39e+00  1.13e+00  2.76e-01   0.19
2004 02 05  1340   53040   49200  0  1.33e+03  2.28e+01  0  9.61e+02  1.91e+01  2.40e+00  1.14e+00  3.58e-01   0.34
2004 02 05  1345   53040   49500  0  1.45e+03  1.39e+01  0  1.01e+03  2.06e+01  2.89e+00  9.56e-01  2.63e-01   0.18
2004 02 05  1350   53040   49800  0  1.33e+03  1.93e+01  0  9.24e+02  1.89e+01  2.76e+00  9.32e-01  4.73e-01   0.06
2004 02 05  1355   53040   50100  0  1.35e+03  1.47e+01  0  9.65e+02  1.68e+01  2.86e+00  9.15e-01  3.27e-01   0.21
2004 02 05  1400   53040   50400  0  1.35e+03  1.67e+01  0  1.01e+03  1.83e+01  2.41e+00  1.05e+00  4.06e-01   0.45
2004 02 05  1405   53040   50700  0  1.37e+03  1.70e+01  0  9.88e+02  1.68e+01  2.84e+00  8.96e-01  3.96e-01   0.54
2004 02 05  1410   53040   51000  0  1.25e+03  1.86e+01  0  9.66e+02  1.91e+01  2.46e+00  9.35e-01  2.95e-01   0.25
2004 02 05  1415   53040   51300  0  1.34e+03  2.07e+01  0  8.95e+02  1.78e+01  2.87e+00  1.12e+00  4.44e-01   0.27
2004 02 05  1420   53040   51600  0  1.39e+03  1.74e+01  0  9.41e+02  1.80e+01  2.75e+00  7.43e-01  3.09e-01   0.43
2004 02 05  1425   53040   51900  0  1.32e+03  2.13e+01  0  1.03e+03  1.74e+01  2.60e+00  9.15e-01  3.79e-01   0.18
2004 02 05  1430   53040   52200  0  1.36e+03  1.55e+01  0  9.70e+02  1.78e+01  3.03e+00  1.10e+00  4.21e-01   0.10
2004 02 05  1435   53040   52500  0  1.42e+03  1.53e+01  0  9.98e+02  1.78e+01  3.23e+00  1.09e+00  4.41e-01   0.27
2004 02 05  1440   53040   52800  0  1.22e+03  1.46e+01  0  9.81e+02  1.86e+01  2.68e+00  9.45e-01  4.60e-01   0.50
2004 02 05  1445   53040   53100  0  1.34e+03  2.09e+01  0  9.61e+02  1.87e+01  2.76e+00  9.15e-01  3.79e-01   0.24
2004 02 05  1450   53040   53400  0  1.25e+03  1.95e+01  0  9.25e+02  1.88e+01  3.08e+00  1.20e+00  2.99e-01   0.14
2004 02 05  1455   53040   53700  0  1.42e+03  1.97e+01  0  9.99e+02  1.98e+01  2.78e+00  9.72e-01  4.64e-01   0.19
2004 02 05  1500   53040   54000  0  1.19e+03  1.80e+01  0  9.75e+02  1.67e+01  2.86e+00  1.14e+00  5.27e-01   0.17
2004 02 05  1505   53040   54300  0  1.22e+03  1.45e+01  0  9.38e+02  1.77e+01  3.14e+00  1.03e+00  3.77e-01   0.27
2004 02 05  1510   53040   54600  0  1.30e+03  1.56e+01  0  9.96e+02  1.69e+01  3.08e+00  1.28e+00  3.96e-01   0.11
2004 02 05  1515   53040   54900  0  1.19e+03  1.76e+01  0  9.41e+02  1.86e+01  2.76e+00  9.98e-01  3.58e-01   0.24
2004 02 05  1520   53040   55200  0  1.32e+03  1.62e+01  0  1.01e+03  1.85e+01  3.46e+00  1.14e+00  3.03e-01   0.05
2004 02 05  1525   53040   55500  0  1.26e+03  1.76e+01  0  9.25e+02  1.99e+01  3.03e+00  1.02e+00  3.79e-01   0.60
2004 02 05  1530   53040   55800  0  1.27e+03  1.59e+01  0  9.84e+02  1.95e+01  3.23e+00  7.28e-01  4.11e-01   0.60
2004 02 05  1535   53040   56100  0  1.28e+03  1.68e+01  0  9.55e+02  1.75e+01  3.43e+00  1.02e+00  3.74e-01   0.27
2004 02 05  1540   53040   56400  0  1.23e+03  1.76e+01  0  8.86e+02  1.78e+01  2.93e+00  8.52e-01  2.63e-01   0.60
2004 02 05  1545   53040   56700  0  1.31e+03  1.84e+01  0  9.89e+02  1.79e+01  2.50e+00  7.28e-01  4.95e-01   0.12
2004 02 05  1550   53040   57000  0  1.22e+03  1.50e+01  0  9.69e+02  2.13e+01  3.63e+00  1.00e+00  4.28e-01   0.30
2004 02 05  1555   53040   57300  0  1.24e+03  2.03e+01  0  9.59e+02  1.98e+01  2.70e+00  1.06e+00  5.37e-01   0.18
2004 02 05  1600   53040   57600  0  1.39e+03  2.06e+01  0  1.11e+03  2.27e+01  3.32e+00  9.50e-01  3.74e-01   0.46
2004 02 05  1605   53040   57900  0  1.33e+03  2.05e+01  0  1.77e+03  3.44e+01  3.23e+00  8.73e-01  3.79e-01   0.18
2004 02 05  1610   53040   58200  0  1.32e+03  1.89e+01  0  1.85e+03  3.34e+01  2.63e+00  8.31e-01  4.00e-01   0.14
2004 02 05  1615   53040   58500  0  1.26e+03  1.52e+01  0  1.11e+03  2.45e+01  2.79e+00  9.15e-01  3.57e-01   0.38
2004 02 05  1620   53040   58800  0  1.48e+03  1.70e+01  0  1.14e+03  2.64e+01  3.13e+00  1.25e+00  3.69e-01   0.01
2004 02 05  1625   53040   59100  0  1.39e+03  1.37e+01  0  1.40e+03  7.42e+01  3.66e+00  9.15e-01  2.74e-01   0.53
2004 02 05  1630   53040   59400  0  1.27e+03  1.55e+01  0  1.36e+03  4.18e+01  3.10e+00  9.15e-01  3.74e-01   0.21
2004 02 05  1635   53040   59700  0  1.40e+03  1.58e+01  0  2.58e+03  1.09e+02  4.43e+00  1.18e+00  4.00e-01   0.28
2004 02 05  1640   53040   60000  0  1.30e+03  1.68e+01  0  3.41e+03  9.33e+01  4.64e+00  1.09e+00  3.96e-01   0.22
2004 02 05  1645   53040   60300  0  1.31e+03  1.72e+01  0  5.10e+03  1.96e+02  4.51e+00  9.34e-01  3.96e-01   0.35
2004 02 05  1650   53040   60600  0  1.27e+03  1.76e+01  0  4.21e+03  3.76e+02  8.38e+00  7.48e-01  2.95e-01   0.37
2004 02 05  1655   53040   60900  0  1.22e+03  1.58e+01  0  3.55e+03  1.15e+02  4.70e+00  9.72e-01  3.28e-01   0.36
2004 02 05  1700   53040   61200  0  1.25e+03  1.45e+01  0  2.67e+03  9.59e+01  4.00e+00  9.72e-01  3.57e-01   0.33
2004 02 05  1705   53040   61500  0  1.28e+03  1.49e+01  0  2.00e+03  4.55e+01  2.99e+00  1.23e+00  3.37e-01   0.34
2004 02 05  1710   53040   61800  0  1.25e+03  1.51e+01  0  1.16e+03  2.28e+01  3.26e+00  7.62e-01  2.12e-01   0.29
2004 02 05  1715   53040   62100  0  1.18e+03  1.75e+01  0  1.09e+03  2.17e+01  2.90e+00  8.00e-01  3.48e-01   0.30
2004 02 05  1720   53040   62400  0  1.10e+03  2.00e+01  0  1.19e+03  2.38e+01  2.90e+00  8.76e-01  3.28e-01   0.57
2004 02 05  1725   53040   62700  0  1.22e+03  1.60e+01  0  9.40e+02  1.76e+01  2.89e+00  9.98e-01  4.21e-01   0.11
2004 02 05  1730   53040   63000  0  1.22e+03  1.59e+01  0  1.02e+03  1.82e+01  2.65e+00  8.57e-01  2.99e-01   0.28
2004 02 05  1735   53040   63300  0  1.09e+03  1.77e+01  0  9.24e+02  1.73e+01  2.53e+00  7.43e-01  2.90e-01   0.36
2004 02 05  1740   53040   63600  0  1.08e+03  1.72e+01  0  8.91e+02  1.52e+01  3.33e+00  8.31e-01  4.00e-01   0.45
2004 02 05  1745   53040   63900  0  1.11e+03  1.65e+01  0  9.74e+02  1.79e+01  2.50e+00  9.53e-01  4.15e-01   0.04
2004 02 05  1750   53040   64200  0  1.10e+03  2.16e+01  0  1.01e+03  1.90e+01  2.87e+00  6.86e-01  3.09e-01   0.32
2004 02 05  1755   53040   64500  0  1.14e+03  1.72e+01  0  9.17e+02  1.60e+01  2.40e+00  9.56e-01  3.16e-01   0.63
2004 02 05  1800   53040   64800  0  1.25e+03  1.68e+01  0  9.95e+02  1.67e+01  2.73e+00  7.39e-01  4.46e-01   0.38
2004 02 05  1805   53040   65100  0  1.08e+03  2.05e+01  0  9.55e+02  1.84e+01  2.56e+00  1.18e+00  2.95e-01   0.44
2004 02 05  1810   53040   65400  9 -1.00e+05 -1.00e+05  9 -1.00e+05 -1.00e+05 -1.00e+05 -1.00e+05 -1.00e+05  -1.00
2004 02 05  1815   53040   65700  9 -1.00e+05 -1.00e+05  9 -1.00e+05 -1.00e+05 -1.00e+05 -1.00e+05 -1.00e+05  -1.00
2004 02 05  1820   53040   66000  9 -1.00e+05 -1.00e+05  9 -1.00e+05 -1.00e+05 -1.00e+05 -1.00e+05 -1.00e+05  -1.00
2004 02 05  1825   53040   66300  9 -1.00e+05 -1.00e+05  9 -1.00e+05 -1.00e+05 -1.00e+05 -1.00e+05 -1.00e+05  -1.00
2004 02 05  1830   53040   66600  9 -1.00e+05 -1.00e+05  9 -1.00e+05 -1.00e+05 -1.00e+05 -1.00e+05 -1.00e+05  -1.00
2004 02 05  1835   53040   66900  0  1.36e+03  1.52e+01  0  1.11e+03  1.39e+01  2.72e+00  1.08e+00  5.13e-01   0.19
2004 02 05  1840   53040   67200  0  1.18e+03  1.78e+01  0  9.50e+02  1.54e+01  3.21e+00  1.09e+00  4.90e-01   0.45
2004 02 05  1845   53040   67500  0  1.27e+03  1.45e+01  0  9.71e+02  1.54e+01  3.39e+00  8.94e-01  3.48e-01   0.26
2004 02 05  1850   53040   67800  0  1.25e+03  1.80e+01  0  9.14e+02  1.74e+01  2.30e+00  1.08e+00  3.16e-01   0.49
2004 02 05  1855   53040   68100  0  1.26e+03  1.68e+01  0  1.01e+03  1.20e+01  2.62e+00  1.16e+00  3.12e-01   0.58
2004 02 05  1900   53040   68400  0  1.24e+03  1.37e+01  0  9.70e+02  1.53e+01  2.73e+00  8.73e-01  2.63e-01   0.62
2004 02 05  1905   53040   68700  0  1.15e+03  1.55e+01  0  8.91e+02  1.59e+01  2.50e+00  8.73e-01  2.63e-01   0.07
2004 02 05  1910   53040   69000  0  1.22e+03  1.36e+01  0  1.00e+03  1.46e+01  2.76e+00  7.56e-01  2.67e-01   0.63
2004 02 05  1915   53040   69300  0  1.19e+03  1.70e+01  0  9.47e+02  1.59e+01  2.06e+00  6.86e-01  2.53e-01   0.14
2004 02 05  1920   53040   69600  0  1.13e+03  1.52e+01  0  9.28e+02  1.36e+01  2.53e+00  1.07e+00  2.70e-01   0.50
2004 02 05  1925   53040   69900  0  1.19e+03  1.56e+01  0  9.87e+02  1.52e+01  3.05e+00  8.57e-01  3.57e-01   0.21
2004 02 05  1930   53040   70200  0  1.12e+03  1.35e+01  0  9.37e+02  1.59e+01  2.86e+00  1.02e+00  4.43e-01   0.09
2004 02 05  1935   53040   70500  0  1.16e+03  1.75e+01  0  1.00e+03  1.77e+01  2.87e+00  6.29e-01  3.19e-01   0.48
2004 02 05  1940   53040   70800  0  1.13e+03  1.40e+01  0  9.49e+02  1.87e+01  2.41e+00  9.91e-01  3.48e-01   0.67
2004 02 05  1945   53040   71100  0  1.18e+03  1.72e+01  0  9.98e+02  1.62e+01  3.16e+00  8.73e-01  4.43e-01   0.45
2004 02 05  1950   53040   71400  0  1.11e+03  1.56e+01  0  9.85e+02  1.51e+01  2.78e+00  8.96e-01  3.28e-01   0.78
2004 02 05  1955   53040   71700  0  1.17e+03  1.35e+01  0  9.16e+02  1.49e+01  2.71e+00  9.72e-01  4.54e-01   0.13
2004 02 05  2000   53040   72000  0  1.22e+03  1.65e+01  0  9.75e+02  1.74e+01  2.47e+00  8.00e-01  2.99e-01   0.58
2004 02 05  2005   53040   72300  0  1.29e+03  1.62e+01  0  9.42e+02  1.73e+01  3.09e+00  1.06e+00  3.69e-01   0.08
2004 02 05  2010   53040   72600  0  1.32e+03  1.67e+01  0  9.52e+02  1.82e+01  2.44e+00  1.07e+00  2.61e-01   0.25
2004 02 05  2015   53040   72900  0  1.33e+03  1.58e+01  0  9.79e+02  2.09e+01  2.68e+00  1.09e+00  3.96e-01   0.23
2004 02 05  2020   53040   73200  0  1.33e+03  1.64e+01  0  1.02e+03  2.56e+01  2.86e+00  1.04e+00  3.37e-01   0.14
2004 02 05  2025   53040   73500  0  1.38e+03  1.79e+01  0  1.04e+03  2.61e+01  2.35e+00  1.09e+00  4.35e-01   0.17
2004 02 05  2030   53040   73800  0  1.32e+03  1.91e+01  0  2.07e+03  3.94e+01  2.75e+00  8.19e-01  3.19e-01   0.67
2004 02 05  2035   53040   74100  0  1.35e+03  1.97e+01  0  1.18e+03  2.77e+01  2.83e+00  9.56e-01  3.06e-01   0.21
2004 02 05  2040   53040   74400  0  1.38e+03  1.82e+01  0  1.06e+03  2.55e+01  3.01e+00  9.50e-01  2.85e-01   0.29
2004 02 05  2045   53040   74700  0  1.23e+03  1.43e+01  0  9.25e+02  1.54e+01  2.70e+00  7.28e-01  2.53e-01   0.51
2004 02 05  2050   53040   75000  0  1.17e+03  1.51e+01  0  9.89e+02  1.97e+01  2.66e+00  6.44e-01  2.21e-01   0.32
2004 02 05  2055   53040   75300  0  1.06e+03  1.50e+01  0  9.66e+02  1.06e+01  2.42e+00  6.86e-01  3.03e-01   0.56
2004 02 05  2100   53040   75600  0  1.11e+03  1.68e+01  0  9.67e+02  1.33e+01  2.13e+00  7.28e-01  1.58e-01   0.37
2004 02 05  2105   53040   75900  0  1.14e+03  1.39e+01  0  8.68e+02  1.36e+01  1.96e+00  9.35e-01  2.32e-01   0.52
2004 02 05  2110   53040   76200  0  1.09e+03  1.54e+01  0  9.76e+02  1.05e+01  1.80e+00  6.16e-01  2.23e-01   0.25
2004 02 05  2115   53040   76500  0  1.19e+03  1.53e+01  0  9.31e+02  1.07e+01  1.76e+00  6.86e-01  2.32e-01   0.34
2004 02 05  2120   53040   76800  0  1.10e+03  1.55e+01  0  9.00e+02  1.40e+01  1.75e+00  8.44e-01  2.67e-01   0.23
2004 02 05  2125   53040   77100  0  1.23e+03  1.58e+01  0  1.02e+03  1.39e+01  1.63e+00  6.44e-01  2.00e-01   0.60
2004 02 05  2130   53040   77400  0  1.22e+03  1.60e+01  0  9.66e+02  1.12e+01  2.56e+00  7.69e-01  2.95e-01   0.23
2004 02 05  2135   53040   77700  0  1.05e+03  1.67e+01  0  9.32e+02  1.22e+01  1.80e+00  5.98e-01  2.23e-01   0.14
2004 02 05  2140   53040   78000  0  1.08e+03  1.78e+01  0  9.01e+02  1.39e+01  2.26e+00  5.20e-01  1.62e-01   0.27
2004 02 05  2145   53040   78300  0  1.11e+03  1.58e+01  0  9.68e+02  1.21e+01  1.73e+00  5.61e-01  2.11e-01   0.66
2004 02 05  2150   53040   78600  0  1.10e+03  1.57e+01  0  9.56e+02  1.51e+01  1.86e+00  6.16e-01  1.52e-01   0.25
2004 02 05  2155   53040   78900  0  1.16e+03  1.47e+01  0  8.62e+02  1.08e+01  1.53e+00  9.77e-01  1.79e-01   0.25
2004 02 05  2200   53040   79200  0  1.15e+03  1.59e+01  0  9.79e+02  1.21e+01  1.83e+00  7.05e-01  3.19e-01   0.39
2004 02 05  2205   53040   79500  0  1.03e+03  1.59e+01  0  9.11e+02  1.18e+01  2.01e+00  6.29e-01  2.12e-01   0.47
2004 02 05  2210   53040   79800  0  1.14e+03  1.39e+01  0  9.55e+02  1.08e+01  2.23e+00  7.07e-01  3.06e-01   0.40
2004 02 05  2215   53040   80100  0  1.10e+03  1.76e+01  0  9.39e+02  1.29e+01  2.16e+00  3.89e-01  3.36e-01   0.55
2004 02 05  2220   53040   80400  0  1.03e+03  1.33e+01  0  9.48e+02  1.25e+01  2.32e+00  5.03e-01  2.99e-01   0.27
2004 02 05  2225   53040   80700  0  1.06e+03  1.58e+01  0  9.01e+02  1.49e+01  2.13e+00  6.65e-01  2.95e-01   0.24
2004 02 05  2230   53040   81000  0  1.07e+03  1.59e+01  0  8.42e+02  1.27e+01  1.43e+00  7.43e-01  2.12e-01   0.36
2004 02 05  2235   53040   81300  0  1.14e+03  1.45e+01  0  9.09e+02  1.04e+01  1.83e+00  5.14e-01  2.32e-01   0.33
2004 02 05  2240   53040   81600  0  1.11e+03  1.79e+01  0  9.43e+02  1.24e+01  2.07e+00  5.34e-01  2.12e-01   0.50
2004 02 05  2245   53040   81900  0  1.08e+03  1.78e+01  0  8.83e+02  1.36e+01  1.90e+00  3.95e-01  2.21e-01   0.96
2004 02 05  2250   53040   82200  0  1.24e+03  1.38e+01  0  8.91e+02  1.39e+01  1.95e+00  6.29e-01  2.12e-01   0.43
2004 02 05  2255   53040   82500  0  1.10e+03  1.33e+01  0  9.48e+02  1.13e+01  2.07e+00  6.86e-01  2.80e-01   0.53
2004 02 05  2300   53040   82800  0  1.03e+03  1.57e+01  0  9.73e+02  1.31e+01  2.00e+00  6.65e-01  2.11e-01   0.45
2004 02 05  2305   53040   83100  0  1.06e+03  1.59e+01  0  8.77e+02  1.34e+01  1.74e+00  9.91e-01  2.41e-01   0.38
2004 02 05  2310   53040   83400  0  1.12e+03  1.40e+01  0  9.72e+02  1.14e+01  2.41e+00  6.67e-01  1.69e-01   0.22
2004 02 05  2315   53040   83700  0  1.08e+03  1.68e+01  0  9.69e+02  1.34e+01  1.70e+00  7.47e-01  1.57e-01   0.35
2004 02 05  2320   53040   84000  0  1.03e+03  1.29e+01  0  8.75e+02  1.28e+01  2.06e+00  7.04e-01  2.14e-01   0.49
2004 02 05  2325   53040   84300  0  1.13e+03  1.31e+01  0  9.12e+02  1.28e+01  2.30e+00  6.24e-01  1.69e-01   0.61
2004 02 05  2330   53040   84600  0  1.07e+03  1.39e+01  0  9.48e+02  1.14e+01  2.33e+00  4.78e-01  2.53e-01   0.58
2004 02 05  2335   53040   84900  0  1.04e+03  1.72e+01  0  9.21e+02  1.08e+01  1.80e+00  5.10e-01  2.59e-01   0.25
2004 02 05  2340   53040   85200  0  1.35e+03  1.16e+01  0  9.06e+02  1.28e+01  2.10e+00  6.65e-01  2.95e-01   0.86
2004 02 05  2345   53040   85500  0  1.41e+03  1.68e+01  0  9.69e+02  1.46e+01  1.86e+00  9.15e-01  3.27e-01   0.53
2004 02 05  2350   53040   85800  0  1.02e+03  1.46e+01  0  9.43e+02  1.08e+01  1.86e+00  7.74e-01  2.59e-01   0.45
2004 02 05  2355   53040   86100  0  1.16e+03  1.49e+01  0  8.76e+02  1.07e+01  2.00e+00  5.82e-01  1.90e-01   0.46
