:Data_list: 20040101_ace_epam_5m.txt
:Created: 2004 Jan 02 0012 UT
# Prepared by the U.S. Dept. of Commerce, NOAA, Space Environment Center.
# Please send comments and suggestions to SEC.Webmaster@noaa.gov 
# 
# Units: Differential Flux particles/cm2-s-ster-MeV
# Units: Anisotropy Index 0.0 - 2.0
# Status(S): 0 = nominal, 4,6,7,8 = bad data, unable to process, 9 = no data
# Missing data values: -1.00e+05, index = -1.00
# Source: ACE Satellite - Electron, Proton, and Alpha Monitor
# 2003 Nov 12: see http://www.sec.noaa.gov/ftpdir/lists/ace/README for EPAM proton notice.
#
#                      5-minute averaged Real-time Differential Electron and Proton Flux 
# 
#                Modified Seconds ---------------------------- Differential Flux --------------------------- 
# UT Date   Time  Julian  of the  ----- Electron -----   ------------------- Protons keV -------------------   Anis.
# YR MO DA  HHMM    Day    Day    S    38-53   175-315   S   65-112   112-187   310-580   761-1220 1060-1910   Ratio
#-------------------------------------------------------------------------------------------------------------------
2004 01 01  0000   53005       0  0  3.88e+03  4.95e+01  0 -1.00e+05 -1.00e+05 -1.00e+05  1.73e+00  1.01e+00   0.43
2004 01 01  0005   53005     300  0  4.00e+03  4.68e+01  0 -1.00e+05 -1.00e+05 -1.00e+05  8.77e-01  5.55e-01   0.96
2004 01 01  0010   53005     600  0  4.35e+03  4.54e+01  0 -1.00e+05 -1.00e+05 -1.00e+05  1.19e+00  7.96e-01   0.94
2004 01 01  0015   53005     900  0  4.75e+03  5.28e+01  0 -1.00e+05 -1.00e+05 -1.00e+05  1.65e+00  9.36e-01   0.57
2004 01 01  0020   53005    1200  0  4.64e+03  5.18e+01  0 -1.00e+05 -1.00e+05 -1.00e+05  1.85e+00  1.45e+00   0.89
2004 01 01  0025   53005    1500  0  3.93e+03  4.40e+01  0 -1.00e+05 -1.00e+05 -1.00e+05  1.43e+00  6.93e-01   1.11
2004 01 01  0030   53005    1800  0  3.89e+03  4.80e+01  0 -1.00e+05 -1.00e+05 -1.00e+05  1.46e+00  6.99e-01   0.48
2004 01 01  0035   53005    2100  0  3.80e+03  4.71e+01  0 -1.00e+05 -1.00e+05 -1.00e+05  1.49e+00  1.05e+00   0.92
2004 01 01  0040   53005    2400  0  4.02e+03  4.81e+01  0 -1.00e+05 -1.00e+05 -1.00e+05  1.83e+00  1.04e+00   0.96
2004 01 01  0045   53005    2700  0  4.06e+03  4.45e+01  0 -1.00e+05 -1.00e+05 -1.00e+05  1.89e+00  1.15e+00   0.84
2004 01 01  0050   53005    3000  0  3.88e+03  4.19e+01  0 -1.00e+05 -1.00e+05 -1.00e+05  1.72e+00  1.24e+00   0.81
2004 01 01  0055   53005    3300  0  3.62e+03  4.49e+01  0 -1.00e+05 -1.00e+05 -1.00e+05  1.49e+00  1.20e+00   0.77
2004 01 01  0100   53005    3600  0  3.37e+03  4.00e+01  0 -1.00e+05 -1.00e+05 -1.00e+05  1.41e+00  1.09e+00   0.83
2004 01 01  0105   53005    3900  0  3.26e+03  4.32e+01  0 -1.00e+05 -1.00e+05 -1.00e+05  1.52e+00  1.00e+00   0.82
2004 01 01  0110   53005    4200  0  3.34e+03  4.17e+01  0 -1.00e+05 -1.00e+05 -1.00e+05  1.46e+00  1.07e+00   0.94
2004 01 01  0115   53005    4500  0  2.83e+03  3.87e+01  0 -1.00e+05 -1.00e+05 -1.00e+05  1.04e+00  5.80e-01   1.85
2004 01 01  0120   53005    4800  0  2.96e+03  3.79e+01  0 -1.00e+05 -1.00e+05 -1.00e+05  1.38e+00  8.08e-01   0.88
2004 01 01  0125   53005    5100  0  2.83e+03  3.79e+01  0 -1.00e+05 -1.00e+05 -1.00e+05  1.24e+00  8.42e-01   0.79
2004 01 01  0130   53005    5400  0  2.76e+03  4.59e+01  0 -1.00e+05 -1.00e+05 -1.00e+05  1.13e+00  6.09e-01   0.65
2004 01 01  0135   53005    5700  0  3.17e+03  3.87e+01  0 -1.00e+05 -1.00e+05 -1.00e+05  1.35e+00  5.66e-01   0.72
2004 01 01  0140   53005    6000  0  7.14e+03  3.72e+01  0 -1.00e+05 -1.00e+05 -1.00e+05  1.65e+00  1.03e+00   0.72
2004 01 01  0145   53005    6300  0  7.93e+03  5.09e+01  0 -1.00e+05 -1.00e+05 -1.00e+05  1.17e+00  1.08e+00   0.84
2004 01 01  0150   53005    6600  0  5.60e+03  3.59e+01  0 -1.00e+05 -1.00e+05 -1.00e+05  1.56e+00  7.19e-01   0.76
2004 01 01  0155   53005    6900  0  4.21e+03  4.15e+01  0 -1.00e+05 -1.00e+05 -1.00e+05  1.04e+00  6.03e-01   0.41
2004 01 01  0200   53005    7200  0  3.43e+03  3.99e+01  0 -1.00e+05 -1.00e+05 -1.00e+05  8.58e-01  6.98e-01   0.81
2004 01 01  0205   53005    7500  0  3.58e+03  3.81e+01  0 -1.00e+05 -1.00e+05 -1.00e+05  6.61e-01  8.37e-01   0.60
2004 01 01  0210   53005    7800  0  2.41e+03  3.14e+01  0 -1.00e+05 -1.00e+05 -1.00e+05  7.55e-01  4.45e-01   0.59
2004 01 01  0215   53005    8100  0  2.69e+03  3.50e+01  0 -1.00e+05 -1.00e+05 -1.00e+05  9.28e-01  5.61e-01   0.92
2004 01 01  0220   53005    8400  0  2.82e+03  3.74e+01  0 -1.00e+05 -1.00e+05 -1.00e+05  1.09e+00  7.95e-01   0.44
2004 01 01  0225   53005    8700  0  2.55e+03  3.52e+01  0 -1.00e+05 -1.00e+05 -1.00e+05  8.17e-01  5.34e-01   0.89
2004 01 01  0230   53005    9000  0  2.93e+03  3.96e+01  0 -1.00e+05 -1.00e+05 -1.00e+05  8.65e-01  5.50e-01   0.32
2004 01 01  0235   53005    9300  0  2.47e+03  3.28e+01  0 -1.00e+05 -1.00e+05 -1.00e+05  1.36e+00  6.57e-01   0.76
2004 01 01  0240   53005    9600  0  2.37e+03  3.24e+01  0 -1.00e+05 -1.00e+05 -1.00e+05  1.05e+00  4.64e-01   0.27
2004 01 01  0245   53005    9900  0  2.48e+03  3.61e+01  0 -1.00e+05 -1.00e+05 -1.00e+05  7.77e-01  3.44e-01   0.74
2004 01 01  0250   53005   10200  0  2.39e+03  3.38e+01  0 -1.00e+05 -1.00e+05 -1.00e+05  1.07e+00  4.51e-01   0.43
2004 01 01  0255   53005   10500  0  2.28e+03  3.13e+01  0 -1.00e+05 -1.00e+05 -1.00e+05  7.77e-01  3.88e-01   1.06
2004 01 01  0300   53005   10800  0  2.09e+03  3.25e+01  0 -1.00e+05 -1.00e+05 -1.00e+05  8.34e-01  4.85e-01   0.15
2004 01 01  0305   53005   11100  0  2.41e+03  3.58e+01  0 -1.00e+05 -1.00e+05 -1.00e+05  1.12e+00  5.18e-01   0.91
2004 01 01  0310   53005   11400  0  2.52e+03  2.83e+01  0 -1.00e+05 -1.00e+05 -1.00e+05  1.01e+00  4.85e-01   0.79
2004 01 01  0315   53005   11700  0  2.80e+03  3.25e+01  0 -1.00e+05 -1.00e+05 -1.00e+05  1.49e+00  7.38e-01   0.58
2004 01 01  0320   53005   12000  0  2.46e+03  3.30e+01  0 -1.00e+05 -1.00e+05 -1.00e+05  9.13e-01  5.81e-01  -1.00
2004 01 01  0325   53005   12300  0  2.38e+03  3.60e+01  0 -1.00e+05 -1.00e+05 -1.00e+05  7.88e-01  5.96e-01   1.60
2004 01 01  0330   53005   12600  0  2.61e+03  3.52e+01  0 -1.00e+05 -1.00e+05 -1.00e+05  1.01e+00  8.40e-01   1.10
2004 01 01  0335   53005   12900  0  2.95e+03  7.40e+01  0 -1.00e+05 -1.00e+05 -1.00e+05  1.17e+00  6.59e-01   0.39
2004 01 01  0340   53005   13200  0  3.47e+03  6.25e+01  0 -1.00e+05 -1.00e+05 -1.00e+05  1.13e+00  8.53e-01   0.45
2004 01 01  0345   53005   13500  0  5.56e+03  5.73e+01  0 -1.00e+05 -1.00e+05 -1.00e+05  9.00e-01  4.46e-01   1.15
2004 01 01  0350   53005   13800  0  7.64e+03  8.20e+01  0 -1.00e+05 -1.00e+05 -1.00e+05  1.11e+00  6.01e-01   0.69
2004 01 01  0355   53005   14100  0  7.33e+03  7.22e+01  0 -1.00e+05 -1.00e+05 -1.00e+05  8.41e-01  6.22e-01   0.79
2004 01 01  0400   53005   14400  0  5.78e+03  8.72e+01  0 -1.00e+05 -1.00e+05 -1.00e+05  1.09e+00  6.54e-01   0.91
2004 01 01  0405   53005   14700  0  5.58e+03  8.48e+01  0 -1.00e+05 -1.00e+05 -1.00e+05  1.08e+00  7.27e-01   0.76
2004 01 01  0410   53005   15000  0  4.41e+03  9.04e+01  0 -1.00e+05 -1.00e+05 -1.00e+05  1.12e+00  9.74e-01   0.27
2004 01 01  0415   53005   15300  0  5.40e+03  8.63e+01  0 -1.00e+05 -1.00e+05 -1.00e+05  8.95e-01  8.93e-01   0.90
2004 01 01  0420   53005   15600  0  4.91e+03  8.07e+01  0 -1.00e+05 -1.00e+05 -1.00e+05  1.05e+00  6.03e-01   0.70
2004 01 01  0425   53005   15900  0  5.91e+03  9.25e+01  0 -1.00e+05 -1.00e+05 -1.00e+05  8.60e-01  7.44e-01   0.04
2004 01 01  0430   53005   16200  0  4.95e+03  7.83e+01  0 -1.00e+05 -1.00e+05 -1.00e+05  8.98e-01  5.94e-01   0.82
2004 01 01  0435   53005   16500  0  2.17e+03  4.67e+01  0 -1.00e+05 -1.00e+05 -1.00e+05  8.44e-01  1.96e-01   0.44
2004 01 01  0440   53005   16800  0  2.17e+03  4.07e+01  0 -1.00e+05 -1.00e+05 -1.00e+05  5.74e-01  2.43e-01   0.93
2004 01 01  0445   53005   17100  0  2.81e+03  5.62e+01  0 -1.00e+05 -1.00e+05 -1.00e+05  6.19e-01  3.15e-01   1.31
2004 01 01  0450   53005   17400  0  2.07e+03  3.75e+01  0 -1.00e+05 -1.00e+05 -1.00e+05  9.37e-01  1.83e-01   1.11
2004 01 01  0455   53005   17700  0  2.05e+03  4.37e+01  0 -1.00e+05 -1.00e+05 -1.00e+05  6.56e-01  3.69e-01   0.42
2004 01 01  0500   53005   18000  0  1.61e+03  3.77e+01  0 -1.00e+05 -1.00e+05 -1.00e+05  6.02e-01  3.60e-01   0.12
2004 01 01  0505   53005   18300  0  2.08e+03  4.04e+01  0 -1.00e+05 -1.00e+05 -1.00e+05  6.03e-01  1.55e-01   0.93
2004 01 01  0510   53005   18600  0  2.13e+03  4.10e+01  0 -1.00e+05 -1.00e+05 -1.00e+05  5.02e-01  2.06e-01   1.14
2004 01 01  0515   53005   18900  0  2.50e+03  4.50e+01  0 -1.00e+05 -1.00e+05 -1.00e+05  5.69e-01  4.01e-01   1.41
2004 01 01  0520   53005   19200  0  2.25e+03  4.05e+01  0 -1.00e+05 -1.00e+05 -1.00e+05  6.49e-01  3.31e-01   0.80
2004 01 01  0525   53005   19500  0  1.66e+03  3.67e+01  0 -1.00e+05 -1.00e+05 -1.00e+05  3.99e-01  2.67e-01   2.00
2004 01 01  0530   53005   19800  0  1.83e+03  3.40e+01  0 -1.00e+05 -1.00e+05 -1.00e+05  8.08e-01  2.95e-01  -1.00
2004 01 01  0535   53005   20100  0  1.88e+03  3.78e+01  0 -1.00e+05 -1.00e+05 -1.00e+05  5.25e-01  5.18e-01   0.67
2004 01 01  0540   53005   20400  0  1.86e+03  3.48e+01  0 -1.00e+05 -1.00e+05 -1.00e+05  5.10e-01  3.05e-01  -1.00
2004 01 01  0545   53005   20700  0  1.64e+03  3.03e+01  0 -1.00e+05 -1.00e+05 -1.00e+05  5.78e-01  2.52e-01   0.29
2004 01 01  0550   53005   21000  0  1.60e+03  3.09e+01  0 -1.00e+05 -1.00e+05 -1.00e+05  6.02e-01  2.14e-01  -1.00
2004 01 01  0555   53005   21300  0  1.76e+03  3.06e+01  0 -1.00e+05 -1.00e+05 -1.00e+05  5.63e-01  2.83e-01   0.77
2004 01 01  0600   53005   21600  0  1.98e+03  3.68e+01  0 -1.00e+05 -1.00e+05 -1.00e+05  4.65e-01  3.44e-01   1.81
2004 01 01  0605   53005   21900  0  1.62e+03  2.79e+01  0 -1.00e+05 -1.00e+05 -1.00e+05  6.62e-01  2.14e-01   0.87
2004 01 01  0610   53005   22200  0  1.73e+03  3.26e+01  0 -1.00e+05 -1.00e+05 -1.00e+05  6.73e-01  1.91e-01   0.68
2004 01 01  0615   53005   22500  0  1.56e+03  3.31e+01  0 -1.00e+05 -1.00e+05 -1.00e+05  4.52e-01  4.39e-01   2.00
2004 01 01  0620   53005   22800  0  1.72e+03  3.10e+01  0 -1.00e+05 -1.00e+05 -1.00e+05  4.84e-01  3.37e-01  -1.00
2004 01 01  0625   53005   23100  0  1.59e+03  2.58e+01  0 -1.00e+05 -1.00e+05 -1.00e+05  5.27e-01  3.27e-01   0.80
2004 01 01  0630   53005   23400  0  1.79e+03  3.09e+01  0 -1.00e+05 -1.00e+05 -1.00e+05  7.36e-01  1.94e-01  -1.00
2004 01 01  0635   53005   23700  0  1.48e+03  3.17e+01  0 -1.00e+05 -1.00e+05 -1.00e+05  5.37e-01  3.22e-01   1.15
2004 01 01  0640   53005   24000  0  1.77e+03  3.38e+01  0 -1.00e+05 -1.00e+05 -1.00e+05  8.21e-01  2.76e-01   0.74
2004 01 01  0645   53005   24300  0  1.77e+03  3.97e+01  0 -1.00e+05 -1.00e+05 -1.00e+05  6.30e-01  3.93e-01   0.89
2004 01 01  0650   53005   24600  9 -1.00e+05 -1.00e+05  9 -1.00e+05 -1.00e+05 -1.00e+05 -1.00e+05 -1.00e+05  -1.00
2004 01 01  0655   53005   24900  9 -1.00e+05 -1.00e+05  9 -1.00e+05 -1.00e+05 -1.00e+05 -1.00e+05 -1.00e+05  -1.00
2004 01 01  0700   53005   25200  9 -1.00e+05 -1.00e+05  9 -1.00e+05 -1.00e+05 -1.00e+05 -1.00e+05 -1.00e+05  -1.00
2004 01 01  0705   53005   25500  9 -1.00e+05 -1.00e+05  9 -1.00e+05 -1.00e+05 -1.00e+05 -1.00e+05 -1.00e+05  -1.00
2004 01 01  0710   53005   25800  9 -1.00e+05 -1.00e+05  9 -1.00e+05 -1.00e+05 -1.00e+05 -1.00e+05 -1.00e+05  -1.00
2004 01 01  0715   53005   26100  9 -1.00e+05 -1.00e+05  9 -1.00e+05 -1.00e+05 -1.00e+05 -1.00e+05 -1.00e+05  -1.00
2004 01 01  0720   53005   26400  0  1.66e+03  3.15e+01  0 -1.00e+05 -1.00e+05 -1.00e+05  7.47e-01  1.96e-01  -1.00
2004 01 01  0725   53005   26700  0  1.56e+03  2.73e+01  0 -1.00e+05 -1.00e+05 -1.00e+05  4.63e-01  1.29e-01   2.00
2004 01 01  0730   53005   27000  0  1.64e+03  2.83e+01  0 -1.00e+05 -1.00e+05 -1.00e+05  6.76e-01  2.29e-01   0.71
2004 01 01  0735   53005   27300  0  1.75e+03  2.98e+01  0 -1.00e+05 -1.00e+05 -1.00e+05  5.28e-01  1.72e-01   0.75
2004 01 01  0740   53005   27600  0  1.58e+03  3.11e+01  0 -1.00e+05 -1.00e+05 -1.00e+05  5.39e-01  0.00e+00   2.00
2004 01 01  0745   53005   27900  0  1.68e+03  2.73e+01  0 -1.00e+05 -1.00e+05 -1.00e+05  4.66e-01  1.50e-01   2.00
2004 01 01  0750   53005   28200  0  1.53e+03  2.67e+01  0 -1.00e+05 -1.00e+05 -1.00e+05  5.99e-01  3.72e-01   0.54
2004 01 01  0755   53005   28500  0  1.40e+03  2.79e+01  0 -1.00e+05 -1.00e+05 -1.00e+05  5.86e-01  3.27e-01   0.77
2004 01 01  0800   53005   28800  0  1.30e+03  2.27e+01  0 -1.00e+05 -1.00e+05 -1.00e+05  7.39e-01  2.93e-01   1.17
2004 01 01  0805   53005   29100  0  1.45e+03  2.28e+01  0 -1.00e+05 -1.00e+05 -1.00e+05  7.50e-01  3.01e-01   1.31
2004 01 01  0810   53005   29400  0  1.35e+03  2.39e+01  0 -1.00e+05 -1.00e+05 -1.00e+05  5.25e-01  2.86e-01   0.29
2004 01 01  0815   53005   29700  0  1.34e+03  2.91e+01  0 -1.00e+05 -1.00e+05 -1.00e+05  4.54e-01  2.16e-01  -1.00
2004 01 01  0820   53005   30000  0  1.57e+03  2.80e+01  0 -1.00e+05 -1.00e+05 -1.00e+05  8.34e-01  5.37e-01   0.94
2004 01 01  0825   53005   30300  0  1.30e+03  2.66e+01  0 -1.00e+05 -1.00e+05 -1.00e+05  6.30e-01  2.14e-01   0.92
2004 01 01  0830   53005   30600  0  1.46e+03  2.86e+01  0 -1.00e+05 -1.00e+05 -1.00e+05  8.44e-01  4.65e-01   0.68
2004 01 01  0835   53005   30900  0  1.45e+03  2.88e+01  0 -1.00e+05 -1.00e+05 -1.00e+05  5.19e-01  3.97e-01   0.62
2004 01 01  0840   53005   31200  0  1.41e+03  2.80e+01  0 -1.00e+05 -1.00e+05 -1.00e+05  7.57e-01  4.90e-01   0.55
2004 01 01  0845   53005   31500  0  1.40e+03  2.46e+01  0 -1.00e+05 -1.00e+05 -1.00e+05  5.05e-01  2.65e-01   1.41
2004 01 01  0850   53005   31800  0  1.29e+03  2.39e+01  0 -1.00e+05 -1.00e+05 -1.00e+05  8.35e-01  2.05e-01   0.76
2004 01 01  0855   53005   32100  0  1.49e+03  2.52e+01  0 -1.00e+05 -1.00e+05 -1.00e+05  5.43e-01  1.96e-01   0.98
2004 01 01  0900   53005   32400  0  1.36e+03  2.27e+01  0 -1.00e+05 -1.00e+05 -1.00e+05  5.43e-01  2.36e-01   1.00
2004 01 01  0905   53005   32700  0  1.38e+03  2.60e+01  0 -1.00e+05 -1.00e+05 -1.00e+05  7.94e-01  9.65e+03   0.24
2004 01 01  0910   53005   33000  0  1.30e+03  2.73e+01  0 -1.00e+05 -1.00e+05 -1.00e+05  6.87e-01  2.62e-01   1.85
2004 01 01  0915   53005   33300  0  1.25e+03  2.20e+01  0 -1.00e+05 -1.00e+05 -1.00e+05  7.20e-01  4.11e-01  -1.00
2004 01 01  0920   53005   33600  0  1.29e+03  2.34e+01  0 -1.00e+05 -1.00e+05 -1.00e+05  5.22e-01  2.83e-01   0.38
2004 01 01  0925   53005   33900  0  1.32e+03  2.49e+01  0 -1.00e+05 -1.00e+05 -1.00e+05  7.23e-01  2.70e-01   0.36
2004 01 01  0930   53005   34200  0  1.49e+03  2.53e+01  0 -1.00e+05 -1.00e+05 -1.00e+05  7.59e-01  1.72e-01  -1.00
2004 01 01  0935   53005   34500  0  1.29e+03  2.29e+01  0 -1.00e+05 -1.00e+05 -1.00e+05  7.73e-01  2.14e-01   0.90
2004 01 01  0940   53005   34800  0  1.38e+03  2.80e+01  0 -1.00e+05 -1.00e+05 -1.00e+05  6.25e-01  3.67e-01   1.49
2004 01 01  0945   53005   35100  0  1.39e+03  1.98e+01  0 -1.00e+05 -1.00e+05 -1.00e+05  3.75e-01  2.04e-01   0.69
2004 01 01  0950   53005   35400  0  1.30e+03  2.45e+01  0 -1.00e+05 -1.00e+05 -1.00e+05  5.09e-01  2.58e-01   2.00
2004 01 01  0955   53005   35700  0  1.17e+03  2.29e+01  0 -1.00e+05 -1.00e+05 -1.00e+05  3.86e-01  2.62e-01   0.89
2004 01 01  1000   53005   36000  0  1.23e+03  2.22e+01  0 -1.00e+05 -1.00e+05 -1.00e+05  6.15e-01  2.63e-01   1.12
2004 01 01  1005   53005   36300  0  1.26e+03  2.45e+01  0 -1.00e+05 -1.00e+05 -1.00e+05  6.40e-01  1.53e-01   0.29
2004 01 01  1010   53005   36600  0  1.38e+03  2.21e+01  0 -1.00e+05 -1.00e+05 -1.00e+05  4.69e-01  1.15e-01   1.15
2004 01 01  1015   53005   36900  0  1.33e+03  2.43e+01  0 -1.00e+05 -1.00e+05 -1.00e+05  7.20e-01  1.99e-01   1.42
2004 01 01  1020   53005   37200  0  1.28e+03  2.01e+01  0 -1.00e+05 -1.00e+05 -1.00e+05  5.07e-01  7.64e-02   1.37
2004 01 01  1025   53005   37500  0  1.38e+03  2.71e+01  0 -1.00e+05 -1.00e+05 -1.00e+05  4.82e-01  1.81e-01  -1.00
2004 01 01  1030   53005   37800  0  1.28e+03  2.43e+01  0 -1.00e+05 -1.00e+05 -1.00e+05  6.80e-01  1.50e-01   0.40
2004 01 01  1035   53005   38100  0  1.26e+03  2.53e+01  0 -1.00e+05 -1.00e+05 -1.00e+05  7.42e-01  6.54e-02   0.64
2004 01 01  1040   53005   38400  0  1.31e+03  2.02e+01  0 -1.00e+05 -1.00e+05 -1.00e+05  4.90e-01  1.99e-01   0.92
2004 01 01  1045   53005   38700  0  1.24e+03  2.13e+01  0 -1.00e+05 -1.00e+05 -1.00e+05  4.54e-01  2.50e-01   1.85
2004 01 01  1050   53005   39000  0  1.32e+03  2.16e+01  0 -1.00e+05 -1.00e+05 -1.00e+05  4.81e-01  1.80e-01  -1.00
2004 01 01  1055   53005   39300  0  1.45e+03  2.50e+01  0 -1.00e+05 -1.00e+05 -1.00e+05  4.95e-01  3.12e-01   0.85
2004 01 01  1100   53005   39600  0  1.12e+03  1.87e+01  0 -1.00e+05 -1.00e+05 -1.00e+05  9.36e-01  2.58e-01   1.44
2004 01 01  1105   53005   39900  0  1.24e+03  2.21e+01  0 -1.00e+05 -1.00e+05 -1.00e+05  5.44e-01  2.65e-01   0.92
2004 01 01  1110   53005   40200  0  1.27e+03  2.18e+01  0 -1.00e+05 -1.00e+05 -1.00e+05  5.01e-01  4.08e-01  -1.00
2004 01 01  1115   53005   40500  0  1.21e+03  1.99e+01  0 -1.00e+05 -1.00e+05 -1.00e+05  7.95e-01  1.15e-01   0.67
2004 01 01  1120   53005   40800  0  1.36e+03  2.12e+01  0 -1.00e+05 -1.00e+05 -1.00e+05  5.32e-01  3.70e-01   0.38
2004 01 01  1125   53005   41100  0  1.20e+03  2.36e+01  0 -1.00e+05 -1.00e+05 -1.00e+05  6.94e-01  2.43e-01   0.54
2004 01 01  1130   53005   41400  0  1.32e+03  2.53e+01  0 -1.00e+05 -1.00e+05 -1.00e+05  7.32e-01  2.75e-01   2.00
2004 01 01  1135   53005   41700  0  1.02e+03  2.06e+01  0 -1.00e+05 -1.00e+05 -1.00e+05  7.23e-01  2.44e-01   0.82
2004 01 01  1140   53005   42000  0  1.24e+03  2.18e+01  0 -1.00e+05 -1.00e+05 -1.00e+05  6.70e-01  4.32e-01   1.31
2004 01 01  1145   53005   42300  0  1.22e+03  2.40e+01  0 -1.00e+05 -1.00e+05 -1.00e+05  9.56e-01  3.66e-01   0.51
2004 01 01  1150   53005   42600  0  1.21e+03  2.11e+01  0 -1.00e+05 -1.00e+05 -1.00e+05  6.83e-01  5.12e-01   0.93
2004 01 01  1155   53005   42900  0  1.10e+03  1.95e+01  0 -1.00e+05 -1.00e+05 -1.00e+05  6.73e-01  2.36e-01   0.80
2004 01 01  1200   53005   43200  0  1.28e+03  1.88e+01  0 -1.00e+05 -1.00e+05 -1.00e+05  6.50e-01  3.05e-01   0.68
2004 01 01  1205   53005   43500  0  1.33e+03  2.19e+01  0 -1.00e+05 -1.00e+05 -1.00e+05  5.97e-01  1.96e-01   1.61
2004 01 01  1210   53005   43800  0  9.85e+02  2.66e+01  0 -1.00e+05 -1.00e+05 -1.00e+05  6.57e-01  2.21e-01   0.46
2004 01 01  1215   53005   44100  0  1.07e+03  2.42e+01  0 -1.00e+05 -1.00e+05 -1.00e+05  6.59e-01  3.93e-01   0.33
2004 01 01  1220   53005   44400  0  1.15e+03  2.53e+01  0 -1.00e+05 -1.00e+05 -1.00e+05  3.35e-01  1.64e-01   0.82
2004 01 01  1225   53005   44700  0  1.30e+03  2.17e+01  0 -1.00e+05 -1.00e+05 -1.00e+05  5.77e-01  2.11e-01   1.12
2004 01 01  1230   53005   45000  0  1.16e+03  2.07e+01  0 -1.00e+05 -1.00e+05 -1.00e+05  4.74e-01  1.76e-01   0.80
2004 01 01  1235   53005   45300  0  1.02e+03  2.00e+01  0 -1.00e+05 -1.00e+05 -1.00e+05  5.16e-01  2.29e-01   0.20
2004 01 01  1240   53005   45600  0  1.27e+03  2.14e+01  0 -1.00e+05 -1.00e+05 -1.00e+05  4.89e-01  1.23e-01   0.67
2004 01 01  1245   53005   45900  0  1.05e+03  2.33e+01  0 -1.00e+05 -1.00e+05 -1.00e+05  4.80e-01  1.02e-01   0.17
2004 01 01  1250   53005   46200  0  1.05e+03  1.98e+01  0 -1.00e+05 -1.00e+05 -1.00e+05  4.46e-01  3.03e-01   2.00
2004 01 01  1255   53005   46500  0  1.11e+03  2.53e+01  0 -1.00e+05 -1.00e+05 -1.00e+05  6.62e-01  1.23e-01   0.12
2004 01 01  1300   53005   46800  0  1.10e+03  2.47e+01  0 -1.00e+05 -1.00e+05 -1.00e+05  5.56e-01  2.43e-01   0.67
2004 01 01  1305   53005   47100  0  1.28e+03  2.82e+01  0 -1.00e+05 -1.00e+05 -1.00e+05  7.82e-01  3.74e-01   1.41
2004 01 01  1310   53005   47400  0  1.03e+03  2.18e+01  0 -1.00e+05 -1.00e+05 -1.00e+05  3.47e-01  3.44e-01   1.49
2004 01 01  1315   53005   47700  0  1.01e+03  1.96e+01  0 -1.00e+05 -1.00e+05 -1.00e+05  7.28e-01  2.39e-01   0.67
2004 01 01  1320   53005   48000  0  1.20e+03  2.17e+01  0 -1.00e+05 -1.00e+05 -1.00e+05  5.18e-01  2.42e-01   0.91
2004 01 01  1325   53005   48300  0  9.79e+02  1.76e+01  0 -1.00e+05 -1.00e+05 -1.00e+05  7.03e-01  2.14e-01   0.69
2004 01 01  1330   53005   48600  0  1.13e+03  2.05e+01  0 -1.00e+05 -1.00e+05 -1.00e+05  4.38e-01  2.90e-01  -1.00
2004 01 01  1335   53005   48900  0  1.18e+03  2.41e+01  0 -1.00e+05 -1.00e+05 -1.00e+05  4.77e-01  2.41e-01   1.85
2004 01 01  1340   53005   49200  0  1.14e+03  1.87e+01  0 -1.00e+05 -1.00e+05 -1.00e+05  8.99e-01  9.16e-02   0.45
2004 01 01  1345   53005   49500  0  1.12e+03  2.19e+01  0 -1.00e+05 -1.00e+05 -1.00e+05  5.57e-01  1.50e-01   0.63
2004 01 01  1350   53005   49800  0  9.52e+02  2.29e+01  0 -1.00e+05 -1.00e+05 -1.00e+05  5.25e-01  1.15e-01   0.67
2004 01 01  1355   53005   50100  0  1.06e+03  2.07e+01  0 -1.00e+05 -1.00e+05 -1.00e+05  8.00e-01  2.47e-01   0.86
2004 01 01  1400   53005   50400  0  9.25e+02  2.34e+01  0 -1.00e+05 -1.00e+05 -1.00e+05  2.78e-01  2.20e-01   0.69
2004 01 01  1405   53005   50700  0  1.02e+03  2.35e+01  0 -1.00e+05 -1.00e+05 -1.00e+05  4.33e-01  1.15e-01   0.89
2004 01 01  1410   53005   51000  0  9.02e+02  1.93e+01  0 -1.00e+05 -1.00e+05 -1.00e+05  5.23e-01  1.88e-01  -1.00
2004 01 01  1415   53005   51300  0  9.02e+02  2.03e+01  0 -1.00e+05 -1.00e+05 -1.00e+05  2.97e-01  8.59e-02  -1.00
2004 01 01  1420   53005   51600  0  9.40e+02  1.74e+01  0 -1.00e+05 -1.00e+05 -1.00e+05  4.91e-01  1.37e-01   1.41
2004 01 01  1425   53005   51900  0  9.05e+02  1.86e+01  0 -1.00e+05 -1.00e+05 -1.00e+05  4.86e-01  9.55e-02   1.07
2004 01 01  1430   53005   52200  0  9.30e+02  2.16e+01  0 -1.00e+05 -1.00e+05 -1.00e+05  3.66e-01  4.58e-02   0.77
2004 01 01  1435   53005   52500  0  9.40e+02  1.88e+01  0 -1.00e+05 -1.00e+05 -1.00e+05  4.75e-01  3.96e-01  -1.00
2004 01 01  1440   53005   52800  0  9.86e+02  1.94e+01  0 -1.00e+05 -1.00e+05 -1.00e+05  3.42e-01  2.60e-01   0.77
2004 01 01  1445   53005   53100  0  1.03e+03  2.33e+01  0 -1.00e+05 -1.00e+05 -1.00e+05  5.19e-01  0.00e+00   1.00
2004 01 01  1450   53005   53400  0  9.24e+02  2.13e+01  0 -1.00e+05 -1.00e+05 -1.00e+05  5.01e-01  6.87e-02  -1.00
2004 01 01  1455   53005   53700  0  9.82e+02  2.14e+01  0 -1.00e+05 -1.00e+05 -1.00e+05  4.84e-01  3.74e-01   0.79
2004 01 01  1500   53005   54000  0  9.47e+02  1.80e+01  0 -1.00e+05 -1.00e+05 -1.00e+05  6.35e-01  2.10e-01   2.00
2004 01 01  1505   53005   54300  0  7.82e+02  1.72e+01  0 -1.00e+05 -1.00e+05 -1.00e+05  3.57e-01  2.00e-01   0.00
2004 01 01  1510   53005   54600  0  9.73e+02  2.07e+01  0 -1.00e+05 -1.00e+05 -1.00e+05  6.66e-01  1.23e-01   1.00
2004 01 01  1515   53005   54900  0  1.11e+03  2.17e+01  0 -1.00e+05 -1.00e+05 -1.00e+05  6.21e-01  0.00e+00   0.89
2004 01 01  1520   53005   55200  9 -1.00e+05 -1.00e+05  9 -1.00e+05 -1.00e+05 -1.00e+05 -1.00e+05 -1.00e+05  -1.00
2004 01 01  1525   53005   55500  0  9.81e+02  2.27e+01  0 -1.00e+05 -1.00e+05 -1.00e+05  5.28e-01  0.00e+00   1.15
2004 01 01  1530   53005   55800  0  9.32e+02  1.84e+01  0 -1.00e+05 -1.00e+05 -1.00e+05  3.70e-01  0.00e+00   0.77
2004 01 01  1535   53005   56100  0  1.01e+03  1.85e+01  0 -1.00e+05 -1.00e+05 -1.00e+05  5.06e-01  0.00e+00   1.22
2004 01 01  1540   53005   56400  0  8.81e+02  2.04e+01  0 -1.00e+05 -1.00e+05 -1.00e+05  4.17e-01  0.00e+00   2.00
2004 01 01  1545   53005   56700  0  9.11e+02  1.98e+01  0 -1.00e+05 -1.00e+05 -1.00e+05  3.65e-01  1.46e-01   2.00
2004 01 01  1550   53005   57000  0  9.97e+02  1.75e+01  0 -1.00e+05 -1.00e+05 -1.00e+05  3.45e-01  9.55e-02   1.20
2004 01 01  1555   53005   57300  0  8.73e+02  1.86e+01  0 -1.00e+05 -1.00e+05 -1.00e+05  4.38e-01  0.00e+00   0.77
2004 01 01  1600   53005   57600  0  9.72e+02  2.13e+01  0 -1.00e+05 -1.00e+05 -1.00e+05  6.18e-01  1.25e-01  -1.00
2004 01 01  1605   53005   57900  0  8.59e+02  1.90e+01  0 -1.00e+05 -1.00e+05 -1.00e+05  2.70e-01  0.00e+00  -1.00
2004 01 01  1610   53005   58200  0  8.63e+02  1.94e+01  0 -1.00e+05 -1.00e+05 -1.00e+05  4.40e-01  8.59e-02   0.99
2004 01 01  1615   53005   58500  0  8.71e+02  2.15e+01  0 -1.00e+05 -1.00e+05 -1.00e+05  4.04e-01  3.01e-01   1.61
2004 01 01  1620   53005   58800  0  9.04e+02  1.88e+01  0 -1.00e+05 -1.00e+05 -1.00e+05  6.79e-01  1.67e-01   0.91
2004 01 01  1625   53005   59100  0  8.67e+02  2.33e+01  0 -1.00e+05 -1.00e+05 -1.00e+05  5.23e-01  3.44e-01  -1.00
2004 01 01  1630   53005   59400  0  9.18e+02  1.87e+01  0 -1.00e+05 -1.00e+05 -1.00e+05  4.35e-01  1.53e-01   1.25
2004 01 01  1635   53005   59700  0  1.01e+03  2.19e+01  0 -1.00e+05 -1.00e+05 -1.00e+05  4.10e-01  2.29e-01  -1.00
2004 01 01  1640   53005   60000  0  1.03e+03  2.07e+01  0 -1.00e+05 -1.00e+05 -1.00e+05  2.35e-01  1.04e-01  -1.00
2004 01 01  1645   53005   60300  0  9.57e+02  2.09e+01  0 -1.00e+05 -1.00e+05 -1.00e+05  1.52e-01  1.91e-01  -1.00
2004 01 01  1650   53005   60600  0  8.04e+02  1.98e+01  0 -1.00e+05 -1.00e+05 -1.00e+05  5.46e-01  1.91e-01  -1.00
2004 01 01  1655   53005   60900  0  9.25e+02  1.66e+01  0 -1.00e+05 -1.00e+05 -1.00e+05  5.99e-01  2.65e-01   1.25
2004 01 01  1700   53005   61200  0  9.36e+02  2.24e+01  0 -1.00e+05 -1.00e+05 -1.00e+05  3.01e-01  1.41e-01   2.00
2004 01 01  1705   53005   61500  0  8.02e+02  1.76e+01  0 -1.00e+05 -1.00e+05 -1.00e+05  4.12e-01  1.31e-01   1.55
2004 01 01  1710   53005   61800  0  1.02e+03  1.61e+01  0 -1.00e+05 -1.00e+05 -1.00e+05  5.19e-01  1.59e-01   0.17
2004 01 01  1715   53005   62100  0  9.33e+02  2.15e+01  0 -1.00e+05 -1.00e+05 -1.00e+05  5.27e-01  0.00e+00   0.62
2004 01 01  1720   53005   62400  0  7.75e+02  1.93e+01  0 -1.00e+05 -1.00e+05 -1.00e+05  5.17e-01  5.09e-02   0.33
2004 01 01  1725   53005   62700  0  9.49e+02  1.82e+01  0 -1.00e+05 -1.00e+05 -1.00e+05  5.74e-01  4.58e-02   0.22
2004 01 01  1730   53005   63000  0  9.85e+02  1.70e+01  0 -1.00e+05 -1.00e+05 -1.00e+05  8.61e-01  1.34e-01   0.57
2004 01 01  1735   53005   63300  0  9.76e+02  2.13e+01  0 -1.00e+05 -1.00e+05 -1.00e+05  5.62e-01  3.31e-01   0.86
2004 01 01  1740   53005   63600  0  7.94e+02  1.66e+01  0 -1.00e+05 -1.00e+05 -1.00e+05  4.18e-01  1.15e-01  -1.00
2004 01 01  1745   53005   63900  0  1.02e+03  1.76e+01  0 -1.00e+05 -1.00e+05 -1.00e+05  4.51e-01  2.50e-01   0.96
2004 01 01  1750   53005   64200  0  9.16e+02  2.16e+01  0 -1.00e+05 -1.00e+05 -1.00e+05  4.34e-01  2.78e-01   0.77
2004 01 01  1755   53005   64500  0  8.67e+02  2.07e+01  0 -1.00e+05 -1.00e+05 -1.00e+05  2.58e-01  2.29e-01   1.85
2004 01 01  1800   53005   64800  0  8.62e+02  1.94e+01  0 -1.00e+05 -1.00e+05 -1.00e+05  6.78e-01  2.29e-01  -1.00
2004 01 01  1805   53005   65100  0  9.79e+02  2.14e+01  0 -1.00e+05 -1.00e+05 -1.00e+05  3.98e-01  2.11e-01  -1.00
2004 01 01  1810   53005   65400  0  9.01e+02  1.67e+01  0 -1.00e+05 -1.00e+05 -1.00e+05  4.63e-01  1.83e-01   0.59
2004 01 01  1815   53005   65700  0  8.93e+02  1.91e+01  0 -1.00e+05 -1.00e+05 -1.00e+05  4.82e-01  5.73e-02   0.71
2004 01 01  1820   53005   66000  0  9.84e+02  1.96e+01  0 -1.00e+05 -1.00e+05 -1.00e+05  4.10e-01  7.64e-02   2.00
2004 01 01  1825   53005   66300  0  9.21e+02  1.82e+01  0 -1.00e+05 -1.00e+05 -1.00e+05  7.06e-01  1.60e-01   0.38
2004 01 01  1830   53005   66600  0  7.40e+02  1.83e+01  0 -1.00e+05 -1.00e+05 -1.00e+05  4.42e-01  6.87e-02  -1.00
2004 01 01  1835   53005   66900  0  8.16e+02  1.77e+01  0 -1.00e+05 -1.00e+05 -1.00e+05  4.92e-01  9.55e-02   0.77
2004 01 01  1840   53005   67200  0  7.53e+02  1.58e+01  0 -1.00e+05 -1.00e+05 -1.00e+05  5.50e-01  1.67e-01   0.89
2004 01 01  1845   53005   67500  0  9.06e+02  1.64e+01  0 -1.00e+05 -1.00e+05 -1.00e+05  6.16e-01  0.00e+00   0.37
2004 01 01  1850   53005   67800  0  7.14e+02  1.60e+01  0 -1.00e+05 -1.00e+05 -1.00e+05  5.16e-01  9.82e-02   1.15
2004 01 01  1855   53005   68100  0  1.03e+03  2.26e+01  0 -1.00e+05 -1.00e+05 -1.00e+05  6.08e-01  1.82e-01  -1.00
2004 01 01  1900   53005   68400  0  8.58e+02  1.86e+01  0 -1.00e+05 -1.00e+05 -1.00e+05  4.99e-01  4.17e-02   0.17
2004 01 01  1905   53005   68700  0  7.66e+02  1.66e+01  0 -1.00e+05 -1.00e+05 -1.00e+05  4.30e-01  1.83e-01   0.92
2004 01 01  1910   53005   69000  0  9.07e+02  1.90e+01  0 -1.00e+05 -1.00e+05 -1.00e+05  5.25e-01  4.58e-02   1.32
2004 01 01  1915   53005   69300  0  7.93e+02  2.11e+01  0 -1.00e+05 -1.00e+05 -1.00e+05  3.09e-01  7.64e-02  -1.00
2004 01 01  1920   53005   69600  0  8.11e+02  2.28e+01  0 -1.00e+05 -1.00e+05 -1.00e+05  4.63e-01  1.91e-01   0.87
2004 01 01  1925   53005   69900  0  8.27e+02  1.87e+01  0 -1.00e+05 -1.00e+05 -1.00e+05  5.18e-01  1.67e-01   1.85
2004 01 01  1930   53005   70200  0  9.20e+02  1.78e+01  0 -1.00e+05 -1.00e+05 -1.00e+05  3.56e-01  1.15e-01  -1.00
2004 01 01  1935   53005   70500  0  7.43e+02  2.17e+01  0 -1.00e+05 -1.00e+05 -1.00e+05  5.16e-01  1.72e-01   1.89
2004 01 01  1940   53005   70800  0  8.10e+02  2.12e+01  0 -1.00e+05 -1.00e+05 -1.00e+05  4.74e-01  7.64e-02   0.89
2004 01 01  1945   53005   71100  0  9.77e+02  1.85e+01  0 -1.00e+05 -1.00e+05 -1.00e+05  3.70e-01  0.00e+00   2.00
2004 01 01  1950   53005   71400  0  8.51e+02  1.57e+01  0 -1.00e+05 -1.00e+05 -1.00e+05  5.01e-01  8.81e-02  -1.00
2004 01 01  1955   53005   71700  0  7.94e+02  1.87e+01  0 -1.00e+05 -1.00e+05 -1.00e+05  6.14e-01  1.27e-01   2.00
2004 01 01  2000   53005   72000  0  8.48e+02  1.92e+01  0 -1.00e+05 -1.00e+05 -1.00e+05  6.21e-01  0.00e+00  -1.00
2004 01 01  2005   53005   72300  0  9.85e+02  1.86e+01  0 -1.00e+05 -1.00e+05 -1.00e+05  4.76e-01  2.37e-01   0.44
2004 01 01  2010   53005   72600  0  8.67e+02  1.96e+01  0 -1.00e+05 -1.00e+05 -1.00e+05  4.03e-01  1.89e-01  -1.00
2004 01 01  2015   53005   72900  0  9.09e+02  2.13e+01  0 -1.00e+05 -1.00e+05 -1.00e+05  5.53e-01  1.67e-01   1.85
2004 01 01  2020   53005   73200  0  1.02e+03  1.81e+01  0 -1.00e+05 -1.00e+05 -1.00e+05  6.33e-01  1.15e-01   0.67
2004 01 01  2025   53005   73500  0  9.52e+02  1.59e+01  0 -1.00e+05 -1.00e+05 -1.00e+05  4.14e-01  2.77e-01  -1.00
2004 01 01  2030   53005   73800  0  8.14e+02  1.84e+01  0 -1.00e+05 -1.00e+05 -1.00e+05  4.52e-01  3.52e-01   0.67
2004 01 01  2035   53005   74100  0  8.61e+02  1.84e+01  0 -1.00e+05 -1.00e+05 -1.00e+05  6.52e-01  1.41e-01   1.02
2004 01 01  2040   53005   74400  0  8.40e+02  1.80e+01  0 -1.00e+05 -1.00e+05 -1.00e+05  4.44e-01  1.25e-01  -1.00
2004 01 01  2045   53005   74700  0  7.81e+02  1.71e+01  0 -1.00e+05 -1.00e+05 -1.00e+05  4.68e-01  1.99e-01   0.29
2004 01 01  2050   53005   75000  0  9.09e+02  1.70e+01  0 -1.00e+05 -1.00e+05 -1.00e+05  2.81e-01  1.85e-01   0.77
2004 01 01  2055   53005   75300  0  9.35e+02  1.75e+01  0 -1.00e+05 -1.00e+05 -1.00e+05  5.70e-01  2.49e-01   1.87
2004 01 01  2100   53005   75600  0  8.96e+02  1.66e+01  0 -1.00e+05 -1.00e+05 -1.00e+05  4.29e-01  8.33e-02   0.87
2004 01 01  2105   53005   75900  0  8.29e+02  1.65e+01  0 -1.00e+05 -1.00e+05 -1.00e+05  4.48e-01  0.00e+00   2.00
2004 01 01  2110   53005   76200  0  8.56e+02  1.54e+01  0 -1.00e+05 -1.00e+05 -1.00e+05  4.72e-01  5.09e-02   2.00
2004 01 01  2115   53005   76500  0  8.81e+02  1.63e+01  0 -1.00e+05 -1.00e+05 -1.00e+05  3.87e-01  3.60e-01  -1.00
2004 01 01  2120   53005   76800  0  8.63e+02  1.74e+01  0 -1.00e+05 -1.00e+05 -1.00e+05  5.10e-01  1.64e-01   1.20
2004 01 01  2125   53005   77100  0  9.83e+02  1.67e+01  0 -1.00e+05 -1.00e+05 -1.00e+05  5.83e-01  2.67e-01   1.85
2004 01 01  2130   53005   77400  0  9.04e+02  2.35e+01  0 -1.00e+05 -1.00e+05 -1.00e+05  3.61e-01  1.34e-01   1.10
2004 01 01  2135   53005   77700  0  8.70e+02  1.70e+01  0 -1.00e+05 -1.00e+05 -1.00e+05  4.17e-01  1.43e-01   0.69
2004 01 01  2140   53005   78000  0  8.30e+02  2.21e+01  0 -1.00e+05 -1.00e+05 -1.00e+05  3.68e-01  2.29e-01   2.00
2004 01 01  2145   53005   78300  0  8.74e+02  1.91e+01  0 -1.00e+05 -1.00e+05 -1.00e+05  3.53e-01  1.76e-01   0.77
2004 01 01  2150   53005   78600  0  8.36e+02  2.11e+01  0 -1.00e+05 -1.00e+05 -1.00e+05  3.93e-01  3.11e-01   1.32
2004 01 01  2155   53005   78900  0  7.56e+02  1.78e+01  0 -1.00e+05 -1.00e+05 -1.00e+05  6.47e-01  1.47e-01   0.97
2004 01 01  2200   53005   79200  0  8.66e+02  2.11e+01  0 -1.00e+05 -1.00e+05 -1.00e+05  6.69e-01  7.64e-02   0.57
2004 01 01  2205   53005   79500  0  9.06e+02  1.59e+01  0 -1.00e+05 -1.00e+05 -1.00e+05  4.77e-01  1.72e-01   0.67
2004 01 01  2210   53005   79800  0  9.10e+02  1.89e+01  0 -1.00e+05 -1.00e+05 -1.00e+05  5.39e-01  2.11e-01   0.17
2004 01 01  2215   53005   80100  0  8.93e+02  1.83e+01  0 -1.00e+05 -1.00e+05 -1.00e+05  7.39e-01  2.80e-01   0.33
2004 01 01  2220   53005   80400  9 -1.00e+05 -1.00e+05  9 -1.00e+05 -1.00e+05 -1.00e+05 -1.00e+05 -1.00e+05  -1.00
2004 01 01  2225   53005   80700  9 -1.00e+05 -1.00e+05  9 -1.00e+05 -1.00e+05 -1.00e+05 -1.00e+05 -1.00e+05  -1.00
2004 01 01  2230   53005   81000  9 -1.00e+05 -1.00e+05  9 -1.00e+05 -1.00e+05 -1.00e+05 -1.00e+05 -1.00e+05  -1.00
2004 01 01  2235   53005   81300  9 -1.00e+05 -1.00e+05  9 -1.00e+05 -1.00e+05 -1.00e+05 -1.00e+05 -1.00e+05  -1.00
2004 01 01  2240   53005   81600  9 -1.00e+05 -1.00e+05  9 -1.00e+05 -1.00e+05 -1.00e+05 -1.00e+05 -1.00e+05  -1.00
2004 01 01  2245   53005   81900  0  8.14e+02  1.87e+01  0 -1.00e+05 -1.00e+05 -1.00e+05  2.65e-01  0.00e+00  -1.00
2004 01 01  2250   53005   82200  0  8.33e+02  1.90e+01  0 -1.00e+05 -1.00e+05 -1.00e+05  6.46e-01  1.37e-01   0.67
2004 01 01  2255   53005   82500  0  8.76e+02  2.01e+01  0 -1.00e+05 -1.00e+05 -1.00e+05  5.10e-01  1.15e-01   0.66
2004 01 01  2300   53005   82800  0  7.91e+02  1.52e+01  0 -1.00e+05 -1.00e+05 -1.00e+05  4.09e-01  2.05e-01   0.62
2004 01 01  2305   53005   83100  0  9.04e+02  2.01e+01  0 -1.00e+05 -1.00e+05 -1.00e+05  5.54e-01  1.34e-01   1.07
2004 01 01  2310   53005   83400  0  8.14e+02  1.70e+01  0 -1.00e+05 -1.00e+05 -1.00e+05  5.79e-01  2.03e-01   0.44
2004 01 01  2315   53005   83700  0  9.36e+02  1.63e+01  0 -1.00e+05 -1.00e+05 -1.00e+05  4.46e-01  2.45e-01   0.92
2004 01 01  2320   53005   84000  0  7.86e+02  1.60e+01  0 -1.00e+05 -1.00e+05 -1.00e+05  3.54e-01  2.10e-01   0.38
2004 01 01  2325   53005   84300  0  8.66e+02  1.46e+01  0 -1.00e+05 -1.00e+05 -1.00e+05  5.55e-01  3.44e-01   1.33
2004 01 01  2330   53005   84600  0  8.88e+02  1.93e+01  0 -1.00e+05 -1.00e+05 -1.00e+05  7.13e-01  1.25e-01   2.00
2004 01 01  2335   53005   84900  0  7.67e+02  1.75e+01  0 -1.00e+05 -1.00e+05 -1.00e+05  3.98e-01  1.15e-01   0.59
2004 01 01  2340   53005   85200  0  8.22e+02  1.95e+01  0 -1.00e+05 -1.00e+05 -1.00e+05  5.40e-01  0.00e+00   0.69
2004 01 01  2345   53005   85500  0  9.67e+02  1.76e+01  0 -1.00e+05 -1.00e+05 -1.00e+05  4.93e-01  1.76e-01   1.87
2004 01 01  2350   53005   85800  0  9.04e+02  1.86e+01  0 -1.00e+05 -1.00e+05 -1.00e+05  5.56e-01  1.80e-01   0.65
2004 01 01  2355   53005   86100  0  9.13e+02  1.58e+01  0 -1.00e+05 -1.00e+05 -1.00e+05  2.99e-01  0.00e+00   1.85
