:Data_list: 20040805_ace_epam_5m.txt
:Created: 2004 Aug 06 0012 UT
# Prepared by the U.S. Dept. of Commerce, NOAA, Space Environment Center.
# Please send comments and suggestions to SEC.Webmaster@noaa.gov 
# 
# Units: Differential Flux particles/cm2-s-ster-MeV
# Units: Anisotropy Index 0.0 - 2.0
# Status(S): 0 = nominal, 4,6,7,8 = bad data, unable to process, 9 = no data
# Missing data values: -1.00e+05, index = -1.00
# Source: ACE Satellite - Electron, Proton, and Alpha Monitor
# 2004 Feb 04: see http://www.sec.noaa.gov/ftpdir/lists/ace/README for EPAM channel change notice.
#
#                      5-minute averaged Real-time Differential Electron and Proton Flux 
# 
#                Modified Seconds ---------------------------- Differential Flux --------------------------- 
# UT Date   Time  Julian  of the  ----- Electron -----   ------------------- Protons keV -------------------   Anis.
# YR MO DA  HHMM    Day    Day    S    38-53   175-315   S    47-68   115-195   310-580   761-1220 1060-1900   Ratio
#-------------------------------------------------------------------------------------------------------------------
2004 08 05  0000   53222       0  0  7.49e+02  2.29e+01  0  1.51e+03  1.06e+02  6.34e+00  2.02e+00  6.28e-01   0.08
2004 08 05  0005   53222     300  0  7.04e+02  2.29e+01  0  1.62e+03  1.25e+02  7.69e+00  1.73e+00  8.31e-01   0.12
2004 08 05  0010   53222     600  0  7.14e+02  2.16e+01  0  1.61e+03  1.25e+02  8.06e+00  1.68e+00  6.64e-01   0.10
2004 08 05  0015   53222     900  0  6.72e+02  2.34e+01  0  1.54e+03  1.21e+02  7.32e+00  2.06e+00  9.90e-01   0.21
2004 08 05  0020   53222    1200  0  6.91e+02  2.38e+01  0  1.47e+03  1.07e+02  6.62e+00  2.14e+00  9.59e-01   0.08
2004 08 05  0025   53222    1500  0  6.35e+02  2.32e+01  0  1.67e+03  1.19e+02  7.47e+00  1.91e+00  8.32e-01   0.11
2004 08 05  0030   53222    1800  0  7.11e+02  2.21e+01  0  1.60e+03  1.25e+02  7.68e+00  2.27e+00  8.65e-01   0.12
2004 08 05  0035   53222    2100  0  7.38e+02  2.42e+01  0  1.62e+03  1.19e+02  7.28e+00  2.25e+00  8.01e-01   0.12
2004 08 05  0040   53222    2400  0  7.49e+02  2.22e+01  0  1.67e+03  1.25e+02  6.79e+00  2.70e+00  7.80e-01   0.24
2004 08 05  0045   53222    2700  0  6.78e+02  1.98e+01  0  1.60e+03  1.24e+02  6.68e+00  2.09e+00  6.95e-01   0.14
2004 08 05  0050   53222    3000  0  7.63e+02  1.74e+01  0  1.57e+03  1.20e+02  8.16e+00  2.29e+00  8.32e-01   0.18
2004 08 05  0055   53222    3300  0  6.87e+02  2.16e+01  0  1.56e+03  1.26e+02  6.91e+00  1.99e+00  9.54e-01   0.34
2004 08 05  0100   53222    3600  0  7.31e+02  2.61e+01  0  1.57e+03  1.23e+02  8.16e+00  2.43e+00  9.27e-01   0.23
2004 08 05  0105   53222    3900  0  6.78e+02  2.18e+01  0  1.49e+03  1.23e+02  7.87e+00  2.64e+00  8.01e-01   0.07
2004 08 05  0110   53222    4200  0  7.37e+02  1.90e+01  0  1.57e+03  1.18e+02  7.16e+00  1.93e+00  7.49e-01   0.13
2004 08 05  0115   53222    4500  0  6.60e+02  2.01e+01  0  1.62e+03  1.05e+02  7.67e+00  2.43e+00  8.11e-01   0.06
2004 08 05  0120   53222    4800  0  6.57e+02  2.55e+01  0  1.96e+03  1.22e+02  6.79e+00  2.04e+00  8.11e-01   0.12
2004 08 05  0125   53222    5100  0  8.07e+02  1.95e+01  0  1.80e+03  1.22e+02  7.63e+00  2.46e+00  7.22e-01   0.16
2004 08 05  0130   53222    5400  0  5.99e+02  2.38e+01  0  1.64e+03  1.22e+02  8.33e+00  2.35e+00  8.43e-01   0.24
2004 08 05  0135   53222    5700  0  6.93e+02  2.34e+01  0  1.55e+03  1.22e+02  7.75e+00  2.40e+00  1.02e+00   0.25
2004 08 05  0140   53222    6000  0  6.75e+02  2.87e+01  0  1.54e+03  1.17e+02  8.38e+00  1.92e+00  9.27e-01   0.35
2004 08 05  0145   53222    6300  0  8.04e+02  2.51e+01  0  1.60e+03  1.20e+02  7.44e+00  2.33e+00  1.05e+00   0.08
2004 08 05  0150   53222    6600  0  7.21e+02  2.34e+01  0  1.71e+03  1.33e+02  8.47e+00  2.17e+00  9.37e-01   0.14
2004 08 05  0155   53222    6900  0  6.50e+02  2.04e+01  0  1.70e+03  1.37e+02  7.69e+00  1.94e+00  9.66e-01   0.18
2004 08 05  0200   53222    7200  0  7.49e+02  1.70e+01  0  1.46e+03  1.18e+02  7.74e+00  1.95e+00  8.85e-01   0.27
2004 08 05  0205   53222    7500  0  7.39e+02  2.00e+01  0  1.55e+03  1.19e+02  7.54e+00  1.89e+00  8.69e-01   0.14
2004 08 05  0210   53222    7800  0  6.70e+02  2.21e+01  0  1.44e+03  1.13e+02  6.76e+00  1.94e+00  7.82e-01   0.06
2004 08 05  0215   53222    8100  0  8.02e+02  2.44e+01  0  1.49e+03  1.14e+02  7.39e+00  2.23e+00  9.08e-01   0.11
2004 08 05  0220   53222    8400  0  7.22e+02  2.18e+01  0  1.42e+03  1.02e+02  6.36e+00  2.47e+00  8.43e-01   0.06
2004 08 05  0225   53222    8700  0  6.94e+02  2.36e+01  0  1.38e+03  1.02e+02  6.40e+00  2.02e+00  8.50e-01   0.08
2004 08 05  0230   53222    9000  0  6.96e+02  2.55e+01  0  1.32e+03  9.87e+01  6.31e+00  2.00e+00  8.60e-01   0.23
2004 08 05  0235   53222    9300  0  6.48e+02  2.36e+01  0  1.35e+03  1.03e+02  8.19e+00  2.20e+00  9.38e-01   0.07
2004 08 05  0240   53222    9600  0  6.81e+02  2.11e+01  0  1.42e+03  1.02e+02  7.48e+00  1.87e+00  1.03e+00   0.21
2004 08 05  0245   53222    9900  0  6.91e+02  2.34e+01  0  1.64e+03  1.18e+02  8.05e+00  2.25e+00  1.07e+00   0.22
2004 08 05  0250   53222   10200  0  6.78e+02  2.36e+01  0  1.56e+03  1.19e+02  8.06e+00  2.18e+00  1.12e+00   0.23
2004 08 05  0255   53222   10500  0  7.01e+02  2.31e+01  0  1.46e+03  1.14e+02  8.02e+00  2.18e+00  9.90e-01   0.06
2004 08 05  0300   53222   10800  0  6.69e+02  1.93e+01  0  1.53e+03  1.28e+02  8.98e+00  2.04e+00  1.03e+00   0.19
2004 08 05  0305   53222   11100  0  6.67e+02  1.76e+01  0  1.51e+03  1.12e+02  8.16e+00  2.18e+00  1.10e+00   0.39
2004 08 05  0310   53222   11400  0  6.58e+02  2.39e+01  0  1.65e+03  1.27e+02  8.15e+00  2.43e+00  1.05e+00   0.21
2004 08 05  0315   53222   11700  0  7.07e+02  2.13e+01  0  1.60e+03  1.16e+02  8.65e+00  2.37e+00  1.04e+00   0.16
2004 08 05  0320   53222   12000  0  6.22e+02  2.55e+01  0  1.54e+03  1.17e+02  7.44e+00  2.27e+00  8.85e-01   0.08
2004 08 05  0325   53222   12300  0  7.51e+02  2.58e+01  0  1.65e+03  1.14e+02  7.82e+00  2.57e+00  8.29e-01   0.25
2004 08 05  0330   53222   12600  0  6.98e+02  2.51e+01  0  1.62e+03  1.18e+02  7.78e+00  2.43e+00  8.29e-01   0.05
2004 08 05  0335   53222   12900  0  6.65e+02  2.49e+01  0  1.65e+03  1.22e+02  7.16e+00  2.44e+00  8.02e-01   0.07
2004 08 05  0340   53222   13200  0  7.00e+02  2.03e+01  0  1.68e+03  1.25e+02  6.85e+00  2.00e+00  6.95e-01   0.25
2004 08 05  0345   53222   13500  0  7.74e+02  2.18e+01  0  1.69e+03  1.24e+02  7.97e+00  2.33e+00  8.22e-01   0.30
2004 08 05  0350   53222   13800  0  6.99e+02  1.90e+01  0  1.71e+03  1.28e+02  7.54e+00  2.36e+00  7.40e-01   0.17
2004 08 05  0355   53222   14100  0  7.25e+02  1.89e+01  0  1.59e+03  1.14e+02  7.87e+00  2.10e+00  7.16e-01   0.15
2004 08 05  0400   53222   14400  0  6.22e+02  2.34e+01  0  1.55e+03  1.07e+02  6.82e+00  1.95e+00  8.53e-01   0.29
2004 08 05  0405   53222   14700  0  7.28e+02  1.95e+01  0  1.63e+03  1.06e+02  7.18e+00  2.25e+00  7.49e-01   0.23
2004 08 05  0410   53222   15000  0  6.75e+02  2.09e+01  0  1.62e+03  1.01e+02  6.49e+00  1.93e+00  8.85e-01   0.09
2004 08 05  0415   53222   15300  0  7.26e+02  1.98e+01  0  1.64e+03  1.10e+02  6.64e+00  1.77e+00  9.27e-01   0.06
2004 08 05  0420   53222   15600  0  6.65e+02  2.43e+01  0  1.65e+03  1.07e+02  6.19e+00  2.13e+00  7.24e-01   0.15
2004 08 05  0425   53222   15900  0  7.27e+02  2.30e+01  0  1.65e+03  1.10e+02  6.72e+00  2.25e+00  8.43e-01   0.12
2004 08 05  0430   53222   16200  0  7.14e+02  2.37e+01  0  1.60e+03  1.06e+02  6.40e+00  1.79e+00  9.47e-01   0.09
2004 08 05  0435   53222   16500  0  6.83e+02  2.34e+01  0  1.62e+03  1.11e+02  5.98e+00  2.50e+00  8.02e-01   0.07
2004 08 05  0440   53222   16800  0  7.32e+02  2.26e+01  0  1.66e+03  1.19e+02  7.64e+00  2.39e+00  7.48e-01   0.13
2004 08 05  0445   53222   17100  0  6.55e+02  2.14e+01  0  1.62e+03  1.12e+02  6.91e+00  2.29e+00  8.79e-01   0.25
2004 08 05  0450   53222   17400  0  5.97e+02  2.21e+01  0  1.63e+03  1.21e+02  7.60e+00  2.55e+00  8.60e-01   0.10
2004 08 05  0455   53222   17700  0  6.60e+02  2.16e+01  0  1.66e+03  1.13e+02  7.00e+00  2.38e+00  6.95e-01   0.19
2004 08 05  0500   53222   18000  0  6.39e+02  2.34e+01  0  1.50e+03  9.57e+01  6.39e+00  1.95e+00  5.69e-01   0.29
2004 08 05  0505   53222   18300  0  7.14e+02  2.39e+01  0  1.45e+03  9.89e+01  6.52e+00  1.85e+00  7.92e-01   0.24
2004 08 05  0510   53222   18600  0  7.13e+02  1.91e+01  0  1.57e+03  9.95e+01  5.98e+00  1.91e+00  6.66e-01   0.03
2004 08 05  0515   53222   18900  0  5.92e+02  2.20e+01  0  1.48e+03  1.06e+02  6.39e+00  1.77e+00  7.38e-01   0.23
2004 08 05  0520   53222   19200  0  6.20e+02  2.11e+01  0  1.50e+03  1.06e+02  7.00e+00  2.15e+00  8.60e-01   0.12
2004 08 05  0525   53222   19500  0  6.89e+02  2.30e+01  0  1.56e+03  1.08e+02  6.73e+00  1.91e+00  8.60e-01   0.48
2004 08 05  0530   53222   19800  0  6.64e+02  2.30e+01  0  1.53e+03  1.00e+02  6.85e+00  1.91e+00  6.64e-01   0.40
2004 08 05  0535   53222   20100  0  6.27e+02  2.17e+01  0  1.47e+03  1.06e+02  7.13e+00  1.76e+00  8.56e-01   0.46
2004 08 05  0540   53222   20400  0  6.87e+02  1.95e+01  0  1.55e+03  9.97e+01  6.20e+00  2.25e+00  7.59e-01   0.19
2004 08 05  0545   53222   20700  0  6.30e+02  1.89e+01  0  1.55e+03  9.62e+01  7.11e+00  2.25e+00  8.32e-01   0.35
2004 08 05  0550   53222   21000  0  6.47e+02  2.34e+01  0  1.47e+03  1.04e+02  6.66e+00  1.67e+00  7.49e-01   0.39
2004 08 05  0555   53222   21300  0  6.51e+02  2.36e+01  0  1.40e+03  1.03e+02  6.16e+00  2.04e+00  8.01e-01   0.28
2004 08 05  0600   53222   21600  0  7.29e+02  2.32e+01  0  1.43e+03  1.04e+02  6.10e+00  2.10e+00  8.64e-01   0.12
2004 08 05  0605   53222   21900  0  6.38e+02  2.31e+01  0  1.48e+03  1.03e+02  5.91e+00  1.90e+00  8.20e-01   0.11
2004 08 05  0610   53222   22200  0  5.92e+02  2.11e+01  0  1.41e+03  9.08e+01  5.67e+00  2.25e+00  6.85e-01   0.28
2004 08 05  0615   53222   22500  0  6.82e+02  2.37e+01  0  1.41e+03  9.88e+01  5.94e+00  1.99e+00  5.62e-01   0.21
2004 08 05  0620   53222   22800  0  6.66e+02  2.01e+01  0  1.42e+03  9.49e+01  6.88e+00  2.04e+00  7.06e-01   0.18
2004 08 05  0625   53222   23100  0  6.39e+02  2.11e+01  0  1.45e+03  9.22e+01  6.36e+00  1.89e+00  6.64e-01   0.16
2004 08 05  0630   53222   23400  0  6.17e+02  2.11e+01  0  1.46e+03  9.67e+01  5.82e+00  1.83e+00  7.13e-01   0.10
2004 08 05  0635   53222   23700  0  6.60e+02  1.86e+01  0  1.52e+03  9.76e+01  6.62e+00  2.20e+00  6.95e-01   0.24
2004 08 05  0640   53222   24000  0  6.42e+02  1.99e+01  0  1.36e+03  9.02e+01  6.26e+00  1.68e+00  8.96e-01   0.17
2004 08 05  0645   53222   24300  0  6.07e+02  2.60e+01  0  1.38e+03  9.21e+01  5.71e+00  1.67e+00  7.31e-01   0.27
2004 08 05  0650   53222   24600  0  6.31e+02  2.24e+01  0  1.46e+03  9.38e+01  5.09e+00  1.65e+00  5.92e-01   0.26
2004 08 05  0655   53222   24900  0  6.02e+02  1.77e+01  0  1.25e+03  8.20e+01  5.77e+00  2.12e+00  6.95e-01   0.20
2004 08 05  0700   53222   25200  0  6.71e+02  2.46e+01  0  1.35e+03  8.26e+01  6.64e+00  2.10e+00  6.18e-01   0.23
2004 08 05  0705   53222   25500  0  6.73e+02  2.01e+01  0  1.11e+03  6.44e+01  4.88e+00  2.22e+00  6.01e-01   0.17
2004 08 05  0710   53222   25800  0  6.98e+02  2.39e+01  0  1.11e+03  7.12e+01  5.26e+00  1.85e+00  6.86e-01   0.20
2004 08 05  0715   53222   26100  0  6.68e+02  2.53e+01  0  1.18e+03  7.74e+01  5.38e+00  1.77e+00  5.89e-01   0.26
2004 08 05  0720   53222   26400  0  5.81e+02  2.32e+01  0  1.20e+03  8.45e+01  6.49e+00  1.79e+00  6.64e-01   0.16
2004 08 05  0725   53222   26700  0  6.18e+02  2.73e+01  0  1.29e+03  8.98e+01  5.68e+00  2.08e+00  7.34e-01   0.14
2004 08 05  0730   53222   27000  0  6.65e+02  1.98e+01  0  1.25e+03  8.65e+01  6.34e+00  2.10e+00  7.05e-01   0.24
2004 08 05  0735   53222   27300  0  6.66e+02  2.27e+01  0  1.28e+03  8.95e+01  6.04e+00  2.10e+00  7.53e-01   0.09
2004 08 05  0740   53222   27600  0  7.07e+02  2.32e+01  0  1.29e+03  8.19e+01  5.64e+00  2.02e+00  8.11e-01   0.35
2004 08 05  0745   53222   27900  0  6.32e+02  2.00e+01  0  1.30e+03  8.66e+01  5.68e+00  1.96e+00  7.15e-01   0.33
2004 08 05  0750   53222   28200  0  6.23e+02  2.11e+01  0  1.24e+03  8.51e+01  5.89e+00  2.13e+00  7.24e-01   0.15
2004 08 05  0755   53222   28500  0  6.13e+02  2.28e+01  0  1.19e+03  8.09e+01  6.20e+00  2.12e+00  8.64e-01   0.13
2004 08 05  0800   53222   28800  0  6.68e+02  2.48e+01  0  1.15e+03  7.86e+01  5.77e+00  1.92e+00  6.57e-01   0.41
2004 08 05  0805   53222   29100  0  5.94e+02  2.07e+01  0  1.29e+03  8.03e+01  5.65e+00  1.96e+00  7.05e-01   0.16
2004 08 05  0810   53222   29400  0  5.90e+02  2.63e+01  0  1.30e+03  8.81e+01  6.42e+00  2.00e+00  8.75e-01   0.03
2004 08 05  0815   53222   29700  0  6.35e+02  2.14e+01  0  1.34e+03  8.15e+01  6.10e+00  2.01e+00  6.06e-01   0.18
2004 08 05  0820   53222   30000  0  7.11e+02  2.16e+01  0  1.57e+03  1.04e+02  6.20e+00  2.29e+00  7.80e-01   0.25
2004 08 05  0825   53222   30300  0  6.53e+02  2.16e+01  0  1.75e+03  9.69e+01  7.01e+00  1.52e+00  7.16e-01   0.21
2004 08 05  0830   53222   30600  0  5.80e+02  2.06e+01  0  1.62e+03  9.62e+01  5.94e+00  1.90e+00  7.85e-01   0.23
2004 08 05  0835   53222   30900  0  7.56e+02  2.44e+01  0  1.67e+03  9.90e+01  6.36e+00  1.81e+00  6.53e-01   0.24
2004 08 05  0840   53222   31200  0  6.76e+02  2.18e+01  0  1.63e+03  9.57e+01  5.31e+00  1.97e+00  8.32e-01   0.32
2004 08 05  0845   53222   31500  0  6.36e+02  2.22e+01  0  1.63e+03  9.00e+01  6.32e+00  2.23e+00  7.67e-01   0.20
2004 08 05  0850   53222   31800  0  5.99e+02  2.13e+01  0  1.57e+03  8.99e+01  6.72e+00  2.06e+00  7.48e-01   0.11
2004 08 05  0855   53222   32100  0  5.65e+02  2.09e+01  0  1.53e+03  8.99e+01  5.77e+00  1.83e+00  5.88e-01   0.16
2004 08 05  0900   53222   32400  0  6.08e+02  2.26e+01  0  1.54e+03  9.29e+01  5.61e+00  2.16e+00  6.32e-01   0.21
2004 08 05  0905   53222   32700  0  5.50e+02  1.91e+01  0  1.44e+03  8.81e+01  6.56e+00  2.14e+00  6.95e-01   0.20
2004 08 05  0910   53222   33000  0  6.07e+02  2.04e+01  0  1.45e+03  9.20e+01  6.32e+00  2.16e+00  6.86e-01   0.07
2004 08 05  0915   53222   33300  0  6.19e+02  2.24e+01  0  1.42e+03  8.91e+01  6.20e+00  2.10e+00  7.38e-01   0.24
2004 08 05  0920   53222   33600  0  6.35e+02  2.26e+01  0  1.48e+03  9.61e+01  6.42e+00  1.73e+00  9.59e-01   0.20
2004 08 05  0925   53222   33900  0  6.56e+02  2.32e+01  0  1.51e+03  1.03e+02  5.71e+00  2.09e+00  7.31e-01   0.05
2004 08 05  0930   53222   34200  0  5.81e+02  2.05e+01  0  1.53e+03  9.04e+01  6.88e+00  2.02e+00  7.59e-01   0.26
2004 08 05  0935   53222   34500  0  6.38e+02  2.21e+01  0  1.43e+03  8.77e+01  6.22e+00  1.81e+00  6.57e-01   0.35
2004 08 05  0940   53222   34800  0  6.60e+02  1.98e+01  0  1.48e+03  8.37e+01  5.95e+00  2.12e+00  7.34e-01   0.09
2004 08 05  0945   53222   35100  0  6.48e+02  1.93e+01  0  1.42e+03  8.78e+01  6.33e+00  1.79e+00  7.06e-01   0.30
2004 08 05  0950   53222   35400  0  5.85e+02  2.18e+01  0  1.50e+03  8.76e+01  5.92e+00  1.98e+00  7.44e-01   0.17
2004 08 05  0955   53222   35700  0  6.17e+02  2.14e+01  0  1.41e+03  8.56e+01  5.56e+00  1.87e+00  6.66e-01   0.36
2004 08 05  1000   53222   36000  0  6.49e+02  2.05e+01  0  1.46e+03  8.23e+01  5.08e+00  1.58e+00  7.16e-01   0.30
2004 08 05  1005   53222   36300  0  5.52e+02  2.30e+01  0  1.40e+03  8.39e+01  5.26e+00  1.79e+00  6.95e-01   0.06
2004 08 05  1010   53222   36600  0  6.10e+02  2.00e+01  0  1.34e+03  8.65e+01  6.19e+00  2.10e+00  6.86e-01   0.16
2004 08 05  1015   53222   36900  0  6.80e+02  1.97e+01  0  1.27e+03  7.84e+01  6.22e+00  1.91e+00  5.89e-01   0.20
2004 08 05  1020   53222   37200  0  6.48e+02  2.16e+01  0  1.33e+03  7.95e+01  5.38e+00  2.04e+00  6.74e-01   0.37
2004 08 05  1025   53222   37500  0  6.23e+02  1.79e+01  0  1.30e+03  7.66e+01  6.76e+00  1.91e+00  6.86e-01   0.15
2004 08 05  1030   53222   37800  0  6.00e+02  2.13e+01  0  1.38e+03  8.33e+01  6.43e+00  1.89e+00  7.05e-01   0.12
2004 08 05  1035   53222   38100  0  6.31e+02  2.09e+01  0  1.47e+03  8.39e+01  5.41e+00  1.66e+00  7.06e-01   0.12
2004 08 05  1040   53222   38400  0  6.38e+02  1.98e+01  0  1.23e+03  7.73e+01  5.71e+00  2.13e+00  5.70e-01   0.04
2004 08 05  1045   53222   38700  0  6.76e+02  2.29e+01  0  1.20e+03  7.45e+01  5.65e+00  1.96e+00  6.76e-01   0.11
2004 08 05  1050   53222   39000  0  6.49e+02  2.53e+01  0  1.41e+03  7.95e+01  6.06e+00  2.12e+00  7.48e-01   0.03
2004 08 05  1055   53222   39300  0  6.59e+02  2.24e+01  0  1.50e+03  8.25e+01  5.13e+00  2.08e+00  8.11e-01   0.22
2004 08 05  1100   53222   39600  0  6.13e+02  2.30e+01  0  1.53e+03  8.35e+01  5.87e+00  1.73e+00  6.01e-01   0.17
2004 08 05  1105   53222   39900  0  6.51e+02  2.53e+01  0  1.43e+03  7.81e+01  5.93e+00  1.50e+00  5.90e-01   0.10
2004 08 05  1110   53222   40200  0  6.20e+02  2.29e+01  0  1.38e+03  8.52e+01  5.77e+00  1.93e+00  6.33e-01   0.33
2004 08 05  1115   53222   40500  0  6.04e+02  2.15e+01  0  1.31e+03  7.90e+01  5.61e+00  1.81e+00  7.27e-01   0.42
2004 08 05  1120   53222   40800  0  5.63e+02  1.99e+01  0  1.28e+03  7.62e+01  6.10e+00  2.08e+00  6.53e-01   0.30
2004 08 05  1125   53222   41100  0  6.30e+02  2.13e+01  0  1.21e+03  7.03e+01  5.71e+00  1.97e+00  7.76e-01   0.21
2004 08 05  1130   53222   41400  0  6.15e+02  1.99e+01  0  1.28e+03  6.85e+01  4.59e+00  1.56e+00  5.69e-01   0.28
2004 08 05  1135   53222   41700  0  6.40e+02  2.11e+01  0  1.35e+03  7.25e+01  5.46e+00  1.88e+00  7.04e-01   0.04
2004 08 05  1140   53222   42000  0  6.87e+02  2.11e+01  0  1.31e+03  6.78e+01  5.28e+00  1.68e+00  6.53e-01   0.18
2004 08 05  1145   53222   42300  0  6.37e+02  1.68e+01  0  1.32e+03  6.81e+01  5.77e+00  1.48e+00  5.06e-01   0.16
2004 08 05  1150   53222   42600  0  6.32e+02  2.01e+01  0  1.29e+03  7.54e+01  4.96e+00  1.74e+00  6.24e-01   0.11
2004 08 05  1155   53222   42900  0  5.92e+02  2.40e+01  0  1.30e+03  7.56e+01  5.38e+00  1.79e+00  6.43e-01   0.22
2004 08 05  1200   53222   43200  0  6.46e+02  1.70e+01  0  1.41e+03  7.98e+01  4.79e+00  1.42e+00  5.56e-01   0.42
2004 08 05  1205   53222   43500  0  6.21e+02  2.22e+01  0  1.34e+03  7.63e+01  4.77e+00  1.65e+00  5.79e-01   0.12
2004 08 05  1210   53222   43800  0  5.54e+02  2.24e+01  0  1.26e+03  6.97e+01  5.08e+00  1.43e+00  7.06e-01   0.27
2004 08 05  1215   53222   44100  0  6.33e+02  2.21e+01  0  1.26e+03  6.73e+01  5.11e+00  1.62e+00  5.89e-01   0.44
2004 08 05  1220   53222   44400  0  6.23e+02  2.14e+01  0  1.31e+03  7.20e+01  5.29e+00  1.37e+00  7.15e-01   0.35
2004 08 05  1225   53222   44700  0  5.83e+02  1.58e+01  0  1.24e+03  7.15e+01  5.87e+00  1.81e+00  5.37e-01   0.28
2004 08 05  1230   53222   45000  0  6.12e+02  2.16e+01  0  1.16e+03  6.80e+01  5.05e+00  1.94e+00  6.47e-01   0.17
2004 08 05  1235   53222   45300  0  6.45e+02  2.06e+01  0  1.40e+03  7.56e+01  6.34e+00  1.81e+00  7.92e-01   0.16
2004 08 05  1240   53222   45600  0  5.41e+02  2.26e+01  0  1.46e+03  7.98e+01  5.15e+00  1.91e+00  6.74e-01   0.07
2004 08 05  1245   53222   45900  0  5.61e+02  2.11e+01  0  1.23e+03  6.86e+01  4.65e+00  1.66e+00  5.58e-01   0.42
2004 08 05  1250   53222   46200  0  6.49e+02  2.18e+01  0  1.41e+03  7.65e+01  4.70e+00  2.00e+00  7.25e-01   0.15
2004 08 05  1255   53222   46500  0  6.02e+02  2.00e+01  0  1.35e+03  8.03e+01  5.38e+00  1.50e+00  6.46e-01   0.37
2004 08 05  1300   53222   46800  0  6.15e+02  1.82e+01  0  1.45e+03  8.03e+01  6.04e+00  1.97e+00  6.19e-01   0.18
2004 08 05  1305   53222   47100  0  6.51e+02  2.09e+01  0  1.47e+03  7.67e+01  6.01e+00  1.75e+00  7.24e-01   0.09
2004 08 05  1310   53222   47400  0  5.41e+02  2.25e+01  0  1.63e+03  8.68e+01  5.83e+00  1.83e+00  7.73e-01   0.13
2004 08 05  1315   53222   47700  0  6.30e+02  2.18e+01  0  1.49e+03  8.03e+01  5.80e+00  1.75e+00  5.16e-01   0.46
2004 08 05  1320   53222   48000  0  6.50e+02  1.81e+01  0  1.38e+03  7.29e+01  5.59e+00  2.00e+00  6.37e-01   0.15
2004 08 05  1325   53222   48300  0  6.50e+02  2.20e+01  0  1.39e+03  7.77e+01  5.77e+00  1.64e+00  6.66e-01   0.42
2004 08 05  1330   53222   48600  0  5.92e+02  2.20e+01  0  1.37e+03  7.89e+01  5.97e+00  1.83e+00  6.74e-01   0.06
2004 08 05  1335   53222   48900  0  6.09e+02  2.37e+01  0  1.43e+03  7.27e+01  5.30e+00  1.79e+00  7.76e-01   0.14
2004 08 05  1340   53222   49200  0  6.60e+02  2.40e+01  0  1.46e+03  8.12e+01  6.13e+00  1.79e+00  6.43e-01   0.02
2004 08 05  1345   53222   49500  0  6.13e+02  2.40e+01  0  1.38e+03  8.04e+01  5.44e+00  1.66e+00  7.16e-01   0.16
2004 08 05  1350   53222   49800  0  5.95e+02  2.37e+01  0  1.30e+03  7.24e+01  5.27e+00  1.67e+00  7.40e-01   0.11
2004 08 05  1355   53222   50100  0  5.83e+02  2.01e+01  0  1.32e+03  8.22e+01  5.08e+00  1.46e+00  7.48e-01   0.17
2004 08 05  1400   53222   50400  0  5.84e+02  2.53e+01  0  1.29e+03  7.59e+01  6.20e+00  1.93e+00  7.38e-01   0.22
2004 08 05  1405   53222   50700  0  6.00e+02  1.67e+01  0  1.28e+03  7.91e+01  5.94e+00  1.60e+00  7.04e-01   0.18
2004 08 05  1410   53222   51000  0  5.74e+02  2.16e+01  0  1.28e+03  7.71e+01  5.18e+00  1.64e+00  7.38e-01   0.18
2004 08 05  1415   53222   51300  0  6.18e+02  2.40e+01  0  1.35e+03  7.71e+01  5.94e+00  1.76e+00  6.42e-01   0.25
2004 08 05  1420   53222   51600  0  6.10e+02  2.15e+01  0  1.48e+03  7.83e+01  5.54e+00  1.95e+00  6.53e-01   0.24
2004 08 05  1425   53222   51900  0  6.13e+02  2.05e+01  0  1.36e+03  7.74e+01  5.57e+00  1.83e+00  8.75e-01   0.12
2004 08 05  1430   53222   52200  0  6.55e+02  2.29e+01  0  1.43e+03  7.74e+01  5.85e+00  1.57e+00  7.13e-01   0.26
2004 08 05  1435   53222   52500  0  5.63e+02  1.95e+01  0  1.41e+03  7.37e+01  5.47e+00  1.62e+00  6.64e-01   0.27
2004 08 05  1440   53222   52800  0  6.51e+02  1.76e+01  0  1.38e+03  8.27e+01  5.24e+00  2.08e+00  7.16e-01   0.05
2004 08 05  1445   53222   53100  0  5.65e+02  2.22e+01  0  1.39e+03  8.02e+01  5.24e+00  1.74e+00  6.95e-01   0.25
2004 08 05  1450   53222   53400  0  6.39e+02  1.91e+01  0  1.39e+03  7.77e+01  5.97e+00  2.16e+00  8.11e-01   0.33
2004 08 05  1455   53222   53700  0  5.79e+02  1.84e+01  0  1.36e+03  7.49e+01  5.53e+00  1.71e+00  6.95e-01   0.38
2004 08 05  1500   53222   54000  0  5.49e+02  2.13e+01  0  1.36e+03  7.97e+01  6.22e+00  1.81e+00  7.44e-01   0.05
2004 08 05  1505   53222   54300  0  6.06e+02  1.95e+01  0  1.35e+03  7.85e+01  6.00e+00  1.66e+00  7.59e-01   0.19
2004 08 05  1510   53222   54600  0  5.64e+02  1.75e+01  0  1.36e+03  7.85e+01  5.65e+00  1.56e+00  7.34e-01   0.20
2004 08 05  1515   53222   54900  0  5.34e+02  2.21e+01  0  1.40e+03  7.51e+01  5.98e+00  1.94e+00  6.47e-01   0.22
2004 08 05  1520   53222   55200  0  5.66e+02  2.07e+01  0  1.37e+03  7.50e+01  6.23e+00  1.66e+00  7.06e-01   0.31
2004 08 05  1525   53222   55500  0  5.82e+02  1.77e+01  0  1.41e+03  7.72e+01  6.04e+00  2.10e+00  7.63e-01   0.40
2004 08 05  1530   53222   55800  0  6.05e+02  2.11e+01  0  1.48e+03  8.31e+01  5.59e+00  1.72e+00  4.93e-01   0.10
2004 08 05  1535   53222   56100  0  5.44e+02  1.86e+01  0  1.45e+03  7.84e+01  5.62e+00  1.83e+00  7.24e-01   0.20
2004 08 05  1540   53222   56400  0  6.53e+02  2.03e+01  0  1.44e+03  8.65e+01  5.24e+00  1.66e+00  5.37e-01   0.25
2004 08 05  1545   53222   56700  0  5.79e+02  2.25e+01  0  1.44e+03  7.85e+01  5.77e+00  2.36e+00  6.57e-01   0.21
2004 08 05  1550   53222   57000  0  5.85e+02  1.90e+01  0  1.44e+03  7.93e+01  6.34e+00  2.02e+00  5.31e-01   0.18
2004 08 05  1555   53222   57300  0  5.92e+02  1.93e+01  0  1.50e+03  7.80e+01  5.38e+00  1.60e+00  7.48e-01   0.13
2004 08 05  1600   53222   57600  0  6.27e+02  1.91e+01  0  1.60e+03  8.60e+01  5.89e+00  1.77e+00  8.11e-01   0.24
2004 08 05  1605   53222   57900  0  5.41e+02  1.93e+01  0  1.54e+03  8.58e+01  5.65e+00  2.25e+00  7.24e-01   0.19
2004 08 05  1610   53222   58200  0  6.71e+02  1.86e+01  0  1.46e+03  7.52e+01  6.52e+00  1.93e+00  5.37e-01   0.18
2004 08 05  1615   53222   58500  0  6.78e+02  2.14e+01  0  1.55e+03  7.56e+01  5.21e+00  1.76e+00  5.44e-01   0.08
2004 08 05  1620   53222   58800  0  6.10e+02  2.30e+01  0  1.82e+03  8.75e+01  5.83e+00  1.62e+00  5.90e-01   0.26
2004 08 05  1625   53222   59100  0  5.46e+02  2.17e+01  0  1.47e+03  7.79e+01  6.00e+00  1.99e+00  8.06e-01   0.13
2004 08 05  1630   53222   59400  0  6.24e+02  1.73e+01  0  1.72e+03  8.72e+01  5.08e+00  2.01e+00  7.49e-01   0.13
2004 08 05  1635   53222   59700  0  5.95e+02  2.38e+01  0  1.71e+03  9.02e+01  5.44e+00  1.68e+00  6.22e-01   0.18
2004 08 05  1640   53222   60000  0  6.51e+02  2.03e+01  0  1.94e+03  8.65e+01  5.08e+00  2.14e+00  6.95e-01   0.12
2004 08 05  1645   53222   60300  0  6.07e+02  2.14e+01  0  1.58e+03  7.21e+01  5.55e+00  1.76e+00  6.06e-01   0.24
2004 08 05  1650   53222   60600  0  5.79e+02  2.01e+01  0  1.24e+03  5.63e+01  4.79e+00  1.85e+00  6.95e-01   0.32
2004 08 05  1655   53222   60900  0  6.29e+02  1.95e+01  0  1.19e+03  5.71e+01  4.27e+00  1.58e+00  5.97e-01   0.19
2004 08 05  1700   53222   61200  0  6.10e+02  1.74e+01  0  1.10e+03  6.02e+01  4.13e+00  1.60e+00  6.53e-01   0.06
2004 08 05  1705   53222   61500  0  5.93e+02  1.91e+01  0  1.17e+03  5.60e+01  5.02e+00  1.60e+00  5.37e-01   0.26
2004 08 05  1710   53222   61800  0  6.14e+02  2.35e+01  0  1.12e+03  5.61e+01  4.71e+00  1.39e+00  6.06e-01   0.12
2004 08 05  1715   53222   62100  0  6.98e+02  1.87e+01  0  1.07e+03  4.76e+01  4.16e+00  1.37e+00  5.79e-01   0.28
2004 08 05  1720   53222   62400  0  5.93e+02  2.13e+01  0  9.97e+02  5.03e+01  3.84e+00  1.58e+00  4.95e-01   0.45
2004 08 05  1725   53222   62700  0  6.35e+02  1.90e+01  0  1.01e+03  4.80e+01  4.41e+00  1.64e+00  8.65e-01   0.16
2004 08 05  1730   53222   63000  0  6.46e+02  2.13e+01  0  9.99e+02  4.72e+01  4.72e+00  1.46e+00  6.74e-01   0.09
2004 08 05  1735   53222   63300  0  5.61e+02  2.09e+01  0  8.70e+02  4.05e+01  3.58e+00  1.49e+00  5.99e-01   0.14
2004 08 05  1740   53222   63600  0  6.15e+02  1.86e+01  0  8.40e+02  4.03e+01  4.57e+00  1.16e+00  6.37e-01   0.18
2004 08 05  1745   53222   63900  0  6.08e+02  1.97e+01  0  8.56e+02  4.19e+01  4.33e+00  1.25e+00  5.90e-01   0.05
2004 08 05  1750   53222   64200  0  5.27e+02  2.30e+01  0  8.52e+02  4.39e+01  3.79e+00  1.68e+00  4.73e-01   0.31
2004 08 05  1755   53222   64500  0  6.08e+02  2.14e+01  0  8.75e+02  3.95e+01  4.15e+00  1.12e+00  5.22e-01   0.33
2004 08 05  1800   53222   64800  0  4.98e+02  1.76e+01  0  8.82e+02  4.38e+01  4.23e+00  1.29e+00  5.90e-01   0.55
2004 08 05  1805   53222   65100  0  5.52e+02  1.95e+01  0  8.64e+02  4.18e+01  4.12e+00  1.54e+00  4.54e-01   0.36
2004 08 05  1810   53222   65400  0  5.51e+02  2.09e+01  0  8.14e+02  4.51e+01  3.88e+00  1.37e+00  5.22e-01   0.14
2004 08 05  1815   53222   65700  0  6.33e+02  2.18e+01  0  9.11e+02  4.21e+01  3.73e+00  1.35e+00  5.80e-01   0.22
2004 08 05  1820   53222   66000  0  5.88e+02  1.72e+01  0  9.35e+02  5.00e+01  4.52e+00  1.60e+00  5.37e-01   0.40
2004 08 05  1825   53222   66300  0  5.51e+02  1.79e+01  0  8.38e+02  3.91e+01  3.61e+00  1.52e+00  5.12e-01   0.21
2004 08 05  1830   53222   66600  0  6.30e+02  2.09e+01  0  8.62e+02  4.19e+01  3.91e+00  1.11e+00  5.31e-01   0.51
2004 08 05  1835   53222   66900  0  5.25e+02  2.44e+01  0  8.47e+02  4.26e+01  3.38e+00  1.62e+00  4.95e-01   0.36
2004 08 05  1840   53222   67200  0  5.49e+02  1.95e+01  0  9.04e+02  3.96e+01  4.42e+00  1.37e+00  5.22e-01   0.37
2004 08 05  1845   53222   67500  0  5.56e+02  1.79e+01  0  8.94e+02  4.49e+01  4.39e+00  1.33e+00  4.73e-01   0.32
2004 08 05  1850   53222   67800  0  6.01e+02  1.95e+01  0  9.26e+02  3.75e+01  3.83e+00  1.64e+00  5.90e-01   0.45
2004 08 05  1855   53222   68100  0  5.16e+02  1.82e+01  0  8.76e+02  4.37e+01  3.38e+00  1.32e+00  5.53e-01   0.43
2004 08 05  1900   53222   68400  0  6.01e+02  2.01e+01  0  8.25e+02  4.34e+01  3.61e+00  1.33e+00  4.95e-01   0.16
2004 08 05  1905   53222   68700  0  5.38e+02  1.91e+01  0  7.83e+02  3.97e+01  3.67e+00  1.50e+00  3.06e-01   0.24
2004 08 05  1910   53222   69000  0  5.07e+02  2.04e+01  0  8.39e+02  4.04e+01  3.52e+00  1.27e+00  5.35e-01   0.23
2004 08 05  1915   53222   69300  0  4.80e+02  1.93e+01  0  7.86e+02  3.99e+01  3.74e+00  1.29e+00  5.16e-01   0.19
2004 08 05  1920   53222   69600  0  5.79e+02  1.99e+01  0  7.52e+02  3.55e+01  2.98e+00  1.52e+00  4.64e-01   0.17
2004 08 05  1925   53222   69900  0  5.65e+02  1.96e+01  0  7.48e+02  3.60e+01  4.24e+00  1.30e+00  5.44e-01   0.30
2004 08 05  1930   53222   70200  0  5.56e+02  1.93e+01  0  7.27e+02  3.30e+01  3.47e+00  1.62e+00  4.53e-01   0.19
2004 08 05  1935   53222   70500  0  5.08e+02  2.17e+01  0  5.93e+02  3.06e+01  3.33e+00  1.55e+00  4.46e-01   0.03
2004 08 05  1940   53222   70800  0  5.48e+02  2.05e+01  0  6.64e+02  2.64e+01  3.44e+00  1.33e+00  4.43e-01   0.28
2004 08 05  1945   53222   71100  0  4.65e+02  2.09e+01  0  6.58e+02  2.48e+01  2.65e+00  9.98e-01  3.58e-01   0.29
2004 08 05  1950   53222   71400  0  5.30e+02  2.19e+01  0  5.75e+02  3.10e+01  3.05e+00  1.16e+00  4.46e-01   0.26
2004 08 05  1955   53222   71700  0  5.74e+02  2.24e+01  0  6.17e+02  2.70e+01  2.88e+00  1.46e+00  6.01e-01   0.37
2004 08 05  2000   53222   72000  0  5.18e+02  1.93e+01  0  6.36e+02  2.74e+01  3.18e+00  1.21e+00  5.16e-01   0.23
2004 08 05  2005   53222   72300  0  4.82e+02  1.82e+01  0  6.52e+02  2.84e+01  3.55e+00  1.18e+00  4.46e-01   0.08
2004 08 05  2010   53222   72600  0  5.95e+02  2.20e+01  0  5.79e+02  2.71e+01  3.05e+00  1.41e+00  3.48e-01   0.22
2004 08 05  2015   53222   72900  0  4.73e+02  1.68e+01  0  5.93e+02  2.77e+01  2.85e+00  8.19e-01  3.96e-01   0.22
2004 08 05  2020   53222   73200  0  5.56e+02  2.02e+01  0  6.13e+02  2.77e+01  2.79e+00  1.12e+00  4.35e-01   0.60
2004 08 05  2025   53222   73500  0  5.75e+02  1.57e+01  0  5.63e+02  2.62e+01  3.08e+00  1.02e+00  4.32e-01   0.10
2004 08 05  2030   53222   73800  0  6.02e+02  1.82e+01  0  6.10e+02  2.26e+01  2.82e+00  1.28e+00  3.96e-01   0.06
2004 08 05  2035   53222   74100  0  5.31e+02  1.97e+01  0  5.86e+02  2.33e+01  3.06e+00  8.57e-01  3.67e-01   0.25
2004 08 05  2040   53222   74400  0  4.74e+02  1.97e+01  0  6.44e+02  2.42e+01  2.79e+00  1.06e+00  3.06e-01   0.05
2004 08 05  2045   53222   74700  0  5.44e+02  2.30e+01  0  5.90e+02  2.72e+01  2.79e+00  1.41e+00  5.60e-01   0.26
2004 08 05  2050   53222   75000  0  4.88e+02  2.16e+01  0  6.53e+02  2.41e+01  2.73e+00  1.05e+00  4.64e-01   0.44
2004 08 05  2055   53222   75300  0  4.99e+02  1.91e+01  0  6.13e+02  2.74e+01  3.67e+00  1.20e+00  4.25e-01   0.17
2004 08 05  2100   53222   75600  0  4.73e+02  1.84e+01  0  5.75e+02  2.31e+01  3.02e+00  1.21e+00  3.79e-01   0.07
2004 08 05  2105   53222   75900  0  5.21e+02  2.16e+01  0  5.94e+02  2.23e+01  2.64e+00  1.26e+00  4.73e-01   0.03
2004 08 05  2110   53222   76200  0  4.70e+02  1.81e+01  0  6.34e+02  2.57e+01  2.85e+00  1.14e+00  4.15e-01   0.24
2004 08 05  2115   53222   76500  0  4.65e+02  2.07e+01  0  5.79e+02  2.40e+01  2.72e+00  1.08e+00  4.21e-01   0.36
2004 08 05  2120   53222   76800  0  5.57e+02  1.59e+01  0  6.44e+02  2.65e+01  3.64e+00  1.12e+00  4.15e-01   0.33
2004 08 05  2125   53222   77100  0  4.79e+02  1.79e+01  0  6.03e+02  2.28e+01  3.13e+00  1.24e+00  3.09e-01   0.22
2004 08 05  2130   53222   77400  0  5.38e+02  2.11e+01  0  5.98e+02  2.37e+01  3.21e+00  1.08e+00  3.69e-01   0.11
2004 08 05  2135   53222   77700  0  5.25e+02  2.42e+01  0  5.85e+02  2.62e+01  2.97e+00  9.50e-01  3.57e-01   0.13
2004 08 05  2140   53222   78000  0  6.46e+02  1.76e+01  0  6.10e+02  2.71e+01  2.59e+00  1.18e+00  4.53e-01   0.34
2004 08 05  2145   53222   78300  0  4.85e+02  1.87e+01  0  6.12e+02  2.41e+01  3.28e+00  1.12e+00  3.69e-01   0.20
2004 08 05  2150   53222   78600  0  4.81e+02  2.14e+01  0  5.62e+02  2.25e+01  2.75e+00  9.32e-01  3.03e-01   0.19
2004 08 05  2155   53222   78900  0  5.01e+02  1.78e+01  0  6.03e+02  2.46e+01  2.79e+00  1.60e+00  3.90e-01   0.11
2004 08 05  2200   53222   79200  0  4.78e+02  1.93e+01  0  5.78e+02  2.22e+01  3.02e+00  1.14e+00  3.69e-01   0.31
2004 08 05  2205   53222   79500  0  4.85e+02  1.78e+01  0  5.96e+02  2.14e+01  2.83e+00  1.04e+00  3.30e-01   0.11
2004 08 05  2210   53222   79800  0  5.12e+02  1.82e+01  0  5.67e+02  2.36e+01  2.85e+00  1.08e+00  3.79e-01   0.52
2004 08 05  2215   53222   80100  0  5.01e+02  1.62e+01  0  6.10e+02  2.14e+01  2.63e+00  1.23e+00  3.66e-01   0.40
2004 08 05  2220   53222   80400  0  4.71e+02  2.26e+01  0  5.67e+02  2.35e+01  2.88e+00  1.06e+00  3.27e-01   0.28
2004 08 05  2225   53222   80700  0  4.24e+02  1.53e+01  0  5.52e+02  2.42e+01  2.56e+00  1.08e+00  3.69e-01   0.68
2004 08 05  2230   53222   81000  0  5.30e+02  2.22e+01  0  5.93e+02  2.11e+01  2.63e+00  9.32e-01  3.92e-01   0.16
2004 08 05  2235   53222   81300  0  4.85e+02  2.03e+01  0  6.14e+02  2.60e+01  2.07e+00  8.73e-01  3.27e-01   0.19
2004 08 05  2240   53222   81600  0  5.27e+02  2.40e+01  0  6.04e+02  2.32e+01  2.88e+00  8.32e-01  2.74e-01   0.23
2004 08 05  2245   53222   81900  0  5.48e+02  1.50e+01  0  5.94e+02  2.01e+01  2.97e+00  1.11e+00  2.59e-01   0.71
2004 08 05  2250   53222   82200  0  5.06e+02  1.75e+01  0  6.33e+02  2.34e+01  2.69e+00  1.03e+00  2.46e-01   0.18
2004 08 05  2255   53222   82500  0  4.71e+02  1.95e+01  0  6.13e+02  2.40e+01  3.09e+00  9.91e-01  3.38e-01   0.11
2004 08 05  2300   53222   82800  0  4.61e+02  1.91e+01  0  5.85e+02  2.17e+01  2.82e+00  1.26e+00  3.28e-01   0.46
2004 08 05  2305   53222   83100  0  4.46e+02  1.60e+01  0  5.96e+02  2.06e+01  3.34e+00  1.21e+00  3.48e-01   0.29
2004 08 05  2310   53222   83400  0  4.83e+02  2.14e+01  0  6.17e+02  2.17e+01  2.85e+00  1.20e+00  3.38e-01   0.17
2004 08 05  2315   53222   83700  0  5.06e+02  2.23e+01  0  5.88e+02  2.50e+01  2.82e+00  9.72e-01  3.48e-01   0.51
2004 08 05  2320   53222   84000  0  4.94e+02  2.13e+01  0  5.96e+02  2.60e+01  2.62e+00  9.35e-01  3.58e-01   0.38
2004 08 05  2325   53222   84300  0  4.83e+02  1.98e+01  0  6.27e+02  2.26e+01  2.22e+00  1.03e+00  5.51e-01   0.34
2004 08 05  2330   53222   84600  0  4.89e+02  2.04e+01  0  5.93e+02  2.27e+01  3.37e+00  8.96e-01  4.15e-01   0.17
2004 08 05  2335   53222   84900  0  4.50e+02  2.13e+01  0  5.25e+02  1.96e+01  2.76e+00  1.05e+00  4.44e-01   0.25
2004 08 05  2340   53222   85200  0  5.07e+02  1.95e+01  0  5.73e+02  2.19e+01  2.69e+00  8.94e-01  3.69e-01   0.13
2004 08 05  2345   53222   85500  0  5.04e+02  1.88e+01  0  5.58e+02  2.08e+01  2.88e+00  1.18e+00  3.77e-01   0.65
2004 08 05  2350   53222   85800  0  5.16e+02  2.17e+01  0  5.18e+02  1.92e+01  2.45e+00  9.72e-01  2.93e-01   0.54
2004 08 05  2355   53222   86100  0  5.00e+02  1.66e+01  0  6.01e+02  2.18e+01  2.62e+00  7.48e-01  4.00e-01   0.34
