:Data_list: 20040112_ace_epam_5m.txt
:Created: 2004 Jan 13 0012 UT
# Prepared by the U.S. Dept. of Commerce, NOAA, Space Environment Center.
# Please send comments and suggestions to SEC.Webmaster@noaa.gov 
# 
# Units: Differential Flux particles/cm2-s-ster-MeV
# Units: Anisotropy Index 0.0 - 2.0
# Status(S): 0 = nominal, 4,6,7,8 = bad data, unable to process, 9 = no data
# Missing data values: -1.00e+05, index = -1.00
# Source: ACE Satellite - Electron, Proton, and Alpha Monitor
# 2003 Nov 12: see http://www.sec.noaa.gov/ftpdir/lists/ace/README for EPAM proton notice.
#
#                      5-minute averaged Real-time Differential Electron and Proton Flux 
# 
#                Modified Seconds ---------------------------- Differential Flux --------------------------- 
# UT Date   Time  Julian  of the  ----- Electron -----   ------------------- Protons keV -------------------   Anis.
# YR MO DA  HHMM    Day    Day    S    38-53   175-315   S   65-112   112-187   310-580   761-1220 1060-1910   Ratio
#-------------------------------------------------------------------------------------------------------------------
2004 01 12  0000   53016       0  0  9.66e+02  1.20e+01  0 -1.00e+05 -1.00e+05 -1.00e+05  8.57e+00  2.00e+00   0.09
2004 01 12  0005   53016     300  0  1.12e+03  1.62e+01  0 -1.00e+05 -1.00e+05 -1.00e+05  9.99e+00  2.31e+00   0.05
2004 01 12  0010   53016     600  0  9.63e+02  1.21e+01  0 -1.00e+05 -1.00e+05 -1.00e+05  8.99e+00  2.18e+00   0.01
2004 01 12  0015   53016     900  0  9.12e+02  1.75e+01  0 -1.00e+05 -1.00e+05 -1.00e+05  9.70e+00  2.68e+00   0.13
2004 01 12  0020   53016    1200  0  9.12e+02  1.36e+01  0 -1.00e+05 -1.00e+05 -1.00e+05  8.89e+00  2.68e+00   0.11
2004 01 12  0025   53016    1500  0  9.70e+02  1.44e+01  0 -1.00e+05 -1.00e+05 -1.00e+05  1.01e+01  2.95e+00   0.07
2004 01 12  0030   53016    1800  0  1.05e+03  1.50e+01  0 -1.00e+05 -1.00e+05 -1.00e+05  9.87e+00  2.73e+00   0.06
2004 01 12  0035   53016    2100  0  1.06e+03  1.39e+01  0 -1.00e+05 -1.00e+05 -1.00e+05  1.10e+01  3.46e+00   0.09
2004 01 12  0040   53016    2400  0  9.97e+02  1.28e+01  0 -1.00e+05 -1.00e+05 -1.00e+05  8.18e+00  2.31e+00   0.08
2004 01 12  0045   53016    2700  0  8.90e+02  1.63e+01  0 -1.00e+05 -1.00e+05 -1.00e+05  8.41e+00  2.44e+00   0.07
2004 01 12  0050   53016    3000  0  1.03e+03  1.60e+01  0 -1.00e+05 -1.00e+05 -1.00e+05  1.07e+01  3.02e+00   0.12
2004 01 12  0055   53016    3300  0  9.97e+02  1.45e+01  0 -1.00e+05 -1.00e+05 -1.00e+05  1.12e+01  2.37e+00   0.12
2004 01 12  0100   53016    3600  0  9.35e+02  1.70e+01  0 -1.00e+05 -1.00e+05 -1.00e+05  1.02e+01  2.86e+00   0.06
2004 01 12  0105   53016    3900  0  1.00e+03  1.23e+01  0 -1.00e+05 -1.00e+05 -1.00e+05  8.79e+00  2.75e+00   0.27
2004 01 12  0110   53016    4200  0  1.05e+03  2.06e+01  0 -1.00e+05 -1.00e+05 -1.00e+05  1.01e+01  2.54e+00   0.11
2004 01 12  0115   53016    4500  0  1.07e+03  1.91e+01  0 -1.00e+05 -1.00e+05 -1.00e+05  9.70e+00  2.44e+00   0.15
2004 01 12  0120   53016    4800  0  9.93e+02  1.69e+01  0 -1.00e+05 -1.00e+05 -1.00e+05  8.18e+00  2.22e+00   0.06
2004 01 12  0125   53016    5100  0  9.03e+02  1.27e+01  0 -1.00e+05 -1.00e+05 -1.00e+05  9.27e+00  2.33e+00   0.13
2004 01 12  0130   53016    5400  0  8.89e+02  1.47e+01  0 -1.00e+05 -1.00e+05 -1.00e+05  9.28e+00  2.40e+00   0.10
2004 01 12  0135   53016    5700  0  9.33e+02  1.58e+01  0 -1.00e+05 -1.00e+05 -1.00e+05  9.19e+00  7.64e+00   0.09
2004 01 12  0140   53016    6000  0  1.01e+03  1.23e+01  0 -1.00e+05 -1.00e+05 -1.00e+05  9.96e+00  2.60e+00   0.24
2004 01 12  0145   53016    6300  0  9.22e+02  1.33e+01  0 -1.00e+05 -1.00e+05 -1.00e+05  8.37e+00  4.60e+00   0.04
2004 01 12  0150   53016    6600  0  1.10e+03  1.58e+01  0 -1.00e+05 -1.00e+05 -1.00e+05  9.70e+00  1.99e+00   0.03
2004 01 12  0155   53016    6900  0  8.52e+02  1.48e+01  0 -1.00e+05 -1.00e+05 -1.00e+05  9.10e+00  2.10e+00   0.07
2004 01 12  0200   53016    7200  0  9.10e+02  1.68e+01  0 -1.00e+05 -1.00e+05 -1.00e+05  8.17e+00  1.95e+00   0.08
2004 01 12  0205   53016    7500  0  9.47e+02  1.64e+01  0 -1.00e+05 -1.00e+05 -1.00e+05  9.04e+00  1.88e+00   0.19
2004 01 12  0210   53016    7800  0  9.15e+02  1.60e+01  0 -1.00e+05 -1.00e+05 -1.00e+05  8.95e+00  2.34e+00   0.24
2004 01 12  0215   53016    8100  0  7.82e+02  1.37e+01  0 -1.00e+05 -1.00e+05 -1.00e+05  7.22e+00  1.93e+00   0.12
2004 01 12  0220   53016    8400  0  8.32e+02  1.71e+01  0 -1.00e+05 -1.00e+05 -1.00e+05  7.61e+00  2.39e+00   0.04
2004 01 12  0225   53016    8700  0  1.04e+03  1.59e+01  0 -1.00e+05 -1.00e+05 -1.00e+05  8.83e+00  2.49e+00   0.12
2004 01 12  0230   53016    9000  0  8.84e+02  1.38e+01  0 -1.00e+05 -1.00e+05 -1.00e+05  8.19e+00  1.82e+00   0.02
2004 01 12  0235   53016    9300  0  1.03e+03  1.36e+01  0 -1.00e+05 -1.00e+05 -1.00e+05  9.00e+00  2.13e+00   0.12
2004 01 12  0240   53016    9600  0  9.43e+02  1.54e+01  0 -1.00e+05 -1.00e+05 -1.00e+05  8.54e+00  2.21e+00   0.08
2004 01 12  0245   53016    9900  0  8.76e+02  1.15e+01  0 -1.00e+05 -1.00e+05 -1.00e+05  8.06e+00  1.99e+00   0.19
2004 01 12  0250   53016   10200  0  1.04e+03  1.86e+01  0 -1.00e+05 -1.00e+05 -1.00e+05  9.88e+00  2.40e+00   0.29
2004 01 12  0255   53016   10500  0  1.07e+03  1.72e+01  0 -1.00e+05 -1.00e+05 -1.00e+05  9.18e+00  2.05e+00   0.02
2004 01 12  0300   53016   10800  0  9.30e+02  1.11e+01  0 -1.00e+05 -1.00e+05 -1.00e+05  8.33e+00  1.91e+00   0.06
2004 01 12  0305   53016   11100  0  9.74e+02  1.56e+01  0 -1.00e+05 -1.00e+05 -1.00e+05  8.50e+00  2.08e+00   0.13
2004 01 12  0310   53016   11400  0  8.73e+02  1.40e+01  0 -1.00e+05 -1.00e+05 -1.00e+05  7.12e+00  2.00e+00   0.12
2004 01 12  0315   53016   11700  0  1.06e+03  1.70e+01  0 -1.00e+05 -1.00e+05 -1.00e+05  8.11e+00  1.88e+00   0.10
2004 01 12  0320   53016   12000  0  9.21e+02  1.35e+01  0 -1.00e+05 -1.00e+05 -1.00e+05  7.64e+00  2.08e+00   0.06
2004 01 12  0325   53016   12300  0  8.85e+02  1.42e+01  0 -1.00e+05 -1.00e+05 -1.00e+05  8.16e+00  1.97e+00   0.09
2004 01 12  0330   53016   12600  0  1.08e+03  1.66e+01  0 -1.00e+05 -1.00e+05 -1.00e+05  1.01e+01  1.88e+00   0.13
2004 01 12  0335   53016   12900  0  8.40e+02  1.28e+01  0 -1.00e+05 -1.00e+05 -1.00e+05  7.96e+00  2.79e+00   0.14
2004 01 12  0340   53016   13200  0  9.06e+02  1.76e+01  0 -1.00e+05 -1.00e+05 -1.00e+05  8.33e+00  2.21e+00   0.13
2004 01 12  0345   53016   13500  0  1.09e+03  1.42e+01  0 -1.00e+05 -1.00e+05 -1.00e+05  9.59e+00  2.51e+00   0.13
2004 01 12  0350   53016   13800  0  9.81e+02  1.76e+01  0 -1.00e+05 -1.00e+05 -1.00e+05  9.48e+00  2.31e+00   0.11
2004 01 12  0355   53016   14100  0  9.13e+02  1.76e+01  0 -1.00e+05 -1.00e+05 -1.00e+05  7.78e+00  1.83e+00   0.23
2004 01 12  0400   53016   14400  0  8.90e+02  1.65e+01  0 -1.00e+05 -1.00e+05 -1.00e+05  8.67e+00  2.37e+00   0.10
2004 01 12  0405   53016   14700  0  1.04e+03  1.96e+01  0 -1.00e+05 -1.00e+05 -1.00e+05  9.44e+00  1.97e+00   0.15
2004 01 12  0410   53016   15000  0  8.93e+02  1.59e+01  0 -1.00e+05 -1.00e+05 -1.00e+05  7.86e+00  2.47e+00   0.20
2004 01 12  0415   53016   15300  0  8.32e+02  1.46e+01  0 -1.00e+05 -1.00e+05 -1.00e+05  8.94e+00  1.82e+00   0.22
2004 01 12  0420   53016   15600  0  8.78e+02  1.29e+01  0 -1.00e+05 -1.00e+05 -1.00e+05  8.90e+00  1.87e+00   0.17
2004 01 12  0425   53016   15900  0  9.08e+02  1.59e+01  0 -1.00e+05 -1.00e+05 -1.00e+05  8.65e+00  1.87e+00   0.11
2004 01 12  0430   53016   16200  0  1.00e+03  1.29e+01  0 -1.00e+05 -1.00e+05 -1.00e+05  9.38e+00  2.11e+00   0.13
2004 01 12  0435   53016   16500  0  9.99e+02  1.80e+01  0 -1.00e+05 -1.00e+05 -1.00e+05  9.25e+00  2.29e+00   0.14
2004 01 12  0440   53016   16800  0  1.00e+03  1.62e+01  0 -1.00e+05 -1.00e+05 -1.00e+05  8.67e+00  2.15e+00   0.23
2004 01 12  0445   53016   17100  0  9.26e+02  1.53e+01  0 -1.00e+05 -1.00e+05 -1.00e+05  9.21e+00  2.31e+00   0.20
2004 01 12  0450   53016   17400  0  7.60e+02  1.41e+01  0 -1.00e+05 -1.00e+05 -1.00e+05  7.78e+00  2.49e+00   0.36
2004 01 12  0455   53016   17700  0  9.48e+02  1.58e+01  0 -1.00e+05 -1.00e+05 -1.00e+05  9.47e+00  2.34e+00   0.28
2004 01 12  0500   53016   18000  0  8.59e+02  1.60e+01  0 -1.00e+05 -1.00e+05 -1.00e+05  9.00e+00  2.71e+00   0.18
2004 01 12  0505   53016   18300  0  1.02e+03  1.84e+01  0 -1.00e+05 -1.00e+05 -1.00e+05  8.56e+00  2.19e+00   0.20
2004 01 12  0510   53016   18600  0  9.26e+02  1.54e+01  0 -1.00e+05 -1.00e+05 -1.00e+05  8.69e+00  2.38e+00   0.23
2004 01 12  0515   53016   18900  0  8.50e+02  1.43e+01  0 -1.00e+05 -1.00e+05 -1.00e+05  8.13e+00  1.99e+00   0.24
2004 01 12  0520   53016   19200  0  7.87e+02  1.64e+01  0 -1.00e+05 -1.00e+05 -1.00e+05  8.53e+00  2.00e+00   0.36
2004 01 12  0525   53016   19500  0  9.00e+02  1.83e+01  0 -1.00e+05 -1.00e+05 -1.00e+05  9.08e+00  2.25e+00   0.18
2004 01 12  0530   53016   19800  0  9.40e+02  1.81e+01  0 -1.00e+05 -1.00e+05 -1.00e+05  8.65e+00  2.50e+00   0.37
2004 01 12  0535   53016   20100  0  8.46e+02  1.38e+01  0 -1.00e+05 -1.00e+05 -1.00e+05  8.09e+00  2.41e+00   0.15
2004 01 12  0540   53016   20400  0  7.16e+02  1.39e+01  0 -1.00e+05 -1.00e+05 -1.00e+05  7.26e+00  1.87e+00   0.25
2004 01 12  0545   53016   20700  0  8.18e+02  1.63e+01  0 -1.00e+05 -1.00e+05 -1.00e+05  9.14e+00  2.38e+00   0.25
2004 01 12  0550   53016   21000  0  8.15e+02  1.53e+01  0 -1.00e+05 -1.00e+05 -1.00e+05  7.53e+00  1.77e+00   0.22
2004 01 12  0555   53016   21300  0  9.34e+02  1.41e+01  0 -1.00e+05 -1.00e+05 -1.00e+05  9.44e+00  2.16e+00   0.27
2004 01 12  0600   53016   21600  0  9.72e+02  1.88e+01  0 -1.00e+05 -1.00e+05 -1.00e+05  8.94e+00  2.27e+00   0.21
2004 01 12  0605   53016   21900  0  8.29e+02  1.26e+01  0 -1.00e+05 -1.00e+05 -1.00e+05  7.99e+00  1.86e+00   0.16
2004 01 12  0610   53016   22200  0  8.28e+02  1.70e+01  0 -1.00e+05 -1.00e+05 -1.00e+05  7.23e+00  1.64e+00   0.17
2004 01 12  0615   53016   22500  0  1.01e+03  1.32e+01  0 -1.00e+05 -1.00e+05 -1.00e+05  8.44e+00  1.85e+00   0.11
2004 01 12  0620   53016   22800  0  9.05e+02  1.36e+01  0 -1.00e+05 -1.00e+05 -1.00e+05  7.87e+00  2.21e+00   0.16
2004 01 12  0625   53016   23100  0  9.06e+02  1.65e+01  0 -1.00e+05 -1.00e+05 -1.00e+05  7.98e+00  2.12e+00   0.33
2004 01 12  0630   53016   23400  0  8.11e+02  1.76e+01  0 -1.00e+05 -1.00e+05 -1.00e+05  7.79e+00  1.67e+00   0.18
2004 01 12  0635   53016   23700  0  7.70e+02  1.34e+01  0 -1.00e+05 -1.00e+05 -1.00e+05  6.18e+00  1.46e+00   0.04
2004 01 12  0640   53016   24000  0  8.31e+02  1.41e+01  0 -1.00e+05 -1.00e+05 -1.00e+05  6.96e+00  1.88e+00   0.23
2004 01 12  0645   53016   24300  0  8.00e+02  1.58e+01  0 -1.00e+05 -1.00e+05 -1.00e+05  9.00e+00  2.25e+00   0.23
2004 01 12  0650   53016   24600  0  7.31e+02  1.59e+01  0 -1.00e+05 -1.00e+05 -1.00e+05  8.43e+00  2.07e+00   0.18
2004 01 12  0655   53016   24900  0  7.77e+02  1.21e+01  0 -1.00e+05 -1.00e+05 -1.00e+05  6.75e+00  1.93e+00   0.34
2004 01 12  0700   53016   25200  0  7.76e+02  1.39e+01  0 -1.00e+05 -1.00e+05 -1.00e+05  8.25e+00  2.18e+00   0.25
2004 01 12  0705   53016   25500  0  7.43e+02  1.40e+01  0 -1.00e+05 -1.00e+05 -1.00e+05  6.36e+00  1.52e+00   0.28
2004 01 12  0710   53016   25800  0  8.34e+02  1.46e+01  0 -1.00e+05 -1.00e+05 -1.00e+05  7.10e+00  1.48e+00   0.09
2004 01 12  0715   53016   26100  0  8.12e+02  1.66e+01  0 -1.00e+05 -1.00e+05 -1.00e+05  7.23e+00  1.96e+00   0.08
2004 01 12  0720   53016   26400  0  8.13e+02  1.59e+01  0 -1.00e+05 -1.00e+05 -1.00e+05  7.02e+00  1.48e+00   0.06
2004 01 12  0725   53016   26700  0  8.44e+02  1.48e+01  0 -1.00e+05 -1.00e+05 -1.00e+05  6.04e+00  1.74e+00   0.11
2004 01 12  0730   53016   27000  0  8.77e+02  1.26e+01  0 -1.00e+05 -1.00e+05 -1.00e+05  6.79e+00  1.83e+00   0.25
2004 01 12  0735   53016   27300  0  8.69e+02  1.67e+01  0 -1.00e+05 -1.00e+05 -1.00e+05  7.46e+00  3.34e+00   0.30
2004 01 12  0740   53016   27600  0  8.82e+02  1.23e+01  0 -1.00e+05 -1.00e+05 -1.00e+05  6.51e+00  1.85e+00   0.13
2004 01 12  0745   53016   27900  0  1.09e+03  1.32e+01  0 -1.00e+05 -1.00e+05 -1.00e+05  7.09e+00  1.83e+00   0.08
2004 01 12  0750   53016   28200  0  1.01e+03  1.66e+01  0 -1.00e+05 -1.00e+05 -1.00e+05  7.79e+00  1.84e+00   0.18
2004 01 12  0755   53016   28500  0  8.03e+02  1.99e+01  0 -1.00e+05 -1.00e+05 -1.00e+05  7.15e+00  1.81e+00   0.11
2004 01 12  0800   53016   28800  0  8.63e+02  1.80e+01  0 -1.00e+05 -1.00e+05 -1.00e+05  7.56e+00  2.46e+00   0.20
2004 01 12  0805   53016   29100  0  8.95e+02  1.19e+01  0 -1.00e+05 -1.00e+05 -1.00e+05  6.62e+00  1.88e+00   0.22
2004 01 12  0810   53016   29400  0  7.79e+02  1.46e+01  0 -1.00e+05 -1.00e+05 -1.00e+05  5.98e+00  1.70e+00   0.07
2004 01 12  0815   53016   29700  0  8.81e+02  1.37e+01  0 -1.00e+05 -1.00e+05 -1.00e+05  6.54e+00  1.81e+00   0.05
2004 01 12  0820   53016   30000  0  8.42e+02  1.39e+01  0 -1.00e+05 -1.00e+05 -1.00e+05  6.95e+00  1.94e+00   0.14
2004 01 12  0825   53016   30300  0  9.41e+02  1.57e+01  0 -1.00e+05 -1.00e+05 -1.00e+05  7.52e+00  1.69e+00   0.10
2004 01 12  0830   53016   30600  0  9.05e+02  1.56e+01  0 -1.00e+05 -1.00e+05 -1.00e+05  8.09e+00  1.75e+00   0.09
2004 01 12  0835   53016   30900  0  8.48e+02  1.87e+01  0 -1.00e+05 -1.00e+05 -1.00e+05  8.13e+00  1.26e+00   0.06
2004 01 12  0840   53016   31200  0  7.33e+02  1.16e+01  0 -1.00e+05 -1.00e+05 -1.00e+05  6.67e+00  1.77e+00   0.08
2004 01 12  0845   53016   31500  0  7.35e+02  1.38e+01  0 -1.00e+05 -1.00e+05 -1.00e+05  7.36e+00  1.65e+00   0.08
2004 01 12  0850   53016   31800  0  6.69e+02  1.16e+01  0 -1.00e+05 -1.00e+05 -1.00e+05  6.85e+00  1.98e+00   0.15
2004 01 12  0855   53016   32100  0  9.46e+02  1.52e+01  0 -1.00e+05 -1.00e+05 -1.00e+05  7.74e+00  2.09e+00   0.30
2004 01 12  0900   53016   32400  0  7.55e+02  1.61e+01  0 -1.00e+05 -1.00e+05 -1.00e+05  7.73e+00  1.73e+00   0.12
2004 01 12  0905   53016   32700  0  8.25e+02  1.19e+01  0 -1.00e+05 -1.00e+05 -1.00e+05  7.91e+00  2.04e+00   0.21
2004 01 12  0910   53016   33000  0  7.57e+02  1.51e+01  0 -1.00e+05 -1.00e+05 -1.00e+05  7.80e+00  1.71e+00   0.06
2004 01 12  0915   53016   33300  0  9.72e+02  1.61e+01  0 -1.00e+05 -1.00e+05 -1.00e+05  8.75e+00  2.14e+00   0.17
2004 01 12  0920   53016   33600  0  8.93e+02  1.70e+01  0 -1.00e+05 -1.00e+05 -1.00e+05  7.22e+00  1.79e+00   0.22
2004 01 12  0925   53016   33900  0  7.82e+02  1.51e+01  0 -1.00e+05 -1.00e+05 -1.00e+05  7.23e+00  2.05e+00   0.22
2004 01 12  0930   53016   34200  0  7.93e+02  1.40e+01  0 -1.00e+05 -1.00e+05 -1.00e+05  7.14e+00  1.97e+00   0.08
2004 01 12  0935   53016   34500  0  8.11e+02  1.44e+01  0 -1.00e+05 -1.00e+05 -1.00e+05  7.68e+00  1.76e+00   0.35
2004 01 12  0940   53016   34800  0  9.18e+02  1.79e+01  0 -1.00e+05 -1.00e+05 -1.00e+05  8.10e+00  2.05e+00   0.22
2004 01 12  0945   53016   35100  0  8.75e+02  1.54e+01  0 -1.00e+05 -1.00e+05 -1.00e+05  8.02e+00  2.27e+00   0.17
2004 01 12  0950   53016   35400  0  7.26e+02  1.62e+01  0 -1.00e+05 -1.00e+05 -1.00e+05  6.93e+00  2.20e+00   0.38
2004 01 12  0955   53016   35700  0  7.37e+02  1.19e+01  0 -1.00e+05 -1.00e+05 -1.00e+05  6.43e+00  1.73e+00   0.12
2004 01 12  1000   53016   36000  0  8.88e+02  1.70e+01  0 -1.00e+05 -1.00e+05 -1.00e+05  8.11e+00  2.17e+00   0.21
2004 01 12  1005   53016   36300  0  9.54e+02  1.56e+01  0 -1.00e+05 -1.00e+05 -1.00e+05  7.57e+00  2.11e+00   0.33
2004 01 12  1010   53016   36600  0  8.59e+02  1.85e+01  0 -1.00e+05 -1.00e+05 -1.00e+05  7.94e+00  1.71e+00   0.18
2004 01 12  1015   53016   36900  0  7.69e+02  1.74e+01  0 -1.00e+05 -1.00e+05 -1.00e+05  6.86e+00  1.97e+00   0.08
2004 01 12  1020   53016   37200  0  9.03e+02  1.28e+01  0 -1.00e+05 -1.00e+05 -1.00e+05  7.66e+00  2.26e+00   0.28
2004 01 12  1025   53016   37500  0  7.76e+02  1.36e+01  0 -1.00e+05 -1.00e+05 -1.00e+05  7.23e+00  2.18e+00   0.18
2004 01 12  1030   53016   37800  0  7.75e+02  1.72e+01  0 -1.00e+05 -1.00e+05 -1.00e+05  7.75e+00  1.75e+00   0.13
2004 01 12  1035   53016   38100  0  8.35e+02  1.51e+01  0 -1.00e+05 -1.00e+05 -1.00e+05  6.93e+00  1.57e+00   0.18
2004 01 12  1040   53016   38400  0  8.59e+02  1.65e+01  0 -1.00e+05 -1.00e+05 -1.00e+05  8.23e+00  1.94e+00   0.19
2004 01 12  1045   53016   38700  0  8.10e+02  1.68e+01  0 -1.00e+05 -1.00e+05 -1.00e+05  7.15e+00  1.88e+00   0.38
2004 01 12  1050   53016   39000  0  7.54e+02  1.48e+01  0 -1.00e+05 -1.00e+05 -1.00e+05  8.02e+00  2.35e+00   0.18
2004 01 12  1055   53016   39300  0  8.57e+02  1.65e+01  0 -1.00e+05 -1.00e+05 -1.00e+05  7.53e+00  2.20e+00   0.25
2004 01 12  1100   53016   39600  0  6.58e+02  1.36e+01  0 -1.00e+05 -1.00e+05 -1.00e+05  6.98e+00  1.59e+00   0.07
2004 01 12  1105   53016   39900  0  8.34e+02  1.56e+01  0 -1.00e+05 -1.00e+05 -1.00e+05  7.42e+00  1.90e+00   0.36
2004 01 12  1110   53016   40200  0  9.62e+02  1.54e+01  0 -1.00e+05 -1.00e+05 -1.00e+05  9.02e+00  2.13e+00   0.19
2004 01 12  1115   53016   40500  0  8.14e+02  1.56e+01  0 -1.00e+05 -1.00e+05 -1.00e+05  7.61e+00  2.79e+00   0.16
2004 01 12  1120   53016   40800  0  7.61e+02  1.44e+01  0 -1.00e+05 -1.00e+05 -1.00e+05  7.24e+00  1.83e+00   0.21
2004 01 12  1125   53016   41100  0  8.72e+02  1.66e+01  0 -1.00e+05 -1.00e+05 -1.00e+05  7.32e+00  2.13e+00   0.33
2004 01 12  1130   53016   41400  0  7.82e+02  1.70e+01  0 -1.00e+05 -1.00e+05 -1.00e+05  6.17e+00  2.35e+00   0.25
2004 01 12  1135   53016   41700  0  7.75e+02  1.46e+01  0 -1.00e+05 -1.00e+05 -1.00e+05  6.71e+00  1.37e+00   0.16
2004 01 12  1140   53016   42000  0  6.40e+02  1.42e+01  0 -1.00e+05 -1.00e+05 -1.00e+05  6.03e+00  1.86e+00   0.19
2004 01 12  1145   53016   42300  0  8.08e+02  1.54e+01  0 -1.00e+05 -1.00e+05 -1.00e+05  7.00e+00  2.00e+00   0.13
2004 01 12  1150   53016   42600  0  7.25e+02  1.41e+01  0 -1.00e+05 -1.00e+05 -1.00e+05  6.32e+00  1.73e+00   0.09
2004 01 12  1155   53016   42900  0  8.92e+02  1.43e+01  0 -1.00e+05 -1.00e+05 -1.00e+05  7.46e+00  1.81e+00   0.22
2004 01 12  1200   53016   43200  0  7.62e+02  1.57e+01  0 -1.00e+05 -1.00e+05 -1.00e+05  7.34e+00  2.03e+00   0.12
2004 01 12  1205   53016   43500  0  7.60e+02  1.63e+01  0 -1.00e+05 -1.00e+05 -1.00e+05  7.23e+00  1.44e+00   0.17
2004 01 12  1210   53016   43800  0  8.58e+02  1.62e+01  0 -1.00e+05 -1.00e+05 -1.00e+05  8.27e+00  2.01e+00   0.10
2004 01 12  1215   53016   44100  0  8.97e+02  1.17e+01  0 -1.00e+05 -1.00e+05 -1.00e+05  5.97e+00  1.54e+00   0.18
2004 01 12  1220   53016   44400  0  8.47e+02  1.56e+01  0 -1.00e+05 -1.00e+05 -1.00e+05  6.96e+00  1.99e+00   0.19
2004 01 12  1225   53016   44700  0  8.58e+02  1.47e+01  0 -1.00e+05 -1.00e+05 -1.00e+05  7.24e+00  1.79e+00   0.02
2004 01 12  1230   53016   45000  0  7.54e+02  1.59e+01  0 -1.00e+05 -1.00e+05 -1.00e+05  6.31e+00  1.53e+00   0.09
2004 01 12  1235   53016   45300  0  8.78e+02  1.69e+01  0 -1.00e+05 -1.00e+05 -1.00e+05  7.01e+00  1.40e+00   0.08
2004 01 12  1240   53016   45600  0  8.30e+02  1.41e+01  0 -1.00e+05 -1.00e+05 -1.00e+05  6.14e+00  1.39e+00   0.13
2004 01 12  1245   53016   45900  0  8.32e+02  1.48e+01  0 -1.00e+05 -1.00e+05 -1.00e+05  6.73e+00  1.81e+00   0.13
2004 01 12  1250   53016   46200  0  7.77e+02  1.56e+01  0 -1.00e+05 -1.00e+05 -1.00e+05  6.85e+00  1.84e+00   0.18
2004 01 12  1255   53016   46500  0  9.14e+02  1.58e+01  0 -1.00e+05 -1.00e+05 -1.00e+05  7.25e+00  1.71e+00   0.11
2004 01 12  1300   53016   46800  0  7.33e+02  1.58e+01  0 -1.00e+05 -1.00e+05 -1.00e+05  6.13e+00  1.74e+00   0.22
2004 01 12  1305   53016   47100  0  9.16e+02  1.72e+01  0 -1.00e+05 -1.00e+05 -1.00e+05  7.10e+00  1.81e+00   0.21
2004 01 12  1310   53016   47400  0  8.92e+02  1.82e+01  0 -1.00e+05 -1.00e+05 -1.00e+05  7.39e+00  1.78e+00   0.14
2004 01 12  1315   53016   47700  0  7.90e+02  1.42e+01  0 -1.00e+05 -1.00e+05 -1.00e+05  6.14e+00  1.82e+00   0.12
2004 01 12  1320   53016   48000  0  7.03e+02  1.36e+01  0 -1.00e+05 -1.00e+05 -1.00e+05  6.53e+00  1.82e+00   0.12
2004 01 12  1325   53016   48300  0  8.47e+02  1.81e+01  0 -1.00e+05 -1.00e+05 -1.00e+05  7.76e+00  2.14e+00   0.06
2004 01 12  1330   53016   48600  0  8.73e+02  1.27e+01  0 -1.00e+05 -1.00e+05 -1.00e+05  8.29e+00  2.05e+00   0.07
2004 01 12  1335   53016   48900  0  7.63e+02  1.40e+01  0 -1.00e+05 -1.00e+05 -1.00e+05  6.91e+00  1.85e+00   0.18
2004 01 12  1340   53016   49200  0  7.37e+02  1.63e+01  0 -1.00e+05 -1.00e+05 -1.00e+05  6.18e+00  1.96e+00   0.19
2004 01 12  1345   53016   49500  0  7.69e+02  1.58e+01  0 -1.00e+05 -1.00e+05 -1.00e+05  6.99e+00  2.14e+00   0.07
2004 01 12  1350   53016   49800  0  9.26e+02  1.57e+01  0 -1.00e+05 -1.00e+05 -1.00e+05  8.18e+00  1.56e+00   0.28
2004 01 12  1355   53016   50100  0  8.84e+02  1.68e+01  0 -1.00e+05 -1.00e+05 -1.00e+05  7.44e+00  1.65e+00   0.14
2004 01 12  1400   53016   50400  0  9.07e+02  1.37e+01  0 -1.00e+05 -1.00e+05 -1.00e+05  7.02e+00  1.57e+00   0.12
2004 01 12  1405   53016   50700  0  8.52e+02  1.72e+01  0 -1.00e+05 -1.00e+05 -1.00e+05  6.63e+00  1.84e+00   0.21
2004 01 12  1410   53016   51000  0  7.00e+02  1.67e+01  0 -1.00e+05 -1.00e+05 -1.00e+05  6.48e+00  1.42e+00   0.09
2004 01 12  1415   53016   51300  0  8.19e+02  1.20e+01  0 -1.00e+05 -1.00e+05 -1.00e+05  6.51e+00  1.81e+00   0.08
2004 01 12  1420   53016   51600  0  8.04e+02  1.59e+01  0 -1.00e+05 -1.00e+05 -1.00e+05  6.12e+00  1.51e+00   0.08
2004 01 12  1425   53016   51900  0  8.23e+02  1.50e+01  0 -1.00e+05 -1.00e+05 -1.00e+05  6.52e+00  1.33e+00   0.19
2004 01 12  1430   53016   52200  0  7.21e+02  1.13e+01  0 -1.00e+05 -1.00e+05 -1.00e+05  4.95e+00  1.10e+00   0.16
2004 01 12  1435   53016   52500  0  9.11e+02  1.15e+01  0 -1.00e+05 -1.00e+05 -1.00e+05  6.22e+00  1.48e+00   0.12
2004 01 12  1440   53016   52800  0  8.30e+02  1.42e+01  0 -1.00e+05 -1.00e+05 -1.00e+05  6.42e+00  1.83e+00   0.24
2004 01 12  1445   53016   53100  0  8.17e+02  1.54e+01  0 -1.00e+05 -1.00e+05 -1.00e+05  5.95e+00  1.37e+00   0.19
2004 01 12  1450   53016   53400  0  7.36e+02  1.23e+01  0 -1.00e+05 -1.00e+05 -1.00e+05  5.49e+00  1.44e+00   0.19
2004 01 12  1455   53016   53700  0  9.11e+02  1.95e+01  0 -1.00e+05 -1.00e+05 -1.00e+05  5.57e+00  1.58e+00   0.04
2004 01 12  1500   53016   54000  0  8.49e+02  1.51e+01  0 -1.00e+05 -1.00e+05 -1.00e+05  7.09e+00  1.56e+00   0.06
2004 01 12  1505   53016   54300  0  9.00e+02  1.75e+01  0 -1.00e+05 -1.00e+05 -1.00e+05  7.89e+00  1.62e+00   0.22
2004 01 12  1510   53016   54600  0  8.91e+02  1.51e+01  0 -1.00e+05 -1.00e+05 -1.00e+05  7.37e+00  1.62e+00   0.06
2004 01 12  1515   53016   54900  0  8.07e+02  1.34e+01  0 -1.00e+05 -1.00e+05 -1.00e+05  5.66e+00  1.24e+00   0.29
2004 01 12  1520   53016   55200  0  7.62e+02  1.40e+01  0 -1.00e+05 -1.00e+05 -1.00e+05  6.30e+00  1.41e+00   0.21
2004 01 12  1525   53016   55500  0  7.24e+02  1.74e+01  0 -1.00e+05 -1.00e+05 -1.00e+05  5.44e+00  1.29e+00   0.22
2004 01 12  1530   53016   55800  0  8.61e+02  2.27e+01  0 -1.00e+05 -1.00e+05 -1.00e+05  6.47e+00  2.17e+00   0.12
2004 01 12  1535   53016   56100  0  7.27e+02  1.37e+01  0 -1.00e+05 -1.00e+05 -1.00e+05  6.48e+00  1.58e+00   0.14
2004 01 12  1540   53016   56400  0  7.58e+02  1.40e+01  0 -1.00e+05 -1.00e+05 -1.00e+05  7.02e+00  1.72e+00   0.09
2004 01 12  1545   53016   56700  0  9.82e+02  1.55e+01  0 -1.00e+05 -1.00e+05 -1.00e+05  6.77e+00  2.26e+00   0.08
2004 01 12  1550   53016   57000  0  7.55e+02  1.49e+01  0 -1.00e+05 -1.00e+05 -1.00e+05  6.57e+00  1.37e+00   0.03
2004 01 12  1555   53016   57300  0  7.25e+02  1.19e+01  0 -1.00e+05 -1.00e+05 -1.00e+05  5.87e+00  1.64e+00   0.07
2004 01 12  1600   53016   57600  0  7.66e+02  1.39e+01  0 -1.00e+05 -1.00e+05 -1.00e+05  4.95e+00  1.46e+00   0.12
2004 01 12  1605   53016   57900  0  7.29e+02  1.37e+01  0 -1.00e+05 -1.00e+05 -1.00e+05  5.79e+00  1.40e+00   0.15
2004 01 12  1610   53016   58200  0  8.47e+02  1.30e+01  0 -1.00e+05 -1.00e+05 -1.00e+05  6.70e+00  1.46e+00   0.15
2004 01 12  1615   53016   58500  0  7.24e+02  1.56e+01  0 -1.00e+05 -1.00e+05 -1.00e+05  5.54e+00  1.59e+00   0.18
2004 01 12  1620   53016   58800  0  7.99e+02  1.78e+01  0 -1.00e+05 -1.00e+05 -1.00e+05  6.24e+00  1.73e+00   0.10
2004 01 12  1625   53016   59100  0  8.24e+02  1.09e+01  0 -1.00e+05 -1.00e+05 -1.00e+05  7.15e+00  1.22e+00   0.16
2004 01 12  1630   53016   59400  0  7.49e+02  1.30e+01  0 -1.00e+05 -1.00e+05 -1.00e+05  6.87e+00  1.99e+00   0.13
2004 01 12  1635   53016   59700  0  8.46e+02  1.71e+01  0 -1.00e+05 -1.00e+05 -1.00e+05  5.91e+00  1.67e+00   0.02
2004 01 12  1640   53016   60000  0  8.56e+02  1.52e+01  0 -1.00e+05 -1.00e+05 -1.00e+05  6.20e+00  1.22e+00   0.10
2004 01 12  1645   53016   60300  0  8.20e+02  1.58e+01  0 -1.00e+05 -1.00e+05 -1.00e+05  5.81e+00  1.67e+00   0.13
2004 01 12  1650   53016   60600  0  7.91e+02  1.51e+01  0 -1.00e+05 -1.00e+05 -1.00e+05  5.06e+00  1.46e+01   0.05
2004 01 12  1655   53016   60900  0  8.06e+02  1.32e+01  0 -1.00e+05 -1.00e+05 -1.00e+05  6.55e+00  2.53e+00   0.28
2004 01 12  1700   53016   61200  0  7.00e+02  1.47e+01  0 -1.00e+05 -1.00e+05 -1.00e+05  5.93e+00  1.44e+00   0.10
2004 01 12  1705   53016   61500  0  6.74e+02  1.27e+01  0 -1.00e+05 -1.00e+05 -1.00e+05  5.62e+00  1.35e+00   0.12
2004 01 12  1710   53016   61800  0  8.52e+02  1.90e+01  0 -1.00e+05 -1.00e+05 -1.00e+05  6.74e+00  1.68e+00   0.26
2004 01 12  1715   53016   62100  0  7.91e+02  1.40e+01  0 -1.00e+05 -1.00e+05 -1.00e+05  6.20e+00  1.42e+00   0.19
2004 01 12  1720   53016   62400  0  9.50e+02  1.51e+01  0 -1.00e+05 -1.00e+05 -1.00e+05  6.46e+00  3.53e+00   0.15
2004 01 12  1725   53016   62700  0  7.43e+02  1.64e+01  0 -1.00e+05 -1.00e+05 -1.00e+05  5.84e+00  1.48e+00   0.21
2004 01 12  1730   53016   63000  0  6.21e+02  1.33e+01  0 -1.00e+05 -1.00e+05 -1.00e+05  5.47e+00  1.50e+00   0.12
2004 01 12  1735   53016   63300  0  7.20e+02  1.47e+01  0 -1.00e+05 -1.00e+05 -1.00e+05  5.99e+00  1.19e+00   0.24
2004 01 12  1740   53016   63600  0  6.09e+02  1.40e+01  0 -1.00e+05 -1.00e+05 -1.00e+05  5.33e+00  1.03e+00   0.23
2004 01 12  1745   53016   63900  0  9.34e+02  1.54e+01  0 -1.00e+05 -1.00e+05 -1.00e+05  6.74e+00  1.55e+00   0.17
2004 01 12  1750   53016   64200  0  7.12e+02  1.19e+01  0 -1.00e+05 -1.00e+05 -1.00e+05  6.09e+00  1.44e+00   0.14
2004 01 12  1755   53016   64500  0  6.90e+02  1.14e+01  0 -1.00e+05 -1.00e+05 -1.00e+05  6.03e+00  2.31e+00   0.16
2004 01 12  1800   53016   64800  0  8.48e+02  1.94e+01  0 -1.00e+05 -1.00e+05 -1.00e+05  7.34e+00  2.41e+00   0.06
2004 01 12  1805   53016   65100  0  7.88e+02  1.38e+01  0 -1.00e+05 -1.00e+05 -1.00e+05  5.86e+00  1.47e+00   0.20
2004 01 12  1810   53016   65400  0  8.41e+02  1.78e+01  0 -1.00e+05 -1.00e+05 -1.00e+05  6.73e+00  1.81e+00   0.06
2004 01 12  1815   53016   65700  0  7.44e+02  1.46e+01  0 -1.00e+05 -1.00e+05 -1.00e+05  5.74e+00  1.50e+00   0.31
2004 01 12  1820   53016   66000  0  8.35e+02  1.91e+01  0 -1.00e+05 -1.00e+05 -1.00e+05  6.32e+00  1.75e+00   0.07
2004 01 12  1825   53016   66300  0  7.49e+02  1.51e+01  0 -1.00e+05 -1.00e+05 -1.00e+05  7.09e+00  1.59e+00   0.08
2004 01 12  1830   53016   66600  0  7.86e+02  1.20e+01  0 -1.00e+05 -1.00e+05 -1.00e+05  5.90e+00  2.15e+00   0.21
2004 01 12  1835   53016   66900  0  6.90e+02  1.48e+01  0 -1.00e+05 -1.00e+05 -1.00e+05  4.81e+00  1.53e+00   0.18
2004 01 12  1840   53016   67200  0  7.69e+02  1.47e+01  0 -1.00e+05 -1.00e+05 -1.00e+05  6.32e+00  1.57e+00   0.22
2004 01 12  1845   53016   67500  0  7.97e+02  1.21e+01  0 -1.00e+05 -1.00e+05 -1.00e+05  6.08e+00  1.48e+00   0.03
2004 01 12  1850   53016   67800  0  7.12e+02  2.01e+01  0 -1.00e+05 -1.00e+05 -1.00e+05  6.80e+00  1.88e+00   0.20
2004 01 12  1855   53016   68100  0  7.47e+02  1.44e+01  0 -1.00e+05 -1.00e+05 -1.00e+05  5.71e+00  1.57e+00   0.05
2004 01 12  1900   53016   68400  0  7.49e+02  1.55e+01  0 -1.00e+05 -1.00e+05 -1.00e+05  5.80e+00  1.75e+00   0.06
2004 01 12  1905   53016   68700  0  9.01e+02  1.66e+01  0 -1.00e+05 -1.00e+05 -1.00e+05  5.97e+00  1.94e+00   0.04
2004 01 12  1910   53016   69000  0  8.04e+02  1.29e+01  0 -1.00e+05 -1.00e+05 -1.00e+05  6.49e+00  1.79e+00   0.20
2004 01 12  1915   53016   69300  0  7.38e+02  1.49e+01  0 -1.00e+05 -1.00e+05 -1.00e+05  6.16e+00  1.66e+00   0.13
2004 01 12  1920   53016   69600  0  6.58e+02  1.54e+01  0 -1.00e+05 -1.00e+05 -1.00e+05  6.52e+00  1.86e+00   0.13
2004 01 12  1925   53016   69900  0  8.08e+02  1.70e+01  0 -1.00e+05 -1.00e+05 -1.00e+05  6.77e+00  1.83e+00   0.08
2004 01 12  1930   53016   70200  0  7.25e+02  1.65e+01  0 -1.00e+05 -1.00e+05 -1.00e+05  5.95e+00  2.02e+00   0.26
2004 01 12  1935   53016   70500  0  5.73e+02  1.28e+01  0 -1.00e+05 -1.00e+05 -1.00e+05  5.40e+00  1.11e+00   0.15
2004 01 12  1940   53016   70800  0  6.60e+02  1.40e+01  0 -1.00e+05 -1.00e+05 -1.00e+05  5.77e+00  1.26e+00   0.22
2004 01 12  1945   53016   71100  0  7.68e+02  1.30e+01  0 -1.00e+05 -1.00e+05 -1.00e+05  6.52e+00  1.69e+00   0.10
2004 01 12  1950   53016   71400  0  6.88e+02  1.40e+01  0 -1.00e+05 -1.00e+05 -1.00e+05  6.41e+00  2.48e+00   0.26
2004 01 12  1955   53016   71700  0  6.83e+02  1.55e+01  0 -1.00e+05 -1.00e+05 -1.00e+05  6.08e+00  1.49e+00   0.12
2004 01 12  2000   53016   72000  0  9.15e+02  1.47e+01  0 -1.00e+05 -1.00e+05 -1.00e+05  7.64e+00  3.44e+00   0.11
2004 01 12  2005   53016   72300  0  8.43e+02  1.47e+01  0 -1.00e+05 -1.00e+05 -1.00e+05  6.83e+00  1.30e+00   0.13
2004 01 12  2010   53016   72600  0  9.24e+02  2.18e+01  0 -1.00e+05 -1.00e+05 -1.00e+05  8.11e+00  2.02e+00   0.24
2004 01 12  2015   53016   72900  0  8.96e+02  1.63e+01  0 -1.00e+05 -1.00e+05 -1.00e+05  6.90e+00  1.70e+00   0.25
2004 01 12  2020   53016   73200  0  8.12e+02  1.96e+01  0 -1.00e+05 -1.00e+05 -1.00e+05  6.83e+00  1.74e+00   0.12
2004 01 12  2025   53016   73500  0  7.59e+02  1.53e+01  0 -1.00e+05 -1.00e+05 -1.00e+05  6.57e+00  1.21e+00   0.15
2004 01 12  2030   53016   73800  0  6.95e+02  1.21e+01  0 -1.00e+05 -1.00e+05 -1.00e+05  5.68e+00  1.50e+00   0.12
2004 01 12  2035   53016   74100  0  8.66e+02  1.91e+01  0 -1.00e+05 -1.00e+05 -1.00e+05  6.28e+00  1.40e+00   0.06
2004 01 12  2040   53016   74400  0  6.84e+02  1.50e+01  0 -1.00e+05 -1.00e+05 -1.00e+05  6.91e+00  1.76e+00   0.16
2004 01 12  2045   53016   74700  0  6.78e+02  1.27e+01  0 -1.00e+05 -1.00e+05 -1.00e+05  5.55e+00  1.83e+00   0.10
2004 01 12  2050   53016   75000  0  7.12e+02  1.48e+01  0 -1.00e+05 -1.00e+05 -1.00e+05  5.79e+00  1.59e+00   0.21
2004 01 12  2055   53016   75300  0  7.09e+02  1.61e+01  0 -1.00e+05 -1.00e+05 -1.00e+05  5.71e+00  1.57e+00   0.13
2004 01 12  2100   53016   75600  0  6.94e+02  1.22e+01  0 -1.00e+05 -1.00e+05 -1.00e+05  5.14e+00  1.40e+00   0.22
2004 01 12  2105   53016   75900  0  7.39e+02  1.29e+01  0 -1.00e+05 -1.00e+05 -1.00e+05  5.97e+00  1.59e+00   0.24
2004 01 12  2110   53016   76200  0  8.56e+02  1.29e+01  0 -1.00e+05 -1.00e+05 -1.00e+05  5.99e+00  1.18e+00   0.17
2004 01 12  2115   53016   76500  0  7.79e+02  1.29e+01  0 -1.00e+05 -1.00e+05 -1.00e+05  5.41e+00  1.43e+00   0.19
2004 01 12  2120   53016   76800  0  6.70e+02  1.40e+01  0 -1.00e+05 -1.00e+05 -1.00e+05  5.86e+00  1.49e+00   0.04
2004 01 12  2125   53016   77100  0  7.59e+02  1.45e+01  0 -1.00e+05 -1.00e+05 -1.00e+05  5.47e+00  1.76e+00   0.10
2004 01 12  2130   53016   77400  0  8.39e+02  1.15e+01  0 -1.00e+05 -1.00e+05 -1.00e+05  5.91e+00  1.70e+00   0.08
2004 01 12  2135   53016   77700  0  7.40e+02  1.57e+01  0 -1.00e+05 -1.00e+05 -1.00e+05  5.56e+00  1.43e+00   0.17
2004 01 12  2140   53016   78000  0  7.88e+02  1.67e+01  0 -1.00e+05 -1.00e+05 -1.00e+05  6.51e+00  1.33e+00   0.21
2004 01 12  2145   53016   78300  0  6.98e+02  1.51e+01  0 -1.00e+05 -1.00e+05 -1.00e+05  6.16e+00  1.35e+00   0.17
2004 01 12  2150   53016   78600  0  6.38e+02  1.32e+01  0 -1.00e+05 -1.00e+05 -1.00e+05  5.12e+00  1.53e+00   0.11
2004 01 12  2155   53016   78900  0  6.64e+02  1.25e+01  0 -1.00e+05 -1.00e+05 -1.00e+05  4.44e+00  1.16e+00   0.18
2004 01 12  2200   53016   79200  0  7.74e+02  1.63e+01  0 -1.00e+05 -1.00e+05 -1.00e+05  6.29e+00  1.50e+00   0.29
2004 01 12  2205   53016   79500  0  7.07e+02  1.44e+01  0 -1.00e+05 -1.00e+05 -1.00e+05  5.86e+00  1.49e+00   0.24
2004 01 12  2210   53016   79800  0  5.86e+02  1.26e+01  0 -1.00e+05 -1.00e+05 -1.00e+05  5.07e+00  1.20e+00   0.07
2004 01 12  2215   53016   80100  0  8.40e+02  2.12e+01  0 -1.00e+05 -1.00e+05 -1.00e+05  6.82e+00  1.70e+00   0.30
2004 01 12  2220   53016   80400  0  7.76e+02  1.48e+01  0 -1.00e+05 -1.00e+05 -1.00e+05  5.89e+00  1.87e+00   0.10
2004 01 12  2225   53016   80700  0  7.01e+02  1.68e+01  0 -1.00e+05 -1.00e+05 -1.00e+05  6.27e+00  1.37e+00   0.07
2004 01 12  2230   53016   81000  0  7.69e+02  1.56e+01  0 -1.00e+05 -1.00e+05 -1.00e+05  5.68e+00  1.43e+00   0.08
2004 01 12  2235   53016   81300  0  9.18e+02  1.16e+01  0 -1.00e+05 -1.00e+05 -1.00e+05  5.39e+00  1.44e+00   0.44
2004 01 12  2240   53016   81600  0  7.14e+02  1.41e+01  0 -1.00e+05 -1.00e+05 -1.00e+05  6.51e+00  1.65e+00   0.05
2004 01 12  2245   53016   81900  0  6.43e+02  1.16e+01  0 -1.00e+05 -1.00e+05 -1.00e+05  6.14e+00  1.19e+00   0.16
2004 01 12  2250   53016   82200  0  8.33e+02  1.37e+01  0 -1.00e+05 -1.00e+05 -1.00e+05  5.66e+00  1.15e+00   0.02
2004 01 12  2255   53016   82500  0  7.39e+02  1.67e+01  0 -1.00e+05 -1.00e+05 -1.00e+05  5.39e+00  1.41e+00   0.09
2004 01 12  2300   53016   82800  0  7.24e+02  1.66e+01  0 -1.00e+05 -1.00e+05 -1.00e+05  5.13e+00  1.82e+00   0.21
2004 01 12  2305   53016   83100  0  6.75e+02  1.44e+01  0 -1.00e+05 -1.00e+05 -1.00e+05  6.81e+00  1.55e+00   0.16
2004 01 12  2310   53016   83400  0  6.59e+02  1.53e+01  0 -1.00e+05 -1.00e+05 -1.00e+05  5.89e+00  1.55e+00   0.18
2004 01 12  2315   53016   83700  0  6.96e+02  1.43e+01  0 -1.00e+05 -1.00e+05 -1.00e+05  4.98e+00  1.83e+00   0.28
2004 01 12  2320   53016   84000  0  7.05e+02  1.60e+01  0 -1.00e+05 -1.00e+05 -1.00e+05  5.43e+00  1.28e+00   0.12
2004 01 12  2325   53016   84300  0  7.83e+02  1.68e+01  0 -1.00e+05 -1.00e+05 -1.00e+05  5.68e+00  1.90e+00   0.08
2004 01 12  2330   53016   84600  0  7.05e+02  1.23e+01  0 -1.00e+05 -1.00e+05 -1.00e+05  5.12e+00  1.19e+00   0.11
2004 01 12  2335   53016   84900  0  7.63e+02  1.32e+01  0 -1.00e+05 -1.00e+05 -1.00e+05  5.78e+00  1.22e+00   0.21
2004 01 12  2340   53016   85200  0  6.94e+02  1.49e+01  0 -1.00e+05 -1.00e+05 -1.00e+05  5.49e+00  1.37e+00   0.69
2004 01 12  2345   53016   85500  0  7.98e+02  1.54e+01  0 -1.00e+05 -1.00e+05 -1.00e+05  5.65e+00  1.56e+00   0.11
2004 01 12  2350   53016   85800  0  6.69e+02  1.45e+01  0 -1.00e+05 -1.00e+05 -1.00e+05  5.23e+00  1.28e+00   0.21
2004 01 12  2355   53016   86100  0  7.04e+02  1.46e+01  0 -1.00e+05 -1.00e+05 -1.00e+05  5.18e+00  1.15e+00   0.20
