:Data_list: 20050606_ace_sis_5m.txt
:Created: 2005 Jun 07 0011 UT
# Prepared by the U.S. Dept. of Commerce, NOAA, Space Environment Center.
# Please send comments and suggestions to SEC.Webmaster@noaa.gov 
# 
# Units: proton flux p/cs2-sec-ster
# Status(S): 0 = nominal data, 1 to 8 = bad data record, 9 = no data
# Missing data values: -1.00e+05
# Source: ACE Satellite - Solar Isotope Spectrometer
#
# 5-minute averaged Real-time Integral Flux of High-energy Solar Protons
# 
#                 Modified Seconds
# UT Date   Time   Julian  of the      ---- Integral Proton Flux ----
# YR MO DA  HHMM     Day     Day       S    > 10 MeV    S    > 30 MeV
#--------------------------------------------------------------------
2005 06 06  0000    53527       0      0    1.30e+00    0    8.73e-01
2005 06 06  0005    53527     300      0    1.28e+00    0    8.62e-01
2005 06 06  0010    53527     600      0    1.30e+00    0    8.78e-01
2005 06 06  0015    53527     900      0    1.31e+00    0    8.88e-01
2005 06 06  0020    53527    1200      0    1.29e+00    0    8.63e-01
2005 06 06  0025    53527    1500      0    1.34e+00    0    9.12e-01
2005 06 06  0030    53527    1800      0    1.31e+00    0    8.80e-01
2005 06 06  0035    53527    2100      0    1.32e+00    0    8.97e-01
2005 06 06  0040    53527    2400      0    1.30e+00    0    8.80e-01
2005 06 06  0045    53527    2700      0    1.31e+00    0    8.80e-01
2005 06 06  0050    53527    3000      0    1.32e+00    0    8.92e-01
2005 06 06  0055    53527    3300      0    1.32e+00    0    8.84e-01
2005 06 06  0100    53527    3600      0    1.30e+00    0    8.70e-01
2005 06 06  0105    53527    3900      0    1.30e+00    0    8.69e-01
2005 06 06  0110    53527    4200      0    1.31e+00    0    8.86e-01
2005 06 06  0115    53527    4500      0    1.31e+00    0    8.86e-01
2005 06 06  0120    53527    4800      0    1.34e+00    0    8.93e-01
2005 06 06  0125    53527    5100      0    1.34e+00    0    8.95e-01
2005 06 06  0130    53527    5400      0    1.30e+00    0    8.70e-01
2005 06 06  0135    53527    5700      0    1.34e+00    0    8.99e-01
2005 06 06  0140    53527    6000      0    1.31e+00    0    8.87e-01
2005 06 06  0145    53527    6300      0    1.34e+00    0    8.99e-01
2005 06 06  0150    53527    6600      0    1.31e+00    0    8.74e-01
2005 06 06  0155    53527    6900      0    1.30e+00    0    8.72e-01
2005 06 06  0200    53527    7200      0    1.33e+00    0    8.96e-01
2005 06 06  0205    53527    7500      0    1.31e+00    0    8.94e-01
2005 06 06  0210    53527    7800      0    1.32e+00    0    8.73e-01
2005 06 06  0215    53527    8100      0    1.36e+00    0    9.03e-01
2005 06 06  0220    53527    8400      0    1.34e+00    0    8.90e-01
2005 06 06  0225    53527    8700      0    1.33e+00    0    8.87e-01
2005 06 06  0230    53527    9000      0    1.33e+00    0    8.89e-01
2005 06 06  0235    53527    9300      0    1.33e+00    0    8.94e-01
2005 06 06  0240    53527    9600      0    1.31e+00    0    8.68e-01
2005 06 06  0245    53527    9900      0    1.37e+00    0    9.08e-01
2005 06 06  0250    53527   10200      0    1.37e+00    0    9.02e-01
2005 06 06  0255    53527   10500      0    1.39e+00    0    9.11e-01
2005 06 06  0300    53527   10800      0    1.35e+00    0    8.88e-01
2005 06 06  0305    53527   11100      0    1.37e+00    0    8.92e-01
2005 06 06  0310    53527   11400      0    1.33e+00    0    8.85e-01
2005 06 06  0315    53527   11700      0    1.36e+00    0    8.87e-01
2005 06 06  0320    53527   12000      0    1.37e+00    0    9.08e-01
2005 06 06  0325    53527   12300      0    1.35e+00    0    8.95e-01
2005 06 06  0330    53527   12600      0    1.33e+00    0    8.67e-01
2005 06 06  0335    53527   12900      0    1.35e+00    0    8.92e-01
2005 06 06  0340    53527   13200      0    1.34e+00    0    8.78e-01
2005 06 06  0345    53527   13500      0    1.34e+00    0    8.84e-01
2005 06 06  0350    53527   13800      0    1.33e+00    0    8.79e-01
2005 06 06  0355    53527   14100      0    1.35e+00    0    8.80e-01
2005 06 06  0400    53527   14400      0    1.36e+00    0    9.06e-01
2005 06 06  0405    53527   14700      0    1.37e+00    0    9.07e-01
2005 06 06  0410    53527   15000      0    1.39e+00    0    9.13e-01
2005 06 06  0415    53527   15300      0    1.37e+00    0    8.83e-01
2005 06 06  0420    53527   15600      0    1.35e+00    0    8.79e-01
2005 06 06  0425    53527   15900      0    1.42e+00    0    9.08e-01
2005 06 06  0430    53527   16200      0    1.38e+00    0    8.93e-01
2005 06 06  0435    53527   16500      0    1.37e+00    0    8.98e-01
2005 06 06  0440    53527   16800      0    1.38e+00    0    8.99e-01
2005 06 06  0445    53527   17100      0    1.35e+00    0    8.76e-01
2005 06 06  0450    53527   17400      0    1.37e+00    0    8.96e-01
2005 06 06  0455    53527   17700      0    1.39e+00    0    9.06e-01
2005 06 06  0500    53527   18000      0    1.37e+00    0    8.98e-01
2005 06 06  0505    53527   18300      0    1.37e+00    0    9.10e-01
2005 06 06  0510    53527   18600      0    1.36e+00    0    8.87e-01
2005 06 06  0515    53527   18900      0    1.36e+00    0    9.03e-01
2005 06 06  0520    53527   19200      0    1.36e+00    0    8.86e-01
2005 06 06  0525    53527   19500      0    1.36e+00    0    8.88e-01
2005 06 06  0530    53527   19800      0    1.37e+00    0    9.08e-01
2005 06 06  0535    53527   20100      0    1.33e+00    0    8.74e-01
2005 06 06  0540    53527   20400      0    1.31e+00    0    8.57e-01
2005 06 06  0545    53527   20700      0    1.39e+00    0    9.12e-01
2005 06 06  0550    53527   21000      0    1.37e+00    0    8.95e-01
2005 06 06  0555    53527   21300      0    1.32e+00    0    8.62e-01
2005 06 06  0600    53527   21600      0    1.39e+00    0    9.02e-01
2005 06 06  0605    53527   21900      0    1.40e+00    0    9.16e-01
2005 06 06  0610    53527   22200      0    1.38e+00    0    8.94e-01
2005 06 06  0615    53527   22500      0    1.39e+00    0    9.04e-01
2005 06 06  0620    53527   22800      0    1.38e+00    0    8.97e-01
2005 06 06  0625    53527   23100      0    1.38e+00    0    9.06e-01
2005 06 06  0630    53527   23400      0    1.37e+00    0    9.08e-01
2005 06 06  0635    53527   23700      0    1.39e+00    0    9.12e-01
2005 06 06  0640    53527   24000      0    1.37e+00    0    8.89e-01
2005 06 06  0645    53527   24300      0    1.40e+00    0    9.15e-01
2005 06 06  0650    53527   24600      0    1.39e+00    0    9.14e-01
2005 06 06  0655    53527   24900      0    1.41e+00    0    9.12e-01
2005 06 06  0700    53527   25200      0    1.41e+00    0    9.07e-01
2005 06 06  0705    53527   25500      0    1.40e+00    0    8.98e-01
2005 06 06  0710    53527   25800      0    1.39e+00    0    9.00e-01
2005 06 06  0715    53527   26100      0    1.41e+00    0    9.06e-01
2005 06 06  0720    53527   26400      0    1.39e+00    0    8.93e-01
2005 06 06  0725    53527   26700      0    1.40e+00    0    9.05e-01
2005 06 06  0730    53527   27000      0    1.43e+00    0    9.23e-01
2005 06 06  0735    53527   27300      0    1.44e+00    0    9.40e-01
2005 06 06  0740    53527   27600      0    1.39e+00    0    9.10e-01
2005 06 06  0745    53527   27900      0    1.40e+00    0    8.99e-01
2005 06 06  0750    53527   28200      0    1.39e+00    0    8.97e-01
2005 06 06  0755    53527   28500      0    1.42e+00    0    9.34e-01
2005 06 06  0800    53527   28800      0    1.40e+00    0    9.08e-01
2005 06 06  0805    53527   29100      0    1.39e+00    0    9.03e-01
2005 06 06  0810    53527   29400      0    1.37e+00    0    8.92e-01
2005 06 06  0815    53527   29700      0    1.43e+00    0    9.13e-01
2005 06 06  0820    53527   30000      0    1.43e+00    0    9.19e-01
2005 06 06  0825    53527   30300      0    1.41e+00    0    9.16e-01
2005 06 06  0830    53527   30600      0    1.41e+00    0    9.08e-01
2005 06 06  0835    53527   30900      0    1.41e+00    0    9.22e-01
2005 06 06  0840    53527   31200      0    1.42e+00    0    9.11e-01
2005 06 06  0845    53527   31500      0    1.42e+00    0    9.09e-01
2005 06 06  0850    53527   31800      0    1.41e+00    0    9.12e-01
2005 06 06  0855    53527   32100      0    1.38e+00    0    8.88e-01
2005 06 06  0900    53527   32400      0    1.40e+00    0    8.94e-01
2005 06 06  0905    53527   32700      0    1.43e+00    0    9.37e-01
2005 06 06  0910    53527   33000      0    1.39e+00    0    8.91e-01
2005 06 06  0915    53527   33300      0    1.40e+00    0    9.08e-01
2005 06 06  0920    53527   33600      0    1.40e+00    0    9.26e-01
2005 06 06  0925    53527   33900      0    1.38e+00    0    8.93e-01
2005 06 06  0930    53527   34200      0    1.36e+00    0    8.89e-01
2005 06 06  0935    53527   34500      0    1.38e+00    0    8.82e-01
2005 06 06  0940    53527   34800      0    1.41e+00    0    9.30e-01
2005 06 06  0945    53527   35100      0    1.38e+00    0    9.06e-01
2005 06 06  0950    53527   35400      0    1.39e+00    0    8.98e-01
2005 06 06  0955    53527   35700      0    1.43e+00    0    9.24e-01
2005 06 06  1000    53527   36000      0    1.40e+00    0    9.13e-01
2005 06 06  1005    53527   36300      0    1.41e+00    0    9.18e-01
2005 06 06  1010    53527   36600      0    1.39e+00    0    9.06e-01
2005 06 06  1015    53527   36900      0    1.42e+00    0    9.23e-01
2005 06 06  1020    53527   37200      0    1.37e+00    0    8.90e-01
2005 06 06  1025    53527   37500      0    1.41e+00    0    9.08e-01
2005 06 06  1030    53527   37800      0    1.45e+00    0    9.32e-01
2005 06 06  1035    53527   38100      0    1.38e+00    0    8.90e-01
2005 06 06  1040    53527   38400      0    1.42e+00    0    9.24e-01
2005 06 06  1045    53527   38700      0    1.39e+00    0    8.96e-01
2005 06 06  1050    53527   39000      0    1.39e+00    0    9.01e-01
2005 06 06  1055    53527   39300      0    1.38e+00    0    9.02e-01
2005 06 06  1100    53527   39600      0    1.38e+00    0    8.89e-01
2005 06 06  1105    53527   39900      0    1.41e+00    0    9.16e-01
2005 06 06  1110    53527   40200      0    1.41e+00    0    9.22e-01
2005 06 06  1115    53527   40500      0    1.37e+00    0    8.86e-01
2005 06 06  1120    53527   40800      0    1.37e+00    0    8.94e-01
2005 06 06  1125    53527   41100      0    1.40e+00    0    9.20e-01
2005 06 06  1130    53527   41400      0    1.38e+00    0    8.97e-01
2005 06 06  1135    53527   41700      0    1.40e+00    0    8.84e-01
2005 06 06  1140    53527   42000      0    1.36e+00    0    8.83e-01
2005 06 06  1145    53527   42300      0    1.40e+00    0    9.22e-01
2005 06 06  1150    53527   42600      0    1.37e+00    0    8.87e-01
2005 06 06  1155    53527   42900      0    1.37e+00    0    9.11e-01
2005 06 06  1200    53527   43200      0    1.39e+00    0    8.97e-01
2005 06 06  1205    53527   43500      0    1.40e+00    0    9.22e-01
2005 06 06  1210    53527   43800      0    1.39e+00    0    9.14e-01
2005 06 06  1215    53527   44100      0    1.35e+00    0    8.86e-01
2005 06 06  1220    53527   44400      0    1.39e+00    0    9.12e-01
2005 06 06  1225    53527   44700      0    1.38e+00    0    9.13e-01
2005 06 06  1230    53527   45000      0    1.38e+00    0    9.04e-01
2005 06 06  1235    53527   45300      0    1.36e+00    0    8.98e-01
2005 06 06  1240    53527   45600      0    1.34e+00    0    8.81e-01
2005 06 06  1245    53527   45900      0    1.37e+00    0    8.99e-01
2005 06 06  1250    53527   46200      0    1.38e+00    0    9.18e-01
2005 06 06  1255    53527   46500      0    1.34e+00    0    8.69e-01
2005 06 06  1300    53527   46800      0    1.34e+00    0    8.89e-01
2005 06 06  1305    53527   47100      0    1.35e+00    0    9.06e-01
2005 06 06  1310    53527   47400      0    1.34e+00    0    8.93e-01
2005 06 06  1315    53527   47700      0    1.40e+00    0    9.42e-01
2005 06 06  1320    53527   48000      0    1.36e+00    0    9.08e-01
2005 06 06  1325    53527   48300      0    1.34e+00    0    8.89e-01
2005 06 06  1330    53527   48600      0    1.36e+00    0    9.08e-01
2005 06 06  1335    53527   48900      0    1.34e+00    0    8.82e-01
2005 06 06  1340    53527   49200      0    1.36e+00    0    8.98e-01
2005 06 06  1345    53527   49500      0    1.35e+00    0    8.90e-01
2005 06 06  1350    53527   49800      0    1.35e+00    0    9.00e-01
2005 06 06  1355    53527   50100      0    1.33e+00    0    8.93e-01
2005 06 06  1400    53527   50400      0    1.35e+00    0    8.98e-01
2005 06 06  1405    53527   50700      0    1.37e+00    0    9.06e-01
2005 06 06  1410    53527   51000      0    1.40e+00    0    9.21e-01
2005 06 06  1415    53527   51300      0    1.37e+00    0    8.92e-01
2005 06 06  1420    53527   51600      0    1.40e+00    0    9.42e-01
2005 06 06  1425    53527   51900      0    1.37e+00    0    9.12e-01
2005 06 06  1430    53527   52200      0    1.37e+00    0    9.17e-01
2005 06 06  1435    53527   52500      9   -1.00e+05    9   -1.00e+05
2005 06 06  1440    53527   52800      0    1.37e+00    0    9.22e-01
2005 06 06  1445    53527   53100      0    1.32e+00    0    8.60e-01
2005 06 06  1450    53527   53400      0    1.36e+00    0    9.00e-01
2005 06 06  1455    53527   53700      0    1.33e+00    0    8.90e-01
2005 06 06  1500    53527   54000      0    1.38e+00    0    9.03e-01
2005 06 06  1505    53527   54300      0    1.37e+00    0    9.17e-01
2005 06 06  1510    53527   54600      0    1.39e+00    0    9.22e-01
2005 06 06  1515    53527   54900      0    1.34e+00    0    8.80e-01
2005 06 06  1520    53527   55200      0    1.36e+00    0    8.96e-01
2005 06 06  1525    53527   55500      0    1.34e+00    0    8.91e-01
2005 06 06  1530    53527   55800      0    1.34e+00    0    8.83e-01
2005 06 06  1535    53527   56100      0    1.34e+00    0    8.84e-01
2005 06 06  1540    53527   56400      0    1.35e+00    0    8.87e-01
2005 06 06  1545    53527   56700      0    1.36e+00    0    9.08e-01
2005 06 06  1550    53527   57000      0    1.35e+00    0    8.94e-01
2005 06 06  1555    53527   57300      0    1.34e+00    0    8.89e-01
2005 06 06  1600    53527   57600      0    1.34e+00    0    8.84e-01
2005 06 06  1605    53527   57900      0    1.35e+00    0    8.96e-01
2005 06 06  1610    53527   58200      0    1.36e+00    0    9.09e-01
2005 06 06  1615    53527   58500      0    1.35e+00    0    8.89e-01
2005 06 06  1620    53527   58800      0    1.35e+00    0    8.76e-01
2005 06 06  1625    53527   59100      0    1.37e+00    0    9.13e-01
2005 06 06  1630    53527   59400      0    1.37e+00    0    9.03e-01
2005 06 06  1635    53527   59700      0    1.34e+00    0    8.88e-01
2005 06 06  1640    53527   60000      0    1.40e+00    0    9.26e-01
2005 06 06  1645    53527   60300      0    1.36e+00    0    9.10e-01
2005 06 06  1650    53527   60600      0    1.36e+00    0    9.00e-01
2005 06 06  1655    53527   60900      0    1.23e+00    0    7.96e-01
2005 06 06  1700    53527   61200      0    1.34e+00    0    8.89e-01
2005 06 06  1705    53527   61500      0    1.32e+00    0    8.78e-01
2005 06 06  1710    53527   61800      0    1.36e+00    0    8.97e-01
2005 06 06  1715    53527   62100      0    1.32e+00    0    8.73e-01
2005 06 06  1720    53527   62400      0    1.35e+00    0    8.96e-01
2005 06 06  1725    53527   62700      0    1.38e+00    0    9.14e-01
2005 06 06  1730    53527   63000      0    1.36e+00    0    9.10e-01
2005 06 06  1735    53527   63300      0    1.37e+00    0    9.17e-01
2005 06 06  1740    53527   63600      0    1.33e+00    0    8.84e-01
2005 06 06  1745    53527   63900      0    1.36e+00    0    9.18e-01
2005 06 06  1750    53527   64200      0    1.34e+00    0    8.88e-01
2005 06 06  1755    53527   64500      0    1.36e+00    0    9.08e-01
2005 06 06  1800    53527   64800      9   -1.00e+05    9   -1.00e+05
2005 06 06  1805    53527   65100      0    1.35e+00    0    8.92e-01
2005 06 06  1810    53527   65400      0    1.37e+00    0    9.02e-01
2005 06 06  1815    53527   65700      0    1.37e+00    0    9.09e-01
2005 06 06  1820    53527   66000      0    1.36e+00    0    8.91e-01
2005 06 06  1825    53527   66300      0    1.37e+00    0    9.12e-01
2005 06 06  1830    53527   66600      0    1.44e+00    0    9.67e-01
2005 06 06  1835    53527   66900      0    1.38e+00    0    9.10e-01
2005 06 06  1840    53527   67200      0    1.40e+00    0    9.33e-01
2005 06 06  1845    53527   67500      0    1.41e+00    0    9.24e-01
2005 06 06  1850    53527   67800      0    1.38e+00    0    9.08e-01
2005 06 06  1855    53527   68100      0    1.36e+00    0    8.98e-01
2005 06 06  1900    53527   68400      0    1.35e+00    0    9.00e-01
2005 06 06  1905    53527   68700      0    1.34e+00    0    8.94e-01
2005 06 06  1910    53527   69000      0    1.37e+00    0    9.05e-01
2005 06 06  1915    53527   69300      0    1.38e+00    0    9.14e-01
2005 06 06  1920    53527   69600      0    1.37e+00    0    8.92e-01
2005 06 06  1925    53527   69900      0    1.38e+00    0    9.18e-01
2005 06 06  1930    53527   70200      0    1.39e+00    0    9.14e-01
2005 06 06  1935    53527   70500      0    1.38e+00    0    9.20e-01
2005 06 06  1940    53527   70800      0    1.39e+00    0    9.18e-01
2005 06 06  1945    53527   71100      0    1.35e+00    0    8.84e-01
2005 06 06  1950    53527   71400      0    1.37e+00    0    9.02e-01
2005 06 06  1955    53527   71700      0    1.38e+00    0    9.14e-01
2005 06 06  2000    53527   72000      0    1.37e+00    0    9.08e-01
2005 06 06  2005    53527   72300      0    1.34e+00    0    8.99e-01
2005 06 06  2010    53527   72600      0    1.37e+00    0    9.18e-01
2005 06 06  2015    53527   72900      0    1.33e+00    0    8.71e-01
2005 06 06  2020    53527   73200      0    1.38e+00    0    9.11e-01
2005 06 06  2025    53527   73500      0    1.39e+00    0    9.14e-01
2005 06 06  2030    53527   73800      0    1.35e+00    0    8.85e-01
2005 06 06  2035    53527   74100      0    1.35e+00    0    8.92e-01
2005 06 06  2040    53527   74400      0    1.37e+00    0    8.98e-01
2005 06 06  2045    53527   74700      0    1.41e+00    0    9.30e-01
2005 06 06  2050    53527   75000      0    1.38e+00    0    9.17e-01
2005 06 06  2055    53527   75300      0    1.39e+00    0    9.12e-01
2005 06 06  2100    53527   75600      0    1.43e+00    0    9.29e-01
2005 06 06  2105    53527   75900      0    1.40e+00    0    9.18e-01
2005 06 06  2110    53527   76200      0    1.36e+00    0    8.87e-01
2005 06 06  2115    53527   76500      0    1.39e+00    0    9.04e-01
2005 06 06  2120    53527   76800      0    1.42e+00    0    9.16e-01
2005 06 06  2125    53527   77100      0    1.41e+00    0    9.29e-01
2005 06 06  2130    53527   77400      9   -1.00e+05    9   -1.00e+05
2005 06 06  2135    53527   77700      0    1.40e+00    0    9.10e-01
2005 06 06  2140    53527   78000      0    1.40e+00    0    9.29e-01
2005 06 06  2145    53527   78300      0    1.40e+00    0    9.11e-01
2005 06 06  2150    53527   78600      0    1.39e+00    0    9.03e-01
2005 06 06  2155    53527   78900      0    1.42e+00    0    9.18e-01
2005 06 06  2200    53527   79200      0    1.41e+00    0    9.06e-01
2005 06 06  2205    53527   79500      0    1.43e+00    0    9.15e-01
2005 06 06  2210    53527   79800      0    1.44e+00    0    9.22e-01
2005 06 06  2215    53527   80100      0    1.44e+00    0    9.39e-01
2005 06 06  2220    53527   80400      0    1.41e+00    0    9.18e-01
2005 06 06  2225    53527   80700      0    1.41e+00    0    9.20e-01
2005 06 06  2230    53527   81000      0    1.42e+00    0    9.18e-01
2005 06 06  2235    53527   81300      0    1.40e+00    0    9.07e-01
2005 06 06  2240    53527   81600      0    1.41e+00    0    9.13e-01
2005 06 06  2245    53527   81900      0    1.38e+00    0    8.94e-01
2005 06 06  2250    53527   82200      0    1.41e+00    0    9.22e-01
2005 06 06  2255    53527   82500      0    1.42e+00    0    9.20e-01
2005 06 06  2300    53527   82800      0    1.44e+00    0    9.40e-01
2005 06 06  2305    53527   83100      0    1.41e+00    0    9.24e-01
2005 06 06  2310    53527   83400      0    1.45e+00    0    9.57e-01
2005 06 06  2315    53527   83700      0    1.44e+00    0    9.43e-01
2005 06 06  2320    53527   84000      0    1.44e+00    0    9.42e-01
2005 06 06  2325    53527   84300      0    1.43e+00    0    9.38e-01
2005 06 06  2330    53527   84600      0    1.41e+00    0    9.20e-01
2005 06 06  2335    53527   84900      0    1.39e+00    0    9.00e-01
2005 06 06  2340    53527   85200      0    1.38e+00    0    8.88e-01
2005 06 06  2345    53527   85500      0    1.41e+00    0    9.26e-01
2005 06 06  2350    53527   85800      0    1.42e+00    0    9.21e-01
2005 06 06  2355    53527   86100      0    1.38e+00    0    8.91e-01
