:Data_list: 20050801_ace_sis_5m.txt
:Created: 2005 Aug 02 0011 UT
# Prepared by the U.S. Dept. of Commerce, NOAA, Space Environment Center.
# Please send comments and suggestions to SEC.Webmaster@noaa.gov 
# 
# Units: proton flux p/cs2-sec-ster
# Status(S): 0 = nominal data, 1 to 8 = bad data record, 9 = no data
# Missing data values: -1.00e+05
# Source: ACE Satellite - Solar Isotope Spectrometer
#
# 5-minute averaged Real-time Integral Flux of High-energy Solar Protons
# 
#                 Modified Seconds
# UT Date   Time   Julian  of the      ---- Integral Proton Flux ----
# YR MO DA  HHMM     Day     Day       S    > 10 MeV    S    > 30 MeV
#--------------------------------------------------------------------
2005 08 01  0000    53583       0      0    2.48e+01    0    1.76e+00
2005 08 01  0005    53583     300      0    2.61e+01    0    1.69e+00
2005 08 01  0010    53583     600      0    2.62e+01    0    1.72e+00
2005 08 01  0015    53583     900      0    2.67e+01    0    1.96e+00
2005 08 01  0020    53583    1200      0    2.68e+01    0    1.89e+00
2005 08 01  0025    53583    1500      0    2.70e+01    0    1.83e+00
2005 08 01  0030    53583    1800      0    2.77e+01    0    1.70e+00
2005 08 01  0035    53583    2100      0    2.74e+01    0    1.71e+00
2005 08 01  0040    53583    2400      0    2.75e+01    0    1.66e+00
2005 08 01  0045    53583    2700      0    2.83e+01    0    1.89e+00
2005 08 01  0050    53583    3000      0    2.80e+01    0    1.94e+00
2005 08 01  0055    53583    3300      0    2.74e+01    0    1.78e+00
2005 08 01  0100    53583    3600      0    2.69e+01    0    1.92e+00
2005 08 01  0105    53583    3900      0    2.56e+01    0    1.68e+00
2005 08 01  0110    53583    4200      0    2.70e+01    0    1.84e+00
2005 08 01  0115    53583    4500      0    2.72e+01    0    1.70e+00
2005 08 01  0120    53583    4800      0    2.70e+01    0    1.53e+00
2005 08 01  0125    53583    5100      0    2.82e+01    0    1.67e+00
2005 08 01  0130    53583    5400      0    2.85e+01    0    1.63e+00
2005 08 01  0135    53583    5700      0    2.87e+01    0    1.63e+00
2005 08 01  0140    53583    6000      0    2.85e+01    0    1.89e+00
2005 08 01  0145    53583    6300      0    2.77e+01    0    1.61e+00
2005 08 01  0150    53583    6600      0    2.88e+01    0    1.61e+00
2005 08 01  0155    53583    6900      0    2.90e+01    0    1.79e+00
2005 08 01  0200    53583    7200      0    2.82e+01    0    1.82e+00
2005 08 01  0205    53583    7500      0    2.79e+01    0    1.78e+00
2005 08 01  0210    53583    7800      0    2.80e+01    0    1.66e+00
2005 08 01  0215    53583    8100      0    2.87e+01    0    1.87e+00
2005 08 01  0220    53583    8400      0    2.87e+01    0    1.49e+00
2005 08 01  0225    53583    8700      0    2.94e+01    0    1.85e+00
2005 08 01  0230    53583    9000      0    2.88e+01    0    1.88e+00
2005 08 01  0235    53583    9300      0    2.89e+01    0    1.95e+00
2005 08 01  0240    53583    9600      0    2.87e+01    0    1.71e+00
2005 08 01  0245    53583    9900      0    2.92e+01    0    1.66e+00
2005 08 01  0250    53583   10200      0    2.86e+01    0    1.78e+00
2005 08 01  0255    53583   10500      0    2.92e+01    0    1.88e+00
2005 08 01  0300    53583   10800      0    2.85e+01    0    1.74e+00
2005 08 01  0305    53583   11100      0    2.92e+01    0    1.68e+00
2005 08 01  0310    53583   11400      0    2.92e+01    0    1.61e+00
2005 08 01  0315    53583   11700      0    3.02e+01    0    1.78e+00
2005 08 01  0320    53583   12000      0    2.83e+01    0    1.63e+00
2005 08 01  0325    53583   12300      0    2.81e+01    0    1.84e+00
2005 08 01  0330    53583   12600      0    2.89e+01    0    1.71e+00
2005 08 01  0335    53583   12900      0    2.88e+01    0    1.65e+00
2005 08 01  0340    53583   13200      0    3.09e+01    0    1.79e+00
2005 08 01  0345    53583   13500      0    2.96e+01    0    1.89e+00
2005 08 01  0350    53583   13800      0    2.92e+01    0    1.77e+00
2005 08 01  0355    53583   14100      0    2.98e+01    0    1.67e+00
2005 08 01  0400    53583   14400      0    3.04e+01    0    1.84e+00
2005 08 01  0405    53583   14700      0    2.99e+01    0    1.62e+00
2005 08 01  0410    53583   15000      0    2.95e+01    0    1.81e+00
2005 08 01  0415    53583   15300      0    2.98e+01    0    1.58e+00
2005 08 01  0420    53583   15600      0    2.87e+01    0    1.82e+00
2005 08 01  0425    53583   15900      0    2.90e+01    0    1.89e+00
2005 08 01  0430    53583   16200      0    3.10e+01    0    1.58e+00
2005 08 01  0435    53583   16500      0    3.17e+01    0    1.76e+00
2005 08 01  0440    53583   16800      0    3.11e+01    0    1.74e+00
2005 08 01  0445    53583   17100      0    3.22e+01    0    2.00e+00
2005 08 01  0450    53583   17400      0    3.37e+01    0    1.79e+00
2005 08 01  0455    53583   17700      0    3.31e+01    0    1.84e+00
2005 08 01  0500    53583   18000      0    3.24e+01    0    1.93e+00
2005 08 01  0505    53583   18300      0    3.52e+01    0    1.71e+00
2005 08 01  0510    53583   18600      0    3.87e+01    0    1.89e+00
2005 08 01  0515    53583   18900      0    3.45e+01    0    1.85e+00
2005 08 01  0520    53583   19200      0    3.37e+01    0    1.94e+00
2005 08 01  0525    53583   19500      0    3.41e+01    0    1.96e+00
2005 08 01  0530    53583   19800      0    3.43e+01    0    1.67e+00
2005 08 01  0535    53583   20100      0    3.55e+01    0    1.55e+00
2005 08 01  0540    53583   20400      0    3.69e+01    0    1.79e+00
2005 08 01  0545    53583   20700      0    3.64e+01    0    1.83e+00
2005 08 01  0550    53583   21000      0    3.54e+01    0    1.76e+00
2005 08 01  0555    53583   21300      0    4.10e+01    0    1.88e+00
2005 08 01  0600    53583   21600      0    4.40e+01    0    1.77e+00
2005 08 01  0605    53583   21900      0    2.92e+01    0    1.68e+00
2005 08 01  0610    53583   22200      0    2.87e+01    0    1.64e+00
2005 08 01  0615    53583   22500      0    2.71e+01    0    1.62e+00
2005 08 01  0620    53583   22800      0    2.65e+01    0    1.80e+00
2005 08 01  0625    53583   23100      0    2.60e+01    0    1.58e+00
2005 08 01  0630    53583   23400      0    2.43e+01    0    1.69e+00
2005 08 01  0635    53583   23700      0    2.11e+01    0    1.61e+00
2005 08 01  0640    53583   24000      0    2.08e+01    0    1.65e+00
2005 08 01  0645    53583   24300      0    1.96e+01    0    1.58e+00
2005 08 01  0650    53583   24600      0    1.86e+01    0    1.48e+00
2005 08 01  0655    53583   24900      0    1.85e+01    0    1.44e+00
2005 08 01  0700    53583   25200      0    2.02e+01    0    1.53e+00
2005 08 01  0705    53583   25500      0    2.21e+01    0    1.75e+00
2005 08 01  0710    53583   25800      0    2.22e+01    0    1.64e+00
2005 08 01  0715    53583   26100      0    2.25e+01    0    1.70e+00
2005 08 01  0720    53583   26400      0    2.23e+01    0    1.86e+00
2005 08 01  0725    53583   26700      0    2.08e+01    0    1.43e+00
2005 08 01  0730    53583   27000      0    1.92e+01    0    1.66e+00
2005 08 01  0735    53583   27300      0    2.00e+01    0    1.58e+00
2005 08 01  0740    53583   27600      0    1.99e+01    0    1.39e+00
2005 08 01  0745    53583   27900      0    1.88e+01    0    1.50e+00
2005 08 01  0750    53583   28200      0    1.89e+01    0    1.56e+00
2005 08 01  0755    53583   28500      0    1.80e+01    0    1.40e+00
2005 08 01  0800    53583   28800      0    1.83e+01    0    1.43e+00
2005 08 01  0805    53583   29100      0    1.84e+01    0    1.35e+00
2005 08 01  0810    53583   29400      0    1.96e+01    0    1.48e+00
2005 08 01  0815    53583   29700      0    2.15e+01    0    1.57e+00
2005 08 01  0820    53583   30000      0    1.99e+01    0    1.79e+00
2005 08 01  0825    53583   30300      0    1.73e+01    0    1.42e+00
2005 08 01  0830    53583   30600      0    1.70e+01    0    1.66e+00
2005 08 01  0835    53583   30900      0    1.75e+01    0    1.45e+00
2005 08 01  0840    53583   31200      0    1.80e+01    0    1.52e+00
2005 08 01  0845    53583   31500      0    1.84e+01    0    1.66e+00
2005 08 01  0850    53583   31800      0    1.81e+01    0    1.59e+00
2005 08 01  0855    53583   32100      0    1.76e+01    0    1.54e+00
2005 08 01  0900    53583   32400      0    1.80e+01    0    1.38e+00
2005 08 01  0905    53583   32700      0    1.73e+01    0    1.51e+00
2005 08 01  0910    53583   33000      0    1.60e+01    0    1.36e+00
2005 08 01  0915    53583   33300      0    1.63e+01    0    1.49e+00
2005 08 01  0920    53583   33600      0    1.60e+01    0    1.44e+00
2005 08 01  0925    53583   33900      0    1.50e+01    0    1.42e+00
2005 08 01  0930    53583   34200      0    1.52e+01    0    1.51e+00
2005 08 01  0935    53583   34500      0    1.52e+01    0    1.31e+00
2005 08 01  0940    53583   34800      0    1.50e+01    0    1.43e+00
2005 08 01  0945    53583   35100      0    1.46e+01    0    1.38e+00
2005 08 01  0950    53583   35400      0    1.41e+01    0    1.49e+00
2005 08 01  0955    53583   35700      0    1.34e+01    0    1.24e+00
2005 08 01  1000    53583   36000      0    1.32e+01    0    1.34e+00
2005 08 01  1005    53583   36300      0    1.32e+01    0    1.40e+00
2005 08 01  1010    53583   36600      0    1.37e+01    0    1.44e+00
2005 08 01  1015    53583   36900      0    1.31e+01    0    1.34e+00
2005 08 01  1020    53583   37200      0    1.35e+01    0    1.54e+00
2005 08 01  1025    53583   37500      0    1.30e+01    0    1.48e+00
2005 08 01  1030    53583   37800      0    1.28e+01    0    1.25e+00
2005 08 01  1035    53583   38100      0    1.34e+01    0    1.43e+00
2005 08 01  1040    53583   38400      0    1.38e+01    0    1.38e+00
2005 08 01  1045    53583   38700      0    1.35e+01    0    1.52e+00
2005 08 01  1050    53583   39000      0    1.27e+01    0    1.51e+00
2005 08 01  1055    53583   39300      0    1.28e+01    0    1.42e+00
2005 08 01  1100    53583   39600      0    1.29e+01    0    1.39e+00
2005 08 01  1105    53583   39900      0    1.28e+01    0    1.49e+00
2005 08 01  1110    53583   40200      0    1.23e+01    0    1.46e+00
2005 08 01  1115    53583   40500      0    1.21e+01    0    1.30e+00
2005 08 01  1120    53583   40800      0    1.20e+01    0    1.45e+00
2005 08 01  1125    53583   41100      0    1.15e+01    0    1.32e+00
2005 08 01  1130    53583   41400      0    1.17e+01    0    1.39e+00
2005 08 01  1135    53583   41700      0    1.20e+01    0    1.46e+00
2005 08 01  1140    53583   42000      0    1.28e+01    0    1.52e+00
2005 08 01  1145    53583   42300      0    1.26e+01    0    1.38e+00
2005 08 01  1150    53583   42600      0    1.25e+01    0    1.56e+00
2005 08 01  1155    53583   42900      0    1.27e+01    0    1.50e+00
2005 08 01  1200    53583   43200      0    1.14e+01    0    1.34e+00
2005 08 01  1205    53583   43500      0    1.16e+01    0    1.40e+00
2005 08 01  1210    53583   43800      0    1.14e+01    0    1.32e+00
2005 08 01  1215    53583   44100      0    1.13e+01    0    1.35e+00
2005 08 01  1220    53583   44400      0    1.12e+01    0    1.32e+00
2005 08 01  1225    53583   44700      0    1.13e+01    0    1.32e+00
2005 08 01  1230    53583   45000      0    1.12e+01    0    1.46e+00
2005 08 01  1235    53583   45300      0    1.11e+01    0    1.38e+00
2005 08 01  1240    53583   45600      0    1.15e+01    0    1.48e+00
2005 08 01  1245    53583   45900      0    1.18e+01    0    1.41e+00
2005 08 01  1250    53583   46200      0    1.17e+01    0    1.40e+00
2005 08 01  1255    53583   46500      0    1.13e+01    0    1.41e+00
2005 08 01  1300    53583   46800      0    1.13e+01    0    1.36e+00
2005 08 01  1305    53583   47100      0    1.10e+01    0    1.25e+00
2005 08 01  1310    53583   47400      0    1.13e+01    0    1.38e+00
2005 08 01  1315    53583   47700      0    1.08e+01    0    1.44e+00
2005 08 01  1320    53583   48000      0    1.05e+01    0    1.46e+00
2005 08 01  1325    53583   48300      0    1.03e+01    0    1.24e+00
2005 08 01  1330    53583   48600      0    1.05e+01    0    1.43e+00
2005 08 01  1335    53583   48900      0    1.03e+01    0    1.37e+00
2005 08 01  1340    53583   49200      0    1.02e+01    0    1.31e+00
2005 08 01  1345    53583   49500      0    1.04e+01    0    1.37e+00
2005 08 01  1350    53583   49800      0    1.05e+01    0    1.40e+00
2005 08 01  1355    53583   50100      0    1.02e+01    0    1.44e+00
2005 08 01  1400    53583   50400      0    1.04e+01    0    1.54e+00
2005 08 01  1405    53583   50700      0    1.03e+01    0    1.48e+00
2005 08 01  1410    53583   51000      0    9.93e+00    0    1.32e+00
2005 08 01  1415    53583   51300      0    1.00e+01    0    1.30e+00
2005 08 01  1420    53583   51600      0    9.69e+00    0    1.38e+00
2005 08 01  1425    53583   51900      0    9.48e+00    0    1.39e+00
2005 08 01  1430    53583   52200      0    9.26e+00    0    1.38e+00
2005 08 01  1435    53583   52500      0    8.99e+00    0    1.29e+00
2005 08 01  1440    53583   52800      0    9.15e+00    0    1.42e+00
2005 08 01  1445    53583   53100      0    8.86e+00    0    1.31e+00
2005 08 01  1450    53583   53400      0    7.83e+00    0    1.24e+00
2005 08 01  1455    53583   53700      0    7.94e+00    0    1.29e+00
2005 08 01  1500    53583   54000      0    7.85e+00    0    1.32e+00
2005 08 01  1505    53583   54300      0    7.68e+00    0    1.29e+00
2005 08 01  1510    53583   54600      0    8.27e+00    0    1.33e+00
2005 08 01  1515    53583   54900      0    8.33e+00    0    1.32e+00
2005 08 01  1520    53583   55200      0    8.43e+00    0    1.37e+00
2005 08 01  1525    53583   55500      0    8.18e+00    0    1.33e+00
2005 08 01  1530    53583   55800      0    8.17e+00    0    1.39e+00
2005 08 01  1535    53583   56100      0    8.26e+00    0    1.21e+00
2005 08 01  1540    53583   56400      0    8.30e+00    0    1.37e+00
2005 08 01  1545    53583   56700      0    8.31e+00    0    1.39e+00
2005 08 01  1550    53583   57000      0    8.17e+00    0    1.26e+00
2005 08 01  1555    53583   57300      0    7.91e+00    0    1.29e+00
2005 08 01  1600    53583   57600      0    7.92e+00    0    1.22e+00
2005 08 01  1605    53583   57900      0    7.75e+00    0    1.22e+00
2005 08 01  1610    53583   58200      0    7.94e+00    0    1.28e+00
2005 08 01  1615    53583   58500      0    7.82e+00    0    1.38e+00
2005 08 01  1620    53583   58800      0    7.38e+00    0    1.34e+00
2005 08 01  1625    53583   59100      0    7.46e+00    0    1.29e+00
2005 08 01  1630    53583   59400      0    7.55e+00    0    1.33e+00
2005 08 01  1635    53583   59700      0    7.90e+00    0    1.35e+00
2005 08 01  1640    53583   60000      0    7.85e+00    0    1.38e+00
2005 08 01  1645    53583   60300      0    7.44e+00    0    1.30e+00
2005 08 01  1650    53583   60600      0    7.33e+00    0    1.13e+00
2005 08 01  1655    53583   60900      0    7.16e+00    0    1.34e+00
2005 08 01  1700    53583   61200      0    7.12e+00    0    1.32e+00
2005 08 01  1705    53583   61500      0    7.64e+00    0    1.29e+00
2005 08 01  1710    53583   61800      0    7.92e+00    0    1.24e+00
2005 08 01  1715    53583   62100      0    8.34e+00    0    1.35e+00
2005 08 01  1720    53583   62400      0    7.85e+00    0    1.17e+00
2005 08 01  1725    53583   62700      0    8.15e+00    0    1.23e+00
2005 08 01  1730    53583   63000      0    8.46e+00    0    1.34e+00
2005 08 01  1735    53583   63300      0    8.03e+00    0    1.27e+00
2005 08 01  1740    53583   63600      0    8.43e+00    0    1.37e+00
2005 08 01  1745    53583   63900      0    8.20e+00    0    1.31e+00
2005 08 01  1750    53583   64200      0    8.11e+00    0    1.25e+00
2005 08 01  1755    53583   64500      0    8.12e+00    0    1.25e+00
2005 08 01  1800    53583   64800      0    8.02e+00    0    1.35e+00
2005 08 01  1805    53583   65100      0    7.99e+00    0    1.33e+00
2005 08 01  1810    53583   65400      0    8.05e+00    0    1.28e+00
2005 08 01  1815    53583   65700      0    8.42e+00    0    1.34e+00
2005 08 01  1820    53583   66000      0    8.43e+00    0    1.31e+00
2005 08 01  1825    53583   66300      0    9.09e+00    0    1.32e+00
2005 08 01  1830    53583   66600      0    9.61e+00    0    1.43e+00
2005 08 01  1835    53583   66900      0    9.47e+00    0    1.40e+00
2005 08 01  1840    53583   67200      0    8.79e+00    0    1.31e+00
2005 08 01  1845    53583   67500      0    8.20e+00    0    1.33e+00
2005 08 01  1850    53583   67800      0    7.96e+00    0    1.27e+00
2005 08 01  1855    53583   68100      0    7.83e+00    0    1.30e+00
2005 08 01  1900    53583   68400      0    7.79e+00    0    1.25e+00
2005 08 01  1905    53583   68700      0    7.94e+00    0    1.32e+00
2005 08 01  1910    53583   69000      0    7.76e+00    0    1.31e+00
2005 08 01  1915    53583   69300      0    8.01e+00    0    1.42e+00
2005 08 01  1920    53583   69600      0    7.82e+00    0    1.29e+00
2005 08 01  1925    53583   69900      0    7.85e+00    0    1.30e+00
2005 08 01  1930    53583   70200      0    7.70e+00    0    1.29e+00
2005 08 01  1935    53583   70500      0    7.82e+00    0    1.30e+00
2005 08 01  1940    53583   70800      0    7.83e+00    0    1.34e+00
2005 08 01  1945    53583   71100      0    7.68e+00    0    1.42e+00
2005 08 01  1950    53583   71400      0    7.53e+00    0    1.23e+00
2005 08 01  1955    53583   71700      0    7.77e+00    0    1.36e+00
2005 08 01  2000    53583   72000      0    7.58e+00    0    1.27e+00
2005 08 01  2005    53583   72300      0    7.69e+00    0    1.33e+00
2005 08 01  2010    53583   72600      0    7.35e+00    0    1.30e+00
2005 08 01  2015    53583   72900      0    7.66e+00    0    1.36e+00
2005 08 01  2020    53583   73200      0    7.64e+00    0    1.47e+00
2005 08 01  2025    53583   73500      0    7.52e+00    0    1.32e+00
2005 08 01  2030    53583   73800      0    7.39e+00    0    1.29e+00
2005 08 01  2035    53583   74100      0    7.55e+00    0    1.25e+00
2005 08 01  2040    53583   74400      0    7.71e+00    0    1.34e+00
2005 08 01  2045    53583   74700      0    8.01e+00    0    1.41e+00
2005 08 01  2050    53583   75000      0    7.96e+00    0    1.33e+00
2005 08 01  2055    53583   75300      0    7.79e+00    0    1.24e+00
2005 08 01  2100    53583   75600      0    8.30e+00    0    1.35e+00
2005 08 01  2105    53583   75900      0    8.23e+00    0    1.34e+00
2005 08 01  2110    53583   76200      0    7.95e+00    0    1.29e+00
2005 08 01  2115    53583   76500      0    7.83e+00    0    1.32e+00
2005 08 01  2120    53583   76800      0    7.61e+00    0    1.29e+00
2005 08 01  2125    53583   77100      0    7.58e+00    0    1.33e+00
2005 08 01  2130    53583   77400      0    7.58e+00    0    1.33e+00
2005 08 01  2135    53583   77700      0    7.31e+00    0    1.23e+00
2005 08 01  2140    53583   78000      0    7.58e+00    0    1.37e+00
2005 08 01  2145    53583   78300      0    7.77e+00    0    1.26e+00
2005 08 01  2150    53583   78600      0    7.91e+00    0    1.38e+00
2005 08 01  2155    53583   78900      0    8.35e+00    0    1.24e+00
2005 08 01  2200    53583   79200      0    8.81e+00    0    1.32e+00
2005 08 01  2205    53583   79500      0    9.15e+00    0    1.36e+00
2005 08 01  2210    53583   79800      0    9.13e+00    0    1.38e+00
2005 08 01  2215    53583   80100      0    9.43e+00    0    1.33e+00
2005 08 01  2220    53583   80400      0    9.15e+00    0    1.31e+00
2005 08 01  2225    53583   80700      0    9.41e+00    0    1.36e+00
2005 08 01  2230    53583   81000      0    9.43e+00    0    1.40e+00
2005 08 01  2235    53583   81300      0    9.17e+00    0    1.29e+00
2005 08 01  2240    53583   81600      0    9.32e+00    0    1.33e+00
2005 08 01  2245    53583   81900      0    9.10e+00    0    1.40e+00
2005 08 01  2250    53583   82200      0    9.10e+00    0    1.22e+00
2005 08 01  2255    53583   82500      0    9.21e+00    0    1.38e+00
2005 08 01  2300    53583   82800      0    9.48e+00    0    1.40e+00
2005 08 01  2305    53583   83100      0    9.25e+00    0    1.33e+00
2005 08 01  2310    53583   83400      0    9.51e+00    0    1.26e+00
2005 08 01  2315    53583   83700      0    9.47e+00    0    1.29e+00
2005 08 01  2320    53583   84000      0    9.42e+00    0    1.36e+00
2005 08 01  2325    53583   84300      0    9.21e+00    0    1.29e+00
2005 08 01  2330    53583   84600      0    9.31e+00    0    1.34e+00
2005 08 01  2335    53583   84900      0    9.55e+00    0    1.40e+00
2005 08 01  2340    53583   85200      0    9.34e+00    0    1.27e+00
2005 08 01  2345    53583   85500      0    9.02e+00    0    1.33e+00
2005 08 01  2350    53583   85800      0    9.14e+00    0    1.32e+00
2005 08 01  2355    53583   86100      0    9.28e+00    0    1.41e+00
