:Data_list: 20050527_ace_sis_5m.txt
:Created: 2005 May 28 0011 UT
# Prepared by the U.S. Dept. of Commerce, NOAA, Space Environment Center.
# Please send comments and suggestions to SEC.Webmaster@noaa.gov 
# 
# Units: proton flux p/cs2-sec-ster
# Status(S): 0 = nominal data, 1 to 8 = bad data record, 9 = no data
# Missing data values: -1.00e+05
# Source: ACE Satellite - Solar Isotope Spectrometer
#
# 5-minute averaged Real-time Integral Flux of High-energy Solar Protons
# 
#                 Modified Seconds
# UT Date   Time   Julian  of the      ---- Integral Proton Flux ----
# YR MO DA  HHMM     Day     Day       S    > 10 MeV    S    > 30 MeV
#--------------------------------------------------------------------
2005 05 27  0000    53517       0      0    1.24e+00    0    8.61e-01
2005 05 27  0005    53517     300      0    1.26e+00    0    8.80e-01
2005 05 27  0010    53517     600      0    1.25e+00    0    8.66e-01
2005 05 27  0015    53517     900      0    1.22e+00    0    8.43e-01
2005 05 27  0020    53517    1200      0    1.23e+00    0    8.48e-01
2005 05 27  0025    53517    1500      0    1.21e+00    0    8.42e-01
2005 05 27  0030    53517    1800      0    1.22e+00    0    8.41e-01
2005 05 27  0035    53517    2100      0    1.24e+00    0    8.62e-01
2005 05 27  0040    53517    2400      0    1.21e+00    0    8.47e-01
2005 05 27  0045    53517    2700      0    1.23e+00    0    8.56e-01
2005 05 27  0050    53517    3000      0    1.26e+00    0    8.87e-01
2005 05 27  0055    53517    3300      0    1.22e+00    0    8.43e-01
2005 05 27  0100    53517    3600      0    1.22e+00    0    8.55e-01
2005 05 27  0105    53517    3900      0    1.23e+00    0    8.52e-01
2005 05 27  0110    53517    4200      0    1.22e+00    0    8.52e-01
2005 05 27  0115    53517    4500      0    1.24e+00    0    8.73e-01
2005 05 27  0120    53517    4800      0    1.21e+00    0    8.39e-01
2005 05 27  0125    53517    5100      0    1.21e+00    0    8.41e-01
2005 05 27  0130    53517    5400      0    1.22e+00    0    8.43e-01
2005 05 27  0135    53517    5700      0    1.19e+00    0    8.31e-01
2005 05 27  0140    53517    6000      0    1.27e+00    0    8.82e-01
2005 05 27  0145    53517    6300      0    1.22e+00    0    8.50e-01
2005 05 27  0150    53517    6600      0    1.24e+00    0    8.60e-01
2005 05 27  0155    53517    6900      0    1.16e+00    0    8.27e-01
2005 05 27  0200    53517    7200      0    1.22e+00    0    8.50e-01
2005 05 27  0205    53517    7500      0    1.24e+00    0    8.56e-01
2005 05 27  0210    53517    7800      0    1.23e+00    0    8.60e-01
2005 05 27  0215    53517    8100      0    1.18e+00    0    8.14e-01
2005 05 27  0220    53517    8400      0    1.20e+00    0    8.41e-01
2005 05 27  0225    53517    8700      0    1.22e+00    0    8.52e-01
2005 05 27  0230    53517    9000      0    1.22e+00    0    8.58e-01
2005 05 27  0235    53517    9300      0    1.24e+00    0    8.61e-01
2005 05 27  0240    53517    9600      0    1.23e+00    0    8.58e-01
2005 05 27  0245    53517    9900      0    1.22e+00    0    8.45e-01
2005 05 27  0250    53517   10200      0    1.23e+00    0    8.61e-01
2005 05 27  0255    53517   10500      0    1.22e+00    0    8.63e-01
2005 05 27  0300    53517   10800      0    1.21e+00    0    8.45e-01
2005 05 27  0305    53517   11100      0    1.18e+00    0    8.21e-01
2005 05 27  0310    53517   11400      0    1.24e+00    0    8.66e-01
2005 05 27  0315    53517   11700      0    1.21e+00    0    8.49e-01
2005 05 27  0320    53517   12000      0    1.22e+00    0    8.53e-01
2005 05 27  0325    53517   12300      0    1.22e+00    0    8.52e-01
2005 05 27  0330    53517   12600      0    1.22e+00    0    8.53e-01
2005 05 27  0335    53517   12900      0    1.19e+00    0    8.23e-01
2005 05 27  0340    53517   13200      0    1.22e+00    0    8.55e-01
2005 05 27  0345    53517   13500      0    1.25e+00    0    8.74e-01
2005 05 27  0350    53517   13800      0    1.23e+00    0    8.59e-01
2005 05 27  0355    53517   14100      0    1.23e+00    0    8.60e-01
2005 05 27  0400    53517   14400      0    1.24e+00    0    8.65e-01
2005 05 27  0405    53517   14700      0    1.24e+00    0    8.73e-01
2005 05 27  0410    53517   15000      0    1.23e+00    0    8.50e-01
2005 05 27  0415    53517   15300      0    1.25e+00    0    8.68e-01
2005 05 27  0420    53517   15600      0    1.23e+00    0    8.60e-01
2005 05 27  0425    53517   15900      0    1.25e+00    0    8.69e-01
2005 05 27  0430    53517   16200      0    1.25e+00    0    8.77e-01
2005 05 27  0435    53517   16500      0    1.21e+00    0    8.40e-01
2005 05 27  0440    53517   16800      0    1.23e+00    0    8.56e-01
2005 05 27  0445    53517   17100      0    1.24e+00    0    8.64e-01
2005 05 27  0450    53517   17400      0    1.24e+00    0    8.69e-01
2005 05 27  0455    53517   17700      0    1.24e+00    0    8.59e-01
2005 05 27  0500    53517   18000      0    1.19e+00    0    8.32e-01
2005 05 27  0505    53517   18300      0    1.24e+00    0    8.64e-01
2005 05 27  0510    53517   18600      0    1.22e+00    0    8.53e-01
2005 05 27  0515    53517   18900      0    1.24e+00    0    8.53e-01
2005 05 27  0520    53517   19200      0    1.22e+00    0    8.46e-01
2005 05 27  0525    53517   19500      0    1.22e+00    0    8.50e-01
2005 05 27  0530    53517   19800      0    1.24e+00    0    8.64e-01
2005 05 27  0535    53517   20100      0    1.23e+00    0    8.51e-01
2005 05 27  0540    53517   20400      0    1.23e+00    0    8.58e-01
2005 05 27  0545    53517   20700      0    1.22e+00    0    8.53e-01
2005 05 27  0550    53517   21000      0    1.22e+00    0    8.51e-01
2005 05 27  0555    53517   21300      0    1.22e+00    0    8.52e-01
2005 05 27  0600    53517   21600      0    1.22e+00    0    8.60e-01
2005 05 27  0605    53517   21900      0    1.24e+00    0    8.69e-01
2005 05 27  0610    53517   22200      0    1.24e+00    0    8.71e-01
2005 05 27  0615    53517   22500      0    1.23e+00    0    8.63e-01
2005 05 27  0620    53517   22800      0    1.25e+00    0    8.73e-01
2005 05 27  0625    53517   23100      0    1.26e+00    0    8.86e-01
2005 05 27  0630    53517   23400      0    1.22e+00    0    8.50e-01
2005 05 27  0635    53517   23700      0    1.24e+00    0    8.69e-01
2005 05 27  0640    53517   24000      0    1.23e+00    0    8.58e-01
2005 05 27  0645    53517   24300      0    1.22e+00    0    8.59e-01
2005 05 27  0650    53517   24600      0    1.23e+00    0    8.66e-01
2005 05 27  0655    53517   24900      0    1.22e+00    0    8.53e-01
2005 05 27  0700    53517   25200      0    1.26e+00    0    8.93e-01
2005 05 27  0705    53517   25500      0    1.25e+00    0    8.70e-01
2005 05 27  0710    53517   25800      0    1.22e+00    0    8.56e-01
2005 05 27  0715    53517   26100      0    1.22e+00    0    8.44e-01
2005 05 27  0720    53517   26400      0    1.20e+00    0    8.30e-01
2005 05 27  0725    53517   26700      0    1.23e+00    0    8.55e-01
2005 05 27  0730    53517   27000      0    1.24e+00    0    8.68e-01
2005 05 27  0735    53517   27300      0    1.24e+00    0    8.68e-01
2005 05 27  0740    53517   27600      0    1.24e+00    0    8.66e-01
2005 05 27  0745    53517   27900      0    1.25e+00    0    8.69e-01
2005 05 27  0750    53517   28200      0    1.21e+00    0    8.49e-01
2005 05 27  0755    53517   28500      0    1.21e+00    0    8.52e-01
2005 05 27  0800    53517   28800      0    1.23e+00    0    8.53e-01
2005 05 27  0805    53517   29100      0    1.23e+00    0    8.65e-01
2005 05 27  0810    53517   29400      0    1.21e+00    0    8.31e-01
2005 05 27  0815    53517   29700      0    1.23e+00    0    8.49e-01
2005 05 27  0820    53517   30000      0    1.23e+00    0    8.60e-01
2005 05 27  0825    53517   30300      0    1.25e+00    0    8.73e-01
2005 05 27  0830    53517   30600      0    1.23e+00    0    8.67e-01
2005 05 27  0835    53517   30900      0    1.24e+00    0    8.76e-01
2005 05 27  0840    53517   31200      0    1.22e+00    0    8.46e-01
2005 05 27  0845    53517   31500      0    1.25e+00    0    8.81e-01
2005 05 27  0850    53517   31800      0    1.24e+00    0    8.66e-01
2005 05 27  0855    53517   32100      0    1.23e+00    0    8.54e-01
2005 05 27  0900    53517   32400      0    1.23e+00    0    8.65e-01
2005 05 27  0905    53517   32700      0    1.22e+00    0    8.52e-01
2005 05 27  0910    53517   33000      0    1.24e+00    0    8.70e-01
2005 05 27  0915    53517   33300      0    1.24e+00    0    8.73e-01
2005 05 27  0920    53517   33600      0    1.24e+00    0    8.71e-01
2005 05 27  0925    53517   33900      0    1.23e+00    0    8.56e-01
2005 05 27  0930    53517   34200      0    1.23e+00    0    8.69e-01
2005 05 27  0935    53517   34500      0    1.22e+00    0    8.49e-01
2005 05 27  0940    53517   34800      0    1.21e+00    0    8.47e-01
2005 05 27  0945    53517   35100      0    1.23e+00    0    8.49e-01
2005 05 27  0950    53517   35400      0    1.24e+00    0    8.56e-01
2005 05 27  0955    53517   35700      0    1.26e+00    0    8.88e-01
2005 05 27  1000    53517   36000      0    1.23e+00    0    8.66e-01
2005 05 27  1005    53517   36300      0    1.22e+00    0    8.49e-01
2005 05 27  1010    53517   36600      0    1.23e+00    0    8.67e-01
2005 05 27  1015    53517   36900      0    1.22e+00    0    8.58e-01
2005 05 27  1020    53517   37200      0    1.24e+00    0    8.61e-01
2005 05 27  1025    53517   37500      0    1.20e+00    0    8.41e-01
2005 05 27  1030    53517   37800      0    1.25e+00    0    8.80e-01
2005 05 27  1035    53517   38100      0    1.21e+00    0    8.50e-01
2005 05 27  1040    53517   38400      0    1.21e+00    0    8.46e-01
2005 05 27  1045    53517   38700      0    1.22e+00    0    8.53e-01
2005 05 27  1050    53517   39000      0    1.21e+00    0    8.52e-01
2005 05 27  1055    53517   39300      0    1.20e+00    0    8.22e-01
2005 05 27  1100    53517   39600      0    1.18e+00    0    8.33e-01
2005 05 27  1105    53517   39900      0    1.22e+00    0    8.54e-01
2005 05 27  1110    53517   40200      0    1.22e+00    0    8.54e-01
2005 05 27  1115    53517   40500      0    1.22e+00    0    8.45e-01
2005 05 27  1120    53517   40800      0    1.19e+00    0    8.49e-01
2005 05 27  1125    53517   41100      0    1.22e+00    0    8.44e-01
2005 05 27  1130    53517   41400      0    1.21e+00    0    8.41e-01
2005 05 27  1135    53517   41700      0    1.23e+00    0    8.69e-01
2005 05 27  1140    53517   42000      0    1.19e+00    0    8.39e-01
2005 05 27  1145    53517   42300      0    1.22e+00    0    8.64e-01
2005 05 27  1150    53517   42600      0    1.21e+00    0    8.54e-01
2005 05 27  1155    53517   42900      0    1.22e+00    0    8.57e-01
2005 05 27  1200    53517   43200      0    1.27e+00    0    8.83e-01
2005 05 27  1205    53517   43500      0    1.23e+00    0    8.60e-01
2005 05 27  1210    53517   43800      0    1.25e+00    0    8.76e-01
2005 05 27  1215    53517   44100      0    1.24e+00    0    8.60e-01
2005 05 27  1220    53517   44400      0    1.23e+00    0    8.59e-01
2005 05 27  1225    53517   44700      0    1.22e+00    0    8.61e-01
2005 05 27  1230    53517   45000      0    1.23e+00    0    8.64e-01
2005 05 27  1235    53517   45300      0    1.20e+00    0    8.38e-01
2005 05 27  1240    53517   45600      0    1.21e+00    0    8.41e-01
2005 05 27  1245    53517   45900      0    1.24e+00    0    8.73e-01
2005 05 27  1250    53517   46200      0    1.25e+00    0    8.73e-01
2005 05 27  1255    53517   46500      0    1.25e+00    0    8.79e-01
2005 05 27  1300    53517   46800      0    1.23e+00    0    8.56e-01
2005 05 27  1305    53517   47100      0    1.23e+00    0    8.53e-01
2005 05 27  1310    53517   47400      0    1.24e+00    0    8.68e-01
2005 05 27  1315    53517   47700      0    1.22e+00    0    8.53e-01
2005 05 27  1320    53517   48000      0    1.21e+00    0    8.44e-01
2005 05 27  1325    53517   48300      0    1.23e+00    0    8.56e-01
2005 05 27  1330    53517   48600      0    1.22e+00    0    8.51e-01
2005 05 27  1335    53517   48900      0    1.20e+00    0    8.41e-01
2005 05 27  1340    53517   49200      0    1.20e+00    0    8.30e-01
2005 05 27  1345    53517   49500      0    1.22e+00    0    8.52e-01
2005 05 27  1350    53517   49800      0    1.21e+00    0    8.48e-01
2005 05 27  1355    53517   50100      0    1.21e+00    0    8.46e-01
2005 05 27  1400    53517   50400      0    1.22e+00    0    8.53e-01
2005 05 27  1405    53517   50700      0    1.22e+00    0    8.49e-01
2005 05 27  1410    53517   51000      0    1.24e+00    0    8.77e-01
2005 05 27  1415    53517   51300      0    1.21e+00    0    8.48e-01
2005 05 27  1420    53517   51600      0    1.16e+00    0    8.10e-01
2005 05 27  1425    53517   51900      0    1.23e+00    0    8.61e-01
2005 05 27  1430    53517   52200      0    1.25e+00    0    8.67e-01
2005 05 27  1435    53517   52500      0    1.23e+00    0    8.60e-01
2005 05 27  1440    53517   52800      0    1.23e+00    0    8.52e-01
2005 05 27  1445    53517   53100      0    1.24e+00    0    8.69e-01
2005 05 27  1450    53517   53400      0    1.21e+00    0    8.49e-01
2005 05 27  1455    53517   53700      0    1.22e+00    0    8.51e-01
2005 05 27  1500    53517   54000      0    1.20e+00    0    8.53e-01
2005 05 27  1505    53517   54300      0    1.22e+00    0    8.41e-01
2005 05 27  1510    53517   54600      0    1.22e+00    0    8.48e-01
2005 05 27  1515    53517   54900      0    1.22e+00    0    8.59e-01
2005 05 27  1520    53517   55200      0    1.22e+00    0    8.56e-01
2005 05 27  1525    53517   55500      0    1.19e+00    0    8.29e-01
2005 05 27  1530    53517   55800      0    1.25e+00    0    8.84e-01
2005 05 27  1535    53517   56100      0    1.23e+00    0    8.52e-01
2005 05 27  1540    53517   56400      0    1.22e+00    0    8.55e-01
2005 05 27  1545    53517   56700      0    1.21e+00    0    8.54e-01
2005 05 27  1550    53517   57000      0    1.20e+00    0    8.44e-01
2005 05 27  1555    53517   57300      0    1.22e+00    0    8.50e-01
2005 05 27  1600    53517   57600      0    1.22e+00    0    8.51e-01
2005 05 27  1605    53517   57900      0    1.23e+00    0    8.78e-01
2005 05 27  1610    53517   58200      0    1.23e+00    0    8.62e-01
2005 05 27  1615    53517   58500      0    1.21e+00    0    8.52e-01
2005 05 27  1620    53517   58800      0    1.23e+00    0    8.59e-01
2005 05 27  1625    53517   59100      0    1.26e+00    0    8.77e-01
2005 05 27  1630    53517   59400      0    1.23e+00    0    8.71e-01
2005 05 27  1635    53517   59700      0    1.22e+00    0    8.57e-01
2005 05 27  1640    53517   60000      0    1.22e+00    0    8.46e-01
2005 05 27  1645    53517   60300      0    1.22e+00    0    8.58e-01
2005 05 27  1650    53517   60600      0    1.20e+00    0    8.35e-01
2005 05 27  1655    53517   60900      0    1.22e+00    0    8.57e-01
2005 05 27  1700    53517   61200      0    1.22e+00    0    8.44e-01
2005 05 27  1705    53517   61500      0    1.22e+00    0    8.60e-01
2005 05 27  1710    53517   61800      0    1.24e+00    0    8.71e-01
2005 05 27  1715    53517   62100      0    1.24e+00    0    8.72e-01
2005 05 27  1720    53517   62400      0    1.24e+00    0    8.63e-01
2005 05 27  1725    53517   62700      0    1.24e+00    0    8.72e-01
2005 05 27  1730    53517   63000      0    1.20e+00    0    8.46e-01
2005 05 27  1735    53517   63300      0    1.22e+00    0    8.62e-01
2005 05 27  1740    53517   63600      0    1.27e+00    0    8.84e-01
2005 05 27  1745    53517   63900      0    1.21e+00    0    8.47e-01
2005 05 27  1750    53517   64200      0    1.23e+00    0    8.56e-01
2005 05 27  1755    53517   64500      0    1.24e+00    0    8.72e-01
2005 05 27  1800    53517   64800      0    1.23e+00    0    8.54e-01
2005 05 27  1805    53517   65100      0    1.21e+00    0    8.40e-01
2005 05 27  1810    53517   65400      0    1.22e+00    0    8.57e-01
2005 05 27  1815    53517   65700      0    1.23e+00    0    8.49e-01
2005 05 27  1820    53517   66000      0    1.21e+00    0    8.58e-01
2005 05 27  1825    53517   66300      0    1.23e+00    0    8.66e-01
2005 05 27  1830    53517   66600      0    1.25e+00    0    8.68e-01
2005 05 27  1835    53517   66900      0    1.24e+00    0    8.74e-01
2005 05 27  1840    53517   67200      0    1.25e+00    0    8.84e-01
2005 05 27  1845    53517   67500      0    1.22e+00    0    8.70e-01
2005 05 27  1850    53517   67800      0    1.24e+00    0    8.73e-01
2005 05 27  1855    53517   68100      0    1.22e+00    0    8.51e-01
2005 05 27  1900    53517   68400      0    1.21e+00    0    8.44e-01
2005 05 27  1905    53517   68700      0    1.25e+00    0    8.79e-01
2005 05 27  1910    53517   69000      0    1.20e+00    0    8.41e-01
2005 05 27  1915    53517   69300      0    1.22e+00    0    8.56e-01
2005 05 27  1920    53517   69600      0    1.22e+00    0    8.47e-01
2005 05 27  1925    53517   69900      0    1.22e+00    0    8.42e-01
2005 05 27  1930    53517   70200      0    1.22e+00    0    8.59e-01
2005 05 27  1935    53517   70500      0    1.22e+00    0    8.61e-01
2005 05 27  1940    53517   70800      0    1.21e+00    0    8.49e-01
2005 05 27  1945    53517   71100      0    1.19e+00    0    8.38e-01
2005 05 27  1950    53517   71400      0    1.26e+00    0    8.84e-01
2005 05 27  1955    53517   71700      0    1.23e+00    0    8.49e-01
2005 05 27  2000    53517   72000      0    1.21e+00    0    8.53e-01
2005 05 27  2005    53517   72300      0    1.21e+00    0    8.46e-01
2005 05 27  2010    53517   72600      0    1.24e+00    0    8.70e-01
2005 05 27  2015    53517   72900      0    1.22e+00    0    8.52e-01
2005 05 27  2020    53517   73200      9   -1.00e+05    9   -1.00e+05
2005 05 27  2025    53517   73500      0    1.29e+00    0    9.20e-01
2005 05 27  2030    53517   73800      0    1.23e+00    0    8.58e-01
2005 05 27  2035    53517   74100      0    1.21e+00    0    8.49e-01
2005 05 27  2040    53517   74400      0    1.21e+00    0    8.49e-01
2005 05 27  2045    53517   74700      0    1.22e+00    0    8.57e-01
2005 05 27  2050    53517   75000      0    1.23e+00    0    8.68e-01
2005 05 27  2055    53517   75300      0    1.24e+00    0    8.62e-01
2005 05 27  2100    53517   75600      9   -1.00e+05    9   -1.00e+05
2005 05 27  2105    53517   75900      9   -1.00e+05    9   -1.00e+05
2005 05 27  2110    53517   76200      9   -1.00e+05    9   -1.00e+05
2005 05 27  2115    53517   76500      9   -1.00e+05    9   -1.00e+05
2005 05 27  2120    53517   76800      9   -1.00e+05    9   -1.00e+05
2005 05 27  2125    53517   77100      9   -1.00e+05    9   -1.00e+05
2005 05 27  2130    53517   77400      9   -1.00e+05    9   -1.00e+05
2005 05 27  2135    53517   77700      9   -1.00e+05    9   -1.00e+05
2005 05 27  2140    53517   78000      9   -1.00e+05    9   -1.00e+05
2005 05 27  2145    53517   78300      9   -1.00e+05    9   -1.00e+05
2005 05 27  2150    53517   78600      9   -1.00e+05    9   -1.00e+05
2005 05 27  2155    53517   78900      9   -1.00e+05    9   -1.00e+05
2005 05 27  2200    53517   79200      0    1.14e+00    0    7.90e-01
2005 05 27  2205    53517   79500      0    1.23e+00    0    8.56e-01
2005 05 27  2210    53517   79800      0    1.25e+00    0    8.70e-01
2005 05 27  2215    53517   80100      0    1.21e+00    0    8.46e-01
2005 05 27  2220    53517   80400      0    1.22e+00    0    8.56e-01
2005 05 27  2225    53517   80700      0    1.22e+00    0    8.41e-01
2005 05 27  2230    53517   81000      0    1.22e+00    0    8.59e-01
2005 05 27  2235    53517   81300      0    1.23e+00    0    8.64e-01
2005 05 27  2240    53517   81600      0    1.22e+00    0    8.52e-01
2005 05 27  2245    53517   81900      0    1.21e+00    0    8.40e-01
2005 05 27  2250    53517   82200      0    1.24e+00    0    8.70e-01
2005 05 27  2255    53517   82500      0    1.16e+00    0    8.08e-01
2005 05 27  2300    53517   82800      0    1.22e+00    0    8.57e-01
2005 05 27  2305    53517   83100      0    1.23e+00    0    8.68e-01
2005 05 27  2310    53517   83400      0    1.21e+00    0    8.51e-01
2005 05 27  2315    53517   83700      0    1.24e+00    0    8.64e-01
2005 05 27  2320    53517   84000      0    1.15e+00    0    7.92e-01
2005 05 27  2325    53517   84300      0    1.24e+00    0    8.62e-01
2005 05 27  2330    53517   84600      0    1.22e+00    0    8.54e-01
2005 05 27  2335    53517   84900      0    1.22e+00    0    8.59e-01
2005 05 27  2340    53517   85200      0    1.24e+00    0    8.72e-01
2005 05 27  2345    53517   85500      0    1.22e+00    0    8.49e-01
2005 05 27  2350    53517   85800      0    1.22e+00    0    8.51e-01
2005 05 27  2355    53517   86100      0    1.22e+00    0    8.52e-01
