:Data_list: 20050107_ace_epam_5m.txt
:Created: 2005 Jan 08 0012 UT
# Prepared by the U.S. Dept. of Commerce, NOAA, Space Environment Center.
# Please send comments and suggestions to SEC.Webmaster@noaa.gov 
# 
# Units: Differential Flux particles/cm2-s-ster-MeV
# Units: Anisotropy Index 0.0 - 2.0
# Status(S): 0 = nominal, 4,6,7,8 = bad data, unable to process, 9 = no data
# Missing data values: -1.00e+05, index = -1.00
# Source: ACE Satellite - Electron, Proton, and Alpha Monitor
# 2004 Feb 04: see http://www.sec.noaa.gov/ftpdir/lists/ace/README for EPAM channel change notice.
#
#                      5-minute averaged Real-time Differential Electron and Proton Flux 
# 
#                Modified Seconds ---------------------------- Differential Flux --------------------------- 
# UT Date   Time  Julian  of the  ----- Electron -----   ------------------- Protons keV -------------------   Anis.
# YR MO DA  HHMM    Day    Day    S    38-53   175-315   S    47-68   115-195   310-580   761-1220 1060-1900   Ratio
#-------------------------------------------------------------------------------------------------------------------
2005 01 07  0000   53377       0  0  6.37e+02  1.57e+01  0  1.20e+03  2.12e+01  2.20e+00  5.40e-01  1.16e-01   0.88
2005 01 07  0005   53377     300  0  6.02e+02  1.79e+01  0  1.19e+03  1.87e+01  2.22e+00  9.53e-01  9.66e-02   0.39
2005 01 07  0010   53377     600  0  5.85e+02  1.85e+01  0  1.10e+03  1.68e+01  1.83e+00  7.21e-01  1.34e-01   0.93
2005 01 07  0015   53377     900  0  6.22e+02  1.72e+01  0  1.22e+03  1.90e+01  2.39e+00  8.73e-01  1.90e-01   0.34
2005 01 07  0020   53377    1200  0  5.38e+02  1.54e+01  0  1.16e+03  1.91e+01  2.31e+00  8.95e-01  1.16e-01   0.59
2005 01 07  0025   53377    1500  0  5.18e+02  1.67e+01  0  1.17e+03  1.98e+01  2.19e+00  6.48e-01  1.55e-01   0.58
2005 01 07  0030   53377    1800  0  5.81e+02  1.53e+01  0  1.12e+03  2.10e+01  1.90e+00  8.11e-01  1.47e-01   1.14
2005 01 07  0035   53377    2100  0  5.95e+02  1.28e+01  0  1.21e+03  2.04e+01  2.10e+00  7.24e-01  1.45e-01   0.71
2005 01 07  0040   53377    2400  0  5.77e+02  1.70e+01  0  1.16e+03  1.77e+01  2.07e+00  8.38e-01  1.55e-01   0.55
2005 01 07  0045   53377    2700  0  5.25e+02  1.70e+01  0  1.04e+03  1.71e+01  1.95e+00  8.00e-01  2.03e-01   0.81
2005 01 07  0050   53377    3000  0  6.93e+02  1.63e+01  0  1.17e+03  1.74e+01  1.86e+00  7.43e-01  1.45e-01   0.77
2005 01 07  0055   53377    3300  0  5.77e+02  1.45e+01  0  1.14e+03  1.92e+01  2.25e+00  7.43e-01  1.26e-01   0.91
2005 01 07  0100   53377    3600  0  5.74e+02  1.84e+01  0  1.14e+03  1.55e+01  1.68e+00  8.19e-01  1.26e-01   0.52
2005 01 07  0105   53377    3900  0  6.26e+02  1.33e+01  0  1.19e+03  1.66e+01  2.16e+00  5.82e-01  7.73e-02   0.64
2005 01 07  0110   53377    4200  0  5.67e+02  1.70e+01  0  1.23e+03  1.75e+01  1.77e+00  7.43e-01  1.16e-01   0.37
2005 01 07  0115   53377    4500  0  5.51e+02  1.59e+01  0  1.16e+03  1.90e+01  2.46e+00  7.81e-01  1.64e-01   0.88
2005 01 07  0120   53377    4800  0  5.32e+02  1.64e+01  0  1.09e+03  1.73e+01  1.80e+00  7.07e-01  1.47e-01   1.04
2005 01 07  0125   53377    5100  0  6.27e+02  1.70e+01  0  1.17e+03  1.72e+01  2.08e+00  6.51e-01  1.16e-01   0.25
2005 01 07  0130   53377    5400  0  5.00e+02  1.45e+01  0  1.20e+03  1.96e+01  1.80e+00  1.01e+00  2.03e-01   0.61
2005 01 07  0135   53377    5700  0  4.53e+02  1.66e+01  0  1.17e+03  2.05e+01  2.33e+00  6.44e-01  1.69e-01   0.72
2005 01 07  0140   53377    6000  0  6.00e+02  1.90e+01  0  1.16e+03  1.83e+01  2.14e+00  8.27e-01  1.34e-01   0.97
2005 01 07  0145   53377    6300  0  5.20e+02  1.70e+01  0  1.17e+03  1.86e+01  1.93e+00  6.86e-01  1.26e-01   0.86
2005 01 07  0150   53377    6600  0  4.64e+02  1.33e+01  0  1.18e+03  2.05e+01  2.39e+00  8.52e-01  1.05e-01   1.04
2005 01 07  0155   53377    6900  0  5.51e+02  1.62e+01  0  1.11e+03  2.21e+01  1.69e+00  7.56e-01  1.87e-01   0.88
2005 01 07  0200   53377    7200  0  5.79e+02  1.22e+01  0  1.23e+03  1.89e+01  2.59e+00  7.28e-01  1.58e-01   1.10
2005 01 07  0205   53377    7500  0  4.75e+02  1.68e+01  0  1.23e+03  2.12e+01  2.11e+00  1.04e+00  1.34e-01   1.12
2005 01 07  0210   53377    7800  0  6.13e+02  1.57e+01  0  1.13e+03  2.06e+01  1.97e+00  1.02e+00  1.45e-01   0.83
2005 01 07  0215   53377    8100  0  6.28e+02  1.37e+01  0  1.22e+03  2.27e+01  2.23e+00  9.35e-01  1.04e-01   0.31
2005 01 07  0220   53377    8400  0  4.54e+02  1.70e+01  0  1.19e+03  2.01e+01  2.30e+00  8.09e-01  9.66e-02   0.79
2005 01 07  0225   53377    8700  0  4.74e+02  1.62e+01  0  1.22e+03  1.92e+01  1.90e+00  9.35e-01  1.16e-01   0.79
2005 01 07  0230   53377    9000  0  5.54e+02  1.89e+01  0  1.14e+03  2.20e+01  2.36e+00  1.14e+00  1.69e-01   0.85
2005 01 07  0235   53377    9300  0  5.68e+02  1.29e+01  0  1.25e+03  2.13e+01  2.11e+00  1.16e+00  1.87e-01   0.74
2005 01 07  0240   53377    9600  0  5.78e+02  1.70e+01  0  1.20e+03  2.29e+01  1.64e+00  1.04e+00  8.43e-02   0.85
2005 01 07  0245   53377    9900  0  5.12e+02  1.65e+01  0  1.12e+03  2.15e+01  2.10e+00  1.01e+00  8.11e-02   0.51
2005 01 07  0250   53377   10200  0  5.09e+02  1.62e+01  0  1.21e+03  2.01e+01  2.61e+00  9.32e-01  5.27e-02   0.76
2005 01 07  0255   53377   10500  0  4.38e+02  1.70e+01  0  1.20e+03  2.20e+01  1.67e+00  9.15e-01  1.48e-01   0.82
2005 01 07  0300   53377   10800  0  5.34e+02  1.81e+01  0  1.17e+03  2.27e+01  2.40e+00  1.11e+00  1.47e-01   0.94
2005 01 07  0305   53377   11100  0  6.66e+02  1.72e+01  0  1.25e+03  2.33e+01  2.58e+00  9.53e-01  1.26e-01   0.78
2005 01 07  0310   53377   11400  0  5.38e+02  1.55e+01  0  1.25e+03  2.18e+01  1.70e+00  8.31e-01  1.69e-01   1.08
2005 01 07  0315   53377   11700  0  4.35e+02  1.56e+01  0  1.20e+03  2.37e+01  1.95e+00  1.30e+00  1.64e-01   0.80
2005 01 07  0320   53377   12000  0  4.98e+02  1.52e+01  0  1.09e+03  2.34e+01  2.22e+00  1.01e+00  2.03e-01   0.43
2005 01 07  0325   53377   12300  0  6.19e+02  1.67e+01  0  1.23e+03  2.20e+01  2.40e+00  9.72e-01  1.35e-01   0.81
2005 01 07  0330   53377   12600  0  4.68e+02  1.52e+01  0  1.23e+03  2.30e+01  2.34e+00  8.58e-01  1.35e-01   0.63
2005 01 07  0335   53377   12900  0  4.96e+02  1.54e+01  0  1.15e+03  2.01e+01  2.40e+00  1.01e+00  1.64e-01   0.52
2005 01 07  0340   53377   13200  0  5.65e+02  1.67e+01  0  1.27e+03  2.34e+01  2.13e+00  1.20e+00  1.64e-01   0.96
2005 01 07  0345   53377   13500  0  4.36e+02  1.53e+01  0  1.20e+03  2.38e+01  2.39e+00  1.02e+00  1.26e-01   0.95
2005 01 07  0350   53377   13800  0  4.65e+02  1.47e+01  0  1.20e+03  2.25e+01  2.13e+00  7.43e-01  1.35e-01   0.95
2005 01 07  0355   53377   14100  0  4.71e+02  1.54e+01  0  1.10e+03  2.17e+01  2.37e+00  9.15e-01  1.16e-01   0.22
2005 01 07  0400   53377   14400  0  6.06e+02  1.49e+01  0  1.17e+03  2.25e+01  1.97e+00  6.24e-01  2.74e-01   0.70
2005 01 07  0405   53377   14700  0  4.73e+02  1.44e+01  0  1.16e+03  1.94e+01  2.14e+00  7.21e-01  1.34e-01   0.45
2005 01 07  0410   53377   15000  0  5.03e+02  1.43e+01  0  1.13e+03  2.03e+01  2.13e+00  6.48e-01  8.69e-02   0.52
2005 01 07  0415   53377   15300  0  5.93e+02  1.95e+01  0  1.18e+03  1.91e+01  2.43e+00  7.07e-01  1.79e-01   0.45
2005 01 07  0420   53377   15600  0  4.24e+02  1.86e+01  0  1.21e+03  2.12e+01  2.08e+00  7.04e-01  1.07e-01   0.30
2005 01 07  0425   53377   15900  0  5.25e+02  1.89e+01  0  1.17e+03  1.99e+01  1.64e+00  8.94e-01  6.44e-02   0.59
2005 01 07  0430   53377   16200  0  5.14e+02  1.74e+01  0  1.20e+03  1.71e+01  2.36e+00  6.03e-01  3.48e-02   0.39
2005 01 07  0435   53377   16500  0  5.33e+02  1.67e+01  0  1.25e+03  1.97e+01  2.14e+00  7.56e-01  1.52e-01   0.67
2005 01 07  0440   53377   16800  0  4.73e+02  1.55e+01  0  1.20e+03  2.05e+01  2.16e+00  7.07e-01  1.90e-01   0.42
2005 01 07  0445   53377   17100  0  4.70e+02  1.77e+01  0  1.13e+03  1.89e+01  2.08e+00  8.44e-01  1.16e-01   0.73
2005 01 07  0450   53377   17400  0  5.97e+02  1.59e+01  0  1.22e+03  2.03e+01  2.44e+00  5.28e-01  1.78e-01   0.92
2005 01 07  0455   53377   17700  0  4.46e+02  1.82e+01  0  1.20e+03  1.99e+01  2.29e+00  7.69e-01  1.90e-01   0.84
2005 01 07  0500   53377   18000  0  4.58e+02  1.88e+01  0  1.16e+03  2.20e+01  2.05e+00  7.74e-01  1.96e-01   0.99
2005 01 07  0505   53377   18300  0  5.92e+02  1.51e+01  0  1.25e+03  1.89e+01  2.33e+00  7.90e-01  1.48e-01   0.30
2005 01 07  0510   53377   18600  0  4.70e+02  1.53e+01  0  1.21e+03  1.91e+01  2.13e+00  9.98e-01  9.48e-02   0.64
2005 01 07  0515   53377   18900  0  4.68e+02  1.41e+01  0  1.18e+03  2.35e+01  2.36e+00  8.44e-01  1.52e-01   0.64
2005 01 07  0520   53377   19200  0  5.14e+02  1.35e+01  0  1.12e+03  2.43e+01  2.26e+00  7.48e-01  1.90e-01   0.69
2005 01 07  0525   53377   19500  0  5.54e+02  1.77e+01  0  1.25e+03  2.32e+01  2.22e+00  8.96e-01  1.45e-01   0.71
2005 01 07  0530   53377   19800  0  4.67e+02  1.70e+01  0  1.28e+03  2.52e+01  2.86e+00  7.39e-01  1.07e-01   0.44
2005 01 07  0535   53377   20100  0  6.06e+02  1.57e+01  0  1.14e+03  2.30e+01  2.46e+00  8.73e-01  1.90e-01   0.95
2005 01 07  0540   53377   20400  0  5.73e+02  1.95e+01  0  1.21e+03  2.18e+01  2.19e+00  7.81e-01  1.64e-01   0.36
2005 01 07  0545   53377   20700  0  4.84e+02  1.84e+01  0  1.19e+03  2.19e+01  2.58e+00  7.62e-01  1.45e-01   0.38
2005 01 07  0550   53377   21000  0  4.40e+02  1.41e+01  0  1.21e+03  2.29e+01  2.03e+00  9.35e-01  1.58e-01   0.79
2005 01 07  0555   53377   21300  0  5.19e+02  1.91e+01  0  1.17e+03  2.14e+01  2.04e+00  9.53e-01  1.16e-01   0.46
2005 01 07  0600   53377   21600  0  4.60e+02  1.54e+01  0  1.23e+03  2.34e+01  2.22e+00  7.62e-01  1.83e-01   0.85
2005 01 07  0605   53377   21900  0  5.72e+02  1.70e+01  0  1.18e+03  2.12e+01  2.43e+00  6.86e-01  1.93e-01   0.55
2005 01 07  0610   53377   22200  0  4.51e+02  1.74e+01  0  1.15e+03  2.40e+01  2.49e+00  7.05e-01  1.74e-01   0.44
2005 01 07  0615   53377   22500  0  5.18e+02  1.86e+01  0  1.22e+03  2.30e+01  2.58e+00  6.48e-01  1.93e-01   0.67
2005 01 07  0620   53377   22800  0  4.28e+02  1.49e+01  0  1.20e+03  2.21e+01  2.22e+00  9.34e-01  1.74e-01   0.28
2005 01 07  0625   53377   23100  0  4.40e+02  1.68e+01  0  1.13e+03  2.33e+01  2.56e+00  8.11e-01  8.43e-02   0.50
2005 01 07  0630   53377   23400  0  4.95e+02  1.51e+01  0  1.20e+03  1.93e+01  2.43e+00  8.70e-01  1.82e-01   0.40
2005 01 07  0635   53377   23700  0  4.12e+02  1.56e+01  0  1.19e+03  2.44e+01  2.55e+00  7.81e-01  1.16e-01   0.60
2005 01 07  0640   53377   24000  0  4.31e+02  1.35e+01  0  1.29e+03  2.18e+01  2.10e+00  8.32e-01  1.62e-01   0.32
2005 01 07  0645   53377   24300  0  5.08e+02  1.50e+01  0  1.16e+03  2.54e+01  2.86e+00  8.79e-01  1.78e-01   0.21
2005 01 07  0650   53377   24600  0  5.57e+02  1.70e+01  0  1.31e+03  2.16e+01  2.88e+00  8.77e-01  1.64e-01   0.74
2005 01 07  0655   53377   24900  0  4.64e+02  1.84e+01  0  1.20e+03  2.44e+01  2.79e+00  8.11e-01  2.42e-01   0.39
2005 01 07  0700   53377   25200  0  4.65e+02  1.75e+01  0  1.15e+03  2.29e+01  3.02e+00  7.92e-01  1.69e-01   0.38
2005 01 07  0705   53377   25500  0  6.01e+02  1.84e+01  0  1.23e+03  2.17e+01  2.23e+00  7.07e-01  1.47e-01   0.49
2005 01 07  0710   53377   25800  0  4.67e+02  1.60e+01  0  1.19e+03  2.37e+01  2.07e+00  1.04e+00  1.48e-01   0.61
2005 01 07  0715   53377   26100  0  4.87e+02  1.75e+01  0  1.20e+03  2.11e+01  2.25e+00  9.15e-01  2.23e-01   0.86
2005 01 07  0720   53377   26400  0  4.72e+02  1.51e+01  0  1.12e+03  1.94e+01  2.65e+00  8.32e-01  1.79e-01   0.95
2005 01 07  0725   53377   26700  0  6.18e+02  1.37e+01  0  1.19e+03  2.08e+01  2.88e+00  9.50e-01  1.78e-01   0.15
2005 01 07  0730   53377   27000  0  4.00e+02  1.60e+01  0  1.20e+03  2.14e+01  2.44e+00  8.97e-01  9.81e-02   0.26
2005 01 07  0735   53377   27300  0  4.56e+02  1.82e+01  0  1.09e+03  2.26e+01  2.79e+00  9.15e-01  1.69e-01   0.73
2005 01 07  0740   53377   27600  0  5.37e+02  1.77e+01  0  1.21e+03  2.28e+01  2.97e+00  8.80e-01  9.66e-02   0.49
2005 01 07  0745   53377   27900  0  5.01e+02  1.82e+01  0  1.19e+03  2.21e+01  2.26e+00  8.11e-01  9.48e-02   0.46
2005 01 07  0750   53377   28200  0  4.36e+02  1.89e+01  0  1.16e+03  2.11e+01  2.00e+00  9.98e-01  1.26e-01   0.64
2005 01 07  0755   53377   28500  0  5.85e+02  1.59e+01  0  1.16e+03  2.07e+01  2.00e+00  9.67e-01  1.25e-01   0.32
2005 01 07  0800   53377   28800  0  5.28e+02  1.55e+01  0  1.21e+03  2.16e+01  2.56e+00  7.90e-01  1.16e-01   0.40
2005 01 07  0805   53377   29100  0  4.93e+02  1.40e+01  0  1.18e+03  2.33e+01  2.22e+00  7.62e-01  1.45e-01   0.71
2005 01 07  0810   53377   29400  0  5.65e+02  1.50e+01  0  1.11e+03  1.94e+01  1.83e+00  8.27e-01  1.87e-01   0.64
2005 01 07  0815   53377   29700  0  5.71e+02  1.78e+01  0  1.20e+03  1.95e+01  2.16e+00  9.15e-01  1.58e-01   0.31
2005 01 07  0820   53377   30000  0  4.46e+02  1.77e+01  0  1.21e+03  2.16e+01  2.25e+00  1.03e+00  1.26e-01   0.52
2005 01 07  0825   53377   30300  0  4.48e+02  1.93e+01  0  1.13e+03  2.30e+01  3.00e+00  1.01e+00  1.55e-01   0.29
2005 01 07  0830   53377   30600  0  5.46e+02  1.74e+01  0  1.21e+03  2.18e+01  2.10e+00  9.56e-01  1.39e-01   0.65
2005 01 07  0835   53377   30900  0  4.98e+02  1.77e+01  0  1.22e+03  2.28e+01  2.52e+00  7.43e-01  1.58e-01   0.29
2005 01 07  0840   53377   31200  0  5.16e+02  1.70e+01  0  1.17e+03  2.03e+01  2.07e+00  7.62e-01  1.47e-01   0.44
2005 01 07  0845   53377   31500  0  5.05e+02  1.75e+01  0  1.18e+03  2.27e+01  2.91e+00  1.37e+00  1.74e-01   0.48
2005 01 07  0850   53377   31800  0  5.27e+02  1.40e+01  0  1.25e+03  2.37e+01  1.83e+00  1.03e+00  1.64e-01   0.50
2005 01 07  0855   53377   32100  0  4.43e+02  1.17e+01  0  1.20e+03  2.66e+01  3.31e+00  9.15e-01  1.83e-01   0.60
2005 01 07  0900   53377   32400  0  5.01e+02  1.68e+01  0  1.11e+03  2.20e+01  2.70e+00  1.28e+00  1.84e-01   0.28
2005 01 07  0905   53377   32700  0  5.92e+02  1.35e+01  0  1.24e+03  1.95e+01  2.29e+00  8.52e-01  1.90e-01   0.42
2005 01 07  0910   53377   33000  0  5.03e+02  1.54e+01  0  1.18e+03  2.15e+01  2.46e+00  1.28e+00  1.55e-01   0.54
2005 01 07  0915   53377   33300  0  4.84e+02  1.40e+01  0  1.26e+03  2.40e+01  2.55e+00  1.05e+00  2.22e-01   0.13
2005 01 07  0920   53377   33600  0  6.17e+02  1.82e+01  0  1.20e+03  2.68e+01  2.95e+00  7.90e-01  2.11e-01   0.48
2005 01 07  0925   53377   33900  0  4.70e+02  1.88e+01  0  1.29e+03  3.10e+01  3.91e+00  1.00e+00  2.50e-01   0.64
2005 01 07  0930   53377   34200  0  5.18e+02  1.54e+01  0  1.23e+03  2.89e+01  3.31e+00  9.15e-01  2.32e-01   0.22
2005 01 07  0935   53377   34500  0  5.43e+02  1.68e+01  0  1.14e+03  2.80e+01  3.28e+00  1.16e+00  1.58e-01   0.62
2005 01 07  0940   53377   34800  0  5.40e+02  1.98e+01  0  1.30e+03  2.88e+01  3.38e+00  8.80e-01  1.52e-01   0.46
2005 01 07  0945   53377   35100  0  5.00e+02  1.66e+01  0  1.24e+03  2.71e+01  3.15e+00  1.06e+00  1.26e-01   0.30
2005 01 07  0950   53377   35400  0  4.78e+02  1.80e+01  0  1.19e+03  2.88e+01  3.70e+00  8.73e-01  2.11e-01   0.72
2005 01 07  0955   53377   35700  0  6.01e+02  1.82e+01  0  1.25e+03  2.92e+01  2.94e+00  1.13e+00  2.05e-01   0.41
2005 01 07  1000   53377   36000  0  4.46e+02  1.74e+01  0  1.22e+03  2.88e+01  3.44e+00  9.35e-01  1.26e-01   0.48
2005 01 07  1005   53377   36300  0  4.50e+02  1.77e+01  0  1.25e+03  3.33e+01  4.52e+00  1.16e+00  1.87e-01   0.63
2005 01 07  1010   53377   36600  0  4.79e+02  1.36e+01  0  1.25e+03  3.77e+01  3.97e+00  1.48e+00  1.96e-01   0.14
2005 01 07  1015   53377   36900  0  5.16e+02  1.31e+01  0  1.38e+03  4.04e+01  4.39e+00  1.46e+00  2.11e-01   0.59
2005 01 07  1020   53377   37200  0  4.30e+02  1.68e+01  0  1.35e+03  4.15e+01  5.52e+00  1.20e+00  2.76e-01   0.07
2005 01 07  1025   53377   37500  0  4.90e+02  1.45e+01  0  1.27e+03  4.17e+01  3.67e+00  1.58e+00  3.06e-01   0.38
2005 01 07  1030   53377   37800  0  5.38e+02  1.31e+01  0  1.33e+03  3.65e+01  4.36e+00  1.35e+00  3.37e-01   0.30
2005 01 07  1035   53377   38100  0  4.98e+02  1.65e+01  0  1.30e+03  3.93e+01  4.41e+00  9.15e-01  3.39e-01   0.28
2005 01 07  1040   53377   38400  0  4.69e+02  1.86e+01  0  1.34e+03  4.60e+01  4.43e+00  1.02e+00  3.16e-01   0.47
2005 01 07  1045   53377   38700  0  5.79e+02  1.79e+01  0  1.36e+03  4.43e+01  5.38e+00  1.07e+00  2.99e-01   0.15
2005 01 07  1050   53377   39000  0  4.98e+02  1.47e+01  0  1.31e+03  3.74e+01  4.49e+00  1.04e+00  2.59e-01   0.43
2005 01 07  1055   53377   39300  0  4.96e+02  1.74e+01  0  1.32e+03  3.79e+01  4.33e+00  1.18e+00  2.53e-01   0.63
2005 01 07  1100   53377   39600  0  4.33e+02  1.77e+01  0  1.26e+03  4.41e+01  5.29e+00  1.31e+00  3.09e-01   0.53
2005 01 07  1105   53377   39900  0  5.70e+02  1.26e+01  0  1.53e+03  5.82e+01  5.62e+00  1.43e+00  4.64e-01   0.81
2005 01 07  1110   53377   40200  0  5.36e+02  1.87e+01  0  1.53e+03  6.95e+01  6.20e+00  2.04e+00  4.74e-01   1.08
2005 01 07  1115   53377   40500  0  4.27e+02  1.52e+01  0  1.67e+03  7.87e+01  9.98e+00  2.08e+00  5.99e-01   0.51
2005 01 07  1120   53377   40800  0  5.04e+02  1.56e+01  0  1.99e+03  1.11e+02  1.05e+01  2.71e+00  5.89e-01   0.31
2005 01 07  1125   53377   41100  0  4.13e+02  1.33e+01  0  2.06e+03  1.17e+02  1.17e+01  2.97e+00  5.60e-01   0.41
2005 01 07  1130   53377   41400  0  4.96e+02  1.72e+01  0  2.06e+03  1.27e+02  1.23e+01  3.47e+00  6.37e-01   0.24
2005 01 07  1135   53377   41700  0  5.24e+02  1.68e+01  0  1.98e+03  1.22e+02  1.23e+01  2.71e+00  6.86e-01   0.24
2005 01 07  1140   53377   42000  0  5.54e+02  1.75e+01  0  2.13e+03  1.19e+02  1.17e+01  3.60e+00  6.95e-01   0.23
2005 01 07  1145   53377   42300  0  5.93e+02  1.72e+01  0  2.25e+03  1.49e+02  1.70e+01  3.78e+00  9.80e-01   0.21
2005 01 07  1150   53377   42600  0  5.29e+02  1.45e+01  0  2.23e+03  1.44e+02  1.64e+01  4.36e+00  8.50e-01   0.15
2005 01 07  1155   53377   42900  0  4.96e+02  1.42e+01  0  2.06e+03  1.76e+02  2.33e+01  5.39e+00  1.31e+00   0.29
2005 01 07  1200   53377   43200  0  4.69e+02  1.58e+01  0  1.93e+03  2.23e+02  3.00e+01  6.46e+00  1.72e+00   0.58
2005 01 07  1205   53377   43500  0  4.24e+02  1.42e+01  0  1.95e+03  2.24e+02  3.36e+01  7.28e+00  1.67e+00   0.31
2005 01 07  1210   53377   43800  0  5.46e+02  1.54e+01  0  1.99e+03  2.40e+02  3.18e+01  6.15e+00  1.68e+00   0.42
2005 01 07  1215   53377   44100  0  5.30e+02  1.35e+01  0  2.22e+03  2.69e+02  3.67e+01  5.92e+00  1.81e+00   0.49
2005 01 07  1220   53377   44400  0  4.85e+02  1.57e+01  0  2.16e+03  2.65e+02  3.76e+01  6.58e+00  1.74e+00   0.42
2005 01 07  1225   53377   44700  0  5.84e+02  1.80e+01  0  2.12e+03  2.99e+02  3.86e+01  6.88e+00  1.89e+00   0.37
2005 01 07  1230   53377   45000  0  5.63e+02  1.87e+01  0  1.98e+03  1.91e+02  2.75e+01  7.38e+00  1.23e+00   0.21
2005 01 07  1235   53377   45300  0  5.13e+02  1.59e+01  0  2.01e+03  1.96e+02  2.47e+01  6.42e+00  1.29e+00   0.05
2005 01 07  1240   53377   45600  0  5.07e+02  1.87e+01  0  2.07e+03  2.04e+02  2.51e+01  6.59e+00  1.31e+00   0.16
2005 01 07  1245   53377   45900  0  6.09e+02  1.55e+01  0  1.90e+03  1.61e+02  2.22e+01  5.66e+00  1.29e+00   0.28
2005 01 07  1250   53377   46200  0  4.49e+02  1.91e+01  0  1.96e+03  1.58e+02  2.15e+01  5.84e+00  1.21e+00   0.30
2005 01 07  1255   53377   46500  0  4.46e+02  1.57e+01  0  1.96e+03  1.74e+02  2.20e+01  6.24e+00  1.36e+00   0.20
2005 01 07  1300   53377   46800  0  4.06e+02  1.47e+01  0  1.91e+03  1.72e+02  2.34e+01  5.24e+00  1.24e+00   0.14
2005 01 07  1305   53377   47100  0  6.33e+02  1.66e+01  0  2.05e+03  1.74e+02  2.14e+01  5.74e+00  1.26e+00   0.30
2005 01 07  1310   53377   47400  0  4.80e+02  1.53e+01  0  2.10e+03  1.65e+02  2.16e+01  5.18e+00  1.02e+00   0.38
2005 01 07  1315   53377   47700  0  4.66e+02  1.64e+01  0  2.08e+03  1.75e+02  2.11e+01  5.31e+00  1.07e+00   0.06
2005 01 07  1320   53377   48000  0  6.24e+02  1.87e+01  0  2.03e+03  1.92e+02  2.62e+01  7.57e+00  1.33e+00   0.14
2005 01 07  1325   53377   48300  0  5.11e+02  1.54e+01  0  2.02e+03  1.99e+02  2.52e+01  7.13e+00  1.31e+00   0.11
2005 01 07  1330   53377   48600  0  4.90e+02  1.73e+01  0  2.03e+03  1.92e+02  2.54e+01  6.84e+00  1.44e+00   0.15
2005 01 07  1335   53377   48900  0  5.81e+02  1.84e+01  0  1.93e+03  2.09e+02  2.67e+01  8.75e+00  1.31e+00   0.19
2005 01 07  1340   53377   49200  0  5.67e+02  1.42e+01  0  2.09e+03  2.40e+02  3.37e+01  1.03e+01  2.01e+00   0.39
2005 01 07  1345   53377   49500  0  4.83e+02  1.74e+01  0  1.92e+03  2.24e+02  3.23e+01  8.82e+00  1.56e+00   0.46
2005 01 07  1350   53377   49800  0  4.38e+02  1.51e+01  0  1.76e+03  2.04e+02  3.19e+01  1.04e+01  1.55e+00   0.55
2005 01 07  1355   53377   50100  0  5.87e+02  1.36e+01  0  1.85e+03  2.26e+02  3.08e+01  8.46e+00  1.70e+00   0.43
2005 01 07  1400   53377   50400  0  4.66e+02  1.44e+01  0  1.87e+03  2.38e+02  3.35e+01  9.34e+00  1.27e+00   0.31
2005 01 07  1405   53377   50700  0  4.66e+02  1.70e+01  0  2.03e+03  2.55e+02  3.42e+01  9.38e+00  1.78e+00   0.49
2005 01 07  1410   53377   51000  0  4.99e+02  1.51e+01  0  2.26e+03  2.21e+02  2.81e+01  6.38e+00  1.53e+00   0.13
2005 01 07  1415   53377   51300  0  5.18e+02  1.65e+01  0  2.53e+03  2.22e+02  2.48e+01  6.36e+00  1.15e+00   0.28
2005 01 07  1420   53377   51600  0  4.73e+02  1.90e+01  0  2.75e+03  2.44e+02  2.31e+01  4.96e+00  1.19e+00   0.13
2005 01 07  1425   53377   51900  0  5.05e+02  1.66e+01  0  2.56e+03  2.07e+02  1.71e+01  3.49e+00  8.22e-01   0.18
2005 01 07  1430   53377   52200  0  5.72e+02  1.51e+01  0  3.12e+03  2.60e+02  1.94e+01  4.48e+00  9.85e-01   0.05
2005 01 07  1435   53377   52500  0  5.31e+02  1.45e+01  0  2.52e+03  2.05e+02  1.97e+01  4.46e+00  1.00e+00   0.16
2005 01 07  1440   53377   52800  0  4.73e+02  1.53e+01  0  2.13e+03  1.82e+02  1.83e+01  4.47e+00  9.80e-01   0.30
2005 01 07  1445   53377   53100  0  5.17e+02  1.67e+01  0  2.24e+03  1.72e+02  1.72e+01  4.12e+00  8.92e-01   0.03
2005 01 07  1450   53377   53400  0  6.37e+02  2.06e+01  0  3.68e+03  3.81e+02  2.56e+01  6.36e+00  1.03e+00   0.16
2005 01 07  1455   53377   53700  0  4.76e+02  1.31e+01  0  2.13e+03  1.82e+02  1.81e+01  5.28e+00  1.05e+00   0.11
2005 01 07  1500   53377   54000  0  4.69e+02  1.57e+01  0  1.89e+03  1.64e+02  1.53e+01  4.73e+00  7.93e-01   0.11
2005 01 07  1505   53377   54300  0  6.82e+02  1.60e+01  0  2.48e+03  2.48e+02  2.24e+01  5.86e+00  1.13e+00   0.16
2005 01 07  1510   53377   54600  0  4.90e+02  1.64e+01  0  2.55e+03  2.72e+02  2.46e+01  5.52e+00  1.06e+00   0.32
2005 01 07  1515   53377   54900  0  4.87e+02  1.87e+01  0  2.52e+03  2.72e+02  2.55e+01  6.55e+00  1.13e+00   0.43
2005 01 07  1520   53377   55200  0  5.61e+02  1.91e+01  0  2.41e+03  2.58e+02  2.39e+01  6.86e+00  1.37e+00   0.41
2005 01 07  1525   53377   55500  0  5.39e+02  1.80e+01  0  2.66e+03  3.41e+02  3.47e+01  8.62e+00  1.62e+00   0.51
2005 01 07  1530   53377   55800  0  4.92e+02  1.62e+01  0  2.80e+03  3.84e+02  4.01e+01  1.00e+01  1.69e+00   0.51
2005 01 07  1535   53377   56100  0  5.41e+02  1.45e+01  0  2.84e+03  3.75e+02  3.36e+01  7.84e+00  1.43e+00   0.31
2005 01 07  1540   53377   56400  0  5.80e+02  1.75e+01  0  2.87e+03  3.27e+02  2.82e+01  6.51e+00  1.16e+00   0.10
2005 01 07  1545   53377   56700  0  4.67e+02  1.33e+01  0  2.78e+03  3.30e+02  2.73e+01  6.22e+00  1.16e+00   0.14
2005 01 07  1550   53377   57000  0  5.04e+02  1.56e+01  0  2.39e+03  3.17e+02  2.93e+01  6.15e+00  1.20e+00   0.38
2005 01 07  1555   53377   57300  0  6.42e+02  1.65e+01  0  2.61e+03  3.18e+02  2.74e+01  7.26e+00  1.26e+00   0.61
2005 01 07  1600   53377   57600  0  5.14e+02  1.56e+01  0  2.82e+03  3.75e+02  3.01e+01  7.57e+00  1.30e+00   0.48
2005 01 07  1605   53377   57900  0  5.59e+02  1.59e+01  0  2.57e+03  3.35e+02  3.04e+01  7.79e+00  1.18e+00   0.57
2005 01 07  1610   53377   58200  0  6.45e+02  1.29e+01  0  2.63e+03  3.43e+02  2.80e+01  7.07e+00  1.27e+00   0.75
2005 01 07  1615   53377   58500  0  5.07e+02  1.84e+01  0  2.65e+03  3.43e+02  2.93e+01  7.46e+00  1.22e+00   0.46
2005 01 07  1620   53377   58800  0  5.42e+02  1.44e+01  0  2.79e+03  3.25e+02  2.92e+01  7.70e+00  1.25e+00   0.56
2005 01 07  1625   53377   59100  0  5.70e+02  1.51e+01  0  3.01e+03  3.39e+02  2.83e+01  8.02e+00  1.30e+00   0.49
2005 01 07  1630   53377   59400  0  6.32e+02  1.61e+01  0  4.26e+03  4.68e+02  3.53e+01  8.35e+00  1.79e+00   0.32
2005 01 07  1635   53377   59700  0  5.97e+02  1.60e+01  0  4.24e+03  4.62e+02  3.46e+01  8.63e+00  1.55e+00   0.36
2005 01 07  1640   53377   60000  0  5.70e+02  1.95e+01  0  4.07e+03  4.87e+02  4.06e+01  9.58e+00  1.83e+00   0.48
2005 01 07  1645   53377   60300  0  5.75e+02  1.72e+01  0  3.74e+03  4.12e+02  3.36e+01  8.50e+00  1.46e+00   0.46
2005 01 07  1650   53377   60600  0  4.76e+02  1.76e+01  0  4.45e+03  6.17e+02  5.63e+01  1.26e+01  2.31e+00   0.61
2005 01 07  1655   53377   60900  0  5.29e+02  1.47e+01  0  6.47e+03  1.08e+03  9.48e+01  1.99e+01  3.58e+00   0.58
2005 01 07  1700   53377   61200  0  6.35e+02  1.56e+01  0  6.18e+03  1.02e+03  9.98e+01  2.04e+01  3.82e+00   0.51
2005 01 07  1705   53377   61500  0  6.76e+02  1.68e+01  0  6.33e+03  1.02e+03  9.71e+01  2.43e+01  3.62e+00   0.87
2005 01 07  1710   53377   61800  0  5.95e+02  1.39e+01  0  6.19e+03  1.01e+03  9.89e+01  2.53e+01  4.20e+00   0.84
2005 01 07  1715   53377   62100  0  5.36e+02  1.39e+01  0  6.06e+03  8.68e+02  7.11e+01  1.99e+01  2.67e+00   0.67
2005 01 07  1720   53377   62400  0  7.05e+02  1.29e+01  0  5.88e+03  8.96e+02  6.97e+01  1.69e+01  2.51e+00   0.45
2005 01 07  1725   53377   62700  0  5.39e+02  1.83e+01  0  6.12e+03  1.01e+03  7.63e+01  1.48e+01  2.63e+00   0.29
2005 01 07  1730   53377   63000  0  5.92e+02  1.68e+01  0  5.56e+03  9.24e+02  6.33e+01  1.10e+01  2.16e+00   0.04
2005 01 07  1735   53377   63300  0  5.68e+02  1.89e+01  0  5.37e+03  8.44e+02  5.82e+01  1.08e+01  1.69e+00   0.07
2005 01 07  1740   53377   63600  0  6.61e+02  1.64e+01  0  5.56e+03  9.05e+02  5.82e+01  1.02e+01  1.83e+00   0.11
2005 01 07  1745   53377   63900  0  6.20e+02  1.60e+01  0  5.80e+03  9.86e+02  6.41e+01  1.10e+01  1.91e+00   0.14
2005 01 07  1750   53377   64200  0  6.18e+02  2.13e+01  0  5.91e+03  1.05e+03  7.31e+01  1.36e+01  2.30e+00   0.18
2005 01 07  1755   53377   64500  0  6.91e+02  1.47e+01  0  5.21e+03  8.75e+02  7.60e+01  1.44e+01  2.75e+00   0.23
2005 01 07  1800   53377   64800  0  5.52e+02  1.47e+01  0  6.05e+03  1.04e+03  8.32e+01  1.57e+01  3.13e+00   0.28
2005 01 07  1805   53377   65100  0  5.77e+02  1.62e+01  0  5.79e+03  9.62e+02  8.09e+01  1.53e+01  2.91e+00   0.29
2005 01 07  1810   53377   65400  0  5.99e+02  1.49e+01  0  6.88e+03  1.16e+03  9.47e+01  1.63e+01  2.95e+00   0.37
2005 01 07  1815   53377   65700  0  5.81e+02  1.51e+01  0  6.54e+03  1.27e+03  1.10e+02  2.05e+01  4.25e+00   0.55
2005 01 07  1820   53377   66000  0  6.14e+02  1.67e+01  0  7.39e+03  1.41e+03  1.13e+02  1.98e+01  3.98e+00   0.49
2005 01 07  1825   53377   66300  0  5.88e+02  1.86e+01  0  7.81e+03  1.48e+03  1.16e+02  2.00e+01  4.04e+00   0.52
2005 01 07  1830   53377   66600  0  6.32e+02  1.74e+01  0  8.57e+03  1.39e+03  1.12e+02  1.84e+01  4.18e+00   0.21
2005 01 07  1835   53377   66900  0  5.70e+02  1.59e+01  0  7.79e+03  1.40e+03  1.18e+02  2.14e+01  3.97e+00   0.35
2005 01 07  1840   53377   67200  0  5.57e+02  1.51e+01  0  7.62e+03  1.33e+03  1.10e+02  1.94e+01  3.98e+00   0.26
2005 01 07  1845   53377   67500  0  6.48e+02  1.43e+01  0  8.27e+03  1.40e+03  1.18e+02  2.01e+01  4.04e+00   0.32
2005 01 07  1850   53377   67800  0  6.42e+02  1.67e+01  0  9.18e+03  1.53e+03  1.22e+02  2.12e+01  4.15e+00   0.35
2005 01 07  1855   53377   68100  0  5.39e+02  1.76e+01  0  1.00e+04  1.70e+03  1.22e+02  2.12e+01  4.00e+00   0.23
2005 01 07  1900   53377   68400  0  6.30e+02  1.68e+01  0  8.97e+03  1.56e+03  1.15e+02  1.92e+01  3.90e+00   0.06
2005 01 07  1905   53377   68700  0  7.08e+02  1.52e+01  0  9.50e+03  1.75e+03  1.39e+02  2.32e+01  4.34e+00   0.25
2005 01 07  1910   53377   69000  0  5.74e+02  1.63e+01  0  9.15e+03  1.58e+03  1.26e+02  2.19e+01  3.91e+00   0.33
2005 01 07  1915   53377   69300  0  5.25e+02  1.37e+01  0  8.62e+03  1.48e+03  1.20e+02  2.03e+01  3.57e+00   0.14
2005 01 07  1920   53377   69600  0  6.37e+02  1.43e+01  0  9.57e+03  1.66e+03  1.27e+02  2.09e+01  4.09e+00   0.29
2005 01 07  1925   53377   69900  0  6.73e+02  1.35e+01  0  1.03e+04  1.74e+03  1.37e+02  2.11e+01  4.48e+00   0.33
2005 01 07  1930   53377   70200  0  5.50e+02  1.53e+01  0  1.02e+04  1.73e+03  1.39e+02  2.23e+01  4.40e+00   0.36
2005 01 07  1935   53377   70500  0  6.80e+02  1.35e+01  0  9.78e+03  1.64e+03  1.33e+02  1.96e+01  4.20e+00   0.35
2005 01 07  1940   53377   70800  0  6.70e+02  1.19e+01  0  6.32e+03  1.08e+03  8.92e+01  1.62e+01  3.04e+00   0.12
2005 01 07  1945   53377   71100  0  5.47e+02  1.55e+01  0  5.86e+03  9.97e+02  8.61e+01  1.58e+01  2.80e+00   0.03
2005 01 07  1950   53377   71400  0  5.49e+02  1.46e+01  0  6.51e+03  1.13e+03  9.43e+01  1.81e+01  3.16e+00   0.16
2005 01 07  1955   53377   71700  0  6.53e+02  1.66e+01  0  5.43e+03  9.31e+02  8.34e+01  1.65e+01  2.80e+00   0.11
2005 01 07  2000   53377   72000  0  6.17e+02  1.62e+01  0  6.10e+03  1.09e+03  9.83e+01  2.08e+01  3.43e+00   0.06
2005 01 07  2005   53377   72300  0  6.29e+02  1.46e+01  0  5.92e+03  1.03e+03  9.74e+01  1.88e+01  3.89e+00   0.20
2005 01 07  2010   53377   72600  0  6.96e+02  1.51e+01  0  7.32e+03  1.38e+03  9.33e+01  1.91e+01  3.14e+00   0.06
2005 01 07  2015   53377   72900  0  6.10e+02  2.01e+01  0  7.54e+03  1.38e+03  9.96e+01  1.98e+01  3.36e+00   0.17
2005 01 07  2020   53377   73200  0  6.21e+02  1.44e+01  0  6.43e+03  1.04e+03  9.24e+01  2.02e+01  3.89e+00   0.11
2005 01 07  2025   53377   73500  0  6.24e+02  1.31e+01  0  6.91e+03  1.19e+03  1.18e+02  2.33e+01  4.21e+00   0.03
2005 01 07  2030   53377   73800  0  6.03e+02  1.18e+01  0  7.25e+03  1.19e+03  1.16e+02  2.40e+01  4.43e+00   0.10
2005 01 07  2035   53377   74100  0  5.32e+02  1.82e+01  0  6.74e+03  1.03e+03  9.52e+01  2.04e+01  3.26e+00   0.10
2005 01 07  2040   53377   74400  0  5.39e+02  1.82e+01  0  7.93e+03  1.34e+03  1.20e+02  2.32e+01  4.44e+00   0.33
2005 01 07  2045   53377   74700  0  6.56e+02  1.90e+01  0  9.57e+03  1.50e+03  1.38e+02  2.22e+01  4.83e+00   0.44
2005 01 07  2050   53377   75000  0  5.45e+02  1.62e+01  0  1.20e+04  2.01e+03  1.67e+02  2.54e+01  5.81e+00   0.51
2005 01 07  2055   53377   75300  0  5.86e+02  1.47e+01  0  1.45e+04  2.07e+03  1.54e+02  2.34e+01  5.41e+00   0.34
2005 01 07  2100   53377   75600  0  6.21e+02  1.86e+01  0  4.69e+03  7.31e+02  6.04e+01  1.34e+01  2.41e+00   0.06
2005 01 07  2105   53377   75900  0  5.75e+02  1.76e+01  0  4.81e+03  6.20e+02  4.74e+01  9.81e+00  1.64e+00   0.12
2005 01 07  2110   53377   76200  0  5.47e+02  1.67e+01  0  5.91e+03  7.74e+02  5.50e+01  1.07e+01  1.83e+00   0.10
2005 01 07  2115   53377   76500  0  6.10e+02  1.86e+01  0  3.67e+03  5.44e+02  5.19e+01  1.12e+01  1.98e+00   0.03
2005 01 07  2120   53377   76800  0  6.31e+02  1.58e+01  0  4.22e+03  5.97e+02  5.50e+01  1.01e+01  1.78e+00   0.06
2005 01 07  2125   53377   77100  0  5.26e+02  1.77e+01  0  4.29e+03  5.96e+02  5.02e+01  1.10e+01  1.95e+00   0.12
2005 01 07  2130   53377   77400  0  5.22e+02  1.90e+01  0  4.16e+03  5.53e+02  4.92e+01  1.05e+01  1.76e+00   0.05
2005 01 07  2135   53377   77700  0  6.72e+02  1.62e+01  0  4.16e+03  5.58e+02  5.16e+01  1.12e+01  2.01e+00   0.05
2005 01 07  2140   53377   78000  0  5.77e+02  1.45e+01  0  4.93e+03  6.54e+02  5.07e+01  1.06e+01  1.99e+00   0.09
2005 01 07  2145   53377   78300  0  5.89e+02  1.82e+01  0  4.25e+03  5.76e+02  4.89e+01  1.05e+01  1.66e+00   0.09
2005 01 07  2150   53377   78600  0  5.57e+02  1.45e+01  0  4.13e+03  5.84e+02  5.16e+01  1.19e+01  2.15e+00   0.22
2005 01 07  2155   53377   78900  0  5.90e+02  1.70e+01  0  4.19e+03  5.49e+02  4.74e+01  1.05e+01  1.94e+00   0.13
2005 01 07  2200   53377   79200  0  5.72e+02  1.42e+01  0  4.29e+03  5.72e+02  5.13e+01  1.03e+01  1.71e+00   0.15
2005 01 07  2205   53377   79500  0  4.91e+02  1.51e+01  0  3.77e+03  5.58e+02  5.12e+01  1.22e+01  1.88e+00   0.10
2005 01 07  2210   53377   79800  0  6.04e+02  1.47e+01  0  4.80e+03  6.41e+02  5.43e+01  1.13e+01  2.01e+00   0.06
2005 01 07  2215   53377   80100  0  5.26e+02  1.35e+01  0  4.75e+03  6.71e+02  5.41e+01  1.04e+01  1.96e+00   0.16
2005 01 07  2220   53377   80400  0  5.26e+02  1.84e+01  0  4.59e+03  6.63e+02  5.35e+01  1.06e+01  2.10e+00   0.09
2005 01 07  2225   53377   80700  0  6.40e+02  1.58e+01  0  4.87e+03  6.61e+02  5.22e+01  1.08e+01  1.71e+00   0.02
2005 01 07  2230   53377   81000  0  5.31e+02  1.55e+01  0  5.04e+03  6.59e+02  5.31e+01  1.10e+01  1.95e+00   0.12
2005 01 07  2235   53377   81300  0  5.70e+02  1.33e+01  0  3.99e+03  5.97e+02  5.41e+01  1.13e+01  1.92e+00   0.18
2005 01 07  2240   53377   81600  0  5.27e+02  2.11e+01  0  4.59e+03  7.09e+02  5.91e+01  1.28e+01  1.99e+00   0.08
2005 01 07  2245   53377   81900  0  6.03e+02  1.44e+01  0  5.11e+03  7.84e+02  6.27e+01  1.36e+01  2.27e+00   0.02
2005 01 07  2250   53377   82200  0  4.98e+02  1.20e+01  0  6.02e+03  8.70e+02  7.48e+01  1.40e+01  2.21e+00   0.10
2005 01 07  2255   53377   82500  0  5.01e+02  1.74e+01  0  4.93e+03  7.20e+02  5.29e+01  9.81e+00  1.69e+00   0.24
2005 01 07  2300   53377   82800  0  5.94e+02  1.46e+01  0  4.51e+03  6.20e+02  4.50e+01  9.41e+00  1.72e+00   0.13
2005 01 07  2305   53377   83100  0  4.78e+02  1.53e+01  0  4.59e+03  6.33e+02  5.31e+01  9.73e+00  1.74e+00   0.13
2005 01 07  2310   53377   83400  0  5.17e+02  1.52e+01  0  5.07e+03  7.32e+02  5.63e+01  1.17e+01  2.17e+00   0.11
2005 01 07  2315   53377   83700  0  4.91e+02  1.86e+01  0  6.72e+03  9.81e+02  7.42e+01  1.28e+01  2.52e+00   0.13
2005 01 07  2320   53377   84000  0  5.70e+02  1.47e+01  0  8.78e+03  1.27e+03  9.46e+01  1.68e+01  2.75e+00   0.18
2005 01 07  2325   53377   84300  0  4.65e+02  1.41e+01  0  7.98e+03  1.18e+03  9.52e+01  1.64e+01  2.88e+00   0.18
2005 01 07  2330   53377   84600  0  4.60e+02  1.24e+01  0  5.98e+03  9.29e+02  7.83e+01  1.39e+01  2.57e+00   0.21
2005 01 07  2335   53377   84900  0  5.90e+02  1.49e+01  0  4.53e+03  6.15e+02  5.71e+01  1.30e+01  2.18e+00   0.04
2005 01 07  2340   53377   85200  0  4.52e+02  1.67e+01  0  4.09e+03  5.41e+02  4.53e+01  1.11e+01  1.57e+00   0.15
2005 01 07  2345   53377   85500  0  3.99e+02  1.84e+01  0  4.44e+03  6.11e+02  4.88e+01  1.04e+01  1.70e+00   0.49
2005 01 07  2350   53377   85800  0  4.53e+02  1.81e+01  0  4.20e+03  5.84e+02  4.63e+01  8.71e+00  1.43e+00   0.48
2005 01 07  2355   53377   86100  0  4.25e+02  1.56e+01  0  4.05e+03  5.76e+02  4.53e+01  1.00e+01  1.91e+00   0.24
