:Data_list: 20050519_ace_sis_5m.txt
:Created: 2005 May 20 0011 UT
# Prepared by the U.S. Dept. of Commerce, NOAA, Space Environment Center.
# Please send comments and suggestions to SEC.Webmaster@noaa.gov 
# 
# Units: proton flux p/cs2-sec-ster
# Status(S): 0 = nominal data, 1 to 8 = bad data record, 9 = no data
# Missing data values: -1.00e+05
# Source: ACE Satellite - Solar Isotope Spectrometer
#
# 5-minute averaged Real-time Integral Flux of High-energy Solar Protons
# 
#                 Modified Seconds
# UT Date   Time   Julian  of the      ---- Integral Proton Flux ----
# YR MO DA  HHMM     Day     Day       S    > 10 MeV    S    > 30 MeV
#--------------------------------------------------------------------
2005 05 19  0000    53509       0      0    3.79e+00    0    2.45e+00
2005 05 19  0005    53509     300      0    1.30e+00    0    8.26e-01
2005 05 19  0010    53509     600      0    1.27e+00    0    8.01e-01
2005 05 19  0015    53509     900      0    1.25e+00    0    7.77e-01
2005 05 19  0020    53509    1200      0    1.27e+00    0    7.94e-01
2005 05 19  0025    53509    1500      0    1.57e+00    0    9.87e-01
2005 05 19  0030    53509    1800      0    4.68e+00    0    2.95e+00
2005 05 19  0035    53509    2100      0    3.40e+00    0    2.12e+00
2005 05 19  0040    53509    2400      0    1.31e+00    0    8.21e-01
2005 05 19  0045    53509    2700      0    1.28e+00    0    8.07e-01
2005 05 19  0050    53509    3000      0    1.28e+00    0    8.10e-01
2005 05 19  0055    53509    3300      0    1.30e+00    0    8.17e-01
2005 05 19  0100    53509    3600      0    2.25e+00    0    1.41e+00
2005 05 19  0105    53509    3900      0    4.53e+00    0    2.86e+00
2005 05 19  0110    53509    4200      0    2.63e+00    0    1.65e+00
2005 05 19  0115    53509    4500      0    1.28e+00    0    8.12e-01
2005 05 19  0120    53509    4800      0    1.25e+00    0    8.00e-01
2005 05 19  0125    53509    5100      0    1.27e+00    0    8.18e-01
2005 05 19  0130    53509    5400      0    1.21e+00    0    7.75e-01
2005 05 19  0135    53509    5700      0    2.44e+00    0    1.56e+00
2005 05 19  0140    53509    6000      0    4.38e+00    0    2.80e+00
2005 05 19  0145    53509    6300      0    1.95e+00    0    1.28e+00
2005 05 19  0150    53509    6600      0    1.24e+00    0    7.91e-01
2005 05 19  0155    53509    6900      0    1.26e+00    0    7.93e-01
2005 05 19  0200    53509    7200      0    1.24e+00    0    7.99e-01
2005 05 19  0205    53509    7500      0    1.22e+00    0    7.79e-01
2005 05 19  0210    53509    7800      0    3.00e+00    0    1.94e+00
2005 05 19  0215    53509    8100      0    4.47e+00    0    2.88e+00
2005 05 19  0220    53509    8400      0    1.53e+00    0    9.72e-01
2005 05 19  0225    53509    8700      0    1.19e+00    0    7.73e-01
2005 05 19  0230    53509    9000      0    1.19e+00    0    7.81e-01
2005 05 19  0235    53509    9300      0    1.20e+00    0    7.92e-01
2005 05 19  0240    53509    9600      0    1.17e+00    0    7.71e-01
2005 05 19  0245    53509    9900      0    3.50e+00    0    2.28e+00
2005 05 19  0250    53509   10200      0    3.96e+00    0    2.62e+00
2005 05 19  0255    53509   10500      0    1.20e+00    0    7.81e-01
2005 05 19  0300    53509   10800      0    1.21e+00    0    7.93e-01
2005 05 19  0305    53509   11100      0    1.20e+00    0    8.04e-01
2005 05 19  0310    53509   11400      0    1.18e+00    0    7.69e-01
2005 05 19  0315    53509   11700      0    1.18e+00    0    7.73e-01
2005 05 19  0320    53509   12000      0    4.02e+00    0    2.63e+00
2005 05 19  0325    53509   12300      0    3.36e+00    0    2.24e+00
2005 05 19  0330    53509   12600      0    1.18e+00    0    7.70e-01
2005 05 19  0335    53509   12900      0    1.14e+00    0    7.59e-01
2005 05 19  0340    53509   13200      0    1.15e+00    0    7.73e-01
2005 05 19  0345    53509   13500      0    1.13e+00    0    7.57e-01
2005 05 19  0350    53509   13800      0    1.44e+00    0    9.62e-01
2005 05 19  0355    53509   14100      0    3.95e+00    0    2.59e+00
2005 05 19  0400    53509   14400      0    2.70e+00    0    1.79e+00
2005 05 19  0405    53509   14700      0    1.18e+00    0    7.82e-01
2005 05 19  0410    53509   15000      0    1.11e+00    0    7.38e-01
2005 05 19  0415    53509   15300      0    1.16e+00    0    7.73e-01
2005 05 19  0420    53509   15600      0    1.17e+00    0    7.83e-01
2005 05 19  0425    53509   15900      0    1.96e+00    0    1.31e+00
2005 05 19  0430    53509   16200      0    4.02e+00    0    2.69e+00
2005 05 19  0435    53509   16500      0    2.33e+00    0    1.59e+00
2005 05 19  0440    53509   16800      0    1.12e+00    0    7.41e-01
2005 05 19  0445    53509   17100      0    1.16e+00    0    7.80e-01
2005 05 19  0450    53509   17400      0    1.14e+00    0    7.67e-01
2005 05 19  0455    53509   17700      0    1.13e+00    0    7.48e-01
2005 05 19  0500    53509   18000      0    2.54e+00    0    1.69e+00
2005 05 19  0505    53509   18300      0    3.95e+00    0    2.62e+00
2005 05 19  0510    53509   18600      0    1.76e+00    0    1.19e+00
2005 05 19  0515    53509   18900      0    1.16e+00    0    7.74e-01
2005 05 19  0520    53509   19200      0    1.13e+00    0    7.52e-01
2005 05 19  0525    53509   19500      0    1.16e+00    0    7.76e-01
2005 05 19  0530    53509   19800      0    1.17e+00    0    7.78e-01
2005 05 19  0535    53509   20100      0    3.04e+00    0    1.94e+00
2005 05 19  0540    53509   20400      0    3.90e+00    0    2.67e+00
2005 05 19  0545    53509   20700      0    1.12e+00    0    7.52e-01
2005 05 19  0550    53509   21000      0    1.15e+00    0    7.66e-01
2005 05 19  0555    53509   21300      0    1.12e+00    0    7.43e-01
2005 05 19  0600    53509   21600      0    1.12e+00    0    7.53e-01
2005 05 19  0605    53509   21900      0    1.15e+00    0    7.72e-01
2005 05 19  0610    53509   22200      0    3.46e+00    0    2.31e+00
2005 05 19  0615    53509   22500      0    3.59e+00    0    2.43e+00
2005 05 19  0620    53509   22800      0    1.11e+00    0    7.35e-01
2005 05 19  0625    53509   23100      0    1.16e+00    0    7.79e-01
2005 05 19  0630    53509   23400      0    1.15e+00    0    7.67e-01
2005 05 19  0635    53509   23700      0    1.15e+00    0    7.79e-01
2005 05 19  0640    53509   24000      0    1.14e+00    0    7.59e-01
2005 05 19  0645    53509   24300      0    3.88e+00    0    2.60e+00
2005 05 19  0650    53509   24600      0    3.06e+00    0    2.04e+00
2005 05 19  0655    53509   24900      0    1.16e+00    0    7.78e-01
2005 05 19  0700    53509   25200      0    1.13e+00    0    7.56e-01
2005 05 19  0705    53509   25500      0    1.14e+00    0    7.66e-01
2005 05 19  0710    53509   25800      0    1.13e+00    0    7.56e-01
2005 05 19  0715    53509   26100      0    1.67e+00    0    1.13e+00
2005 05 19  0720    53509   26400      0    4.04e+00    0    2.72e+00
2005 05 19  0725    53509   26700      0    2.79e+00    0    1.90e+00
2005 05 19  0730    53509   27000      0    1.11e+00    0    7.45e-01
2005 05 19  0735    53509   27300      0    1.10e+00    0    7.40e-01
2005 05 19  0740    53509   27600      0    1.13e+00    0    7.61e-01
2005 05 19  0745    53509   27900      0    1.13e+00    0    7.66e-01
2005 05 19  0750    53509   28200      0    2.05e+00    0    1.38e+00
2005 05 19  0755    53509   28500      0    3.76e+00    0    2.54e+00
2005 05 19  0800    53509   28800      0    2.07e+00    0    1.39e+00
2005 05 19  0805    53509   29100      0    1.12e+00    0    7.50e-01
2005 05 19  0810    53509   29400      0    1.13e+00    0    7.55e-01
2005 05 19  0815    53509   29700      0    1.14e+00    0    7.73e-01
2005 05 19  0820    53509   30000      0    1.11e+00    0    7.41e-01
2005 05 19  0825    53509   30300      0    2.64e+00    0    1.77e+00
2005 05 19  0830    53509   30600      0    3.87e+00    0    2.61e+00
2005 05 19  0835    53509   30900      0    1.65e+00    0    1.12e+00
2005 05 19  0840    53509   31200      0    1.15e+00    0    7.70e-01
2005 05 19  0845    53509   31500      0    1.12e+00    0    7.52e-01
2005 05 19  0850    53509   31800      0    1.14e+00    0    7.76e-01
2005 05 19  0855    53509   32100      0    1.13e+00    0    7.60e-01
2005 05 19  0900    53509   32400      0    2.98e+00    0    2.00e+00
2005 05 19  0905    53509   32700      0    3.83e+00    0    2.61e+00
2005 05 19  0910    53509   33000      0    1.14e+00    0    7.72e-01
2005 05 19  0915    53509   33300      0    1.13e+00    0    7.74e-01
2005 05 19  0920    53509   33600      0    1.12e+00    0    7.57e-01
2005 05 19  0925    53509   33900      0    1.16e+00    0    7.84e-01
2005 05 19  0930    53509   34200      0    1.14e+00    0    7.62e-01
2005 05 19  0935    53509   34500      0    3.50e+00    0    2.34e+00
2005 05 19  0940    53509   34800      0    3.30e+00    0    2.23e+00
2005 05 19  0945    53509   35100      0    1.13e+00    0    7.51e-01
2005 05 19  0950    53509   35400      0    1.14e+00    0    7.69e-01
2005 05 19  0955    53509   35700      0    1.12e+00    0    7.51e-01
2005 05 19  1000    53509   36000      0    1.11e+00    0    7.49e-01
2005 05 19  1005    53509   36300      0    1.09e+00    0    7.37e-01
2005 05 19  1010    53509   36600      0    3.80e+00    0    2.61e+00
2005 05 19  1015    53509   36900      0    2.91e+00    0    1.98e+00
2005 05 19  1020    53509   37200      0    1.14e+00    0    7.53e-01
2005 05 19  1025    53509   37500      0    1.10e+00    0    7.50e-01
2005 05 19  1030    53509   37800      0    1.13e+00    0    7.57e-01
2005 05 19  1035    53509   38100      0    1.13e+00    0    7.64e-01
2005 05 19  1040    53509   38400      0    1.77e+00    0    1.18e+00
2005 05 19  1045    53509   38700      0    3.84e+00    0    2.61e+00
2005 05 19  1050    53509   39000      0    2.43e+00    0    1.67e+00
2005 05 19  1055    53509   39300      0    1.14e+00    0    7.58e-01
2005 05 19  1100    53509   39600      0    1.14e+00    0    7.65e-01
2005 05 19  1105    53509   39900      0    1.12e+00    0    7.40e-01
2005 05 19  1110    53509   40200      0    1.13e+00    0    7.54e-01
2005 05 19  1115    53509   40500      0    2.25e+00    0    1.38e+00
2005 05 19  1120    53509   40800      0    3.76e+00    0    2.58e+00
2005 05 19  1125    53509   41100      0    2.08e+00    0    1.40e+00
2005 05 19  1130    53509   41400      0    1.12e+00    0    7.59e-01
2005 05 19  1135    53509   41700      0    1.14e+00    0    7.67e-01
2005 05 19  1140    53509   42000      0    1.15e+00    0    7.67e-01
2005 05 19  1145    53509   42300      0    1.10e+00    0    7.34e-01
2005 05 19  1150    53509   42600      0    2.71e+00    0    1.86e+00
2005 05 19  1155    53509   42900      0    3.89e+00    0    2.63e+00
2005 05 19  1200    53509   43200      0    1.52e+00    0    1.04e+00
2005 05 19  1205    53509   43500      0    1.17e+00    0    7.89e-01
2005 05 19  1210    53509   43800      0    1.11e+00    0    7.44e-01
2005 05 19  1215    53509   44100      0    1.14e+00    0    7.78e-01
2005 05 19  1220    53509   44400      0    1.11e+00    0    7.48e-01
2005 05 19  1225    53509   44700      0    3.21e+00    0    2.19e+00
2005 05 19  1230    53509   45000      0    3.90e+00    0    2.68e+00
2005 05 19  1235    53509   45300      0    1.14e+00    0    7.73e-01
2005 05 19  1240    53509   45600      0    1.11e+00    0    7.48e-01
2005 05 19  1245    53509   45900      0    1.11e+00    0    7.48e-01
2005 05 19  1250    53509   46200      0    1.12e+00    0    7.53e-01
2005 05 19  1255    53509   46500      0    1.12e+00    0    7.63e-01
2005 05 19  1300    53509   46800      0    3.54e+00    0    2.44e+00
2005 05 19  1305    53509   47100      0    3.26e+00    0    2.23e+00
2005 05 19  1310    53509   47400      0    1.11e+00    0    7.60e-01
2005 05 19  1315    53509   47700      0    1.06e+00    0    7.13e-01
2005 05 19  1320    53509   48000      0    1.11e+00    0    7.61e-01
2005 05 19  1325    53509   48300      0    1.11e+00    0    7.53e-01
2005 05 19  1330    53509   48600      0    1.37e+00    0    9.28e-01
2005 05 19  1335    53509   48900      0    3.81e+00    0    2.59e+00
2005 05 19  1340    53509   49200      0    2.71e+00    0    1.81e+00
2005 05 19  1345    53509   49500      0    1.14e+00    0    7.69e-01
2005 05 19  1350    53509   49800      0    1.12e+00    0    7.59e-01
2005 05 19  1355    53509   50100      0    1.11e+00    0    7.49e-01
2005 05 19  1400    53509   50400      0    1.14e+00    0    7.68e-01
2005 05 19  1405    53509   50700      0    1.95e+00    0    1.35e+00
2005 05 19  1410    53509   51000      0    3.97e+00    0    2.70e+00
2005 05 19  1415    53509   51300      0    2.27e+00    0    1.52e+00
2005 05 19  1420    53509   51600      0    1.12e+00    0    7.58e-01
2005 05 19  1425    53509   51900      0    1.15e+00    0    7.73e-01
2005 05 19  1430    53509   52200      0    1.11e+00    0    7.33e-01
2005 05 19  1435    53509   52500      0    1.11e+00    0    7.41e-01
2005 05 19  1440    53509   52800      0    2.30e+00    0    1.55e+00
2005 05 19  1445    53509   53100      0    3.88e+00    0    2.63e+00
2005 05 19  1450    53509   53400      0    1.69e+00    0    1.14e+00
2005 05 19  1455    53509   53700      0    1.12e+00    0    7.62e-01
2005 05 19  1500    53509   54000      0    1.14e+00    0    7.68e-01
2005 05 19  1505    53509   54300      0    1.11e+00    0    7.47e-01
2005 05 19  1510    53509   54600      0    1.11e+00    0    7.43e-01
2005 05 19  1515    53509   54900      0    2.89e+00    0    1.92e+00
2005 05 19  1520    53509   55200      0    3.82e+00    0    2.61e+00
2005 05 19  1525    53509   55500      0    1.40e+00    0    9.51e-01
2005 05 19  1530    53509   55800      0    1.14e+00    0    7.68e-01
2005 05 19  1535    53509   56100      0    1.13e+00    0    7.56e-01
2005 05 19  1540    53509   56400      0    1.12e+00    0    7.50e-01
2005 05 19  1545    53509   56700      0    1.11e+00    0    7.58e-01
2005 05 19  1550    53509   57000      0    3.24e+00    0    2.20e+00
2005 05 19  1555    53509   57300      0    3.65e+00    0    2.42e+00
2005 05 19  1600    53509   57600      0    1.12e+00    0    7.59e-01
2005 05 19  1605    53509   57900      0    1.12e+00    0    7.54e-01
2005 05 19  1610    53509   58200      0    1.13e+00    0    7.56e-01
2005 05 19  1615    53509   58500      0    1.11e+00    0    7.32e-01
2005 05 19  1620    53509   58800      0    1.12e+00    0    7.45e-01
2005 05 19  1625    53509   59100      0    3.95e+00    0    2.66e+00
2005 05 19  1630    53509   59400      0    3.04e+00    0    2.03e+00
2005 05 19  1635    53509   59700      0    1.13e+00    0    7.60e-01
2005 05 19  1640    53509   60000      0    1.13e+00    0    7.61e-01
2005 05 19  1645    53509   60300      0    1.12e+00    0    7.52e-01
2005 05 19  1650    53509   60600      0    1.10e+00    0    7.41e-01
2005 05 19  1655    53509   60900      0    1.49e+00    0    7.76e-01
2005 05 19  1700    53509   61200      0    3.81e+00    0    2.57e+00
2005 05 19  1705    53509   61500      0    2.57e+00    0    1.75e+00
2005 05 19  1710    53509   61800      0    1.15e+00    0    7.73e-01
2005 05 19  1715    53509   62100      0    1.10e+00    0    7.47e-01
2005 05 19  1720    53509   62400      0    1.12e+00    0    7.52e-01
2005 05 19  1725    53509   62700      0    1.13e+00    0    7.55e-01
2005 05 19  1730    53509   63000      0    2.04e+00    0    1.39e+00
2005 05 19  1735    53509   63300      0    3.89e+00    0    2.64e+00
2005 05 19  1740    53509   63600      0    2.24e+00    0    1.52e+00
2005 05 19  1745    53509   63900      0    1.15e+00    0    7.76e-01
2005 05 19  1750    53509   64200      0    1.12e+00    0    7.61e-01
2005 05 19  1755    53509   64500      0    1.12e+00    0    7.48e-01
2005 05 19  1800    53509   64800      0    1.15e+00    0    7.68e-01
2005 05 19  1805    53509   65100      0    2.48e+00    0    1.67e+00
2005 05 19  1810    53509   65400      0    3.72e+00    0    2.54e+00
2005 05 19  1815    53509   65700      0    1.77e+00    0    1.20e+00
2005 05 19  1820    53509   66000      0    1.16e+00    0    7.85e-01
2005 05 19  1825    53509   66300      0    1.15e+00    0    7.91e-01
2005 05 19  1830    53509   66600      0    1.16e+00    0    7.81e-01
2005 05 19  1835    53509   66900      0    1.14e+00    0    7.76e-01
2005 05 19  1840    53509   67200      0    3.05e+00    0    2.08e+00
2005 05 19  1845    53509   67500      0    4.00e+00    0    2.69e+00
2005 05 19  1850    53509   67800      0    1.13e+00    0    7.57e-01
2005 05 19  1855    53509   68100      0    1.12e+00    0    7.49e-01
2005 05 19  1900    53509   68400      0    1.12e+00    0    7.51e-01
2005 05 19  1905    53509   68700      0    1.14e+00    0    7.69e-01
2005 05 19  1910    53509   69000      0    1.16e+00    0    7.85e-01
2005 05 19  1915    53509   69300      0    3.54e+00    0    2.40e+00
2005 05 19  1920    53509   69600      0    3.59e+00    0    2.43e+00
2005 05 19  1925    53509   69900      0    1.14e+00    0    7.62e-01
2005 05 19  1930    53509   70200      0    1.13e+00    0    7.62e-01
2005 05 19  1935    53509   70500      0    1.16e+00    0    7.90e-01
2005 05 19  1940    53509   70800      9   -1.00e+05    9   -1.00e+05
2005 05 19  1945    53509   71100      9   -1.00e+05    9   -1.00e+05
2005 05 19  1950    53509   71400      9   -1.00e+05    9   -1.00e+05
2005 05 19  1955    53509   71700      9   -1.00e+05    9   -1.00e+05
2005 05 19  2000    53509   72000      9   -1.00e+05    9   -1.00e+05
2005 05 19  2005    53509   72300      9   -1.00e+05    9   -1.00e+05
2005 05 19  2010    53509   72600      0    1.14e+00    0    7.60e-01
2005 05 19  2015    53509   72900      0    1.15e+00    0    7.75e-01
2005 05 19  2020    53509   73200      0    1.78e+00    0    1.22e+00
2005 05 19  2025    53509   73500      0    3.77e+00    0    2.55e+00
2005 05 19  2030    53509   73800      0    2.52e+00    0    1.70e+00
2005 05 19  2035    53509   74100      0    1.15e+00    0    7.68e-01
2005 05 19  2040    53509   74400      0    1.17e+00    0    7.94e-01
2005 05 19  2045    53509   74700      0    1.15e+00    0    7.74e-01
2005 05 19  2050    53509   75000      0    1.14e+00    0    7.67e-01
2005 05 19  2055    53509   75300      0    2.16e+00    0    1.51e+00
2005 05 19  2100    53509   75600      0    3.79e+00    0    2.57e+00
2005 05 19  2105    53509   75900      0    2.04e+00    0    1.38e+00
2005 05 19  2110    53509   76200      0    1.14e+00    0    7.71e-01
2005 05 19  2115    53509   76500      0    1.12e+00    0    7.51e-01
2005 05 19  2120    53509   76800      0    1.13e+00    0    7.61e-01
2005 05 19  2125    53509   77100      0    1.13e+00    0    7.64e-01
2005 05 19  2130    53509   77400      0    2.60e+00    0    1.76e+00
2005 05 19  2135    53509   77700      0    3.86e+00    0    2.60e+00
2005 05 19  2140    53509   78000      0    1.43e+00    0    9.67e-01
2005 05 19  2145    53509   78300      0    1.14e+00    0    7.71e-01
2005 05 19  2150    53509   78600      0    1.15e+00    0    7.67e-01
2005 05 19  2155    53509   78900      0    1.14e+00    0    7.77e-01
2005 05 19  2200    53509   79200      0    1.15e+00    0    7.72e-01
2005 05 19  2205    53509   79500      0    2.98e+00    0    2.02e+00
2005 05 19  2210    53509   79800      0    3.97e+00    0    2.72e+00
2005 05 19  2215    53509   80100      0    1.18e+00    0    8.05e-01
2005 05 19  2220    53509   80400      0    1.16e+00    0    8.00e-01
2005 05 19  2225    53509   80700      0    1.14e+00    0    7.73e-01
2005 05 19  2230    53509   81000      0    1.16e+00    0    7.88e-01
2005 05 19  2235    53509   81300      0    1.13e+00    0    7.69e-01
2005 05 19  2240    53509   81600      0    3.38e+00    0    2.31e+00
2005 05 19  2245    53509   81900      0    3.25e+00    0    2.18e+00
2005 05 19  2250    53509   82200      0    1.12e+00    0    7.66e-01
2005 05 19  2255    53509   82500      0    1.13e+00    0    7.73e-01
2005 05 19  2300    53509   82800      0    1.10e+00    0    7.42e-01
2005 05 19  2305    53509   83100      0    1.13e+00    0    7.68e-01
2005 05 19  2310    53509   83400      0    1.40e+00    0    9.32e-01
2005 05 19  2315    53509   83700      0    3.85e+00    0    2.61e+00
2005 05 19  2320    53509   84000      0    2.91e+00    0    1.96e+00
2005 05 19  2325    53509   84300      0    1.15e+00    0    7.70e-01
2005 05 19  2330    53509   84600      0    1.12e+00    0    7.51e-01
2005 05 19  2335    53509   84900      0    1.14e+00    0    7.73e-01
2005 05 19  2340    53509   85200      0    1.13e+00    0    7.62e-01
2005 05 19  2345    53509   85500      0    1.67e+00    0    1.13e+00
2005 05 19  2350    53509   85800      0    3.77e+00    0    2.57e+00
2005 05 19  2355    53509   86100      0    2.40e+00    0    1.62e+00
