:Data_list: 20050306_ace_epam_5m.txt
:Created: 2005 Mar 07 0012 UT
# Prepared by the U.S. Dept. of Commerce, NOAA, Space Environment Center.
# Please send comments and suggestions to SEC.Webmaster@noaa.gov 
# 
# Units: Differential Flux particles/cm2-s-ster-MeV
# Units: Anisotropy Index 0.0 - 2.0
# Status(S): 0 = nominal, 4,6,7,8 = bad data, unable to process, 9 = no data
# Missing data values: -1.00e+05, index = -1.00
# Source: ACE Satellite - Electron, Proton, and Alpha Monitor
# 2004 Feb 04: see http://www.sec.noaa.gov/ftpdir/lists/ace/README for EPAM channel change notice.
#
#                      5-minute averaged Real-time Differential Electron and Proton Flux 
# 
#                Modified Seconds ---------------------------- Differential Flux --------------------------- 
# UT Date   Time  Julian  of the  ----- Electron -----   ------------------- Protons keV -------------------   Anis.
# YR MO DA  HHMM    Day    Day    S    38-53   175-315   S    47-68   115-195   310-580   761-1220 1060-1900   Ratio
#-------------------------------------------------------------------------------------------------------------------
2005 03 06  0000   53435       0  0  1.12e+03  1.77e+01  0  9.44e+02  2.65e+01  5.74e+00  2.12e+00  8.11e-01   0.48
2005 03 06  0005   53435     300  0  1.15e+03  1.66e+01  0  9.85e+02  2.74e+01  6.00e+00  2.39e+00  6.22e-01   0.29
2005 03 06  0010   53435     600  0  1.02e+03  1.77e+01  0  1.02e+03  2.27e+01  5.80e+00  1.98e+00  6.08e-01   0.16
2005 03 06  0015   53435     900  0  1.04e+03  1.33e+01  0  9.19e+02  2.51e+01  5.62e+00  2.08e+00  6.76e-01   0.35
2005 03 06  0020   53435    1200  0  1.04e+03  1.74e+01  0  9.67e+02  2.47e+01  6.29e+00  2.35e+00  7.48e-01   0.34
2005 03 06  0025   53435    1500  0  1.12e+03  2.00e+01  0  9.17e+02  2.42e+01  5.98e+00  2.27e+00  9.08e-01   0.28
2005 03 06  0030   53435    1800  0  1.17e+03  1.40e+01  0  9.63e+02  2.52e+01  5.59e+00  2.69e+00  7.05e-01   0.05
2005 03 06  0035   53435    2100  0  1.15e+03  2.18e+01  0  9.35e+02  2.56e+01  5.80e+00  2.76e+00  8.75e-01   0.23
2005 03 06  0040   53435    2400  0  1.00e+03  1.83e+01  0  9.95e+02  2.22e+01  5.57e+00  2.02e+00  6.95e-01   0.13
2005 03 06  0045   53435    2700  0  1.11e+03  1.70e+01  0  9.76e+02  2.26e+01  5.41e+00  2.10e+00  5.58e-01   0.06
2005 03 06  0050   53435    3000  0  1.10e+03  1.91e+01  0  8.90e+02  2.46e+01  5.15e+00  1.95e+00  8.32e-01   0.22
2005 03 06  0055   53435    3300  0  1.04e+03  1.67e+01  0  9.67e+02  2.34e+01  5.94e+00  2.32e+00  5.53e-01   0.25
2005 03 06  0100   53435    3600  0  1.05e+03  1.82e+01  0  1.03e+03  2.58e+01  5.31e+00  2.27e+00  6.95e-01   0.39
2005 03 06  0105   53435    3900  0  9.63e+02  1.45e+01  0  9.50e+02  2.48e+01  5.74e+00  1.60e+00  7.16e-01   0.70
2005 03 06  0110   53435    4200  0  9.72e+02  1.88e+01  0  1.00e+03  2.65e+01  6.43e+00  1.64e+00  6.51e-01   0.36
2005 03 06  0115   53435    4500  0  9.42e+02  1.62e+01  0  9.91e+02  2.28e+01  4.92e+00  1.89e+00  7.90e-01   0.35
2005 03 06  0120   53435    4800  0  8.69e+02  1.82e+01  0  9.64e+02  2.37e+01  5.82e+00  1.57e+00  5.71e-01   0.29
2005 03 06  0125   53435    5100  0  7.94e+02  1.47e+01  0  8.97e+02  2.99e+01  5.11e+00  1.52e+00  6.01e-01   0.80
2005 03 06  0130   53435    5400  0  1.24e+03  2.20e+01  0  9.92e+02  2.69e+01  4.98e+00  1.87e+00  6.43e-01   0.29
2005 03 06  0135   53435    5700  0  9.25e+02  1.49e+01  0  1.02e+03  2.33e+01  5.16e+00  1.60e+00  7.31e-01   0.30
2005 03 06  0140   53435    6000  0  9.34e+02  1.45e+01  0  8.95e+02  2.44e+01  4.75e+00  1.46e+00  7.06e-01   0.61
2005 03 06  0145   53435    6300  0  9.40e+02  2.03e+01  0  1.02e+03  2.43e+01  4.36e+00  1.81e+00  8.64e-01   0.52
2005 03 06  0150   53435    6600  0  9.43e+02  1.55e+01  0  9.78e+02  2.19e+01  3.49e+00  1.76e+00  5.53e-01   0.20
2005 03 06  0155   53435    6900  0  9.81e+02  1.87e+01  0  9.69e+02  2.08e+01  4.88e+00  1.95e+00  5.16e-01   0.25
2005 03 06  0200   53435    7200  0  8.61e+02  1.79e+01  0  9.34e+02  2.01e+01  3.52e+00  1.14e+00  5.31e-01   0.27
2005 03 06  0205   53435    7500  0  8.37e+02  1.72e+01  0  1.05e+03  1.77e+01  3.15e+00  1.37e+00  4.15e-01   0.24
2005 03 06  0210   53435    7800  0  8.06e+02  1.80e+01  0  9.45e+02  1.59e+01  2.95e+00  1.04e+00  4.11e-01   0.17
2005 03 06  0215   53435    8100  0  7.18e+02  1.61e+01  0  9.05e+02  1.44e+01  3.67e+00  8.77e-01  4.83e-01   0.19
2005 03 06  0220   53435    8400  0  1.02e+03  2.05e+01  0  9.61e+02  1.62e+01  3.25e+00  1.45e+00  5.22e-01   0.21
2005 03 06  0225   53435    8700  0  7.61e+02  1.55e+01  0  9.65e+02  1.53e+01  2.88e+00  1.08e+00  2.53e-01   0.20
2005 03 06  0230   53435    9000  0  7.92e+02  1.65e+01  0  8.96e+02  1.67e+01  3.09e+00  1.49e+00  3.57e-01   0.26
2005 03 06  0235   53435    9300  0  8.07e+02  1.67e+01  0  9.84e+02  1.59e+01  3.03e+00  1.45e+00  4.64e-01   0.38
2005 03 06  0240   53435    9600  0  7.04e+02  1.65e+01  0  9.88e+02  2.20e+01  3.37e+00  1.49e+00  3.57e-01   0.21
2005 03 06  0245   53435    9900  0  7.23e+02  2.11e+01  0  9.92e+02  1.90e+01  3.25e+00  1.43e+00  4.74e-01   0.39
2005 03 06  0250   53435   10200  0  6.98e+02  1.91e+01  0  9.11e+02  1.87e+01  3.31e+00  1.18e+00  3.77e-01   0.33
2005 03 06  0255   53435   10500  0  7.51e+02  1.47e+01  0  9.77e+02  2.03e+01  3.88e+00  1.52e+00  4.73e-01   0.44
2005 03 06  0300   53435   10800  0  7.16e+02  1.82e+01  0  1.05e+03  1.92e+01  2.98e+00  1.31e+00  4.43e-01   0.38
2005 03 06  0305   53435   11100  0  7.47e+02  1.29e+01  0  9.20e+02  2.06e+01  3.49e+00  1.43e+00  5.12e-01   0.20
2005 03 06  0310   53435   11400  0  7.84e+02  1.70e+01  0  9.83e+02  1.58e+01  3.34e+00  1.43e+00  4.93e-01   0.28
2005 03 06  0315   53435   11700  0  7.43e+02  1.49e+01  0  9.64e+02  2.14e+01  3.28e+00  1.52e+00  4.53e-01   0.09
2005 03 06  0320   53435   12000  0  7.02e+02  1.83e+01  0  9.31e+02  1.97e+01  3.38e+00  9.85e-01  4.55e-01   0.34
2005 03 06  0325   53435   12300  0  8.19e+02  1.66e+01  0  9.88e+02  1.60e+01  3.67e+00  1.54e+00  5.06e-01   0.22
2005 03 06  0330   53435   12600  0  8.03e+02  1.49e+01  0  9.73e+02  1.68e+01  3.61e+00  1.21e+00  4.64e-01   0.43
2005 03 06  0335   53435   12900  0  8.07e+02  1.54e+01  0  9.61e+02  1.69e+01  2.91e+00  1.23e+00  4.19e-01   0.07
2005 03 06  0340   53435   13200  0  7.77e+02  1.43e+01  0  9.10e+02  1.90e+01  3.57e+00  1.50e+00  3.27e-01   0.31
2005 03 06  0345   53435   13500  0  9.05e+02  1.60e+01  0  1.01e+03  1.83e+01  3.80e+00  1.56e+00  4.53e-01   0.35
2005 03 06  0350   53435   13800  0  8.17e+02  2.42e+01  0  9.73e+02  2.03e+01  3.63e+00  1.14e+00  4.73e-01   0.06
2005 03 06  0355   53435   14100  0  7.96e+02  2.22e+01  0  9.42e+02  1.57e+01  3.41e+00  1.58e+00  3.48e-01   0.28
2005 03 06  0400   53435   14400  0  7.77e+02  1.88e+01  0  9.50e+02  1.85e+01  3.16e+00  1.41e+00  5.17e-01   0.31
2005 03 06  0405   53435   14700  0  8.41e+02  1.87e+01  0  9.93e+02  1.94e+01  3.54e+00  1.50e+00  4.11e-01   0.31
2005 03 06  0410   53435   15000  0  8.14e+02  1.74e+01  0  9.83e+02  1.94e+01  3.34e+00  1.37e+00  4.00e-01   0.37
2005 03 06  0415   53435   15300  0  6.93e+02  1.70e+01  0  8.91e+02  2.34e+01  3.88e+00  1.35e+00  5.79e-01   0.41
2005 03 06  0420   53435   15600  0  7.07e+02  1.60e+01  0  9.62e+02  2.29e+01  4.06e+00  1.10e+00  5.16e-01   0.28
2005 03 06  0425   53435   15900  0  6.67e+02  1.53e+01  0  1.02e+03  2.27e+01  4.29e+00  1.31e+00  5.90e-01   0.19
2005 03 06  0430   53435   16200  0  6.24e+02  1.96e+01  0  9.81e+02  2.37e+01  3.97e+00  1.39e+00  6.24e-01   0.23
2005 03 06  0435   53435   16500  0  6.31e+02  1.72e+01  0  9.78e+02  2.51e+01  4.82e+00  1.37e+00  6.43e-01   0.23
2005 03 06  0440   53435   16800  0  6.47e+02  1.72e+01  0  1.01e+03  2.21e+01  4.60e+00  1.31e+00  5.60e-01   0.13
2005 03 06  0445   53435   17100  0  6.33e+02  1.54e+01  0  9.86e+02  2.35e+01  3.94e+00  1.30e+00  5.99e-01   0.43
2005 03 06  0450   53435   17400  0  6.40e+02  1.74e+01  0  9.38e+02  2.01e+01  4.85e+00  1.41e+00  5.90e-01   0.10
2005 03 06  0455   53435   17700  0  6.48e+02  1.70e+01  0  1.08e+03  2.37e+01  4.33e+00  1.51e+00  5.60e-01   0.33
2005 03 06  0500   53435   18000  0  5.59e+02  1.79e+01  0  9.79e+02  2.44e+01  4.81e+00  1.64e+00  5.60e-01   0.45
2005 03 06  0505   53435   18300  0  6.49e+02  1.86e+01  0  9.29e+02  2.51e+01  4.39e+00  1.48e+00  6.64e-01   0.16
2005 03 06  0510   53435   18600  0  7.32e+02  1.74e+01  0  9.92e+02  2.47e+01  5.23e+00  1.71e+00  5.99e-01   0.09
2005 03 06  0515   53435   18900  0  5.97e+02  2.04e+01  0  1.00e+03  2.52e+01  5.05e+00  1.68e+00  5.51e-01   0.12
2005 03 06  0520   53435   19200  0  6.71e+02  1.98e+01  0  9.77e+02  2.26e+01  4.39e+00  1.35e+00  5.79e-01   0.34
2005 03 06  0525   53435   19500  0  6.30e+02  1.93e+01  0  9.98e+02  2.01e+01  3.70e+00  1.31e+00  6.53e-01   0.21
2005 03 06  0530   53435   19800  0  7.14e+02  1.54e+01  0  1.02e+03  2.13e+01  4.24e+00  1.43e+00  5.22e-01   0.17
2005 03 06  0535   53435   20100  0  6.53e+02  1.88e+01  0  9.82e+02  2.19e+01  4.63e+00  1.45e+00  6.37e-01   0.32
2005 03 06  0540   53435   20400  0  7.68e+02  1.84e+01  0  9.13e+02  2.56e+01  4.65e+00  1.83e+00  5.69e-01   0.28
2005 03 06  0545   53435   20700  0  7.14e+02  1.36e+01  0  1.01e+03  2.19e+01  4.84e+00  1.66e+00  7.34e-01   0.09
2005 03 06  0550   53435   21000  0  6.68e+02  1.81e+01  0  1.05e+03  2.24e+01  5.17e+00  1.94e+00  6.86e-01   0.22
2005 03 06  0555   53435   21300  0  7.23e+02  1.72e+01  0  9.52e+02  2.21e+01  4.06e+00  1.66e+00  7.48e-01   0.17
2005 03 06  0600   53435   21600  0  7.20e+02  1.50e+01  0  9.97e+02  2.32e+01  3.94e+00  1.79e+00  4.55e-01   0.31
2005 03 06  0605   53435   21900  0  6.71e+02  2.01e+01  0  9.96e+02  2.14e+01  4.43e+00  1.97e+00  6.85e-01   0.19
2005 03 06  0610   53435   22200  0  7.36e+02  1.68e+01  0  1.01e+03  2.38e+01  4.88e+00  2.12e+00  6.43e-01   0.05
2005 03 06  0615   53435   22500  0  6.23e+02  1.82e+01  0  9.58e+02  2.46e+01  4.66e+00  1.64e+00  7.58e-01   0.30
2005 03 06  0620   53435   22800  0  6.85e+02  1.82e+01  0  1.05e+03  2.11e+01  4.29e+00  1.66e+00  7.69e-01   0.41
2005 03 06  0625   53435   23100  0  7.11e+02  1.68e+01  0  1.03e+03  2.31e+01  4.36e+00  1.75e+00  8.22e-01   0.08
2005 03 06  0630   53435   23400  0  6.33e+02  1.83e+01  0  9.81e+02  2.33e+01  4.85e+00  1.92e+00  6.42e-01   0.27
2005 03 06  0635   53435   23700  0  6.58e+02  1.78e+01  0  1.00e+03  2.54e+01  5.15e+00  1.89e+00  6.11e-01   0.19
2005 03 06  0640   53435   24000  0  7.05e+02  1.59e+01  0  1.00e+03  2.70e+01  5.33e+00  1.71e+00  5.97e-01   0.48
2005 03 06  0645   53435   24300  0  7.00e+02  1.57e+01  0  1.08e+03  2.56e+01  4.85e+00  1.85e+00  6.22e-01   0.20
2005 03 06  0650   53435   24600  0  7.05e+02  1.51e+01  0  1.00e+03  3.42e+01  5.51e+00  1.81e+00  6.85e-01   0.25
2005 03 06  0655   53435   24900  0  6.88e+02  1.62e+01  0  9.93e+02  2.64e+01  5.08e+00  1.83e+00  6.69e-01   0.20
2005 03 06  0700   53435   25200  0  6.65e+02  1.68e+01  0  1.18e+03  3.48e+01  4.58e+00  1.58e+00  6.61e-01   0.54
2005 03 06  0705   53435   25500  0  6.35e+02  1.45e+01  0  1.43e+03  4.39e+01  5.58e+00  2.18e+00  7.39e-01   0.14
2005 03 06  0710   53435   25800  0  7.08e+02  1.50e+01  0  1.06e+03  3.25e+01  5.13e+00  2.15e+00  6.95e-01   0.09
2005 03 06  0715   53435   26100  0  6.53e+02  1.82e+01  0  1.03e+03  2.93e+01  6.20e+00  1.91e+00  9.06e-01   0.08
2005 03 06  0720   53435   26400  0  6.22e+02  1.33e+01  0  9.54e+02  2.73e+01  5.29e+00  2.15e+00  6.57e-01   0.11
2005 03 06  0725   53435   26700  0  6.99e+02  1.63e+01  0  1.47e+03  4.28e+01  5.89e+00  2.19e+00  5.99e-01   0.11
2005 03 06  0730   53435   27000  0  6.08e+02  1.68e+01  0  6.69e+03  1.67e+02  6.65e+00  2.18e+00  6.64e-01   0.28
2005 03 06  0735   53435   27300  0  6.60e+02  1.65e+01  0  5.25e+03  1.37e+02  6.73e+00  2.38e+00  7.53e-01   0.14
2005 03 06  0740   53435   27600  0  6.98e+02  1.97e+01  0  2.70e+03  7.54e+01  5.86e+00  2.34e+00  7.34e-01   0.05
2005 03 06  0745   53435   27900  0  7.09e+02  1.58e+01  0  1.13e+03  3.51e+01  5.47e+00  2.52e+00  6.85e-01   0.08
2005 03 06  0750   53435   28200  0  6.83e+02  1.88e+01  0  1.07e+03  2.83e+01  5.20e+00  2.13e+00  7.92e-01   0.16
2005 03 06  0755   53435   28500  0  6.88e+02  1.79e+01  0  9.77e+02  2.75e+01  5.74e+00  1.92e+00  6.28e-01   0.23
2005 03 06  0800   53435   28800  0  7.03e+02  2.23e+01  0  1.07e+03  3.02e+01  6.73e+00  2.50e+00  8.50e-01   0.10
2005 03 06  0805   53435   29100  0  6.93e+02  1.33e+01  0  1.04e+03  3.31e+01  6.72e+00  2.87e+00  8.11e-01   0.15
2005 03 06  0810   53435   29400  0  5.90e+02  1.61e+01  0  1.01e+03  3.03e+01  8.14e+00  2.92e+00  1.02e+00   0.03
2005 03 06  0815   53435   29700  0  6.05e+02  1.54e+01  0  9.43e+02  3.04e+01  6.37e+00  2.55e+00  1.04e+00   0.13
2005 03 06  0820   53435   30000  0  5.70e+02  1.93e+01  0  1.03e+03  2.83e+01  7.21e+00  2.68e+00  1.01e+00   0.17
2005 03 06  0825   53435   30300  0  6.32e+02  1.68e+01  0  1.00e+03  3.20e+01  6.85e+00  2.59e+00  1.04e+00   0.04
2005 03 06  0830   53435   30600  0  6.46e+02  1.86e+01  0  9.43e+02  3.46e+01  6.76e+00  3.45e+00  1.03e+00   0.15
2005 03 06  0835   53435   30900  0  6.73e+02  1.84e+01  0  9.92e+02  3.23e+01  8.29e+00  2.95e+00  1.13e+00   0.14
2005 03 06  0840   53435   31200  0  6.46e+02  2.06e+01  0  1.00e+03  3.63e+01  7.77e+00  2.94e+00  1.18e+00   0.21
2005 03 06  0845   53435   31500  0  5.81e+02  1.60e+01  0  1.02e+03  3.56e+01  7.97e+00  3.12e+00  1.02e+00   0.09
2005 03 06  0850   53435   31800  0  6.80e+02  1.86e+01  0  9.97e+02  3.87e+01  7.70e+00  3.43e+00  1.12e+00   0.18
2005 03 06  0855   53435   32100  0  6.18e+02  1.95e+01  0  1.06e+03  3.60e+01  7.66e+00  2.69e+00  1.03e+00   0.23
2005 03 06  0900   53435   32400  0  6.49e+02  1.35e+01  0  1.01e+03  3.60e+01  7.57e+00  2.62e+00  1.15e+00   0.16
2005 03 06  0905   53435   32700  0  5.93e+02  1.82e+01  0  9.50e+02  3.87e+01  7.97e+00  2.89e+00  1.04e+00   0.19
2005 03 06  0910   53435   33000  0  7.23e+02  1.46e+01  0  1.05e+03  3.38e+01  8.49e+00  3.08e+00  1.02e+00   0.17
2005 03 06  0915   53435   33300  0  6.78e+02  1.99e+01  0  1.07e+03  3.56e+01  8.62e+00  2.56e+00  1.01e+00   0.14
2005 03 06  0920   53435   33600  0  6.59e+02  1.54e+01  0  1.01e+03  4.05e+01  8.13e+00  3.31e+00  9.27e-01   0.18
2005 03 06  0925   53435   33900  0  6.96e+02  1.64e+01  0  1.03e+03  3.36e+01  6.29e+00  3.04e+00  7.16e-01   0.23
2005 03 06  0930   53435   34200  0  6.31e+02  1.49e+01  0  9.80e+02  3.11e+01  6.46e+00  2.49e+00  1.15e+00   0.05
2005 03 06  0935   53435   34500  0  6.20e+02  1.64e+01  0  9.79e+02  3.27e+01  7.68e+00  3.11e+00  9.63e-01   0.20
2005 03 06  0940   53435   34800  0  5.88e+02  1.62e+01  0  9.51e+02  3.08e+01  6.75e+00  3.12e+00  8.22e-01   0.21
2005 03 06  0945   53435   35100  0  6.84e+02  1.53e+01  0  9.95e+02  2.91e+01  6.52e+00  2.97e+00  1.03e+00   0.12
2005 03 06  0950   53435   35400  0  6.56e+02  1.90e+01  0  1.01e+03  3.15e+01  6.43e+00  2.80e+00  8.83e-01   0.15
2005 03 06  0955   53435   35700  0  6.20e+02  1.78e+01  0  9.22e+02  3.31e+01  7.08e+00  3.14e+00  9.06e-01   0.15
2005 03 06  1000   53435   36000  0  6.96e+02  1.72e+01  0  9.92e+02  3.60e+01  7.45e+00  2.52e+00  8.60e-01   0.22
2005 03 06  1005   53435   36300  0  6.07e+02  1.82e+01  0  1.04e+03  3.62e+01  7.51e+00  2.55e+00  9.85e-01   0.12
2005 03 06  1010   53435   36600  0  6.76e+02  1.58e+01  0  9.80e+02  3.61e+01  7.51e+00  2.83e+00  1.02e+00   0.17
2005 03 06  1015   53435   36900  0  6.58e+02  1.95e+01  0  1.03e+03  3.81e+01  8.02e+00  2.88e+00  1.04e+00   0.14
2005 03 06  1020   53435   37200  0  6.40e+02  1.54e+01  0  1.05e+03  3.55e+01  8.35e+00  2.69e+00  1.10e+00   0.10
2005 03 06  1025   53435   37500  0  6.58e+02  1.70e+01  0  1.06e+03  3.76e+01  7.80e+00  3.18e+00  1.12e+00   0.21
2005 03 06  1030   53435   37800  0  5.62e+02  1.70e+01  0  9.46e+02  4.33e+01  8.20e+00  3.09e+00  1.10e+00   0.20
2005 03 06  1035   53435   38100  0  6.65e+02  1.70e+01  0  1.03e+03  4.18e+01  9.14e+00  3.11e+00  1.18e+00   0.09
2005 03 06  1040   53435   38400  0  6.45e+02  2.27e+01  0  1.10e+03  4.67e+01  9.47e+00  3.41e+00  1.17e+00   0.14
2005 03 06  1045   53435   38700  0  6.80e+02  1.64e+01  0  9.82e+02  3.87e+01  9.05e+00  3.14e+00  1.23e+00   0.14
2005 03 06  1050   53435   39000  0  7.09e+02  1.81e+01  0  1.02e+03  3.86e+01  7.33e+00  3.22e+00  9.95e-01   0.11
2005 03 06  1055   53435   39300  0  6.53e+02  1.47e+01  0  1.05e+03  3.85e+01  8.77e+00  3.32e+00  1.04e+00   0.22
2005 03 06  1100   53435   39600  0  7.67e+02  1.97e+01  0  1.03e+03  4.02e+01  8.33e+00  3.89e+00  1.19e+00   0.06
2005 03 06  1105   53435   39900  0  6.94e+02  1.98e+01  0  9.58e+02  3.91e+01  9.71e+00  4.15e+00  1.12e+00   0.14
2005 03 06  1110   53435   40200  0  6.99e+02  1.43e+01  0  1.05e+03  4.45e+01  9.44e+00  3.20e+00  1.24e+00   0.10
2005 03 06  1115   53435   40500  0  5.77e+02  2.22e+01  0  1.03e+03  4.29e+01  9.18e+00  3.33e+00  1.13e+00   0.26
2005 03 06  1120   53435   40800  0  6.61e+02  1.64e+01  0  9.98e+02  4.39e+01  1.08e+01  2.88e+00  1.03e+00   0.23
2005 03 06  1125   53435   41100  0  6.39e+02  1.62e+01  0  1.08e+03  4.72e+01  1.00e+01  3.64e+00  1.25e+00   0.01
2005 03 06  1130   53435   41400  0  6.02e+02  1.89e+01  0  1.00e+03  4.33e+01  9.67e+00  4.05e+00  1.15e+00   0.12
2005 03 06  1135   53435   41700  0  6.01e+02  1.95e+01  0  1.07e+03  4.37e+01  8.93e+00  3.25e+00  1.16e+00   0.23
2005 03 06  1140   53435   42000  0  6.64e+02  1.28e+01  0  1.03e+03  4.33e+01  8.92e+00  3.49e+00  1.01e+00   0.25
2005 03 06  1145   53435   42300  0  6.73e+02  1.86e+01  0  1.04e+03  4.66e+01  9.28e+00  3.39e+00  1.33e+00   0.23
2005 03 06  1150   53435   42600  0  6.14e+02  1.42e+01  0  1.03e+03  4.48e+01  9.85e+00  3.66e+00  1.17e+00   0.15
2005 03 06  1155   53435   42900  0  7.31e+02  2.03e+01  0  9.45e+02  4.38e+01  9.34e+00  3.28e+00  1.18e+00   0.14
2005 03 06  1200   53435   43200  0  6.25e+02  1.70e+01  0  1.02e+03  4.37e+01  1.01e+01  4.00e+00  1.33e+00   0.19
2005 03 06  1205   53435   43500  0  6.83e+02  2.19e+01  0  1.06e+03  4.50e+01  9.95e+00  3.28e+00  1.18e+00   0.05
2005 03 06  1210   53435   43800  0  7.07e+02  1.80e+01  0  1.01e+03  4.21e+01  9.74e+00  3.06e+00  1.00e+00   0.36
2005 03 06  1215   53435   44100  0  7.23e+02  1.64e+01  0  1.03e+03  4.18e+01  8.79e+00  3.34e+00  1.11e+00   0.14
2005 03 06  1220   53435   44400  0  6.37e+02  1.66e+01  0  1.03e+03  4.26e+01  8.95e+00  2.93e+00  1.13e+00   0.10
2005 03 06  1225   53435   44700  0  6.94e+02  1.55e+01  0  1.07e+03  4.41e+01  9.11e+00  3.72e+00  1.40e+00   0.13
2005 03 06  1230   53435   45000  0  6.43e+02  1.44e+01  0  9.85e+02  4.32e+01  9.65e+00  3.62e+00  1.22e+00   0.23
2005 03 06  1235   53435   45300  0  7.59e+02  1.41e+01  0  1.10e+03  4.26e+01  8.69e+00  3.14e+00  1.14e+00   0.10
2005 03 06  1240   53435   45600  0  6.10e+02  1.52e+01  0  1.13e+03  5.20e+01  1.14e+01  3.09e+00  1.29e+00   0.16
2005 03 06  1245   53435   45900  0  7.08e+02  1.29e+01  0  1.07e+03  5.16e+01  1.05e+01  3.07e+00  1.31e+00   0.11
2005 03 06  1250   53435   46200  0  7.12e+02  1.97e+01  0  1.15e+03  5.29e+01  1.09e+01  3.45e+00  1.14e+00   0.27
2005 03 06  1255   53435   46500  0  7.11e+02  1.93e+01  0  1.18e+03  5.61e+01  1.06e+01  3.66e+00  1.42e+00   0.20
2005 03 06  1300   53435   46800  0  6.83e+02  1.51e+01  0  1.10e+03  5.68e+01  1.13e+01  3.66e+00  1.43e+00   0.03
2005 03 06  1305   53435   47100  0  7.02e+02  1.57e+01  0  1.09e+03  5.20e+01  1.11e+01  3.66e+00  1.33e+00   0.20
2005 03 06  1310   53435   47400  0  7.01e+02  2.16e+01  0  1.18e+03  5.17e+01  1.17e+01  3.47e+00  1.25e+00   0.06
2005 03 06  1315   53435   47700  0  6.42e+02  1.91e+01  0  1.14e+03  5.34e+01  1.23e+01  3.12e+00  1.27e+00   0.20
2005 03 06  1320   53435   48000  0  6.22e+02  1.75e+01  0  1.14e+03  5.69e+01  1.18e+01  3.01e+00  1.20e+00   0.19
2005 03 06  1325   53435   48300  0  8.01e+02  2.11e+01  0  1.14e+03  6.49e+01  1.24e+01  3.62e+00  1.73e+00   0.26
2005 03 06  1330   53435   48600  0  7.13e+02  1.38e+01  0  1.08e+03  5.96e+01  1.14e+01  2.92e+00  1.36e+00   0.32
2005 03 06  1335   53435   48900  0  6.91e+02  1.51e+01  0  4.58e+03  1.97e+02  1.24e+01  3.68e+00  1.30e+00   0.18
2005 03 06  1340   53435   49200  0  6.94e+02  1.55e+01  0  2.66e+03  1.13e+02  1.17e+01  3.37e+00  1.31e+00   0.07
2005 03 06  1345   53435   49500  0  6.60e+02  1.88e+01  0  1.12e+03  6.77e+01  1.42e+01  3.91e+00  1.68e+00   0.11
2005 03 06  1350   53435   49800  0  7.23e+02  1.45e+01  0  1.09e+03  8.26e+01  1.64e+01  4.15e+00  2.04e+00   0.19
2005 03 06  1355   53435   50100  0  6.71e+02  1.68e+01  0  1.11e+03  8.31e+01  1.91e+01  3.93e+00  2.22e+00   0.21
2005 03 06  1400   53435   50400  0  7.10e+02  1.60e+01  0  1.21e+03  1.04e+02  2.07e+01  3.34e+00  2.10e+00   0.22
2005 03 06  1405   53435   50700  0  6.60e+02  1.55e+01  0  1.26e+03  1.18e+02  2.35e+01  4.41e+00  2.82e+00   0.35
2005 03 06  1410   53435   51000  0  7.32e+02  1.58e+01  0  1.23e+03  1.32e+02  2.70e+01  4.59e+00  2.95e+00   0.33
2005 03 06  1415   53435   51300  0  6.52e+02  1.78e+01  0  1.27e+03  1.43e+02  2.96e+01  4.91e+00  3.21e+00   0.38
2005 03 06  1420   53435   51600  0  6.62e+02  1.80e+01  0  1.30e+03  1.38e+02  2.99e+01  6.40e+00  3.29e+00   0.26
2005 03 06  1425   53435   51900  0  6.69e+02  1.91e+01  0  1.23e+03  1.40e+02  2.96e+01  6.86e+00  3.17e+00   0.30
2005 03 06  1430   53435   52200  0  6.93e+02  1.55e+01  0  1.17e+03  1.35e+02  2.99e+01  8.18e+00  3.30e+00   0.22
2005 03 06  1435   53435   52500  0  7.12e+02  1.41e+01  0  1.29e+03  1.38e+02  2.77e+01  7.82e+00  2.92e+00   0.35
2005 03 06  1440   53435   52800  0  6.78e+02  1.78e+01  0  1.26e+03  1.28e+02  2.71e+01  8.87e+00  3.33e+00   0.09
2005 03 06  1445   53435   53100  0  7.36e+02  1.51e+01  0  1.17e+03  1.30e+02  2.60e+01  7.25e+00  3.37e+00   0.09
2005 03 06  1450   53435   53400  0  7.99e+02  1.93e+01  0  1.20e+03  1.24e+02  2.59e+01  7.69e+00  2.94e+00   0.17
2005 03 06  1455   53435   53700  0  6.33e+02  1.47e+01  0  1.23e+03  1.33e+02  2.63e+01  7.26e+00  3.17e+00   0.10
2005 03 06  1500   53435   54000  0  5.95e+02  1.57e+01  0  1.24e+03  1.26e+02  2.39e+01  7.96e+00  3.49e+00   0.12
2005 03 06  1505   53435   54300  0  7.34e+02  1.86e+01  0  1.15e+03  1.16e+02  2.72e+01  7.59e+00  2.73e+00   0.05
2005 03 06  1510   53435   54600  0  6.62e+02  1.55e+01  0  1.23e+03  1.10e+02  2.27e+01  8.07e+00  2.84e+00   0.16
2005 03 06  1515   53435   54900  0  6.78e+02  1.80e+01  0  1.18e+03  1.02e+02  2.44e+01  8.54e+00  2.74e+00   0.23
2005 03 06  1520   53435   55200  0  6.83e+02  1.84e+01  0  1.12e+03  1.05e+02  2.33e+01  8.04e+00  2.83e+00   0.16
2005 03 06  1525   53435   55500  0  7.00e+02  2.30e+01  0  1.19e+03  1.02e+02  2.25e+01  8.83e+00  2.29e+00   0.20
2005 03 06  1530   53435   55800  0  6.29e+02  1.69e+01  0  1.09e+03  1.09e+02  2.19e+01  8.60e+00  2.78e+00   0.13
2005 03 06  1535   53435   56100  0  6.48e+02  1.88e+01  0  1.21e+03  1.28e+02  2.83e+01  7.83e+00  2.99e+00   0.20
2005 03 06  1540   53435   56400  0  6.73e+02  1.77e+01  0  1.24e+03  1.31e+02  2.68e+01  8.52e+00  3.31e+00   0.16
2005 03 06  1545   53435   56700  0  6.44e+02  1.62e+01  0  1.24e+03  1.24e+02  2.55e+01  8.65e+00  3.04e+00   0.15
2005 03 06  1550   53435   57000  0  6.58e+02  1.79e+01  0  1.21e+03  1.28e+02  2.60e+01  8.38e+00  3.03e+00   0.12
2005 03 06  1555   53435   57300  0  6.24e+02  1.87e+01  0  1.18e+03  1.25e+02  2.66e+01  8.08e+00  3.14e+00   0.20
2005 03 06  1600   53435   57600  0  7.36e+02  1.75e+01  0  1.26e+03  1.23e+02  2.70e+01  9.66e+00  2.80e+00   0.04
2005 03 06  1605   53435   57900  0  6.93e+02  1.84e+01  0  1.19e+03  1.20e+02  2.65e+01  8.17e+00  2.64e+00   0.22
2005 03 06  1610   53435   58200  0  7.01e+02  1.59e+01  0  1.16e+03  1.13e+02  2.38e+01  8.12e+00  2.74e+00   0.13
2005 03 06  1615   53435   58500  0  6.88e+02  1.68e+01  0  1.24e+03  1.12e+02  2.36e+01  8.69e+00  2.93e+00   0.08
2005 03 06  1620   53435   58800  0  7.07e+02  1.39e+01  0  1.22e+03  1.06e+02  2.35e+01  9.10e+00  2.48e+00   0.20
2005 03 06  1625   53435   59100  0  6.71e+02  1.49e+01  0  1.24e+03  1.05e+02  2.42e+01  8.31e+00  2.94e+00   0.28
2005 03 06  1630   53435   59400  0  6.33e+02  1.58e+01  0  1.09e+03  1.04e+02  2.29e+01  8.31e+00  2.70e+00   0.30
2005 03 06  1635   53435   59700  0  7.68e+02  1.86e+01  0  1.20e+03  1.08e+02  2.37e+01  9.04e+00  2.77e+00   0.26
2005 03 06  1640   53435   60000  0  7.11e+02  1.96e+01  0  1.16e+03  1.02e+02  2.38e+01  8.60e+00  2.96e+00   0.05
2005 03 06  1645   53435   60300  0  6.46e+02  1.62e+01  0  1.13e+03  1.05e+02  2.58e+01  9.52e+00  2.89e+00   0.16
2005 03 06  1650   53435   60600  0  7.34e+02  2.07e+01  0  1.24e+03  1.38e+02  3.22e+01  9.10e+00  3.73e+00   0.20
2005 03 06  1655   53435   60900  0  7.08e+02  2.01e+01  0  1.29e+03  1.51e+02  3.36e+01  9.48e+00  4.07e+00   0.16
2005 03 06  1700   53435   61200  0  6.85e+02  2.20e+01  0  1.20e+03  1.51e+02  3.53e+01  9.66e+00  4.00e+00   0.32
2005 03 06  1705   53435   61500  0  7.45e+02  1.66e+01  0  1.25e+03  1.50e+02  3.33e+01  1.01e+01  3.67e+00   0.28
2005 03 06  1710   53435   61800  0  7.33e+02  1.64e+01  0  1.23e+03  1.45e+02  3.47e+01  1.07e+01  4.15e+00   0.40
2005 03 06  1715   53435   62100  0  7.18e+02  1.55e+01  0  1.23e+03  1.43e+02  3.29e+01  1.08e+01  4.18e+00   0.20
2005 03 06  1720   53435   62400  0  6.91e+02  1.54e+01  0  1.20e+03  1.48e+02  3.39e+01  1.06e+01  4.12e+00   0.25
2005 03 06  1725   53435   62700  0  7.02e+02  1.51e+01  0  1.26e+03  1.45e+02  3.35e+01  1.06e+01  3.91e+00   0.20
2005 03 06  1730   53435   63000  0  6.08e+02  1.93e+01  0  1.28e+03  1.48e+02  3.59e+01  1.05e+01  4.06e+00   0.23
2005 03 06  1735   53435   63300  0  6.73e+02  1.65e+01  0  1.20e+03  1.57e+02  3.28e+01  1.03e+01  4.20e+00   0.22
2005 03 06  1740   53435   63600  0  7.54e+02  1.86e+01  0  1.23e+03  1.39e+02  3.03e+01  9.21e+00  3.76e+00   0.14
2005 03 06  1745   53435   63900  0  6.94e+02  1.53e+01  0  1.23e+03  1.35e+02  3.13e+01  9.98e+00  3.60e+00   0.16
2005 03 06  1750   53435   64200  0  7.25e+02  1.75e+01  0  1.26e+03  1.49e+02  3.45e+01  1.05e+01  3.73e+00   0.25
2005 03 06  1755   53435   64500  0  7.00e+02  1.64e+01  0  1.23e+03  1.53e+02  3.51e+01  1.04e+01  3.62e+00   0.16
2005 03 06  1800   53435   64800  0  7.79e+02  1.58e+01  0  1.24e+03  1.45e+02  3.31e+01  1.06e+01  4.25e+00   0.17
2005 03 06  1805   53435   65100  0  7.49e+02  1.72e+01  0  1.25e+03  1.46e+02  3.46e+01  1.04e+01  3.83e+00   0.07
2005 03 06  1810   53435   65400  0  6.82e+02  1.55e+01  0  1.16e+03  1.36e+02  3.32e+01  1.10e+01  4.17e+00   0.17
2005 03 06  1815   53435   65700  0  7.72e+02  1.74e+01  0  1.26e+03  1.44e+02  3.38e+01  8.90e+00  3.89e+00   0.21
2005 03 06  1820   53435   66000  0  6.81e+02  1.93e+01  0  1.22e+03  1.40e+02  3.00e+01  1.04e+01  3.75e+00   0.07
2005 03 06  1825   53435   66300  0  7.49e+02  1.72e+01  0  1.25e+03  1.47e+02  3.24e+01  1.05e+01  3.80e+00   0.09
2005 03 06  1830   53435   66600  0  8.30e+02  1.26e+01  0  1.18e+03  1.38e+02  3.16e+01  1.15e+01  4.06e+00   0.02
2005 03 06  1835   53435   66900  0  7.74e+02  1.77e+01  0  1.21e+03  1.34e+02  3.06e+01  1.07e+01  3.78e+00   0.06
2005 03 06  1840   53435   67200  0  7.32e+02  1.74e+01  0  1.22e+03  1.36e+02  3.06e+01  1.12e+01  4.17e+00   0.05
2005 03 06  1845   53435   67500  0  7.25e+02  2.01e+01  0  1.15e+03  1.42e+02  3.43e+01  1.20e+01  3.82e+00   0.05
2005 03 06  1850   53435   67800  0  7.62e+02  1.38e+01  0  1.23e+03  1.34e+02  3.20e+01  1.09e+01  4.15e+00   0.03
2005 03 06  1855   53435   68100  0  7.41e+02  1.82e+01  0  1.14e+03  9.83e+01  2.56e+01  1.11e+01  3.26e+00   0.04
2005 03 06  1900   53435   68400  0  7.32e+02  1.86e+01  0  1.09e+03  1.04e+02  2.65e+01  1.18e+01  3.75e+00   0.08
2005 03 06  1905   53435   68700  0  8.02e+02  1.72e+01  0  1.18e+03  1.05e+02  2.70e+01  1.12e+01  3.55e+00   0.12
2005 03 06  1910   53435   69000  0  7.13e+02  1.43e+01  0  1.15e+03  1.00e+02  2.66e+01  1.19e+01  3.38e+00   0.11
2005 03 06  1915   53435   69300  0  7.34e+02  1.55e+01  0  1.23e+03  1.13e+02  2.75e+01  1.11e+01  3.70e+00   0.20
2005 03 06  1920   53435   69600  0  8.04e+02  1.67e+01  0  1.14e+03  1.11e+02  2.66e+01  1.20e+01  3.31e+00   0.02
2005 03 06  1925   53435   69900  0  8.33e+02  1.41e+01  0  1.21e+03  1.14e+02  2.62e+01  1.11e+01  3.39e+00   0.25
2005 03 06  1930   53435   70200  0  6.84e+02  1.78e+01  0  1.13e+03  1.08e+02  2.52e+01  1.20e+01  3.12e+00   0.16
2005 03 06  1935   53435   70500  0  7.09e+02  1.68e+01  0  1.10e+03  1.12e+02  2.71e+01  1.21e+01  3.50e+00   0.08
2005 03 06  1940   53435   70800  0  7.76e+02  1.91e+01  0  1.19e+03  1.09e+02  2.75e+01  1.21e+01  3.48e+00   0.09
2005 03 06  1945   53435   71100  0  7.63e+02  1.47e+01  0  1.15e+03  1.00e+02  2.68e+01  1.14e+01  3.41e+00   0.09
2005 03 06  1950   53435   71400  0  7.13e+02  1.54e+01  0  1.13e+03  1.07e+02  2.78e+01  1.08e+01  3.72e+00   0.07
2005 03 06  1955   53435   71700  0  7.59e+02  1.55e+01  0  1.19e+03  1.34e+02  3.11e+01  1.13e+01  4.18e+00   0.13
2005 03 06  2000   53435   72000  0  7.56e+02  1.70e+01  0  1.32e+03  1.61e+02  3.67e+01  1.23e+01  4.60e+00   0.09
2005 03 06  2005   53435   72300  0  7.23e+02  1.68e+01  0  1.32e+03  1.60e+02  3.70e+01  1.12e+01  4.41e+00   0.07
2005 03 06  2010   53435   72600  0  7.45e+02  1.64e+01  0  1.31e+03  1.60e+02  3.70e+01  1.14e+01  4.57e+00   0.06
2005 03 06  2015   53435   72900  0  8.17e+02  1.90e+01  0  1.28e+03  1.57e+02  3.68e+01  1.27e+01  4.32e+00   0.09
2005 03 06  2020   53435   73200  0  7.25e+02  1.97e+01  0  1.29e+03  1.61e+02  3.53e+01  1.30e+01  4.02e+00   0.03
2005 03 06  2025   53435   73500  0  7.22e+02  1.47e+01  0  1.26e+03  1.52e+02  3.42e+01  1.38e+01  4.09e+00   0.17
2005 03 06  2030   53435   73800  0  8.32e+02  1.83e+01  0  1.28e+03  1.59e+02  3.72e+01  1.38e+01  4.54e+00   0.18
2005 03 06  2035   53435   74100  0  6.82e+02  1.58e+01  0  1.32e+03  1.59e+02  3.85e+01  1.36e+01  4.33e+00   0.13
2005 03 06  2040   53435   74400  0  7.04e+02  1.88e+01  0  1.28e+03  1.50e+02  3.71e+01  1.47e+01  4.31e+00   0.25
2005 03 06  2045   53435   74700  0  7.36e+02  1.40e+01  0  1.18e+03  1.37e+02  3.54e+01  1.40e+01  4.35e+00   0.15
2005 03 06  2050   53435   75000  0  8.26e+02  1.74e+01  0  1.31e+03  1.60e+02  3.86e+01  1.49e+01  4.86e+00   0.19
2005 03 06  2055   53435   75300  0  7.29e+02  1.84e+01  0  1.29e+03  1.60e+02  3.75e+01  1.40e+01  4.88e+00   0.19
2005 03 06  2100   53435   75600  0  7.61e+02  1.47e+01  0  1.23e+03  1.40e+02  3.43e+01  1.35e+01  4.32e+00   0.05
2005 03 06  2105   53435   75900  0  7.32e+02  1.70e+01  0  1.33e+03  1.66e+02  3.49e+01  1.37e+01  3.89e+00   0.09
2005 03 06  2110   53435   76200  0  7.97e+02  1.58e+01  0  1.34e+03  1.71e+02  3.97e+01  1.34e+01  5.00e+00   0.22
2005 03 06  2115   53435   76500  0  8.20e+02  1.79e+01  0  1.31e+03  1.71e+02  4.04e+01  1.40e+01  4.93e+00   0.17
2005 03 06  2120   53435   76800  0  7.82e+02  1.51e+01  0  1.24e+03  1.57e+02  3.88e+01  1.50e+01  4.65e+00   0.19
2005 03 06  2125   53435   77100  0  8.23e+02  1.78e+01  0  1.29e+03  1.43e+02  3.87e+01  1.64e+01  5.03e+00   0.14
2005 03 06  2130   53435   77400  0  7.47e+02  1.65e+01  0  1.32e+03  1.54e+02  3.70e+01  1.53e+01  4.89e+00   0.21
2005 03 06  2135   53435   77700  0  7.08e+02  1.75e+01  0  1.23e+03  1.70e+02  3.83e+01  1.53e+01  4.67e+00   0.15
2005 03 06  2140   53435   78000  0  7.99e+02  1.91e+01  0  1.34e+03  1.73e+02  4.13e+01  1.58e+01  5.11e+00   0.16
2005 03 06  2145   53435   78300  0  6.86e+02  1.45e+01  0  1.42e+03  1.91e+02  4.48e+01  1.44e+01  5.52e+00   0.14
2005 03 06  2150   53435   78600  0  7.59e+02  1.88e+01  0  1.44e+03  1.98e+02  4.56e+01  1.54e+01  5.60e+00   0.26
2005 03 06  2155   53435   78900  0  7.63e+02  1.86e+01  0  1.35e+03  2.07e+02  4.81e+01  1.62e+01  6.38e+00   0.31
2005 03 06  2200   53435   79200  0  7.63e+02  1.55e+01  0  1.42e+03  2.16e+02  4.92e+01  1.65e+01  6.10e+00   0.38
2005 03 06  2205   53435   79500  0  7.92e+02  2.09e+01  0  1.30e+03  1.59e+02  3.71e+01  1.51e+01  4.57e+00   0.20
2005 03 06  2210   53435   79800  0  7.36e+02  1.70e+01  0  1.20e+03  1.55e+02  3.41e+01  1.40e+01  4.04e+00   0.09
2005 03 06  2215   53435   80100  0  8.04e+02  1.68e+01  0  1.32e+03  1.58e+02  3.50e+01  1.43e+01  4.44e+00   0.10
2005 03 06  2220   53435   80400  0  7.07e+02  1.87e+01  0  1.36e+03  1.65e+02  3.66e+01  1.38e+01  4.39e+00   0.14
2005 03 06  2225   53435   80700  0  7.27e+02  1.66e+01  0  1.30e+03  1.58e+02  3.75e+01  1.47e+01  5.00e+00   0.17
2005 03 06  2230   53435   81000  0  8.32e+02  1.50e+01  0  1.36e+03  1.78e+02  4.41e+01  1.44e+01  4.81e+00   0.06
2005 03 06  2235   53435   81300  0  6.76e+02  2.13e+01  0  1.30e+03  1.70e+02  4.03e+01  1.49e+01  4.98e+00   0.20
2005 03 06  2240   53435   81600  0  7.16e+02  1.67e+01  0  1.32e+03  1.64e+02  4.09e+01  1.53e+01  4.93e+00   0.15
2005 03 06  2245   53435   81900  0  7.72e+02  1.37e+01  0  1.27e+03  1.74e+02  4.39e+01  1.66e+01  5.17e+00   0.20
2005 03 06  2250   53435   82200  0  7.83e+02  1.87e+01  0  1.32e+03  1.73e+02  4.24e+01  1.48e+01  4.89e+00   0.24
2005 03 06  2255   53435   82500  0  7.33e+02  1.60e+01  0  1.36e+03  1.74e+02  4.05e+01  1.44e+01  5.43e+00   0.19
2005 03 06  2300   53435   82800  0  6.82e+02  1.37e+01  0  1.28e+03  1.72e+02  4.16e+01  1.34e+01  5.07e+00   0.18
2005 03 06  2305   53435   83100  0  8.84e+02  1.60e+01  0  1.40e+03  1.67e+02  3.98e+01  1.32e+01  4.91e+00   0.21
2005 03 06  2310   53435   83400  0  7.54e+02  1.64e+01  0  1.32e+03  1.70e+02  3.98e+01  1.40e+01  4.86e+00   0.16
2005 03 06  2315   53435   83700  0  7.70e+02  1.93e+01  0  1.36e+03  1.69e+02  3.99e+01  1.58e+01  4.65e+00   0.17
2005 03 06  2320   53435   84000  0  7.95e+02  1.65e+01  0  1.26e+03  1.73e+02  4.10e+01  1.42e+01  5.27e+00   0.19
2005 03 06  2325   53435   84300  0  7.82e+02  1.74e+01  0  1.34e+03  1.59e+02  3.76e+01  1.43e+01  5.00e+00   0.21
2005 03 06  2330   53435   84600  0  7.05e+02  1.53e+01  0  1.33e+03  1.56e+02  3.58e+01  1.39e+01  4.71e+00   0.17
2005 03 06  2335   53435   84900  0  7.16e+02  1.63e+01  0  1.24e+03  1.66e+02  3.84e+01  1.27e+01  4.59e+00   0.23
2005 03 06  2340   53435   85200  0  8.00e+02  1.58e+01  0  1.30e+03  1.55e+02  3.77e+01  1.27e+01  4.78e+00   0.18
2005 03 06  2345   53435   85500  0  7.90e+02  1.89e+01  0  1.30e+03  1.63e+02  3.85e+01  1.18e+01  5.28e+00   0.15
2005 03 06  2350   53435   85800  0  7.32e+02  1.56e+01  0  1.32e+03  1.69e+02  3.95e+01  1.36e+01  4.66e+00   0.21
2005 03 06  2355   53435   86100  0  8.68e+02  1.75e+01  0  1.30e+03  1.68e+02  3.75e+01  1.37e+01  4.84e+00   0.22
