:Data_list: 20050818_ace_sis_5m.txt
:Created: 2005 Aug 19 0011 UT
# Prepared by the U.S. Dept. of Commerce, NOAA, Space Environment Center.
# Please send comments and suggestions to SEC.Webmaster@noaa.gov 
# 
# Units: proton flux p/cs2-sec-ster
# Status(S): 0 = nominal data, 1 to 8 = bad data record, 9 = no data
# Missing data values: -1.00e+05
# Source: ACE Satellite - Solar Isotope Spectrometer
#
# 5-minute averaged Real-time Integral Flux of High-energy Solar Protons
# 
#                 Modified Seconds
# UT Date   Time   Julian  of the      ---- Integral Proton Flux ----
# YR MO DA  HHMM     Day     Day       S    > 10 MeV    S    > 30 MeV
#--------------------------------------------------------------------
2005 08 18  0000    53600       0      0    1.18e+00    0    8.38e-01
2005 08 18  0005    53600     300      0    1.20e+00    0    8.36e-01
2005 08 18  0010    53600     600      0    1.20e+00    0    8.54e-01
2005 08 18  0015    53600     900      0    1.19e+00    0    8.35e-01
2005 08 18  0020    53600    1200      0    1.20e+00    0    8.44e-01
2005 08 18  0025    53600    1500      0    1.18e+00    0    8.36e-01
2005 08 18  0030    53600    1800      0    1.20e+00    0    8.36e-01
2005 08 18  0035    53600    2100      0    1.17e+00    0    8.21e-01
2005 08 18  0040    53600    2400      0    1.20e+00    0    8.41e-01
2005 08 18  0045    53600    2700      0    1.21e+00    0    8.56e-01
2005 08 18  0050    53600    3000      0    1.21e+00    0    8.47e-01
2005 08 18  0055    53600    3300      0    1.18e+00    0    8.30e-01
2005 08 18  0100    53600    3600      0    1.19e+00    0    8.32e-01
2005 08 18  0105    53600    3900      0    1.20e+00    0    8.53e-01
2005 08 18  0110    53600    4200      0    1.21e+00    0    8.54e-01
2005 08 18  0115    53600    4500      0    1.19e+00    0    8.27e-01
2005 08 18  0120    53600    4800      0    1.18e+00    0    8.28e-01
2005 08 18  0125    53600    5100      0    1.17e+00    0    8.26e-01
2005 08 18  0130    53600    5400      0    1.18e+00    0    8.20e-01
2005 08 18  0135    53600    5700      0    1.16e+00    0    8.13e-01
2005 08 18  0140    53600    6000      0    1.19e+00    0    8.31e-01
2005 08 18  0145    53600    6300      0    1.18e+00    0    8.31e-01
2005 08 18  0150    53600    6600      0    1.18e+00    0    8.26e-01
2005 08 18  0155    53600    6900      0    1.19e+00    0    8.29e-01
2005 08 18  0200    53600    7200      0    1.23e+00    0    8.62e-01
2005 08 18  0205    53600    7500      0    1.15e+00    0    8.05e-01
2005 08 18  0210    53600    7800      0    1.20e+00    0    8.36e-01
2005 08 18  0215    53600    8100      0    1.18e+00    0    8.23e-01
2005 08 18  0220    53600    8400      0    1.19e+00    0    8.33e-01
2005 08 18  0225    53600    8700      0    1.16e+00    0    8.02e-01
2005 08 18  0230    53600    9000      0    1.18e+00    0    8.31e-01
2005 08 18  0235    53600    9300      0    1.19e+00    0    8.38e-01
2005 08 18  0240    53600    9600      0    1.18e+00    0    8.26e-01
2005 08 18  0245    53600    9900      0    1.20e+00    0    8.43e-01
2005 08 18  0250    53600   10200      0    1.17e+00    0    8.18e-01
2005 08 18  0255    53600   10500      0    1.15e+00    0    8.04e-01
2005 08 18  0300    53600   10800      0    1.21e+00    0    8.64e-01
2005 08 18  0305    53600   11100      0    1.23e+00    0    8.66e-01
2005 08 18  0310    53600   11400      0    1.18e+00    0    8.34e-01
2005 08 18  0315    53600   11700      0    1.19e+00    0    8.42e-01
2005 08 18  0320    53600   12000      0    1.19e+00    0    8.47e-01
2005 08 18  0325    53600   12300      0    1.19e+00    0    8.36e-01
2005 08 18  0330    53600   12600      0    1.19e+00    0    8.32e-01
2005 08 18  0335    53600   12900      0    1.18e+00    0    8.28e-01
2005 08 18  0340    53600   13200      0    1.15e+00    0    8.09e-01
2005 08 18  0345    53600   13500      0    1.20e+00    0    8.41e-01
2005 08 18  0350    53600   13800      0    1.17e+00    0    8.22e-01
2005 08 18  0355    53600   14100      0    1.19e+00    0    8.42e-01
2005 08 18  0400    53600   14400      0    1.22e+00    0    8.53e-01
2005 08 18  0405    53600   14700      0    1.19e+00    0    8.35e-01
2005 08 18  0410    53600   15000      0    1.23e+00    0    8.67e-01
2005 08 18  0415    53600   15300      0    1.20e+00    0    8.41e-01
2005 08 18  0420    53600   15600      0    1.20e+00    0    8.33e-01
2005 08 18  0425    53600   15900      0    1.18e+00    0    8.24e-01
2005 08 18  0430    53600   16200      0    1.21e+00    0    8.57e-01
2005 08 18  0435    53600   16500      0    1.19e+00    0    8.38e-01
2005 08 18  0440    53600   16800      0    1.16e+00    0    8.17e-01
2005 08 18  0445    53600   17100      0    1.18e+00    0    8.17e-01
2005 08 18  0450    53600   17400      0    1.19e+00    0    8.41e-01
2005 08 18  0455    53600   17700      0    1.18e+00    0    8.38e-01
2005 08 18  0500    53600   18000      0    1.17e+00    0    8.20e-01
2005 08 18  0505    53600   18300      0    1.18e+00    0    8.24e-01
2005 08 18  0510    53600   18600      0    1.17e+00    0    8.23e-01
2005 08 18  0515    53600   18900      0    1.17e+00    0    8.21e-01
2005 08 18  0520    53600   19200      0    1.19e+00    0    8.31e-01
2005 08 18  0525    53600   19500      0    1.17e+00    0    8.22e-01
2005 08 18  0530    53600   19800      0    1.19e+00    0    8.43e-01
2005 08 18  0535    53600   20100      0    1.18e+00    0    8.25e-01
2005 08 18  0540    53600   20400      0    1.17e+00    0    8.26e-01
2005 08 18  0545    53600   20700      0    1.18e+00    0    8.29e-01
2005 08 18  0550    53600   21000      0    1.16e+00    0    8.10e-01
2005 08 18  0555    53600   21300      0    1.20e+00    0    8.43e-01
2005 08 18  0600    53600   21600      0    1.18e+00    0    8.31e-01
2005 08 18  0605    53600   21900      0    1.19e+00    0    8.34e-01
2005 08 18  0610    53600   22200      0    1.20e+00    0    8.47e-01
2005 08 18  0615    53600   22500      0    1.18e+00    0    8.31e-01
2005 08 18  0620    53600   22800      0    1.21e+00    0    8.48e-01
2005 08 18  0625    53600   23100      0    1.18e+00    0    8.39e-01
2005 08 18  0630    53600   23400      0    1.18e+00    0    8.26e-01
2005 08 18  0635    53600   23700      0    1.19e+00    0    8.44e-01
2005 08 18  0640    53600   24000      0    1.19e+00    0    8.30e-01
2005 08 18  0645    53600   24300      0    1.16e+00    0    8.09e-01
2005 08 18  0650    53600   24600      0    1.19e+00    0    8.36e-01
2005 08 18  0655    53600   24900      0    1.19e+00    0    8.29e-01
2005 08 18  0700    53600   25200      0    1.19e+00    0    8.38e-01
2005 08 18  0705    53600   25500      0    1.20e+00    0    8.48e-01
2005 08 18  0710    53600   25800      0    1.18e+00    0    8.26e-01
2005 08 18  0715    53600   26100      0    1.18e+00    0    8.40e-01
2005 08 18  0720    53600   26400      0    1.17e+00    0    8.30e-01
2005 08 18  0725    53600   26700      0    1.19e+00    0    8.41e-01
2005 08 18  0730    53600   27000      0    1.18e+00    0    8.38e-01
2005 08 18  0735    53600   27300      0    1.18e+00    0    8.18e-01
2005 08 18  0740    53600   27600      0    1.20e+00    0    8.40e-01
2005 08 18  0745    53600   27900      0    1.16e+00    0    8.16e-01
2005 08 18  0750    53600   28200      0    1.18e+00    0    8.21e-01
2005 08 18  0755    53600   28500      0    1.18e+00    0    8.42e-01
2005 08 18  0800    53600   28800      0    1.18e+00    0    8.27e-01
2005 08 18  0805    53600   29100      0    1.17e+00    0    8.24e-01
2005 08 18  0810    53600   29400      0    1.19e+00    0    8.34e-01
2005 08 18  0815    53600   29700      0    1.22e+00    0    8.60e-01
2005 08 18  0820    53600   30000      0    1.19e+00    0    8.39e-01
2005 08 18  0825    53600   30300      0    1.17e+00    0    8.21e-01
2005 08 18  0830    53600   30600      0    1.20e+00    0    8.37e-01
2005 08 18  0835    53600   30900      0    1.17e+00    0    8.19e-01
2005 08 18  0840    53600   31200      0    1.17e+00    0    8.23e-01
2005 08 18  0845    53600   31500      0    1.18e+00    0    8.27e-01
2005 08 18  0850    53600   31800      0    1.18e+00    0    8.34e-01
2005 08 18  0855    53600   32100      0    1.18e+00    0    8.25e-01
2005 08 18  0900    53600   32400      0    1.18e+00    0    8.39e-01
2005 08 18  0905    53600   32700      0    1.19e+00    0    8.38e-01
2005 08 18  0910    53600   33000      0    1.16e+00    0    8.15e-01
2005 08 18  0915    53600   33300      0    1.19e+00    0    8.38e-01
2005 08 18  0920    53600   33600      0    1.19e+00    0    8.39e-01
2005 08 18  0925    53600   33900      0    1.21e+00    0    8.49e-01
2005 08 18  0930    53600   34200      0    1.21e+00    0    8.44e-01
2005 08 18  0935    53600   34500      0    1.18e+00    0    8.29e-01
2005 08 18  0940    53600   34800      0    1.19e+00    0    8.32e-01
2005 08 18  0945    53600   35100      0    1.17e+00    0    8.23e-01
2005 08 18  0950    53600   35400      0    1.19e+00    0    8.37e-01
2005 08 18  0955    53600   35700      0    1.24e+00    0    8.68e-01
2005 08 18  1000    53600   36000      0    1.16e+00    0    8.19e-01
2005 08 18  1005    53600   36300      0    1.19e+00    0    8.45e-01
2005 08 18  1010    53600   36600      0    1.20e+00    0    8.40e-01
2005 08 18  1015    53600   36900      0    1.20e+00    0    8.45e-01
2005 08 18  1020    53600   37200      0    1.19e+00    0    8.43e-01
2005 08 18  1025    53600   37500      0    1.21e+00    0    8.51e-01
2005 08 18  1030    53600   37800      0    1.20e+00    0    8.32e-01
2005 08 18  1035    53600   38100      0    1.18e+00    0    8.23e-01
2005 08 18  1040    53600   38400      0    1.17e+00    0    8.30e-01
2005 08 18  1045    53600   38700      0    1.20e+00    0    8.35e-01
2005 08 18  1050    53600   39000      0    1.18e+00    0    8.31e-01
2005 08 18  1055    53600   39300      0    1.22e+00    0    8.53e-01
2005 08 18  1100    53600   39600      0    1.21e+00    0    8.60e-01
2005 08 18  1105    53600   39900      0    1.19e+00    0    8.32e-01
2005 08 18  1110    53600   40200      0    1.18e+00    0    8.29e-01
2005 08 18  1115    53600   40500      0    1.19e+00    0    8.36e-01
2005 08 18  1120    53600   40800      0    1.20e+00    0    8.44e-01
2005 08 18  1125    53600   41100      0    1.18e+00    0    8.29e-01
2005 08 18  1130    53600   41400      0    1.18e+00    0    8.27e-01
2005 08 18  1135    53600   41700      0    1.20e+00    0    8.41e-01
2005 08 18  1140    53600   42000      0    1.16e+00    0    8.19e-01
2005 08 18  1145    53600   42300      0    1.18e+00    0    8.27e-01
2005 08 18  1150    53600   42600      0    1.19e+00    0    8.37e-01
2005 08 18  1155    53600   42900      0    1.21e+00    0    8.44e-01
2005 08 18  1200    53600   43200      0    1.18e+00    0    8.26e-01
2005 08 18  1205    53600   43500      0    1.21e+00    0    8.37e-01
2005 08 18  1210    53600   43800      0    1.19e+00    0    8.27e-01
2005 08 18  1215    53600   44100      0    1.20e+00    0    8.43e-01
2005 08 18  1220    53600   44400      0    1.18e+00    0    8.19e-01
2005 08 18  1225    53600   44700      0    1.19e+00    0    8.31e-01
2005 08 18  1230    53600   45000      0    1.15e+00    0    8.06e-01
2005 08 18  1235    53600   45300      0    1.23e+00    0    8.59e-01
2005 08 18  1240    53600   45600      0    1.22e+00    0    8.57e-01
2005 08 18  1245    53600   45900      0    1.22e+00    0    8.56e-01
2005 08 18  1250    53600   46200      0    1.18e+00    0    8.40e-01
2005 08 18  1255    53600   46500      0    1.19e+00    0    8.27e-01
2005 08 18  1300    53600   46800      0    1.19e+00    0    8.37e-01
2005 08 18  1305    53600   47100      0    1.20e+00    0    8.44e-01
2005 08 18  1310    53600   47400      0    1.17e+00    0    8.29e-01
2005 08 18  1315    53600   47700      0    1.18e+00    0    8.22e-01
2005 08 18  1320    53600   48000      0    1.20e+00    0    8.47e-01
2005 08 18  1325    53600   48300      0    1.18e+00    0    8.33e-01
2005 08 18  1330    53600   48600      0    1.17e+00    0    8.30e-01
2005 08 18  1335    53600   48900      0    1.18e+00    0    8.27e-01
2005 08 18  1340    53600   49200      0    1.20e+00    0    8.43e-01
2005 08 18  1345    53600   49500      0    1.17e+00    0    8.30e-01
2005 08 18  1350    53600   49800      0    1.22e+00    0    8.56e-01
2005 08 18  1355    53600   50100      0    1.20e+00    0    8.42e-01
2005 08 18  1400    53600   50400      0    1.19e+00    0    8.25e-01
2005 08 18  1405    53600   50700      0    1.18e+00    0    8.28e-01
2005 08 18  1410    53600   51000      0    1.21e+00    0    8.60e-01
2005 08 18  1415    53600   51300      0    1.21e+00    0    8.59e-01
2005 08 18  1420    53600   51600      0    1.18e+00    0    8.28e-01
2005 08 18  1425    53600   51900      0    1.19e+00    0    8.42e-01
2005 08 18  1430    53600   52200      0    1.20e+00    0    8.40e-01
2005 08 18  1435    53600   52500      0    1.17e+00    0    8.24e-01
2005 08 18  1440    53600   52800      0    1.19e+00    0    8.32e-01
2005 08 18  1445    53600   53100      0    1.18e+00    0    8.23e-01
2005 08 18  1450    53600   53400      0    1.17e+00    0    8.22e-01
2005 08 18  1455    53600   53700      0    1.17e+00    0    8.25e-01
2005 08 18  1500    53600   54000      0    1.18e+00    0    8.38e-01
2005 08 18  1505    53600   54300      0    1.24e+00    0    8.63e-01
2005 08 18  1510    53600   54600      0    1.20e+00    0    8.39e-01
2005 08 18  1515    53600   54900      0    1.19e+00    0    8.37e-01
2005 08 18  1520    53600   55200      0    1.21e+00    0    8.60e-01
2005 08 18  1525    53600   55500      0    1.19e+00    0    8.45e-01
2005 08 18  1530    53600   55800      0    1.23e+00    0    8.69e-01
2005 08 18  1535    53600   56100      0    1.21e+00    0    8.48e-01
2005 08 18  1540    53600   56400      0    1.20e+00    0    8.40e-01
2005 08 18  1545    53600   56700      0    1.19e+00    0    8.44e-01
2005 08 18  1550    53600   57000      0    1.18e+00    0    8.29e-01
2005 08 18  1555    53600   57300      0    1.18e+00    0    8.32e-01
2005 08 18  1600    53600   57600      0    1.15e+00    0    8.16e-01
2005 08 18  1605    53600   57900      0    1.21e+00    0    8.55e-01
2005 08 18  1610    53600   58200      0    1.19e+00    0    8.44e-01
2005 08 18  1615    53600   58500      0    1.19e+00    0    8.23e-01
2005 08 18  1620    53600   58800      0    1.17e+00    0    8.32e-01
2005 08 18  1625    53600   59100      0    1.18e+00    0    8.29e-01
2005 08 18  1630    53600   59400      0    1.18e+00    0    8.32e-01
2005 08 18  1635    53600   59700      0    1.21e+00    0    8.49e-01
2005 08 18  1640    53600   60000      0    1.17e+00    0    8.13e-01
2005 08 18  1645    53600   60300      0    1.21e+00    0    8.54e-01
2005 08 18  1650    53600   60600      0    1.18e+00    0    8.24e-01
2005 08 18  1655    53600   60900      0    1.19e+00    0    8.37e-01
2005 08 18  1700    53600   61200      0    1.18e+00    0    8.26e-01
2005 08 18  1705    53600   61500      0    1.19e+00    0    8.39e-01
2005 08 18  1710    53600   61800      0    1.21e+00    0    8.51e-01
2005 08 18  1715    53600   62100      0    1.20e+00    0    8.47e-01
2005 08 18  1720    53600   62400      0    1.19e+00    0    8.40e-01
2005 08 18  1725    53600   62700      0    1.20e+00    0    8.44e-01
2005 08 18  1730    53600   63000      0    1.21e+00    0    8.49e-01
2005 08 18  1735    53600   63300      0    1.17e+00    0    8.16e-01
2005 08 18  1740    53600   63600      0    1.17e+00    0    8.23e-01
2005 08 18  1745    53600   63900      0    1.21e+00    0    8.57e-01
2005 08 18  1750    53600   64200      0    1.20e+00    0    8.43e-01
2005 08 18  1755    53600   64500      0    1.22e+00    0    8.56e-01
2005 08 18  1800    53600   64800      0    1.21e+00    0    8.52e-01
2005 08 18  1805    53600   65100      0    1.20e+00    0    8.59e-01
2005 08 18  1810    53600   65400      0    1.19e+00    0    8.31e-01
2005 08 18  1815    53600   65700      0    1.19e+00    0    8.38e-01
2005 08 18  1820    53600   66000      0    1.19e+00    0    8.28e-01
2005 08 18  1825    53600   66300      0    1.22e+00    0    8.63e-01
2005 08 18  1830    53600   66600      0    1.17e+00    0    8.15e-01
2005 08 18  1835    53600   66900      0    1.19e+00    0    8.39e-01
2005 08 18  1840    53600   67200      0    1.20e+00    0    8.43e-01
2005 08 18  1845    53600   67500      0    1.21e+00    0    8.55e-01
2005 08 18  1850    53600   67800      0    1.21e+00    0    8.48e-01
2005 08 18  1855    53600   68100      0    1.19e+00    0    8.32e-01
2005 08 18  1900    53600   68400      0    1.20e+00    0    8.49e-01
2005 08 18  1905    53600   68700      0    1.20e+00    0    8.48e-01
2005 08 18  1910    53600   69000      0    1.18e+00    0    8.22e-01
2005 08 18  1915    53600   69300      0    1.21e+00    0    8.46e-01
2005 08 18  1920    53600   69600      0    1.17e+00    0    8.24e-01
2005 08 18  1925    53600   69900      0    1.18e+00    0    8.34e-01
2005 08 18  1930    53600   70200      0    1.21e+00    0    8.40e-01
2005 08 18  1935    53600   70500      0    1.18e+00    0    8.26e-01
2005 08 18  1940    53600   70800      0    1.22e+00    0    8.61e-01
2005 08 18  1945    53600   71100      0    1.19e+00    0    8.31e-01
2005 08 18  1950    53600   71400      0    1.18e+00    0    8.16e-01
2005 08 18  1955    53600   71700      0    1.19e+00    0    8.42e-01
2005 08 18  2000    53600   72000      0    1.17e+00    0    8.19e-01
2005 08 18  2005    53600   72300      0    1.19e+00    0    8.41e-01
2005 08 18  2010    53600   72600      0    1.21e+00    0    8.59e-01
2005 08 18  2015    53600   72900      0    1.22e+00    0    8.49e-01
2005 08 18  2020    53600   73200      0    1.20e+00    0    8.42e-01
2005 08 18  2025    53600   73500      0    1.19e+00    0    8.40e-01
2005 08 18  2030    53600   73800      0    1.20e+00    0    8.42e-01
2005 08 18  2035    53600   74100      0    1.19e+00    0    8.38e-01
2005 08 18  2040    53600   74400      0    1.21e+00    0    8.50e-01
2005 08 18  2045    53600   74700      0    1.17e+00    0    8.19e-01
2005 08 18  2050    53600   75000      0    1.20e+00    0    8.42e-01
2005 08 18  2055    53600   75300      0    1.21e+00    0    8.50e-01
2005 08 18  2100    53600   75600      0    1.19e+00    0    8.37e-01
2005 08 18  2105    53600   75900      0    1.17e+00    0    8.20e-01
2005 08 18  2110    53600   76200      0    1.21e+00    0    8.43e-01
2005 08 18  2115    53600   76500      0    1.19e+00    0    8.36e-01
2005 08 18  2120    53600   76800      0    1.21e+00    0    8.59e-01
2005 08 18  2125    53600   77100      0    1.21e+00    0    8.51e-01
2005 08 18  2130    53600   77400      0    1.21e+00    0    8.49e-01
2005 08 18  2135    53600   77700      0    1.17e+00    0    8.17e-01
2005 08 18  2140    53600   78000      0    1.18e+00    0    8.34e-01
2005 08 18  2145    53600   78300      0    1.19e+00    0    8.37e-01
2005 08 18  2150    53600   78600      0    1.19e+00    0    8.43e-01
2005 08 18  2155    53600   78900      0    1.19e+00    0    8.32e-01
2005 08 18  2200    53600   79200      0    1.20e+00    0    8.56e-01
2005 08 18  2205    53600   79500      0    1.19e+00    0    8.32e-01
2005 08 18  2210    53600   79800      0    1.17e+00    0    8.23e-01
2005 08 18  2215    53600   80100      0    1.19e+00    0    8.39e-01
2005 08 18  2220    53600   80400      0    1.21e+00    0    8.52e-01
2005 08 18  2225    53600   80700      0    1.16e+00    0    8.20e-01
2005 08 18  2230    53600   81000      0    1.20e+00    0    8.46e-01
2005 08 18  2235    53600   81300      0    1.19e+00    0    8.33e-01
2005 08 18  2240    53600   81600      0    1.20e+00    0    8.35e-01
2005 08 18  2245    53600   81900      0    1.20e+00    0    8.37e-01
2005 08 18  2250    53600   82200      0    1.19e+00    0    8.39e-01
2005 08 18  2255    53600   82500      0    1.19e+00    0    8.31e-01
2005 08 18  2300    53600   82800      9   -1.00e+05    9   -1.00e+05
2005 08 18  2305    53600   83100      0    1.21e+00    0    8.50e-01
2005 08 18  2310    53600   83400      0    1.22e+00    0    8.54e-01
2005 08 18  2315    53600   83700      0    1.21e+00    0    8.43e-01
2005 08 18  2320    53600   84000      0    1.19e+00    0    8.43e-01
2005 08 18  2325    53600   84300      0    1.18e+00    0    8.33e-01
2005 08 18  2330    53600   84600      0    1.17e+00    0    8.29e-01
2005 08 18  2335    53600   84900      0    1.21e+00    0    8.59e-01
2005 08 18  2340    53600   85200      0    1.19e+00    0    8.37e-01
2005 08 18  2345    53600   85500      0    1.21e+00    0    8.54e-01
2005 08 18  2350    53600   85800      0    1.19e+00    0    8.36e-01
2005 08 18  2355    53600   86100      0    1.19e+00    0    8.36e-01
