:Data_list: 20051023_ace_epam_5m.txt
:Created: 2005 Oct 24 0012 UT
# Prepared by the U.S. Dept. of Commerce, NOAA, Space Environment Center.
# Please send comments and suggestions to SEC.Webmaster@noaa.gov 
# 
# Units: Differential Flux particles/cm2-s-ster-MeV
# Units: Anisotropy Index 0.0 - 2.0
# Status(S): 0 = nominal, 4,6,7,8 = bad data, unable to process, 9 = no data
# Missing data values: -1.00e+05, index = -1.00
# Source: ACE Satellite - Electron, Proton, and Alpha Monitor
# 2004 Feb 04: see http://www.sec.noaa.gov/ftpdir/lists/ace/README for EPAM channel change notice.
#
#                      5-minute averaged Real-time Differential Electron and Proton Flux 
# 
#                Modified Seconds ---------------------------- Differential Flux --------------------------- 
# UT Date   Time  Julian  of the  ----- Electron -----   ------------------- Protons keV -------------------   Anis.
# YR MO DA  HHMM    Day    Day    S    38-53   175-315   S    47-68   115-195   310-580   761-1220 1060-1900   Ratio
#-------------------------------------------------------------------------------------------------------------------
2005 10 23  0000   53666       0  0  3.34e+02  1.81e+01  0  1.06e+03  1.37e+01  2.04e+00  3.43e-01  8.69e-02   0.34
2005 10 23  0005   53666     300  0  3.12e+02  2.16e+01  0  9.75e+02  1.63e+01  1.68e+00  4.00e-01  7.73e-02   0.18
2005 10 23  0010   53666     600  0  4.82e+02  1.59e+01  0  1.09e+03  1.67e+01  1.50e+00  3.05e-01  9.48e-02   0.66
2005 10 23  0015   53666     900  0  2.80e+02  1.93e+01  0  1.08e+03  1.65e+01  1.70e+00  4.99e-01  1.26e-01   0.54
2005 10 23  0020   53666    1200  0  2.78e+02  1.81e+01  0  1.02e+03  1.37e+01  1.83e+00  4.19e-01  1.35e-01   0.18
2005 10 23  0025   53666    1500  0  3.82e+02  1.86e+01  0  1.05e+03  1.53e+01  1.77e+00  5.91e-01  9.48e-02   0.42
2005 10 23  0030   53666    1800  0  3.16e+02  1.37e+01  0  1.07e+03  1.54e+01  1.87e+00  3.53e-01  7.38e-02   0.37
2005 10 23  0035   53666    2100  0  3.06e+02  2.11e+01  0  1.08e+03  1.63e+01  1.56e+00  3.62e-01  5.80e-02   0.51
2005 10 23  0040   53666    2400  0  2.98e+02  1.90e+01  0  1.01e+03  1.64e+01  2.04e+00  2.10e-01  1.83e-01   1.07
2005 10 23  0045   53666    2700  0  3.32e+02  1.76e+01  0  1.13e+03  1.71e+01  1.64e+00  3.53e-01  9.48e-02   1.19
2005 10 23  0050   53666    3000  0  3.30e+02  1.77e+01  0  1.09e+03  1.51e+01  1.83e+00  5.63e-01  8.91e-02   0.15
2005 10 23  0055   53666    3300  0  3.43e+02  1.68e+01  0  1.03e+03  1.81e+01  1.64e+00  4.16e-01  9.48e-02   0.24
2005 10 23  0100   53666    3600  0  3.79e+02  1.86e+01  0  1.11e+03  1.48e+01  2.03e+00  2.91e-01  1.47e-01   0.45
2005 10 23  0105   53666    3900  0  3.02e+02  1.82e+01  0  1.08e+03  1.64e+01  2.16e+00  2.97e-01  8.69e-02   0.27
2005 10 23  0110   53666    4200  0  3.13e+02  1.91e+01  0  1.06e+03  1.49e+01  1.77e+00  3.53e-01  9.01e-02   0.55
2005 10 23  0115   53666    4500  0  3.46e+02  1.86e+01  0  1.09e+03  1.53e+01  1.61e+00  4.37e-01  8.43e-02   0.29
2005 10 23  0120   53666    4800  0  3.51e+02  1.75e+01  0  1.09e+03  1.81e+01  1.66e+00  5.10e-01  8.91e-02   0.34
2005 10 23  0125   53666    5100  0  2.98e+02  1.89e+01  0  1.04e+03  1.54e+01  2.03e+00  3.33e-01  1.48e-01   1.00
2005 10 23  0130   53666    5400  0  3.06e+02  1.70e+01  0  1.02e+03  1.67e+01  1.58e+00  5.80e-01  3.57e-02   0.51
2005 10 23  0135   53666    5700  0  3.86e+02  2.18e+01  0  1.10e+03  1.47e+01  1.64e+00  3.74e-01  6.95e-02   1.04
2005 10 23  0140   53666    6000  0  3.20e+02  1.70e+01  0  1.09e+03  1.55e+01  1.80e+00  4.37e-01  8.43e-02   0.93
2005 10 23  0145   53666    6300  0  2.87e+02  2.03e+01  0  1.06e+03  1.78e+01  1.69e+00  3.52e-01  9.81e-02   0.92
2005 10 23  0150   53666    6600  0  3.61e+02  1.78e+01  0  1.10e+03  1.60e+01  1.48e+00  3.12e-01  9.48e-02   0.54
2005 10 23  0155   53666    6900  0  2.89e+02  1.91e+01  0  1.10e+03  1.32e+01  2.07e+00  2.70e-01  1.26e-01   0.99
2005 10 23  0200   53666    7200  0  3.25e+02  1.80e+01  0  1.06e+03  1.71e+01  1.69e+00  4.40e-01  1.48e-01   0.22
2005 10 23  0205   53666    7500  0  3.63e+02  1.89e+01  0  1.01e+03  1.63e+01  1.70e+00  4.57e-01  1.16e-01   0.94
2005 10 23  0210   53666    7800  0  4.40e+02  2.07e+01  0  1.19e+03  1.39e+01  1.95e+00  3.62e-01  9.66e-02   0.17
2005 10 23  0215   53666    8100  0  3.12e+02  1.86e+01  0  1.15e+03  1.70e+01  2.16e+00  4.19e-01  1.05e-01   0.31
2005 10 23  0220   53666    8400  0  3.54e+02  1.93e+01  0  1.03e+03  1.57e+01  2.33e+00  3.74e-01  3.16e-02   0.44
2005 10 23  0225   53666    8700  0  3.86e+02  2.13e+01  0  1.06e+03  1.60e+01  1.71e+00  4.19e-01  1.37e-01   0.91
2005 10 23  0230   53666    9000  0  3.01e+02  1.95e+01  0  1.06e+03  1.60e+01  1.86e+00  4.38e-01  1.74e-01   0.48
2005 10 23  0235   53666    9300  0  2.85e+02  2.22e+01  0  1.06e+03  1.57e+01  1.70e+00  4.99e-01  8.43e-02   0.24
2005 10 23  0240   53666    9600  0  3.21e+02  1.59e+01  0  1.04e+03  1.66e+01  1.98e+00  4.38e-01  7.73e-02   0.80
2005 10 23  0245   53666    9900  0  3.51e+02  1.90e+01  0  1.15e+03  1.56e+01  1.35e+00  3.62e-01  7.73e-02   0.92
2005 10 23  0250   53666   10200  0  3.54e+02  1.90e+01  0  1.14e+03  1.76e+01  1.68e+00  1.27e-01  3.86e-02   1.77
2005 10 23  0255   53666   10500  0  3.24e+02  1.74e+01  0  9.92e+02  1.62e+01  1.77e+00  2.03e-01  1.69e-01   0.47
2005 10 23  0300   53666   10800  0  3.85e+02  1.91e+01  0  1.14e+03  1.59e+01  1.56e+00  4.57e-01  1.55e-01   0.80
2005 10 23  0305   53666   11100  0  3.09e+02  1.72e+01  0  1.17e+03  1.70e+01  1.71e+00  4.38e-01  4.83e-02   0.17
2005 10 23  0310   53666   11400  0  2.99e+02  1.89e+01  0  1.06e+03  1.57e+01  1.61e+00  4.99e-01  1.26e-01   0.19
2005 10 23  0315   53666   11700  0  3.72e+02  2.16e+01  0  1.11e+03  1.60e+01  1.83e+00  3.81e-01  8.69e-02   0.18
2005 10 23  0320   53666   12000  0  2.91e+02  1.86e+01  0  1.04e+03  1.42e+01  1.38e+00  5.14e-01  5.80e-02   0.45
2005 10 23  0325   53666   12300  0  3.13e+02  1.95e+01  0  1.07e+03  1.60e+01  1.48e+00  3.53e-01  2.58e-02   0.35
2005 10 23  0330   53666   12600  0  3.19e+02  2.08e+01  0  1.01e+03  1.62e+01  1.25e+00  4.92e-01  1.07e-01   0.18
2005 10 23  0335   53666   12900  0  3.25e+02  1.91e+01  0  1.11e+03  1.59e+01  1.93e+00  3.53e-01  1.58e-01   0.69
2005 10 23  0340   53666   13200  0  3.14e+02  1.72e+01  0  1.07e+03  1.66e+01  1.28e+00  2.74e-01  1.37e-01   0.54
2005 10 23  0345   53666   13500  0  3.66e+02  1.80e+01  0  1.08e+03  1.54e+01  1.75e+00  4.40e-01  1.26e-01   0.98
2005 10 23  0350   53666   13800  0  4.11e+02  1.72e+01  0  1.08e+03  1.50e+01  1.51e+00  3.74e-01  1.05e-01   0.68
2005 10 23  0355   53666   14100  0  3.17e+02  1.82e+01  0  1.09e+03  1.25e+01  1.61e+00  3.53e-01  1.05e-01   0.24
2005 10 23  0400   53666   14400  0  2.93e+02  1.93e+01  0  1.05e+03  1.44e+01  1.72e+00  3.87e-01  1.16e-02   0.40
2005 10 23  0405   53666   14700  0  3.65e+02  2.11e+01  0  1.05e+03  1.46e+01  2.10e+00  4.16e-01  1.45e-02   0.27
2005 10 23  0410   53666   15000  0  3.57e+02  1.62e+01  0  1.13e+03  1.31e+01  1.69e+00  4.40e-01  9.66e-02   0.65
2005 10 23  0415   53666   15300  0  2.80e+02  1.97e+01  0  1.11e+03  1.58e+01  1.74e+00  4.34e-01  5.80e-02   1.04
2005 10 23  0420   53666   15600  0  3.15e+02  2.09e+01  0  9.77e+02  1.38e+01  1.08e+00  3.95e-01  8.11e-02   0.31
2005 10 23  0425   53666   15900  0  3.64e+02  1.75e+01  0  1.07e+03  1.61e+01  1.47e+00  4.22e-01  9.81e-02   0.48
2005 10 23  0430   53666   16200  0  3.19e+02  2.16e+01  0  1.15e+03  1.46e+01  1.97e+00  4.37e-01  9.27e-02   0.23
2005 10 23  0435   53666   16500  0  3.23e+02  1.68e+01  0  1.05e+03  1.50e+01  1.97e+00  3.05e-01  6.32e-02   0.81
2005 10 23  0440   53666   16800  0  3.75e+02  2.01e+01  0  1.09e+03  1.31e+01  1.72e+00  4.40e-01  3.86e-02   0.11
2005 10 23  0445   53666   17100  0  3.02e+02  1.70e+01  0  1.07e+03  1.33e+01  1.87e+00  4.78e-01  1.26e-01   0.73
2005 10 23  0450   53666   17400  0  3.39e+02  1.75e+01  0  1.09e+03  1.61e+01  1.71e+00  2.67e-01  9.48e-02   0.52
2005 10 23  0455   53666   17700  0  2.86e+02  1.74e+01  0  9.75e+02  1.53e+01  1.38e+00  5.34e-01  1.35e-01   0.19
2005 10 23  0500   53666   18000  0  3.64e+02  2.15e+01  0  1.13e+03  1.43e+01  1.80e+00  3.12e-01  1.58e-01   1.17
2005 10 23  0505   53666   18300  0  2.96e+02  2.09e+01  0  1.12e+03  1.81e+01  1.29e+00  4.95e-01  8.43e-02   0.61
2005 10 23  0510   53666   18600  0  3.39e+02  2.04e+01  0  1.05e+03  1.40e+01  1.86e+00  4.38e-01  1.35e-01   1.00
2005 10 23  0515   53666   18900  0  4.61e+02  1.78e+01  0  1.10e+03  1.46e+01  1.41e+00  2.49e-01  1.04e-01   0.50
2005 10 23  0520   53666   19200  0  3.32e+02  1.93e+01  0  1.08e+03  1.67e+01  2.25e+00  4.19e-01  1.16e-01   0.19
2005 10 23  0525   53666   19500  0  3.04e+02  1.74e+01  0  1.09e+03  1.36e+01  1.41e+00  3.81e-01  1.45e-01   0.37
2005 10 23  0530   53666   19800  0  3.14e+02  1.63e+01  0  1.02e+03  1.65e+01  1.68e+00  3.95e-01  5.80e-02   0.26
2005 10 23  0535   53666   20100  0  3.37e+02  2.01e+01  0  1.12e+03  1.62e+01  1.70e+00  4.57e-01  7.73e-02   1.08
2005 10 23  0540   53666   20400  0  3.36e+02  1.59e+01  0  1.08e+03  1.62e+01  1.77e+00  3.81e-01  1.06e-01   0.75
2005 10 23  0545   53666   20700  0  2.78e+02  1.74e+01  0  1.07e+03  1.48e+01  2.01e+00  3.43e-01  4.83e-02   0.54
2005 10 23  0550   53666   21000  0  3.71e+02  1.84e+01  0  1.09e+03  1.40e+01  1.57e+00  3.33e-01  4.97e-02   0.55
2005 10 23  0555   53666   21300  0  3.00e+02  2.18e+01  0  1.10e+03  1.65e+01  1.50e+00  3.43e-01  1.35e-01   0.67
2005 10 23  0600   53666   21600  0  3.17e+02  1.84e+01  0  1.05e+03  1.34e+01  1.80e+00  3.05e-01  1.16e-01   0.62
2005 10 23  0605   53666   21900  0  3.95e+02  1.84e+01  0  1.07e+03  1.47e+01  1.31e+00  1.87e-01  1.05e-01   1.49
2005 10 23  0610   53666   22200  0  3.59e+02  1.81e+01  0  1.11e+03  1.51e+01  1.61e+00  4.05e-01  1.25e-01   0.61
2005 10 23  0615   53666   22500  0  3.28e+02  1.87e+01  0  1.08e+03  1.50e+01  1.61e+00  3.95e-01  1.16e-01   0.47
2005 10 23  0620   53666   22800  0  2.90e+02  1.55e+01  0  1.01e+03  1.53e+01  1.28e+00  2.70e-01  9.48e-02   1.19
2005 10 23  0625   53666   23100  0  3.57e+02  2.00e+01  0  1.09e+03  1.61e+01  1.55e+00  4.40e-01  1.34e-01   0.20
2005 10 23  0630   53666   23400  0  3.39e+02  1.66e+01  0  1.11e+03  1.28e+01  1.93e+00  3.53e-01  1.16e-01   0.74
2005 10 23  0635   53666   23700  0  2.81e+02  2.03e+01  0  1.06e+03  1.34e+01  1.57e+00  4.99e-01  5.27e-02   0.10
2005 10 23  0640   53666   24000  0  3.89e+02  1.88e+01  0  1.03e+03  1.51e+01  1.97e+00  4.92e-01  9.27e-02   0.30
2005 10 23  0645   53666   24300  0  3.37e+02  1.53e+01  0  1.08e+03  1.43e+01  2.07e+00  4.99e-01  1.05e-01   0.16
2005 10 23  0650   53666   24600  0  3.19e+02  2.00e+01  0  1.05e+03  1.36e+01  1.58e+00  5.10e-01  7.73e-02   0.16
2005 10 23  0655   53666   24900  0  2.81e+02  1.70e+01  0  1.04e+03  1.24e+01  1.64e+00  2.29e-01  7.37e-02   1.19
2005 10 23  0700   53666   25200  0  3.87e+02  1.89e+01  0  1.12e+03  1.43e+01  1.80e+00  4.99e-01  8.11e-02   0.49
2005 10 23  0705   53666   25500  0  3.31e+02  1.96e+01  0  1.05e+03  1.63e+01  1.83e+00  3.87e-01  1.16e-01   0.47
2005 10 23  0710   53666   25800  0  3.43e+02  1.80e+01  0  1.08e+03  1.41e+01  1.41e+00  4.36e-01  1.05e-01   0.52
2005 10 23  0715   53666   26100  0  3.72e+02  2.02e+01  0  9.93e+02  1.34e+01  1.89e+00  5.72e-01  8.69e-02   0.60
2005 10 23  0720   53666   26400  9 -1.00e+05 -1.00e+05  9 -1.00e+05 -1.00e+05 -1.00e+05 -1.00e+05 -1.00e+05  -1.00
2005 10 23  0725   53666   26700  9 -1.00e+05 -1.00e+05  9 -1.00e+05 -1.00e+05 -1.00e+05 -1.00e+05 -1.00e+05  -1.00
2005 10 23  0730   53666   27000  9 -1.00e+05 -1.00e+05  9 -1.00e+05 -1.00e+05 -1.00e+05 -1.00e+05 -1.00e+05  -1.00
2005 10 23  0735   53666   27300  9 -1.00e+05 -1.00e+05  9 -1.00e+05 -1.00e+05 -1.00e+05 -1.00e+05 -1.00e+05  -1.00
2005 10 23  0740   53666   27600  9 -1.00e+05 -1.00e+05  9 -1.00e+05 -1.00e+05 -1.00e+05 -1.00e+05 -1.00e+05  -1.00
2005 10 23  0745   53666   27900  0  3.57e+02  1.75e+01  0  1.00e+03  1.79e+01  1.98e+00  2.86e-01  2.90e-02   1.42
2005 10 23  0750   53666   28200  0  4.38e+02  1.93e+01  0  1.08e+03  1.44e+01  1.68e+00  3.62e-01  1.06e-01   0.43
2005 10 23  0755   53666   28500  0  3.67e+02  1.64e+01  0  1.12e+03  1.39e+01  1.21e+00  5.61e-01  7.38e-02   0.76
2005 10 23  0800   53666   28800  0  3.52e+02  2.11e+01  0  1.07e+03  1.35e+01  1.71e+00  2.29e-01  9.66e-02   0.47
2005 10 23  0805   53666   29100  0  3.95e+02  1.79e+01  0  1.08e+03  1.30e+01  1.44e+00  3.62e-01  7.73e-02   0.88
2005 10 23  0810   53666   29400  0  3.44e+02  1.88e+01  0  1.10e+03  1.55e+01  1.35e+00  5.53e-01  9.66e-02   0.13
2005 10 23  0815   53666   29700  0  3.93e+02  2.01e+01  0  1.09e+03  1.56e+01  1.47e+00  5.20e-01  1.05e-01   0.27
2005 10 23  0820   53666   30000  0  3.44e+02  2.02e+01  0  1.00e+03  1.63e+01  1.47e+00  4.19e-01  9.48e-02   0.06
2005 10 23  0825   53666   30300  0  3.85e+02  1.65e+01  0  1.11e+03  1.34e+01  2.28e+00  4.19e-01  1.16e-01   0.27
2005 10 23  0830   53666   30600  0  3.26e+02  1.49e+01  0  1.08e+03  1.40e+01  1.34e+00  4.99e-01  8.43e-02   0.11
2005 10 23  0835   53666   30900  0  3.24e+02  1.74e+01  0  1.04e+03  1.43e+01  1.71e+00  4.76e-01  8.11e-02   0.62
2005 10 23  0840   53666   31200  0  4.33e+02  1.91e+01  0  1.08e+03  1.54e+01  1.41e+00  5.15e-01  7.73e-02   0.08
2005 10 23  0845   53666   31500  0  2.92e+02  1.84e+01  0  1.06e+03  1.21e+01  1.97e+00  4.16e-01  1.66e-02   0.53
2005 10 23  0850   53666   31800  0  3.48e+02  1.70e+01  0  1.04e+03  1.50e+01  1.80e+00  4.40e-01  4.21e-02   0.28
2005 10 23  0855   53666   32100  0  3.23e+02  1.87e+01  0  1.05e+03  1.59e+01  1.54e+00  2.70e-01  1.58e-01   0.41
2005 10 23  0900   53666   32400  0  3.39e+02  1.72e+01  0  1.11e+03  1.44e+01  1.38e+00  3.12e-01  1.05e-01   0.31
2005 10 23  0905   53666   32700  0  3.37e+02  1.85e+01  0  1.11e+03  1.12e+01  1.50e+00  4.57e-01  7.13e-02   0.58
2005 10 23  0910   53666   33000  0  2.98e+02  1.62e+01  0  9.70e+02  1.25e+01  1.38e+00  4.37e-01  1.26e-01   1.16
2005 10 23  0915   53666   33300  0  3.77e+02  2.05e+01  0  1.08e+03  1.35e+01  1.77e+00  4.16e-01  6.32e-02   0.30
2005 10 23  0920   53666   33600  0  3.36e+02  1.41e+01  0  1.14e+03  1.62e+01  1.66e+00  3.87e-01  1.34e-01   0.31
2005 10 23  0925   53666   33900  0  2.94e+02  2.05e+01  0  1.08e+03  1.28e+01  2.06e+00  3.53e-01  1.26e-01   0.21
2005 10 23  0930   53666   34200  0  3.88e+02  2.06e+01  0  1.09e+03  1.35e+01  2.05e+00  3.69e-01  9.81e-02   0.44
2005 10 23  0935   53666   34500  0  3.41e+02  1.76e+01  0  1.11e+03  1.50e+01  1.48e+00  4.36e-01  1.58e-01   0.88
2005 10 23  0940   53666   34800  0  3.81e+02  1.86e+01  0  1.07e+03  1.60e+01  1.28e+00  4.16e-01  1.90e-01   0.87
2005 10 23  0945   53666   35100  0  3.25e+02  1.95e+01  0  9.74e+02  1.40e+01  1.58e+00  4.75e-01  7.13e-02   0.94
2005 10 23  0950   53666   35400  0  4.31e+02  1.93e+01  0  1.11e+03  1.34e+01  1.77e+00  4.16e-01  8.43e-02   0.34
2005 10 23  0955   53666   35700  0  3.90e+02  1.82e+01  0  1.10e+03  1.39e+01  1.74e+00  4.37e-01  3.16e-02   0.79
2005 10 23  1000   53666   36000  0  2.80e+02  1.98e+01  0  1.02e+03  1.63e+01  1.58e+00  4.92e-01  6.76e-02   0.31
2005 10 23  1005   53666   36300  0  4.27e+02  2.22e+01  0  1.13e+03  1.56e+01  1.21e+00  4.37e-01  1.05e-01   0.35
2005 10 23  1010   53666   36600  0  2.90e+02  1.81e+01  0  1.07e+03  1.37e+01  1.56e+00  4.57e-01  8.69e-02   0.44
2005 10 23  1015   53666   36900  0  3.87e+02  1.75e+01  0  1.06e+03  1.32e+01  1.59e+00  3.62e-01  1.16e-01   0.63
2005 10 23  1020   53666   37200  0  3.81e+02  1.89e+01  0  1.08e+03  1.62e+01  1.57e+00  2.70e-01  4.64e-02   1.15
2005 10 23  1025   53666   37500  0  3.00e+02  1.72e+01  0  1.05e+03  1.20e+01  1.89e+00  3.24e-01  9.01e-02   0.46
2005 10 23  1030   53666   37800  0  3.74e+02  1.70e+01  0  1.09e+03  1.35e+01  1.23e+00  4.38e-01  1.26e-01   0.05
2005 10 23  1035   53666   38100  0  3.55e+02  1.72e+01  0  9.77e+02  1.47e+01  1.74e+00  4.78e-01  6.32e-02   0.77
2005 10 23  1040   53666   38400  0  3.99e+02  1.56e+01  0  1.09e+03  1.54e+01  1.35e+00  2.29e-01  1.26e-01   0.15
2005 10 23  1045   53666   38700  0  3.34e+02  1.74e+01  0  1.10e+03  1.44e+01  1.74e+00  4.19e-01  1.35e-01   0.26
2005 10 23  1050   53666   39000  0  3.06e+02  1.97e+01  0  1.07e+03  1.34e+01  1.38e+00  4.00e-01  1.16e-01   0.43
2005 10 23  1055   53666   39300  0  3.79e+02  1.82e+01  0  1.04e+03  1.63e+01  1.51e+00  4.37e-01  9.27e-02   0.50
2005 10 23  1100   53666   39600  0  4.02e+02  1.84e+01  0  1.13e+03  1.37e+01  1.77e+00  4.38e-01  9.66e-02   0.63
2005 10 23  1105   53666   39900  0  3.37e+02  2.06e+01  0  1.07e+03  1.43e+01  1.83e+00  5.14e-01  9.66e-02   0.49
2005 10 23  1110   53666   40200  0  3.70e+02  2.13e+01  0  1.06e+03  1.58e+01  1.74e+00  4.57e-01  1.04e-01   0.38
2005 10 23  1115   53666   40500  0  3.95e+02  1.91e+01  0  1.11e+03  1.34e+01  1.53e+00  4.38e-01  9.66e-02   0.24
2005 10 23  1120   53666   40800  0  3.43e+02  1.59e+01  0  1.10e+03  1.56e+01  1.35e+00  4.00e-01  1.16e-01   0.52
2005 10 23  1125   53666   41100  0  3.31e+02  2.09e+01  0  1.05e+03  1.37e+01  1.57e+00  3.33e-01  8.43e-02   0.47
2005 10 23  1130   53666   41400  0  2.98e+02  1.95e+01  0  1.13e+03  1.26e+01  1.39e+00  3.69e-01  9.81e-02   0.78
2005 10 23  1135   53666   41700  0  3.89e+02  2.03e+01  0  1.09e+03  1.11e+01  1.57e+00  3.12e-01  8.11e-02   0.28
2005 10 23  1140   53666   42000  0  3.33e+02  1.93e+01  0  1.11e+03  1.45e+01  1.64e+00  4.57e-01  9.27e-02   0.28
2005 10 23  1145   53666   42300  0  3.28e+02  1.70e+01  0  9.92e+02  1.40e+01  1.69e+00  2.99e-01  8.92e-02   0.50
2005 10 23  1150   53666   42600  0  3.57e+02  1.78e+01  0  1.12e+03  1.40e+01  2.00e+00  4.37e-01  1.37e-01   0.11
2005 10 23  1155   53666   42900  0  5.25e+02  2.07e+01  0  1.09e+03  1.44e+01  1.48e+00  4.78e-01  1.16e-01   0.46
2005 10 23  1200   53666   43200  0  3.83e+02  1.88e+01  0  1.04e+03  1.70e+01  1.94e+00  4.22e-01  1.25e-01   0.23
2005 10 23  1205   53666   43500  0  3.48e+02  1.82e+01  0  1.12e+03  1.25e+01  1.64e+00  4.99e-01  1.26e-01   0.17
2005 10 23  1210   53666   43800  0  3.56e+02  1.95e+01  0  1.06e+03  1.37e+01  1.72e+00  3.17e-01  1.25e-01   0.53
2005 10 23  1215   53666   44100  0  3.06e+02  1.78e+01  0  1.08e+03  1.62e+01  1.74e+00  4.99e-01  4.64e-02   0.49
2005 10 23  1220   53666   44400  0  4.20e+02  1.80e+01  0  1.07e+03  1.44e+01  1.70e+00  4.78e-01  4.64e-02   0.74
2005 10 23  1225   53666   44700  0  2.93e+02  1.65e+01  0  1.12e+03  1.46e+01  1.55e+00  4.75e-01  1.07e-01   0.26
2005 10 23  1230   53666   45000  0  3.64e+02  1.91e+01  0  1.09e+03  1.46e+01  1.41e+00  4.99e-01  6.95e-02   0.84
2005 10 23  1235   53666   45300  0  3.27e+02  1.64e+01  0  1.03e+03  1.42e+01  1.51e+00  3.74e-01  6.44e-02   0.49
2005 10 23  1240   53666   45600  0  4.47e+02  1.96e+01  0  1.05e+03  1.34e+01  1.69e+00  5.10e-01  8.92e-02   0.10
2005 10 23  1245   53666   45900  0  3.46e+02  1.57e+01  0  1.09e+03  1.37e+01  1.70e+00  6.44e-01  1.69e-01   0.80
2005 10 23  1250   53666   46200  0  2.99e+02  1.97e+01  0  1.03e+03  1.40e+01  1.47e+00  4.95e-01  1.16e-01   0.47
2005 10 23  1255   53666   46500  0  4.03e+02  1.82e+01  0  1.08e+03  1.51e+01  1.62e+00  4.95e-01  7.73e-02   0.25
2005 10 23  1300   53666   46800  0  3.14e+02  1.60e+01  0  1.11e+03  1.23e+01  1.61e+00  4.37e-01  8.11e-02   0.42
2005 10 23  1305   53666   47100  0  3.59e+02  1.72e+01  0  1.03e+03  1.44e+01  1.35e+00  3.81e-01  1.45e-01   0.38
2005 10 23  1310   53666   47400  0  3.37e+02  2.09e+01  0  9.98e+02  1.59e+01  1.65e+00  4.38e-01  7.73e-02   0.19
2005 10 23  1315   53666   47700  0  4.19e+02  1.68e+01  0  1.06e+03  1.14e+01  1.64e+00  4.57e-01  5.80e-02   0.59
2005 10 23  1320   53666   48000  0  3.31e+02  1.51e+01  0  1.11e+03  1.27e+01  1.41e+00  4.57e-01  1.35e-01   0.17
2005 10 23  1325   53666   48300  0  2.99e+02  1.90e+01  0  1.04e+03  1.66e+01  1.80e+00  4.19e-01  1.93e-01   0.68
2005 10 23  1330   53666   48600  0  3.87e+02  1.58e+01  0  1.12e+03  1.48e+01  1.62e+00  3.43e-01  6.76e-02   0.06
2005 10 23  1335   53666   48900  0  3.55e+02  1.57e+01  0  1.08e+03  1.45e+01  1.31e+00  3.53e-01  1.26e-01   0.37
2005 10 23  1340   53666   49200  0  2.94e+02  1.67e+01  0  1.06e+03  1.46e+01  1.50e+00  4.00e-01  1.45e-01   0.70
2005 10 23  1345   53666   49500  0  3.03e+02  2.14e+01  0  1.03e+03  1.55e+01  1.62e+00  3.62e-01  9.48e-02   0.57
2005 10 23  1350   53666   49800  0  3.46e+02  1.66e+01  0  1.13e+03  1.41e+01  1.74e+00  4.57e-01  6.32e-02   0.61
2005 10 23  1355   53666   50100  0  3.26e+02  1.63e+01  0  1.13e+03  1.36e+01  1.89e+00  5.91e-01  9.66e-02   0.25
2005 10 23  1400   53666   50400  0  3.10e+02  1.86e+01  0  1.04e+03  1.36e+01  1.74e+00  2.86e-01  1.45e-01   0.43
2005 10 23  1405   53666   50700  0  4.06e+02  1.49e+01  0  1.07e+03  1.26e+01  1.48e+00  3.33e-01  7.37e-02   0.74
2005 10 23  1410   53666   51000  0  3.40e+02  2.03e+01  0  1.06e+03  1.31e+01  1.39e+00  3.87e-01  1.25e-01   0.99
2005 10 23  1415   53666   51300  0  3.48e+02  1.78e+01  0  1.04e+03  1.36e+01  1.77e+00  4.37e-01  1.05e-01   0.54
2005 10 23  1420   53666   51600  0  3.46e+02  1.62e+01  0  1.08e+03  1.45e+01  1.44e+00  5.82e-01  1.26e-01   0.51
2005 10 23  1425   53666   51900  0  3.75e+02  1.73e+01  0  1.09e+03  1.43e+01  1.72e+00  4.93e-01  5.80e-02   0.50
2005 10 23  1430   53666   52200  0  2.84e+02  2.07e+01  0  1.04e+03  1.29e+01  2.03e+00  2.49e-01  6.44e-02   1.15
2005 10 23  1435   53666   52500  0  3.15e+02  2.05e+01  0  9.84e+02  1.27e+01  1.61e+00  3.74e-01  7.73e-02   0.43
2005 10 23  1440   53666   52800  0  3.14e+02  1.77e+01  0  1.09e+03  1.25e+01  1.61e+00  5.45e-01  9.81e-02   0.37
2005 10 23  1445   53666   53100  0  4.09e+02  2.11e+01  0  1.07e+03  1.25e+01  1.70e+00  3.53e-01  1.05e-01   0.94
2005 10 23  1450   53666   53400  0  3.34e+02  1.64e+01  0  1.02e+03  1.27e+01  2.14e+00  3.52e-01  1.34e-01   0.57
2005 10 23  1455   53666   53700  0  4.33e+02  1.86e+01  0  1.06e+03  1.37e+01  1.21e+00  2.49e-01  1.37e-01   0.47
2005 10 23  1500   53666   54000  0  2.98e+02  2.01e+01  0  1.07e+03  1.15e+01  2.10e+00  3.53e-01  8.43e-02   0.38
2005 10 23  1505   53666   54300  0  2.89e+02  2.06e+01  0  1.08e+03  1.36e+01  1.66e+00  3.17e-01  1.05e-01   0.48
2005 10 23  1510   53666   54600  0  3.28e+02  1.95e+01  0  1.00e+03  1.46e+01  1.48e+00  3.95e-01  8.43e-02   0.30
2005 10 23  1515   53666   54900  0  3.50e+02  2.34e+01  0  1.10e+03  1.48e+01  2.03e+00  5.61e-01  4.21e-02   0.09
2005 10 23  1520   53666   55200  0  3.90e+02  2.00e+01  0  1.11e+03  1.24e+01  1.66e+00  4.75e-01  1.06e-01   0.69
2005 10 23  1525   53666   55500  0  3.39e+02  1.76e+01  0  9.99e+02  1.40e+01  1.41e+00  3.95e-01  5.27e-02   0.52
2005 10 23  1530   53666   55800  0  4.30e+02  1.77e+01  0  1.06e+03  1.12e+01  1.89e+00  4.38e-01  1.55e-01   0.23
2005 10 23  1535   53666   56100  0  3.03e+02  1.90e+01  0  1.08e+03  1.04e+01  1.86e+00  5.34e-01  8.69e-02   0.56
2005 10 23  1540   53666   56400  0  3.31e+02  1.86e+01  0  1.05e+03  1.43e+01  1.93e+00  5.20e-01  6.32e-02   0.38
2005 10 23  1545   53666   56700  0  3.81e+02  1.93e+01  0  1.02e+03  1.31e+01  1.56e+00  4.19e-01  9.48e-02   0.46
2005 10 23  1550   53666   57000  0  4.23e+02  1.88e+01  0  1.12e+03  1.39e+01  1.50e+00  3.43e-01  7.73e-02   0.16
2005 10 23  1555   53666   57300  0  3.45e+02  1.62e+01  0  1.10e+03  1.28e+01  2.03e+00  3.53e-01  1.16e-01   0.65
2005 10 23  1600   53666   57600  0  2.99e+02  1.84e+01  0  1.00e+03  1.44e+01  1.71e+00  4.19e-01  6.32e-02   0.74
2005 10 23  1605   53666   57900  0  3.79e+02  2.13e+01  0  1.08e+03  1.39e+01  1.47e+00  4.95e-01  2.32e-02   0.58
2005 10 23  1610   53666   58200  0  3.66e+02  2.09e+01  0  1.08e+03  1.35e+01  1.38e+00  3.43e-01  9.48e-02   0.99
2005 10 23  1615   53666   58500  0  3.51e+02  1.95e+01  0  1.08e+03  1.47e+01  2.03e+00  3.95e-01  8.43e-02   0.37
2005 10 23  1620   53666   58800  0  3.42e+02  1.98e+01  0  1.07e+03  1.43e+01  1.68e+00  4.38e-01  3.86e-02   0.86
2005 10 23  1625   53666   59100  0  3.09e+02  1.75e+01  0  1.10e+03  1.66e+01  1.56e+00  4.57e-01  6.44e-02   0.57
2005 10 23  1630   53666   59400  0  3.37e+02  1.76e+01  0  1.02e+03  1.46e+01  1.93e+00  7.28e-01  6.95e-02   0.40
2005 10 23  1635   53666   59700  0  3.01e+02  1.93e+01  0  1.02e+03  1.53e+01  1.77e+00  4.76e-01  1.26e-01   0.44
2005 10 23  1640   53666   60000  0  3.89e+02  1.97e+01  0  1.06e+03  1.40e+01  1.59e+00  4.19e-01  1.26e-01   0.14
2005 10 23  1645   53666   60300  0  3.06e+02  1.87e+01  0  1.07e+03  1.32e+01  1.70e+00  4.57e-01  1.05e-01   0.50
2005 10 23  1650   53666   60600  0  2.90e+02  1.72e+01  0  1.01e+03  1.60e+01  1.97e+00  3.34e-01  1.07e-01   0.44
2005 10 23  1655   53666   60900  0  3.86e+02  1.53e+01  0  1.06e+03  1.54e+01  1.67e+00  4.36e-01  3.16e-02   0.63
2005 10 23  1700   53666   61200  0  3.47e+02  1.82e+01  0  1.02e+03  1.24e+01  1.54e+00  6.03e-01  2.90e-02   0.38
2005 10 23  1705   53666   61500  0  3.34e+02  2.14e+01  0  1.08e+03  1.44e+01  1.80e+00  4.76e-01  6.32e-02   0.34
2005 10 23  1710   53666   61800  0  2.90e+02  2.02e+01  0  9.90e+02  1.48e+01  1.41e+00  3.81e-01  1.35e-01   0.40
2005 10 23  1715   53666   62100  0  3.99e+02  1.99e+01  0  1.09e+03  1.23e+01  1.44e+00  3.53e-01  9.48e-02   0.31
2005 10 23  1720   53666   62400  0  3.33e+02  1.82e+01  0  1.12e+03  1.26e+01  1.58e+00  4.22e-01  1.45e-01   0.57
2005 10 23  1725   53666   62700  0  3.34e+02  1.82e+01  0  9.86e+02  1.48e+01  2.13e+00  2.86e-01  1.55e-01   0.21
2005 10 23  1730   53666   63000  0  4.02e+02  1.93e+01  0  1.08e+03  1.75e+01  1.48e+00  3.53e-01  1.37e-01   0.15
2005 10 23  1735   53666   63300  0  3.13e+02  1.72e+01  0  1.08e+03  1.16e+01  1.19e+00  5.80e-01  1.43e-01   0.57
2005 10 23  1740   53666   63600  0  3.32e+02  1.86e+01  0  1.04e+03  1.36e+01  1.54e+00  4.57e-01  1.69e-01   0.64
2005 10 23  1745   53666   63900  0  3.05e+02  1.87e+01  0  1.03e+03  1.48e+01  1.80e+00  4.57e-01  6.32e-02   0.87
2005 10 23  1750   53666   64200  0  3.22e+02  1.83e+01  0  1.08e+03  1.26e+01  1.55e+00  4.75e-01  4.83e-02   0.56
2005 10 23  1755   53666   64500  0  3.23e+02  2.05e+01  0  1.12e+03  1.37e+01  1.70e+00  2.08e-01  1.26e-01   0.61
2005 10 23  1800   53666   64800  0  3.45e+02  2.09e+01  0  9.82e+02  1.60e+01  1.91e+00  5.98e-01  7.73e-02   0.52
2005 10 23  1805   53666   65100  0  3.74e+02  1.99e+01  0  1.09e+03  1.73e+01  1.55e+00  5.80e-01  1.06e-01   0.45
2005 10 23  1810   53666   65400  0  3.03e+02  1.66e+01  0  1.05e+03  1.29e+01  1.57e+00  4.16e-01  8.43e-02   1.08
2005 10 23  1815   53666   65700  0  3.71e+02  1.62e+01  0  9.99e+02  1.43e+01  2.01e+00  4.02e-01  9.97e-02   0.46
2005 10 23  1820   53666   66000  0  3.86e+02  1.80e+01  0  1.07e+03  1.56e+01  1.93e+00  3.33e-01  1.05e-01   0.87
2005 10 23  1825   53666   66300  0  3.50e+02  1.72e+01  0  1.07e+03  1.31e+01  1.74e+00  5.61e-01  9.48e-02   0.46
2005 10 23  1830   53666   66600  0  3.09e+02  1.78e+01  0  1.05e+03  1.35e+01  1.50e+00  4.40e-01  9.66e-02   0.66
2005 10 23  1835   53666   66900  0  3.62e+02  1.73e+01  0  1.08e+03  1.20e+01  1.51e+00  5.49e-01  1.23e-01   0.48
2005 10 23  1840   53666   67200  0  3.52e+02  1.85e+01  0  1.09e+03  1.67e+01  1.30e+00  5.82e-01  8.43e-02   0.14
2005 10 23  1845   53666   67500  0  3.00e+02  1.75e+01  0  1.14e+03  1.41e+01  1.53e+00  3.34e-01  1.43e-01   0.44
2005 10 23  1850   53666   67800  0  3.30e+02  1.68e+01  0  1.00e+03  1.19e+01  1.34e+00  2.70e-01  6.32e-02   0.50
2005 10 23  1855   53666   68100  0  3.44e+02  1.88e+01  0  1.10e+03  1.29e+01  1.77e+00  3.43e-01  1.83e-01   0.74
2005 10 23  1900   53666   68400  0  3.21e+02  2.04e+01  0  1.07e+03  1.27e+01  1.68e+00  2.29e-01  3.86e-02   1.25
2005 10 23  1905   53666   68700  0  3.94e+02  2.07e+01  0  1.05e+03  1.31e+01  1.41e+00  5.20e-01  1.93e-02   0.42
2005 10 23  1910   53666   69000  0  4.10e+02  2.04e+01  0  1.03e+03  1.25e+01  1.65e+00  4.76e-01  3.48e-02   0.99
2005 10 23  1915   53666   69300  0  3.66e+02  2.16e+01  0  1.07e+03  1.48e+01  1.86e+00  3.62e-01  9.48e-02   0.04
2005 10 23  1920   53666   69600  0  3.37e+02  2.25e+01  0  1.07e+03  1.37e+01  1.50e+00  3.81e-01  9.66e-02   0.55
2005 10 23  1925   53666   69900  0  3.50e+02  1.81e+01  0  9.60e+02  1.41e+01  1.86e+00  2.67e-01  1.16e-01   1.01
2005 10 23  1930   53666   70200  0  4.39e+02  1.82e+01  0  1.12e+03  1.54e+01  1.41e+00  4.76e-01  5.80e-02   0.50
2005 10 23  1935   53666   70500  0  3.27e+02  1.74e+01  0  1.10e+03  1.38e+01  1.68e+00  5.14e-01  8.69e-02   0.62
2005 10 23  1940   53666   70800  0  3.37e+02  1.97e+01  0  1.05e+03  1.65e+01  1.51e+00  4.16e-01  8.43e-02   0.67
2005 10 23  1945   53666   71100  0  3.98e+02  2.13e+01  0  1.07e+03  1.37e+01  1.68e+00  4.57e-01  1.16e-01   0.53
2005 10 23  1950   53666   71400  0  3.20e+02  2.02e+01  0  1.11e+03  1.33e+01  1.80e+00  3.43e-01  3.16e-02   0.34
2005 10 23  1955   53666   71700  0  3.50e+02  1.93e+01  0  1.09e+03  1.36e+01  1.87e+00  4.16e-01  1.37e-01   0.58
2005 10 23  2000   53666   72000  0  3.70e+02  1.70e+01  0  1.02e+03  1.40e+01  1.64e+00  4.05e-01  3.48e-02   0.76
2005 10 23  2005   53666   72300  0  4.00e+02  1.82e+01  0  1.11e+03  1.39e+01  1.68e+00  4.38e-01  6.76e-02   0.34
2005 10 23  2010   53666   72600  0  3.75e+02  2.16e+01  0  1.04e+03  1.33e+01  1.67e+00  6.03e-01  9.01e-02   0.51
2005 10 23  2015   53666   72900  0  3.22e+02  1.65e+01  0  1.04e+03  1.49e+01  1.69e+00  4.22e-01  8.91e-02   0.65
2005 10 23  2020   53666   73200  0  3.27e+02  2.09e+01  0  1.07e+03  1.43e+01  1.61e+00  4.37e-01  1.26e-01   0.49
2005 10 23  2025   53666   73500  0  3.29e+02  2.09e+01  0  1.12e+03  1.42e+01  1.54e+00  4.99e-01  1.39e-01   0.07
2005 10 23  2030   53666   73800  0  3.17e+02  1.77e+01  0  1.05e+03  1.24e+01  1.89e+00  5.63e-01  1.78e-01   0.44
2005 10 23  2035   53666   74100  0  3.79e+02  1.80e+01  0  1.06e+03  1.52e+01  1.25e+00  4.78e-01  8.43e-02   1.31
2005 10 23  2040   53666   74400  0  3.63e+02  1.78e+01  0  1.09e+03  1.28e+01  1.75e+00  2.81e-01  1.16e-01   0.00
2005 10 23  2045   53666   74700  0  3.21e+02  1.93e+01  0  1.10e+03  1.56e+01  1.50e+00  4.22e-01  8.92e-02   0.91
2005 10 23  2050   53666   75000  0  2.94e+02  1.89e+01  0  1.06e+03  1.15e+01  1.77e+00  3.53e-01  1.26e-01   0.27
2005 10 23  2055   53666   75300  0  4.09e+02  2.11e+01  0  1.11e+03  1.52e+01  1.58e+00  4.92e-01  1.69e-01   0.57
2005 10 23  2100   53666   75600  0  3.16e+02  1.91e+01  0  1.10e+03  1.40e+01  1.61e+00  2.29e-01  1.37e-01   1.51
2005 10 23  2105   53666   75900  0  3.57e+02  2.01e+01  0  1.07e+03  1.26e+01  1.48e+00  4.37e-01  1.05e-01   0.62
2005 10 23  2110   53666   76200  0  3.43e+02  1.95e+01  0  1.06e+03  1.66e+01  1.89e+00  4.75e-01  6.24e-02   0.58
2005 10 23  2115   53666   76500  0  3.34e+02  1.78e+01  0  1.09e+03  1.44e+01  1.61e+00  3.53e-01  1.48e-01   1.06
2005 10 23  2120   53666   76800  0  3.59e+02  1.79e+01  0  1.05e+03  1.31e+01  1.56e+00  4.76e-01  1.35e-01   0.64
2005 10 23  2125   53666   77100  0  4.70e+02  1.80e+01  0  9.72e+02  1.39e+01  2.00e+00  2.99e-01  1.16e-01   0.47
2005 10 23  2130   53666   77400  0  8.42e+02  1.58e+01  0  1.11e+03  1.14e+01  1.44e+00  4.57e-01  7.38e-02   0.97
2005 10 23  2135   53666   77700  0  3.65e+02  1.82e+01  0  1.10e+03  1.26e+01  1.35e+00  4.95e-01  7.73e-02   0.30
2005 10 23  2140   53666   78000  0  3.64e+02  2.14e+01  0  1.02e+03  1.42e+01  1.95e+00  3.24e-01  1.06e-01   0.33
2005 10 23  2145   53666   78300  0  3.64e+02  1.95e+01  0  1.08e+03  1.48e+01  2.07e+00  3.53e-01  1.05e-01   1.09
2005 10 23  2150   53666   78600  0  3.04e+02  1.75e+01  0  1.09e+03  1.36e+01  1.71e+00  4.57e-01  8.69e-02   0.27
2005 10 23  2155   53666   78900  0  3.04e+02  1.70e+01  0  1.04e+03  1.45e+01  1.95e+00  4.38e-01  8.43e-02   1.11
2005 10 23  2200   53666   79200  0  3.17e+02  1.89e+01  0  1.03e+03  1.32e+01  1.44e+00  4.37e-01  1.04e-01   0.48
2005 10 23  2205   53666   79500  0  3.57e+02  2.06e+01  0  1.10e+03  1.48e+01  1.47e+00  4.12e-01  6.95e-02   0.41
2005 10 23  2210   53666   79800  0  2.85e+02  1.72e+01  0  1.10e+03  1.38e+01  1.86e+00  5.34e-01  4.21e-02   0.60
2005 10 23  2215   53666   80100  0  3.13e+02  2.20e+01  0  1.02e+03  1.39e+01  1.41e+00  4.76e-01  7.38e-02   0.87
2005 10 23  2220   53666   80400  0  3.99e+02  1.80e+01  0  1.06e+03  1.26e+01  1.25e+00  5.40e-01  1.58e-01   0.24
2005 10 23  2225   53666   80700  0  3.31e+02  2.00e+01  0  1.06e+03  1.32e+01  1.65e+00  4.57e-01  1.26e-01   0.53
2005 10 23  2230   53666   81000  0  3.09e+02  1.81e+01  0  1.09e+03  1.39e+01  1.41e+00  3.62e-01  8.69e-02   0.18
2005 10 23  2235   53666   81300  0  4.24e+02  1.89e+01  0  1.09e+03  1.65e+01  1.70e+00  3.74e-01  9.48e-02   0.81
2005 10 23  2240   53666   81600  0  3.60e+02  1.88e+01  0  1.08e+03  1.34e+01  1.86e+00  4.75e-01  1.43e-01   0.56
2005 10 23  2245   53666   81900  0  3.14e+02  1.93e+01  0  1.06e+03  1.39e+01  1.50e+00  6.10e-01  9.66e-02   0.30
2005 10 23  2250   53666   82200  0  3.40e+02  1.55e+01  0  9.84e+02  1.12e+01  1.48e+00  3.53e-01  9.27e-02   0.49
2005 10 23  2255   53666   82500  0  4.09e+02  1.54e+01  0  1.09e+03  1.65e+01  1.58e+00  3.87e-01  1.16e-01   0.15
2005 10 23  2300   53666   82800  0  2.86e+02  1.74e+01  0  1.11e+03  1.41e+01  1.93e+00  3.95e-01  1.26e-01   0.49
2005 10 23  2305   53666   83100  0  3.47e+02  1.76e+01  0  1.05e+03  1.37e+01  2.10e+00  4.16e-01  8.43e-02   0.35
2005 10 23  2310   53666   83400  0  4.06e+02  2.11e+01  0  1.04e+03  1.44e+01  1.83e+00  4.75e-01  9.81e-02   0.79
2005 10 23  2315   53666   83700  0  3.60e+02  1.86e+01  0  1.11e+03  1.38e+01  1.61e+00  3.12e-01  4.64e-02   0.33
2005 10 23  2320   53666   84000  0  3.21e+02  1.65e+01  0  1.08e+03  1.53e+01  1.64e+00  4.40e-01  1.07e-01   0.56
2005 10 23  2325   53666   84300  0  2.98e+02  1.49e+01  0  1.01e+03  1.49e+01  1.69e+00  4.05e-01  9.81e-02   0.11
2005 10 23  2330   53666   84600  0  3.55e+02  1.41e+01  0  1.11e+03  1.39e+01  1.70e+00  3.95e-01  9.48e-02   0.42
2005 10 23  2335   53666   84900  0  2.86e+02  1.95e+01  0  1.11e+03  1.69e+01  1.78e+00  3.17e-01  1.87e-01   0.28
2005 10 23  2340   53666   85200  0  3.71e+02  1.76e+01  0  1.04e+03  1.04e+01  1.74e+00  3.74e-01  7.38e-02   0.36
2005 10 23  2345   53666   85500  0  3.54e+02  2.05e+01  0  1.09e+03  1.22e+01  2.00e+00  3.74e-01  1.90e-01   0.46
2005 10 23  2350   53666   85800  0  3.77e+02  1.95e+01  0  1.06e+03  1.19e+01  1.50e+00  3.87e-01  1.52e-01   0.57
2005 10 23  2355   53666   86100  0  4.04e+02  1.95e+01  0  1.09e+03  1.44e+01  1.93e+00  4.78e-01  8.43e-02   0.23
