:Data_list: 20050114_ace_sis_5m.txt
:Created: 2005 Jan 15 0011 UT
# Prepared by the U.S. Dept. of Commerce, NOAA, Space Environment Center.
# Please send comments and suggestions to SEC.Webmaster@noaa.gov 
# 
# Units: proton flux p/cs2-sec-ster
# Status(S): 0 = nominal data, 1 to 8 = bad data record, 9 = no data
# Missing data values: -1.00e+05
# Source: ACE Satellite - Solar Isotope Spectrometer
#
# 5-minute averaged Real-time Integral Flux of High-energy Solar Protons
# 
#                 Modified Seconds
# UT Date   Time   Julian  of the      ---- Integral Proton Flux ----
# YR MO DA  HHMM     Day     Day       S    > 10 MeV    S    > 30 MeV
#--------------------------------------------------------------------
2005 01 14  0000    53384       0      0    1.19e+00    0    8.34e-01
2005 01 14  0005    53384     300      0    1.18e+00    0    8.22e-01
2005 01 14  0010    53384     600      0    1.18e+00    0    8.31e-01
2005 01 14  0015    53384     900      0    1.21e+00    0    8.49e-01
2005 01 14  0020    53384    1200      0    1.14e+00    0    8.04e-01
2005 01 14  0025    53384    1500      0    1.18e+00    0    8.28e-01
2005 01 14  0030    53384    1800      0    1.18e+00    0    8.26e-01
2005 01 14  0035    53384    2100      0    1.17e+00    0    8.36e-01
2005 01 14  0040    53384    2400      0    1.20e+00    0    8.33e-01
2005 01 14  0045    53384    2700      0    1.16e+00    0    8.11e-01
2005 01 14  0050    53384    3000      0    1.19e+00    0    8.33e-01
2005 01 14  0055    53384    3300      0    1.16e+00    0    8.09e-01
2005 01 14  0100    53384    3600      0    1.17e+00    0    8.23e-01
2005 01 14  0105    53384    3900      0    1.19e+00    0    8.32e-01
2005 01 14  0110    53384    4200      0    1.19e+00    0    8.36e-01
2005 01 14  0115    53384    4500      0    1.17e+00    0    8.30e-01
2005 01 14  0120    53384    4800      0    1.15e+00    0    8.08e-01
2005 01 14  0125    53384    5100      0    1.17e+00    0    8.28e-01
2005 01 14  0130    53384    5400      0    1.15e+00    0    7.99e-01
2005 01 14  0135    53384    5700      0    1.17e+00    0    8.23e-01
2005 01 14  0140    53384    6000      0    1.16e+00    0    8.07e-01
2005 01 14  0145    53384    6300      0    1.15e+00    0    8.15e-01
2005 01 14  0150    53384    6600      0    1.17e+00    0    8.20e-01
2005 01 14  0155    53384    6900      0    1.17e+00    0    8.29e-01
2005 01 14  0200    53384    7200      0    1.18e+00    0    8.36e-01
2005 01 14  0205    53384    7500      0    1.19e+00    0    8.41e-01
2005 01 14  0210    53384    7800      0    1.20e+00    0    8.50e-01
2005 01 14  0215    53384    8100      0    1.17e+00    0    8.33e-01
2005 01 14  0220    53384    8400      0    1.17e+00    0    8.20e-01
2005 01 14  0225    53384    8700      0    1.18e+00    0    8.25e-01
2005 01 14  0230    53384    9000      0    1.14e+00    0    8.02e-01
2005 01 14  0235    53384    9300      0    1.18e+00    0    8.28e-01
2005 01 14  0240    53384    9600      0    1.17e+00    0    8.22e-01
2005 01 14  0245    53384    9900      0    1.20e+00    0    8.50e-01
2005 01 14  0250    53384   10200      0    1.21e+00    0    8.43e-01
2005 01 14  0255    53384   10500      0    1.16e+00    0    8.08e-01
2005 01 14  0300    53384   10800      0    1.17e+00    0    8.30e-01
2005 01 14  0305    53384   11100      0    1.19e+00    0    8.38e-01
2005 01 14  0310    53384   11400      0    1.16e+00    0    8.22e-01
2005 01 14  0315    53384   11700      0    1.15e+00    0    8.17e-01
2005 01 14  0320    53384   12000      0    1.19e+00    0    8.31e-01
2005 01 14  0325    53384   12300      0    1.16e+00    0    8.22e-01
2005 01 14  0330    53384   12600      0    1.15e+00    0    8.20e-01
2005 01 14  0335    53384   12900      0    1.22e+00    0    8.57e-01
2005 01 14  0340    53384   13200      0    1.19e+00    0    8.28e-01
2005 01 14  0345    53384   13500      0    1.19e+00    0    8.38e-01
2005 01 14  0350    53384   13800      0    1.16e+00    0    8.18e-01
2005 01 14  0355    53384   14100      0    1.17e+00    0    8.19e-01
2005 01 14  0400    53384   14400      0    1.17e+00    0    8.25e-01
2005 01 14  0405    53384   14700      0    1.21e+00    0    8.54e-01
2005 01 14  0410    53384   15000      0    1.13e+00    0    8.02e-01
2005 01 14  0415    53384   15300      0    1.19e+00    0    8.31e-01
2005 01 14  0420    53384   15600      0    1.13e+00    0    8.08e-01
2005 01 14  0425    53384   15900      0    1.19e+00    0    8.35e-01
2005 01 14  0430    53384   16200      0    1.18e+00    0    8.26e-01
2005 01 14  0435    53384   16500      0    1.19e+00    0    8.32e-01
2005 01 14  0440    53384   16800      0    1.17e+00    0    8.26e-01
2005 01 14  0445    53384   17100      0    1.17e+00    0    8.22e-01
2005 01 14  0450    53384   17400      0    1.20e+00    0    8.49e-01
2005 01 14  0455    53384   17700      0    1.15e+00    0    8.06e-01
2005 01 14  0500    53384   18000      0    1.17e+00    0    8.37e-01
2005 01 14  0505    53384   18300      0    1.18e+00    0    8.25e-01
2005 01 14  0510    53384   18600      0    1.21e+00    0    8.56e-01
2005 01 14  0515    53384   18900      0    1.17e+00    0    8.18e-01
2005 01 14  0520    53384   19200      0    1.18e+00    0    8.30e-01
2005 01 14  0525    53384   19500      0    1.19e+00    0    8.36e-01
2005 01 14  0530    53384   19800      0    1.17e+00    0    8.27e-01
2005 01 14  0535    53384   20100      0    1.20e+00    0    8.42e-01
2005 01 14  0540    53384   20400      0    1.16e+00    0    8.17e-01
2005 01 14  0545    53384   20700      0    1.20e+00    0    8.43e-01
2005 01 14  0550    53384   21000      0    1.19e+00    0    8.30e-01
2005 01 14  0555    53384   21300      0    1.18e+00    0    8.24e-01
2005 01 14  0600    53384   21600      0    1.19e+00    0    8.45e-01
2005 01 14  0605    53384   21900      0    1.17e+00    0    8.21e-01
2005 01 14  0610    53384   22200      0    1.14e+00    0    8.06e-01
2005 01 14  0615    53384   22500      0    1.16e+00    0    8.15e-01
2005 01 14  0620    53384   22800      0    1.16e+00    0    8.24e-01
2005 01 14  0625    53384   23100      0    1.19e+00    0    8.42e-01
2005 01 14  0630    53384   23400      0    1.19e+00    0    8.33e-01
2005 01 14  0635    53384   23700      0    1.19e+00    0    8.25e-01
2005 01 14  0640    53384   24000      0    1.16e+00    0    8.24e-01
2005 01 14  0645    53384   24300      0    1.19e+00    0    8.36e-01
2005 01 14  0650    53384   24600      0    1.16e+00    0    8.11e-01
2005 01 14  0655    53384   24900      0    1.18e+00    0    8.27e-01
2005 01 14  0700    53384   25200      0    1.15e+00    0    8.06e-01
2005 01 14  0705    53384   25500      0    1.17e+00    0    8.20e-01
2005 01 14  0710    53384   25800      0    1.21e+00    0    8.47e-01
2005 01 14  0715    53384   26100      0    1.19e+00    0    8.20e-01
2005 01 14  0720    53384   26400      0    1.16e+00    0    8.12e-01
2005 01 14  0725    53384   26700      0    1.19e+00    0    8.36e-01
2005 01 14  0730    53384   27000      0    1.22e+00    0    8.69e-01
2005 01 14  0735    53384   27300      0    1.19e+00    0    8.39e-01
2005 01 14  0740    53384   27600      0    1.16e+00    0    8.22e-01
2005 01 14  0745    53384   27900      0    1.18e+00    0    8.33e-01
2005 01 14  0750    53384   28200      0    1.19e+00    0    8.45e-01
2005 01 14  0755    53384   28500      0    1.17e+00    0    8.21e-01
2005 01 14  0800    53384   28800      0    1.17e+00    0    8.22e-01
2005 01 14  0805    53384   29100      0    1.16e+00    0    8.18e-01
2005 01 14  0810    53384   29400      0    1.20e+00    0    8.46e-01
2005 01 14  0815    53384   29700      0    1.20e+00    0    8.35e-01
2005 01 14  0820    53384   30000      0    1.18e+00    0    8.26e-01
2005 01 14  0825    53384   30300      0    1.17e+00    0    8.19e-01
2005 01 14  0830    53384   30600      0    1.14e+00    0    8.03e-01
2005 01 14  0835    53384   30900      0    1.16e+00    0    8.14e-01
2005 01 14  0840    53384   31200      0    1.19e+00    0    8.43e-01
2005 01 14  0845    53384   31500      0    1.17e+00    0    8.26e-01
2005 01 14  0850    53384   31800      0    1.19e+00    0    8.40e-01
2005 01 14  0855    53384   32100      0    1.19e+00    0    8.35e-01
2005 01 14  0900    53384   32400      0    1.18e+00    0    8.37e-01
2005 01 14  0905    53384   32700      0    1.19e+00    0    8.39e-01
2005 01 14  0910    53384   33000      0    1.19e+00    0    8.43e-01
2005 01 14  0915    53384   33300      0    1.17e+00    0    8.17e-01
2005 01 14  0920    53384   33600      0    1.18e+00    0    8.24e-01
2005 01 14  0925    53384   33900      0    1.17e+00    0    8.16e-01
2005 01 14  0930    53384   34200      0    1.17e+00    0    8.18e-01
2005 01 14  0935    53384   34500      0    1.19e+00    0    8.21e-01
2005 01 14  0940    53384   34800      0    1.17e+00    0    8.18e-01
2005 01 14  0945    53384   35100      0    1.18e+00    0    8.20e-01
2005 01 14  0950    53384   35400      0    1.18e+00    0    8.30e-01
2005 01 14  0955    53384   35700      0    1.20e+00    0    8.43e-01
2005 01 14  1000    53384   36000      0    1.18e+00    0    8.25e-01
2005 01 14  1005    53384   36300      0    1.17e+00    0    8.21e-01
2005 01 14  1010    53384   36600      0    1.21e+00    0    8.44e-01
2005 01 14  1015    53384   36900      0    1.15e+00    0    8.02e-01
2005 01 14  1020    53384   37200      0    1.20e+00    0    8.37e-01
2005 01 14  1025    53384   37500      0    1.18e+00    0    8.37e-01
2005 01 14  1030    53384   37800      0    1.21e+00    0    8.48e-01
2005 01 14  1035    53384   38100      0    1.19e+00    0    8.34e-01
2005 01 14  1040    53384   38400      0    1.18e+00    0    8.25e-01
2005 01 14  1045    53384   38700      0    1.19e+00    0    8.33e-01
2005 01 14  1050    53384   39000      0    1.19e+00    0    8.41e-01
2005 01 14  1055    53384   39300      0    1.20e+00    0    8.35e-01
2005 01 14  1100    53384   39600      0    1.18e+00    0    8.20e-01
2005 01 14  1105    53384   39900      0    1.18e+00    0    8.21e-01
2005 01 14  1110    53384   40200      0    1.18e+00    0    8.23e-01
2005 01 14  1115    53384   40500      0    1.20e+00    0    8.36e-01
2005 01 14  1120    53384   40800      0    1.19e+00    0    8.27e-01
2005 01 14  1125    53384   41100      0    1.18e+00    0    8.27e-01
2005 01 14  1130    53384   41400      0    1.20e+00    0    8.34e-01
2005 01 14  1135    53384   41700      0    1.18e+00    0    8.26e-01
2005 01 14  1140    53384   42000      0    1.19e+00    0    8.41e-01
2005 01 14  1145    53384   42300      0    1.19e+00    0    8.36e-01
2005 01 14  1150    53384   42600      0    1.19e+00    0    8.43e-01
2005 01 14  1155    53384   42900      0    1.20e+00    0    8.48e-01
2005 01 14  1200    53384   43200      0    1.20e+00    0    8.43e-01
2005 01 14  1205    53384   43500      0    1.19e+00    0    8.44e-01
2005 01 14  1210    53384   43800      0    1.20e+00    0    8.38e-01
2005 01 14  1215    53384   44100      0    1.19e+00    0    8.28e-01
2005 01 14  1220    53384   44400      0    1.20e+00    0    8.47e-01
2005 01 14  1225    53384   44700      0    1.19e+00    0    8.31e-01
2005 01 14  1230    53384   45000      0    1.20e+00    0    8.41e-01
2005 01 14  1235    53384   45300      0    1.22e+00    0    8.48e-01
2005 01 14  1240    53384   45600      0    1.19e+00    0    8.41e-01
2005 01 14  1245    53384   45900      0    1.18e+00    0    8.22e-01
2005 01 14  1250    53384   46200      0    1.18e+00    0    8.26e-01
2005 01 14  1255    53384   46500      0    1.18e+00    0    8.18e-01
2005 01 14  1300    53384   46800      0    1.20e+00    0    8.43e-01
2005 01 14  1305    53384   47100      0    1.20e+00    0    8.35e-01
2005 01 14  1310    53384   47400      0    1.17e+00    0    8.21e-01
2005 01 14  1315    53384   47700      0    1.17e+00    0    8.19e-01
2005 01 14  1320    53384   48000      0    1.19e+00    0    8.30e-01
2005 01 14  1325    53384   48300      0    1.19e+00    0    8.21e-01
2005 01 14  1330    53384   48600      0    1.16e+00    0    8.01e-01
2005 01 14  1335    53384   48900      0    1.18e+00    0    8.26e-01
2005 01 14  1340    53384   49200      0    1.18e+00    0    8.27e-01
2005 01 14  1345    53384   49500      0    1.17e+00    0    8.13e-01
2005 01 14  1350    53384   49800      0    1.19e+00    0    8.29e-01
2005 01 14  1355    53384   50100      0    1.20e+00    0    8.42e-01
2005 01 14  1400    53384   50400      0    1.17e+00    0    8.21e-01
2005 01 14  1405    53384   50700      0    1.21e+00    0    8.49e-01
2005 01 14  1410    53384   51000      0    1.19e+00    0    8.37e-01
2005 01 14  1415    53384   51300      0    1.18e+00    0    8.34e-01
2005 01 14  1420    53384   51600      0    1.20e+00    0    8.33e-01
2005 01 14  1425    53384   51900      0    1.19e+00    0    8.26e-01
2005 01 14  1430    53384   52200      0    1.19e+00    0    8.24e-01
2005 01 14  1435    53384   52500      0    1.19e+00    0    8.27e-01
2005 01 14  1440    53384   52800      0    1.20e+00    0    8.41e-01
2005 01 14  1445    53384   53100      0    1.19e+00    0    8.50e-01
2005 01 14  1450    53384   53400      0    1.18e+00    0    8.23e-01
2005 01 14  1455    53384   53700      0    1.23e+00    0    8.51e-01
2005 01 14  1500    53384   54000      0    1.18e+00    0    8.19e-01
2005 01 14  1505    53384   54300      0    1.19e+00    0    8.31e-01
2005 01 14  1510    53384   54600      0    1.19e+00    0    8.25e-01
2005 01 14  1515    53384   54900      0    1.20e+00    0    8.46e-01
2005 01 14  1520    53384   55200      0    1.23e+00    0    8.49e-01
2005 01 14  1525    53384   55500      0    1.18e+00    0    8.19e-01
2005 01 14  1530    53384   55800      0    1.21e+00    0    8.54e-01
2005 01 14  1535    53384   56100      0    1.20e+00    0    8.36e-01
2005 01 14  1540    53384   56400      0    1.20e+00    0    8.19e-01
2005 01 14  1545    53384   56700      0    1.19e+00    0    8.23e-01
2005 01 14  1550    53384   57000      0    1.20e+00    0    8.21e-01
2005 01 14  1555    53384   57300      0    1.19e+00    0    8.18e-01
2005 01 14  1600    53384   57600      0    1.17e+00    0    8.13e-01
2005 01 14  1605    53384   57900      0    1.21e+00    0    8.33e-01
2005 01 14  1610    53384   58200      0    1.19e+00    0    8.23e-01
2005 01 14  1615    53384   58500      0    1.18e+00    0    8.34e-01
2005 01 14  1620    53384   58800      0    1.19e+00    0    8.27e-01
2005 01 14  1625    53384   59100      0    1.21e+00    0    8.37e-01
2005 01 14  1630    53384   59400      0    1.23e+00    0    8.52e-01
2005 01 14  1635    53384   59700      0    1.20e+00    0    8.30e-01
2005 01 14  1640    53384   60000      0    1.21e+00    0    8.39e-01
2005 01 14  1645    53384   60300      0    1.20e+00    0    8.37e-01
2005 01 14  1650    53384   60600      0    1.21e+00    0    8.38e-01
2005 01 14  1655    53384   60900      0    1.21e+00    0    8.33e-01
2005 01 14  1700    53384   61200      0    1.22e+00    0    8.28e-01
2005 01 14  1705    53384   61500      0    1.22e+00    0    8.51e-01
2005 01 14  1710    53384   61800      0    1.22e+00    0    8.52e-01
2005 01 14  1715    53384   62100      0    1.18e+00    0    8.19e-01
2005 01 14  1720    53384   62400      0    1.21e+00    0    8.29e-01
2005 01 14  1725    53384   62700      0    1.20e+00    0    8.36e-01
2005 01 14  1730    53384   63000      0    1.19e+00    0    8.16e-01
2005 01 14  1735    53384   63300      0    1.19e+00    0    8.39e-01
2005 01 14  1740    53384   63600      0    1.20e+00    0    8.20e-01
2005 01 14  1745    53384   63900      0    1.21e+00    0    8.32e-01
2005 01 14  1750    53384   64200      0    1.21e+00    0    8.31e-01
2005 01 14  1755    53384   64500      0    1.19e+00    0    8.10e-01
2005 01 14  1800    53384   64800      0    1.19e+00    0    8.29e-01
2005 01 14  1805    53384   65100      0    1.20e+00    0    8.29e-01
2005 01 14  1810    53384   65400      0    1.21e+00    0    8.43e-01
2005 01 14  1815    53384   65700      0    1.16e+00    0    8.12e-01
2005 01 14  1820    53384   66000      0    1.15e+00    0    7.97e-01
2005 01 14  1825    53384   66300      0    1.19e+00    0    8.25e-01
2005 01 14  1830    53384   66600      0    1.18e+00    0    8.18e-01
2005 01 14  1835    53384   66900      0    1.20e+00    0    8.31e-01
2005 01 14  1840    53384   67200      0    1.16e+00    0    8.16e-01
2005 01 14  1845    53384   67500      0    1.12e+00    0    7.80e-01
2005 01 14  1850    53384   67800      0    1.20e+00    0    8.42e-01
2005 01 14  1855    53384   68100      0    1.19e+00    0    8.28e-01
2005 01 14  1900    53384   68400      0    1.17e+00    0    8.04e-01
2005 01 14  1905    53384   68700      0    1.15e+00    0    7.98e-01
2005 01 14  1910    53384   69000      0    1.19e+00    0    8.24e-01
2005 01 14  1915    53384   69300      0    1.18e+00    0    8.13e-01
2005 01 14  1920    53384   69600      0    1.19e+00    0    8.24e-01
2005 01 14  1925    53384   69900      0    1.18e+00    0    8.21e-01
2005 01 14  1930    53384   70200      0    1.22e+00    0    8.47e-01
2005 01 14  1935    53384   70500      0    1.21e+00    0    8.27e-01
2005 01 14  1940    53384   70800      0    1.16e+00    0    8.02e-01
2005 01 14  1945    53384   71100      0    1.19e+00    0    8.29e-01
2005 01 14  1950    53384   71400      0    1.21e+00    0    8.43e-01
2005 01 14  1955    53384   71700      0    1.19e+00    0    8.21e-01
2005 01 14  2000    53384   72000      0    1.17e+00    0    8.14e-01
2005 01 14  2005    53384   72300      0    1.15e+00    0    8.00e-01
2005 01 14  2010    53384   72600      0    1.19e+00    0    8.34e-01
2005 01 14  2015    53384   72900      0    1.19e+00    0    8.19e-01
2005 01 14  2020    53384   73200      0    1.20e+00    0    8.31e-01
2005 01 14  2025    53384   73500      0    1.16e+00    0    7.97e-01
2005 01 14  2030    53384   73800      0    1.17e+00    0    8.14e-01
2005 01 14  2035    53384   74100      0    1.19e+00    0    8.33e-01
2005 01 14  2040    53384   74400      0    1.15e+00    0    7.93e-01
2005 01 14  2045    53384   74700      0    1.15e+00    0    8.00e-01
2005 01 14  2050    53384   75000      0    1.21e+00    0    8.41e-01
2005 01 14  2055    53384   75300      0    1.18e+00    0    8.17e-01
2005 01 14  2100    53384   75600      0    1.18e+00    0    8.21e-01
2005 01 14  2105    53384   75900      0    1.18e+00    0    8.27e-01
2005 01 14  2110    53384   76200      0    1.20e+00    0    8.40e-01
2005 01 14  2115    53384   76500      0    1.18e+00    0    8.18e-01
2005 01 14  2120    53384   76800      0    1.17e+00    0    8.11e-01
2005 01 14  2125    53384   77100      0    1.16e+00    0    8.02e-01
2005 01 14  2130    53384   77400      0    1.19e+00    0    8.29e-01
2005 01 14  2135    53384   77700      0    1.16e+00    0    8.07e-01
2005 01 14  2140    53384   78000      0    1.16e+00    0    8.03e-01
2005 01 14  2145    53384   78300      0    1.17e+00    0    8.17e-01
2005 01 14  2150    53384   78600      0    1.16e+00    0    8.04e-01
2005 01 14  2155    53384   78900      0    1.15e+00    0    7.94e-01
2005 01 14  2200    53384   79200      0    1.16e+00    0    8.07e-01
2005 01 14  2205    53384   79500      0    1.20e+00    0    8.37e-01
2005 01 14  2210    53384   79800      0    1.20e+00    0    8.36e-01
2005 01 14  2215    53384   80100      0    1.19e+00    0    8.26e-01
2005 01 14  2220    53384   80400      0    1.21e+00    0    8.31e-01
2005 01 14  2225    53384   80700      0    1.18e+00    0    8.19e-01
2005 01 14  2230    53384   81000      0    1.16e+00    0    8.09e-01
2005 01 14  2235    53384   81300      0    1.15e+00    0    8.02e-01
2005 01 14  2240    53384   81600      0    1.20e+00    0    8.35e-01
2005 01 14  2245    53384   81900      0    1.16e+00    0    7.99e-01
2005 01 14  2250    53384   82200      0    1.20e+00    0    8.28e-01
2005 01 14  2255    53384   82500      0    1.17e+00    0    8.04e-01
2005 01 14  2300    53384   82800      0    1.19e+00    0    8.30e-01
2005 01 14  2305    53384   83100      0    1.20e+00    0    8.31e-01
2005 01 14  2310    53384   83400      0    1.19e+00    0    8.31e-01
2005 01 14  2315    53384   83700      0    1.17e+00    0    8.23e-01
2005 01 14  2320    53384   84000      0    1.19e+00    0    8.27e-01
2005 01 14  2325    53384   84300      0    1.19e+00    0    8.41e-01
2005 01 14  2330    53384   84600      0    1.21e+00    0    8.39e-01
2005 01 14  2335    53384   84900      0    1.19e+00    0    8.19e-01
2005 01 14  2340    53384   85200      0    1.18e+00    0    8.18e-01
2005 01 14  2345    53384   85500      0    1.20e+00    0    8.37e-01
2005 01 14  2350    53384   85800      0    1.17e+00    0    8.20e-01
2005 01 14  2355    53384   86100      0    1.16e+00    0    8.10e-01
