:Data_list: 20050924_ace_sis_5m.txt
:Created: 2005 Sep 25 0011 UT
# Prepared by the U.S. Dept. of Commerce, NOAA, Space Environment Center.
# Please send comments and suggestions to SEC.Webmaster@noaa.gov 
# 
# Units: proton flux p/cs2-sec-ster
# Status(S): 0 = nominal data, 1 to 8 = bad data record, 9 = no data
# Missing data values: -1.00e+05
# Source: ACE Satellite - Solar Isotope Spectrometer
#
# 5-minute averaged Real-time Integral Flux of High-energy Solar Protons
# 
#                 Modified Seconds
# UT Date   Time   Julian  of the      ---- Integral Proton Flux ----
# YR MO DA  HHMM     Day     Day       S    > 10 MeV    S    > 30 MeV
#--------------------------------------------------------------------
2005 09 24  0000    53637       0      0    1.27e+00    0    8.27e-01
2005 09 24  0005    53637     300      0    1.25e+00    0    8.09e-01
2005 09 24  0010    53637     600      0    1.27e+00    0    8.42e-01
2005 09 24  0015    53637     900      0    1.25e+00    0    8.11e-01
2005 09 24  0020    53637    1200      0    1.26e+00    0    8.32e-01
2005 09 24  0025    53637    1500      0    1.29e+00    0    8.38e-01
2005 09 24  0030    53637    1800      0    1.25e+00    0    8.06e-01
2005 09 24  0035    53637    2100      0    1.25e+00    0    8.19e-01
2005 09 24  0040    53637    2400      0    1.26e+00    0    8.26e-01
2005 09 24  0045    53637    2700      0    1.27e+00    0    8.47e-01
2005 09 24  0050    53637    3000      0    1.21e+00    0    7.89e-01
2005 09 24  0055    53637    3300      0    1.23e+00    0    8.02e-01
2005 09 24  0100    53637    3600      0    1.26e+00    0    8.26e-01
2005 09 24  0105    53637    3900      0    1.25e+00    0    8.27e-01
2005 09 24  0110    53637    4200      0    1.28e+00    0    8.32e-01
2005 09 24  0115    53637    4500      0    1.26e+00    0    8.36e-01
2005 09 24  0120    53637    4800      0    1.28e+00    0    8.46e-01
2005 09 24  0125    53637    5100      0    1.28e+00    0    8.40e-01
2005 09 24  0130    53637    5400      0    1.25e+00    0    8.20e-01
2005 09 24  0135    53637    5700      0    1.26e+00    0    8.34e-01
2005 09 24  0140    53637    6000      0    1.24e+00    0    8.11e-01
2005 09 24  0145    53637    6300      0    1.29e+00    0    8.41e-01
2005 09 24  0150    53637    6600      0    1.27e+00    0    8.16e-01
2005 09 24  0155    53637    6900      0    1.26e+00    0    8.14e-01
2005 09 24  0200    53637    7200      0    1.28e+00    0    8.26e-01
2005 09 24  0205    53637    7500      0    1.26e+00    0    8.26e-01
2005 09 24  0210    53637    7800      0    1.25e+00    0    8.12e-01
2005 09 24  0215    53637    8100      0    1.26e+00    0    8.24e-01
2005 09 24  0220    53637    8400      0    1.28e+00    0    8.43e-01
2005 09 24  0225    53637    8700      0    1.26e+00    0    8.18e-01
2005 09 24  0230    53637    9000      0    1.27e+00    0    8.26e-01
2005 09 24  0235    53637    9300      0    1.26e+00    0    8.19e-01
2005 09 24  0240    53637    9600      0    1.30e+00    0    8.47e-01
2005 09 24  0245    53637    9900      0    1.28e+00    0    8.42e-01
2005 09 24  0250    53637   10200      0    1.25e+00    0    8.16e-01
2005 09 24  0255    53637   10500      0    1.24e+00    0    8.04e-01
2005 09 24  0300    53637   10800      0    1.28e+00    0    8.36e-01
2005 09 24  0305    53637   11100      0    1.28e+00    0    8.37e-01
2005 09 24  0310    53637   11400      0    1.28e+00    0    8.34e-01
2005 09 24  0315    53637   11700      0    1.27e+00    0    8.17e-01
2005 09 24  0320    53637   12000      0    1.23e+00    0    7.95e-01
2005 09 24  0325    53637   12300      0    1.26e+00    0    8.26e-01
2005 09 24  0330    53637   12600      0    1.24e+00    0    8.10e-01
2005 09 24  0335    53637   12900      0    1.28e+00    0    8.31e-01
2005 09 24  0340    53637   13200      0    1.31e+00    0    8.52e-01
2005 09 24  0345    53637   13500      0    1.28e+00    0    8.25e-01
2005 09 24  0350    53637   13800      0    1.29e+00    0    8.35e-01
2005 09 24  0355    53637   14100      0    1.27e+00    0    8.18e-01
2005 09 24  0400    53637   14400      0    1.29e+00    0    8.48e-01
2005 09 24  0405    53637   14700      0    1.30e+00    0    8.38e-01
2005 09 24  0410    53637   15000      0    1.27e+00    0    8.21e-01
2005 09 24  0415    53637   15300      0    1.30e+00    0    8.47e-01
2005 09 24  0420    53637   15600      0    1.31e+00    0    8.56e-01
2005 09 24  0425    53637   15900      0    1.26e+00    0    8.05e-01
2005 09 24  0430    53637   16200      0    1.31e+00    0    8.44e-01
2005 09 24  0435    53637   16500      0    1.28e+00    0    8.18e-01
2005 09 24  0440    53637   16800      0    1.30e+00    0    8.43e-01
2005 09 24  0445    53637   17100      0    1.29e+00    0    8.31e-01
2005 09 24  0450    53637   17400      0    1.26e+00    0    8.14e-01
2005 09 24  0455    53637   17700      0    1.27e+00    0    8.13e-01
2005 09 24  0500    53637   18000      0    1.30e+00    0    8.39e-01
2005 09 24  0505    53637   18300      0    1.32e+00    0    8.48e-01
2005 09 24  0510    53637   18600      0    1.31e+00    0    8.41e-01
2005 09 24  0515    53637   18900      0    1.29e+00    0    8.34e-01
2005 09 24  0520    53637   19200      0    1.28e+00    0    8.42e-01
2005 09 24  0525    53637   19500      0    1.28e+00    0    8.27e-01
2005 09 24  0530    53637   19800      0    1.29e+00    0    8.34e-01
2005 09 24  0535    53637   20100      0    1.27e+00    0    8.22e-01
2005 09 24  0540    53637   20400      0    1.29e+00    0    8.38e-01
2005 09 24  0545    53637   20700      0    1.29e+00    0    8.35e-01
2005 09 24  0550    53637   21000      0    1.28e+00    0    8.29e-01
2005 09 24  0555    53637   21300      0    1.32e+00    0    8.43e-01
2005 09 24  0600    53637   21600      0    1.29e+00    0    8.40e-01
2005 09 24  0605    53637   21900      0    1.30e+00    0    8.43e-01
2005 09 24  0610    53637   22200      0    1.32e+00    0    8.59e-01
2005 09 24  0615    53637   22500      0    1.31e+00    0    8.42e-01
2005 09 24  0620    53637   22800      0    1.31e+00    0    8.51e-01
2005 09 24  0625    53637   23100      0    1.29e+00    0    8.36e-01
2005 09 24  0630    53637   23400      0    1.29e+00    0    8.22e-01
2005 09 24  0635    53637   23700      0    1.30e+00    0    8.40e-01
2005 09 24  0640    53637   24000      0    1.27e+00    0    8.21e-01
2005 09 24  0645    53637   24300      0    1.29e+00    0    8.33e-01
2005 09 24  0650    53637   24600      0    1.31e+00    0    8.53e-01
2005 09 24  0655    53637   24900      0    1.28e+00    0    8.29e-01
2005 09 24  0700    53637   25200      0    1.30e+00    0    8.34e-01
2005 09 24  0705    53637   25500      0    1.29e+00    0    8.26e-01
2005 09 24  0710    53637   25800      0    1.32e+00    0    8.47e-01
2005 09 24  0715    53637   26100      0    1.29e+00    0    8.37e-01
2005 09 24  0720    53637   26400      0    1.29e+00    0    8.41e-01
2005 09 24  0725    53637   26700      0    1.31e+00    0    8.51e-01
2005 09 24  0730    53637   27000      0    1.28e+00    0    8.29e-01
2005 09 24  0735    53637   27300      0    1.26e+00    0    8.12e-01
2005 09 24  0740    53637   27600      0    1.28e+00    0    8.26e-01
2005 09 24  0745    53637   27900      0    1.29e+00    0    8.31e-01
2005 09 24  0750    53637   28200      0    1.31e+00    0    8.61e-01
2005 09 24  0755    53637   28500      0    1.26e+00    0    8.11e-01
2005 09 24  0800    53637   28800      0    1.30e+00    0    8.49e-01
2005 09 24  0805    53637   29100      0    1.30e+00    0    8.47e-01
2005 09 24  0810    53637   29400      0    1.27e+00    0    8.09e-01
2005 09 24  0815    53637   29700      0    1.32e+00    0    8.54e-01
2005 09 24  0820    53637   30000      0    1.31e+00    0    8.49e-01
2005 09 24  0825    53637   30300      0    1.30e+00    0    8.51e-01
2005 09 24  0830    53637   30600      0    1.30e+00    0    8.34e-01
2005 09 24  0835    53637   30900      0    1.30e+00    0    8.47e-01
2005 09 24  0840    53637   31200      0    1.31e+00    0    8.53e-01
2005 09 24  0845    53637   31500      0    1.31e+00    0    8.48e-01
2005 09 24  0850    53637   31800      0    1.28e+00    0    8.27e-01
2005 09 24  0855    53637   32100      0    1.29e+00    0    8.36e-01
2005 09 24  0900    53637   32400      0    1.25e+00    0    8.11e-01
2005 09 24  0905    53637   32700      0    1.28e+00    0    8.36e-01
2005 09 24  0910    53637   33000      0    1.29e+00    0    8.38e-01
2005 09 24  0915    53637   33300      0    1.29e+00    0    8.43e-01
2005 09 24  0920    53637   33600      0    1.30e+00    0    8.44e-01
2005 09 24  0925    53637   33900      0    1.29e+00    0    8.38e-01
2005 09 24  0930    53637   34200      0    1.29e+00    0    8.34e-01
2005 09 24  0935    53637   34500      0    1.29e+00    0    8.31e-01
2005 09 24  0940    53637   34800      0    1.31e+00    0    8.49e-01
2005 09 24  0945    53637   35100      0    1.30e+00    0    8.38e-01
2005 09 24  0950    53637   35400      0    1.29e+00    0    8.27e-01
2005 09 24  0955    53637   35700      0    1.28e+00    0    8.23e-01
2005 09 24  1000    53637   36000      0    1.30e+00    0    8.46e-01
2005 09 24  1005    53637   36300      0    1.31e+00    0    8.30e-01
2005 09 24  1010    53637   36600      0    1.28e+00    0    8.10e-01
2005 09 24  1015    53637   36900      0    1.28e+00    0    8.13e-01
2005 09 24  1020    53637   37200      0    1.32e+00    0    8.49e-01
2005 09 24  1025    53637   37500      0    1.35e+00    0    8.68e-01
2005 09 24  1030    53637   37800      0    1.34e+00    0    8.62e-01
2005 09 24  1035    53637   38100      0    1.32e+00    0    8.32e-01
2005 09 24  1040    53637   38400      0    1.32e+00    0    8.43e-01
2005 09 24  1045    53637   38700      0    1.30e+00    0    8.43e-01
2005 09 24  1050    53637   39000      0    1.26e+00    0    8.06e-01
2005 09 24  1055    53637   39300      0    1.29e+00    0    8.33e-01
2005 09 24  1100    53637   39600      0    1.31e+00    0    8.40e-01
2005 09 24  1105    53637   39900      0    1.32e+00    0    8.61e-01
2005 09 24  1110    53637   40200      0    1.30e+00    0    8.30e-01
2005 09 24  1115    53637   40500      0    1.29e+00    0    8.31e-01
2005 09 24  1120    53637   40800      0    1.27e+00    0    8.21e-01
2005 09 24  1125    53637   41100      0    1.30e+00    0    8.29e-01
2005 09 24  1130    53637   41400      0    1.27e+00    0    8.23e-01
2005 09 24  1135    53637   41700      0    1.32e+00    0    8.65e-01
2005 09 24  1140    53637   42000      0    1.26e+00    0    8.16e-01
2005 09 24  1145    53637   42300      0    1.30e+00    0    8.40e-01
2005 09 24  1150    53637   42600      0    1.30e+00    0    8.39e-01
2005 09 24  1155    53637   42900      0    1.29e+00    0    8.21e-01
2005 09 24  1200    53637   43200      0    1.32e+00    0    8.48e-01
2005 09 24  1205    53637   43500      0    1.29e+00    0    8.33e-01
2005 09 24  1210    53637   43800      0    1.28e+00    0    8.42e-01
2005 09 24  1215    53637   44100      0    1.28e+00    0    8.28e-01
2005 09 24  1220    53637   44400      0    1.27e+00    0    8.17e-01
2005 09 24  1225    53637   44700      0    1.25e+00    0    8.17e-01
2005 09 24  1230    53637   45000      0    1.25e+00    0    8.16e-01
2005 09 24  1235    53637   45300      0    1.26e+00    0    8.08e-01
2005 09 24  1240    53637   45600      0    1.28e+00    0    8.25e-01
2005 09 24  1245    53637   45900      0    1.29e+00    0    8.36e-01
2005 09 24  1250    53637   46200      0    1.32e+00    0    8.60e-01
2005 09 24  1255    53637   46500      0    1.29e+00    0    8.33e-01
2005 09 24  1300    53637   46800      0    1.32e+00    0    8.47e-01
2005 09 24  1305    53637   47100      0    1.27e+00    0    8.09e-01
2005 09 24  1310    53637   47400      0    1.27e+00    0    8.14e-01
2005 09 24  1315    53637   47700      0    1.29e+00    0    8.21e-01
2005 09 24  1320    53637   48000      0    1.30e+00    0    8.36e-01
2005 09 24  1325    53637   48300      0    1.29e+00    0    8.30e-01
2005 09 24  1330    53637   48600      0    1.28e+00    0    8.27e-01
2005 09 24  1335    53637   48900      0    1.28e+00    0    8.19e-01
2005 09 24  1340    53637   49200      0    1.32e+00    0    8.44e-01
2005 09 24  1345    53637   49500      0    1.33e+00    0    8.62e-01
2005 09 24  1350    53637   49800      0    1.27e+00    0    8.13e-01
2005 09 24  1355    53637   50100      0    1.29e+00    0    8.39e-01
2005 09 24  1400    53637   50400      0    1.29e+00    0    8.36e-01
2005 09 24  1405    53637   50700      0    1.32e+00    0    8.49e-01
2005 09 24  1410    53637   51000      0    1.27e+00    0    8.29e-01
2005 09 24  1415    53637   51300      0    1.28e+00    0    8.27e-01
2005 09 24  1420    53637   51600      0    1.31e+00    0    8.39e-01
2005 09 24  1425    53637   51900      0    1.27e+00    0    8.14e-01
2005 09 24  1430    53637   52200      0    1.29e+00    0    8.28e-01
2005 09 24  1435    53637   52500      0    1.29e+00    0    8.33e-01
2005 09 24  1440    53637   52800      0    1.29e+00    0    8.17e-01
2005 09 24  1445    53637   53100      0    1.28e+00    0    8.30e-01
2005 09 24  1450    53637   53400      0    1.28e+00    0    8.31e-01
2005 09 24  1455    53637   53700      0    1.29e+00    0    8.20e-01
2005 09 24  1500    53637   54000      0    1.31e+00    0    8.39e-01
2005 09 24  1505    53637   54300      0    1.32e+00    0    8.57e-01
2005 09 24  1510    53637   54600      0    1.32e+00    0    8.58e-01
2005 09 24  1515    53637   54900      0    1.31e+00    0    8.46e-01
2005 09 24  1520    53637   55200      0    1.30e+00    0    8.40e-01
2005 09 24  1525    53637   55500      0    1.31e+00    0    8.57e-01
2005 09 24  1530    53637   55800      0    1.29e+00    0    8.41e-01
2005 09 24  1535    53637   56100      0    1.31e+00    0    8.50e-01
2005 09 24  1540    53637   56400      0    1.28e+00    0    8.20e-01
2005 09 24  1545    53637   56700      0    1.25e+00    0    8.06e-01
2005 09 24  1550    53637   57000      0    1.30e+00    0    8.47e-01
2005 09 24  1555    53637   57300      0    1.31e+00    0    8.45e-01
2005 09 24  1600    53637   57600      0    1.29e+00    0    8.38e-01
2005 09 24  1605    53637   57900      0    1.31e+00    0    8.46e-01
2005 09 24  1610    53637   58200      0    1.30e+00    0    8.44e-01
2005 09 24  1615    53637   58500      0    1.32e+00    0    8.42e-01
2005 09 24  1620    53637   58800      0    1.31e+00    0    8.36e-01
2005 09 24  1625    53637   59100      0    1.29e+00    0    8.31e-01
2005 09 24  1630    53637   59400      0    1.32e+00    0    8.64e-01
2005 09 24  1635    53637   59700      0    1.29e+00    0    8.24e-01
2005 09 24  1640    53637   60000      0    1.30e+00    0    8.33e-01
2005 09 24  1645    53637   60300      0    1.28e+00    0    8.18e-01
2005 09 24  1650    53637   60600      0    1.27e+00    0    8.17e-01
2005 09 24  1655    53637   60900      0    1.29e+00    0    8.36e-01
2005 09 24  1700    53637   61200      0    1.31e+00    0    8.37e-01
2005 09 24  1705    53637   61500      0    1.26e+00    0    8.10e-01
2005 09 24  1710    53637   61800      0    1.30e+00    0    8.36e-01
2005 09 24  1715    53637   62100      0    1.30e+00    0    8.41e-01
2005 09 24  1720    53637   62400      0    1.31e+00    0    8.32e-01
2005 09 24  1725    53637   62700      0    1.32e+00    0    8.48e-01
2005 09 24  1730    53637   63000      0    1.32e+00    0    8.53e-01
2005 09 24  1735    53637   63300      0    1.27e+00    0    8.13e-01
2005 09 24  1740    53637   63600      0    1.31e+00    0    8.51e-01
2005 09 24  1745    53637   63900      0    1.31e+00    0    8.49e-01
2005 09 24  1750    53637   64200      0    1.28e+00    0    8.10e-01
2005 09 24  1755    53637   64500      0    1.30e+00    0    8.25e-01
2005 09 24  1800    53637   64800      0    1.30e+00    0    8.41e-01
2005 09 24  1805    53637   65100      0    1.28e+00    0    8.27e-01
2005 09 24  1810    53637   65400      0    1.30e+00    0    8.40e-01
2005 09 24  1815    53637   65700      0    1.31e+00    0    8.37e-01
2005 09 24  1820    53637   66000      0    1.30e+00    0    8.37e-01
2005 09 24  1825    53637   66300      0    1.30e+00    0    8.32e-01
2005 09 24  1830    53637   66600      0    1.32e+00    0    8.54e-01
2005 09 24  1835    53637   66900      0    1.32e+00    0    8.46e-01
2005 09 24  1840    53637   67200      0    1.31e+00    0    8.35e-01
2005 09 24  1845    53637   67500      0    1.33e+00    0    8.34e-01
2005 09 24  1850    53637   67800      0    1.31e+00    0    8.27e-01
2005 09 24  1855    53637   68100      0    1.35e+00    0    8.64e-01
2005 09 24  1900    53637   68400      0    1.35e+00    0    8.69e-01
2005 09 24  1905    53637   68700      0    1.31e+00    0    8.37e-01
2005 09 24  1910    53637   69000      0    1.31e+00    0    8.43e-01
2005 09 24  1915    53637   69300      0    1.32e+00    0    8.48e-01
2005 09 24  1920    53637   69600      0    1.34e+00    0    8.59e-01
2005 09 24  1925    53637   69900      0    1.32e+00    0    8.50e-01
2005 09 24  1930    53637   70200      0    1.31e+00    0    8.47e-01
2005 09 24  1935    53637   70500      0    1.28e+00    0    8.30e-01
2005 09 24  1940    53637   70800      0    1.27e+00    0    8.18e-01
2005 09 24  1945    53637   71100      0    1.28e+00    0    8.19e-01
2005 09 24  1950    53637   71400      0    1.28e+00    0    8.18e-01
2005 09 24  1955    53637   71700      0    1.27e+00    0    8.15e-01
2005 09 24  2000    53637   72000      0    1.33e+00    0    8.48e-01
2005 09 24  2005    53637   72300      0    1.29e+00    0    8.26e-01
2005 09 24  2010    53637   72600      0    1.29e+00    0    8.25e-01
2005 09 24  2015    53637   72900      0    1.25e+00    0    8.00e-01
2005 09 24  2020    53637   73200      0    1.30e+00    0    8.32e-01
2005 09 24  2025    53637   73500      0    1.30e+00    0    8.34e-01
2005 09 24  2030    53637   73800      0    1.30e+00    0    8.28e-01
2005 09 24  2035    53637   74100      0    1.30e+00    0    8.33e-01
2005 09 24  2040    53637   74400      0    1.31e+00    0    8.42e-01
2005 09 24  2045    53637   74700      0    1.32e+00    0    8.59e-01
2005 09 24  2050    53637   75000      0    1.28e+00    0    8.24e-01
2005 09 24  2055    53637   75300      0    1.28e+00    0    8.30e-01
2005 09 24  2100    53637   75600      0    1.29e+00    0    8.33e-01
2005 09 24  2105    53637   75900      0    1.30e+00    0    8.19e-01
2005 09 24  2110    53637   76200      0    1.31e+00    0    8.39e-01
2005 09 24  2115    53637   76500      0    1.35e+00    0    8.60e-01
2005 09 24  2120    53637   76800      0    1.31e+00    0    8.29e-01
2005 09 24  2125    53637   77100      0    1.34e+00    0    8.52e-01
2005 09 24  2130    53637   77400      0    1.35e+00    0    8.66e-01
2005 09 24  2135    53637   77700      0    1.32e+00    0    8.30e-01
2005 09 24  2140    53637   78000      0    1.31e+00    0    8.39e-01
2005 09 24  2145    53637   78300      0    1.30e+00    0    8.32e-01
2005 09 24  2150    53637   78600      0    1.35e+00    0    8.56e-01
2005 09 24  2155    53637   78900      0    1.36e+00    0    8.64e-01
2005 09 24  2200    53637   79200      0    1.32e+00    0    8.37e-01
2005 09 24  2205    53637   79500      0    1.35e+00    0    8.63e-01
2005 09 24  2210    53637   79800      0    1.32e+00    0    8.40e-01
2005 09 24  2215    53637   80100      0    1.31e+00    0    8.28e-01
2005 09 24  2220    53637   80400      0    1.32e+00    0    8.35e-01
2005 09 24  2225    53637   80700      0    1.32e+00    0    8.31e-01
2005 09 24  2230    53637   81000      0    1.33e+00    0    8.51e-01
2005 09 24  2235    53637   81300      0    1.31e+00    0    8.21e-01
2005 09 24  2240    53637   81600      0    1.30e+00    0    8.27e-01
2005 09 24  2245    53637   81900      0    1.33e+00    0    8.57e-01
2005 09 24  2250    53637   82200      0    1.31e+00    0    8.34e-01
2005 09 24  2255    53637   82500      0    1.33e+00    0    8.50e-01
2005 09 24  2300    53637   82800      0    1.32e+00    0    8.59e-01
2005 09 24  2305    53637   83100      0    1.26e+00    0    8.14e-01
2005 09 24  2310    53637   83400      0    1.30e+00    0    8.26e-01
2005 09 24  2315    53637   83700      0    1.32e+00    0    8.43e-01
2005 09 24  2320    53637   84000      0    1.29e+00    0    8.33e-01
2005 09 24  2325    53637   84300      0    1.33e+00    0    8.58e-01
2005 09 24  2330    53637   84600      0    1.30e+00    0    8.34e-01
2005 09 24  2335    53637   84900      0    1.32e+00    0    8.39e-01
2005 09 24  2340    53637   85200      0    1.34e+00    0    8.47e-01
2005 09 24  2345    53637   85500      0    1.33e+00    0    8.39e-01
2005 09 24  2350    53637   85800      0    1.36e+00    0    8.69e-01
2005 09 24  2355    53637   86100      0    1.33e+00    0    8.45e-01
