:Data_list: 20051022_ace_sis_5m.txt
:Created: 2005 Oct 23 0011 UT
# Prepared by the U.S. Dept. of Commerce, NOAA, Space Environment Center.
# Please send comments and suggestions to SEC.Webmaster@noaa.gov 
# 
# Units: proton flux p/cs2-sec-ster
# Status(S): 0 = nominal data, 1 to 8 = bad data record, 9 = no data
# Missing data values: -1.00e+05
# Source: ACE Satellite - Solar Isotope Spectrometer
#
# 5-minute averaged Real-time Integral Flux of High-energy Solar Protons
# 
#                 Modified Seconds
# UT Date   Time   Julian  of the      ---- Integral Proton Flux ----
# YR MO DA  HHMM     Day     Day       S    > 10 MeV    S    > 30 MeV
#--------------------------------------------------------------------
2005 10 22  0000    53665       0      0    1.35e+00    0    9.49e-01
2005 10 22  0005    53665     300      0    1.31e+00    0    9.20e-01
2005 10 22  0010    53665     600      0    1.32e+00    0    9.31e-01
2005 10 22  0015    53665     900      0    1.31e+00    0    9.20e-01
2005 10 22  0020    53665    1200      0    1.34e+00    0    9.44e-01
2005 10 22  0025    53665    1500      0    1.29e+00    0    9.19e-01
2005 10 22  0030    53665    1800      0    1.34e+00    0    9.40e-01
2005 10 22  0035    53665    2100      0    1.32e+00    0    9.27e-01
2005 10 22  0040    53665    2400      0    1.31e+00    0    9.36e-01
2005 10 22  0045    53665    2700      0    1.31e+00    0    9.08e-01
2005 10 22  0050    53665    3000      0    1.39e+00    0    9.91e-01
2005 10 22  0055    53665    3300      0    1.31e+00    0    9.17e-01
2005 10 22  0100    53665    3600      0    1.31e+00    0    9.19e-01
2005 10 22  0105    53665    3900      0    1.30e+00    0    9.14e-01
2005 10 22  0110    53665    4200      0    1.33e+00    0    9.34e-01
2005 10 22  0115    53665    4500      0    1.30e+00    0    9.11e-01
2005 10 22  0120    53665    4800      0    1.32e+00    0    9.26e-01
2005 10 22  0125    53665    5100      0    1.29e+00    0    9.06e-01
2005 10 22  0130    53665    5400      0    1.32e+00    0    9.31e-01
2005 10 22  0135    53665    5700      0    1.29e+00    0    9.18e-01
2005 10 22  0140    53665    6000      0    1.30e+00    0    9.09e-01
2005 10 22  0145    53665    6300      0    1.30e+00    0    9.15e-01
2005 10 22  0150    53665    6600      0    1.24e+00    0    8.74e-01
2005 10 22  0155    53665    6900      0    1.28e+00    0    8.92e-01
2005 10 22  0200    53665    7200      0    1.27e+00    0    8.79e-01
2005 10 22  0205    53665    7500      0    1.34e+00    0    9.38e-01
2005 10 22  0210    53665    7800      0    1.32e+00    0    9.30e-01
2005 10 22  0215    53665    8100      0    1.38e+00    0    9.65e-01
2005 10 22  0220    53665    8400      0    1.31e+00    0    9.22e-01
2005 10 22  0225    53665    8700      0    1.30e+00    0    9.24e-01
2005 10 22  0230    53665    9000      0    1.30e+00    0    9.21e-01
2005 10 22  0235    53665    9300      0    1.31e+00    0    9.26e-01
2005 10 22  0240    53665    9600      0    1.29e+00    0    9.05e-01
2005 10 22  0245    53665    9900      0    1.31e+00    0    9.19e-01
2005 10 22  0250    53665   10200      0    1.33e+00    0    9.41e-01
2005 10 22  0255    53665   10500      0    1.30e+00    0    9.19e-01
2005 10 22  0300    53665   10800      0    1.29e+00    0    9.17e-01
2005 10 22  0305    53665   11100      0    1.33e+00    0    9.31e-01
2005 10 22  0310    53665   11400      0    1.30e+00    0    9.11e-01
2005 10 22  0315    53665   11700      0    1.31e+00    0    9.11e-01
2005 10 22  0320    53665   12000      0    1.31e+00    0    9.24e-01
2005 10 22  0325    53665   12300      0    1.33e+00    0    9.46e-01
2005 10 22  0330    53665   12600      0    1.31e+00    0    9.29e-01
2005 10 22  0335    53665   12900      0    1.30e+00    0    9.17e-01
2005 10 22  0340    53665   13200      0    1.27e+00    0    8.92e-01
2005 10 22  0345    53665   13500      0    1.31e+00    0    9.22e-01
2005 10 22  0350    53665   13800      0    1.31e+00    0    9.23e-01
2005 10 22  0355    53665   14100      0    1.31e+00    0    9.14e-01
2005 10 22  0400    53665   14400      0    1.30e+00    0    9.14e-01
2005 10 22  0405    53665   14700      0    1.29e+00    0    8.99e-01
2005 10 22  0410    53665   15000      0    1.31e+00    0    9.21e-01
2005 10 22  0415    53665   15300      0    1.28e+00    0    8.95e-01
2005 10 22  0420    53665   15600      0    1.33e+00    0    9.43e-01
2005 10 22  0425    53665   15900      0    1.33e+00    0    9.27e-01
2005 10 22  0430    53665   16200      0    1.37e+00    0    9.67e-01
2005 10 22  0435    53665   16500      0    1.29e+00    0    9.01e-01
2005 10 22  0440    53665   16800      0    1.32e+00    0    9.22e-01
2005 10 22  0445    53665   17100      0    1.29e+00    0    9.10e-01
2005 10 22  0450    53665   17400      0    1.31e+00    0    9.22e-01
2005 10 22  0455    53665   17700      0    1.31e+00    0    9.23e-01
2005 10 22  0500    53665   18000      0    1.31e+00    0    9.30e-01
2005 10 22  0505    53665   18300      0    1.33e+00    0    9.30e-01
2005 10 22  0510    53665   18600      0    1.26e+00    0    8.93e-01
2005 10 22  0515    53665   18900      0    1.29e+00    0    9.03e-01
2005 10 22  0520    53665   19200      0    1.30e+00    0    9.01e-01
2005 10 22  0525    53665   19500      0    1.30e+00    0    9.12e-01
2005 10 22  0530    53665   19800      0    1.29e+00    0    9.05e-01
2005 10 22  0535    53665   20100      0    1.30e+00    0    9.06e-01
2005 10 22  0540    53665   20400      0    1.31e+00    0    9.26e-01
2005 10 22  0545    53665   20700      0    1.32e+00    0    9.30e-01
2005 10 22  0550    53665   21000      0    1.31e+00    0    9.21e-01
2005 10 22  0555    53665   21300      0    1.32e+00    0    9.24e-01
2005 10 22  0600    53665   21600      0    1.31e+00    0    9.24e-01
2005 10 22  0605    53665   21900      0    1.30e+00    0    9.04e-01
2005 10 22  0610    53665   22200      0    1.30e+00    0    9.15e-01
2005 10 22  0615    53665   22500      0    1.32e+00    0    9.28e-01
2005 10 22  0620    53665   22800      0    1.28e+00    0    9.02e-01
2005 10 22  0625    53665   23100      0    1.35e+00    0    9.40e-01
2005 10 22  0630    53665   23400      0    1.29e+00    0    9.06e-01
2005 10 22  0635    53665   23700      0    1.31e+00    0    9.21e-01
2005 10 22  0640    53665   24000      0    1.32e+00    0    9.24e-01
2005 10 22  0645    53665   24300      0    1.36e+00    0    9.58e-01
2005 10 22  0650    53665   24600      0    1.31e+00    0    9.27e-01
2005 10 22  0655    53665   24900      0    1.31e+00    0    9.20e-01
2005 10 22  0700    53665   25200      0    1.29e+00    0    9.16e-01
2005 10 22  0705    53665   25500      0    1.31e+00    0    9.18e-01
2005 10 22  0710    53665   25800      0    1.30e+00    0    9.24e-01
2005 10 22  0715    53665   26100      0    1.34e+00    0    9.43e-01
2005 10 22  0720    53665   26400      9   -1.00e+05    9   -1.00e+05
2005 10 22  0725    53665   26700      9   -1.00e+05    9   -1.00e+05
2005 10 22  0730    53665   27000      9   -1.00e+05    9   -1.00e+05
2005 10 22  0735    53665   27300      9   -1.00e+05    9   -1.00e+05
2005 10 22  0740    53665   27600      9   -1.00e+05    9   -1.00e+05
2005 10 22  0745    53665   27900      0    1.29e+00    0    8.94e-01
2005 10 22  0750    53665   28200      0    1.30e+00    0    9.22e-01
2005 10 22  0755    53665   28500      0    1.35e+00    0    9.47e-01
2005 10 22  0800    53665   28800      0    1.31e+00    0    9.17e-01
2005 10 22  0805    53665   29100      0    1.28e+00    0    8.87e-01
2005 10 22  0810    53665   29400      0    1.28e+00    0    8.95e-01
2005 10 22  0815    53665   29700      0    1.32e+00    0    9.34e-01
2005 10 22  0820    53665   30000      0    1.32e+00    0    9.30e-01
2005 10 22  0825    53665   30300      0    1.31e+00    0    9.27e-01
2005 10 22  0830    53665   30600      0    1.33e+00    0    9.33e-01
2005 10 22  0835    53665   30900      0    1.31e+00    0    9.12e-01
2005 10 22  0840    53665   31200      0    1.29e+00    0    9.11e-01
2005 10 22  0845    53665   31500      0    1.32e+00    0    9.17e-01
2005 10 22  0850    53665   31800      0    1.28e+00    0    8.99e-01
2005 10 22  0855    53665   32100      0    1.31e+00    0    9.14e-01
2005 10 22  0900    53665   32400      0    1.33e+00    0    9.39e-01
2005 10 22  0905    53665   32700      0    1.35e+00    0    9.64e-01
2005 10 22  0910    53665   33000      0    1.32e+00    0    9.32e-01
2005 10 22  0915    53665   33300      0    1.34e+00    0    9.46e-01
2005 10 22  0920    53665   33600      0    1.34e+00    0    9.39e-01
2005 10 22  0925    53665   33900      0    1.33e+00    0    9.33e-01
2005 10 22  0930    53665   34200      0    1.28e+00    0    8.96e-01
2005 10 22  0935    53665   34500      0    1.31e+00    0    9.24e-01
2005 10 22  0940    53665   34800      0    1.32e+00    0    9.26e-01
2005 10 22  0945    53665   35100      0    1.31e+00    0    9.16e-01
2005 10 22  0950    53665   35400      0    1.29e+00    0    9.07e-01
2005 10 22  0955    53665   35700      0    1.28e+00    0    9.04e-01
2005 10 22  1000    53665   36000      0    1.31e+00    0    9.25e-01
2005 10 22  1005    53665   36300      0    1.31e+00    0    9.24e-01
2005 10 22  1010    53665   36600      0    1.31e+00    0    9.23e-01
2005 10 22  1015    53665   36900      0    1.31e+00    0    9.22e-01
2005 10 22  1020    53665   37200      0    1.30e+00    0    9.02e-01
2005 10 22  1025    53665   37500      0    1.30e+00    0    9.08e-01
2005 10 22  1030    53665   37800      0    1.30e+00    0    9.11e-01
2005 10 22  1035    53665   38100      0    1.29e+00    0    8.97e-01
2005 10 22  1040    53665   38400      0    1.28e+00    0    8.94e-01
2005 10 22  1045    53665   38700      0    1.32e+00    0    9.37e-01
2005 10 22  1050    53665   39000      0    1.30e+00    0    9.12e-01
2005 10 22  1055    53665   39300      0    1.33e+00    0    9.33e-01
2005 10 22  1100    53665   39600      0    1.32e+00    0    9.20e-01
2005 10 22  1105    53665   39900      0    1.32e+00    0    9.33e-01
2005 10 22  1110    53665   40200      0    1.32e+00    0    9.20e-01
2005 10 22  1115    53665   40500      0    1.32e+00    0    9.27e-01
2005 10 22  1120    53665   40800      0    1.36e+00    0    9.53e-01
2005 10 22  1125    53665   41100      0    1.33e+00    0    9.28e-01
2005 10 22  1130    53665   41400      0    1.32e+00    0    9.19e-01
2005 10 22  1135    53665   41700      0    1.33e+00    0    9.36e-01
2005 10 22  1140    53665   42000      0    1.31e+00    0    9.02e-01
2005 10 22  1145    53665   42300      0    1.34e+00    0    9.37e-01
2005 10 22  1150    53665   42600      0    1.31e+00    0    9.17e-01
2005 10 22  1155    53665   42900      0    1.31e+00    0    9.31e-01
2005 10 22  1200    53665   43200      0    1.31e+00    0    9.28e-01
2005 10 22  1205    53665   43500      0    1.31e+00    0    9.13e-01
2005 10 22  1210    53665   43800      0    1.31e+00    0    9.20e-01
2005 10 22  1215    53665   44100      0    1.31e+00    0    9.24e-01
2005 10 22  1220    53665   44400      0    1.31e+00    0    9.27e-01
2005 10 22  1225    53665   44700      0    1.29e+00    0    9.14e-01
2005 10 22  1230    53665   45000      0    1.31e+00    0    9.04e-01
2005 10 22  1235    53665   45300      0    1.31e+00    0    9.24e-01
2005 10 22  1240    53665   45600      0    1.30e+00    0    9.19e-01
2005 10 22  1245    53665   45900      0    1.31e+00    0    9.16e-01
2005 10 22  1250    53665   46200      0    1.31e+00    0    9.24e-01
2005 10 22  1255    53665   46500      0    1.31e+00    0    9.15e-01
2005 10 22  1300    53665   46800      0    1.32e+00    0    9.28e-01
2005 10 22  1305    53665   47100      0    1.28e+00    0    8.99e-01
2005 10 22  1310    53665   47400      0    1.33e+00    0    9.44e-01
2005 10 22  1315    53665   47700      0    1.28e+00    0    8.91e-01
2005 10 22  1320    53665   48000      0    1.31e+00    0    9.12e-01
2005 10 22  1325    53665   48300      0    1.32e+00    0    9.31e-01
2005 10 22  1330    53665   48600      0    1.31e+00    0    9.18e-01
2005 10 22  1335    53665   48900      0    1.33e+00    0    9.29e-01
2005 10 22  1340    53665   49200      0    1.34e+00    0    9.36e-01
2005 10 22  1345    53665   49500      0    1.28e+00    0    8.95e-01
2005 10 22  1350    53665   49800      0    1.31e+00    0    9.22e-01
2005 10 22  1355    53665   50100      0    1.29e+00    0    9.17e-01
2005 10 22  1400    53665   50400      0    1.31e+00    0    9.21e-01
2005 10 22  1405    53665   50700      0    1.32e+00    0    9.14e-01
2005 10 22  1410    53665   51000      0    1.30e+00    0    9.14e-01
2005 10 22  1415    53665   51300      0    1.31e+00    0    9.20e-01
2005 10 22  1420    53665   51600      0    1.33e+00    0    9.34e-01
2005 10 22  1425    53665   51900      0    1.30e+00    0    9.19e-01
2005 10 22  1430    53665   52200      0    1.30e+00    0    9.20e-01
2005 10 22  1435    53665   52500      0    1.31e+00    0    9.18e-01
2005 10 22  1440    53665   52800      0    1.32e+00    0    9.36e-01
2005 10 22  1445    53665   53100      0    1.30e+00    0    9.19e-01
2005 10 22  1450    53665   53400      0    1.33e+00    0    9.46e-01
2005 10 22  1455    53665   53700      0    1.32e+00    0    9.40e-01
2005 10 22  1500    53665   54000      0    1.29e+00    0    9.06e-01
2005 10 22  1505    53665   54300      0    1.28e+00    0    8.97e-01
2005 10 22  1510    53665   54600      0    1.32e+00    0    9.22e-01
2005 10 22  1515    53665   54900      0    1.31e+00    0    9.23e-01
2005 10 22  1520    53665   55200      0    1.32e+00    0    9.16e-01
2005 10 22  1525    53665   55500      0    1.30e+00    0    9.15e-01
2005 10 22  1530    53665   55800      0    1.27e+00    0    8.90e-01
2005 10 22  1535    53665   56100      0    1.32e+00    0    9.20e-01
2005 10 22  1540    53665   56400      0    1.33e+00    0    9.36e-01
2005 10 22  1545    53665   56700      0    1.29e+00    0    9.08e-01
2005 10 22  1550    53665   57000      0    1.35e+00    0    9.52e-01
2005 10 22  1555    53665   57300      0    1.36e+00    0    9.53e-01
2005 10 22  1600    53665   57600      0    1.29e+00    0    9.02e-01
2005 10 22  1605    53665   57900      0    1.30e+00    0    9.19e-01
2005 10 22  1610    53665   58200      0    1.29e+00    0    9.02e-01
2005 10 22  1615    53665   58500      0    1.30e+00    0    9.08e-01
2005 10 22  1620    53665   58800      0    1.29e+00    0    9.11e-01
2005 10 22  1625    53665   59100      0    1.33e+00    0    9.39e-01
2005 10 22  1630    53665   59400      0    1.30e+00    0    9.13e-01
2005 10 22  1635    53665   59700      0    1.32e+00    0    9.29e-01
2005 10 22  1640    53665   60000      0    1.31e+00    0    9.13e-01
2005 10 22  1645    53665   60300      0    1.31e+00    0    9.21e-01
2005 10 22  1650    53665   60600      0    1.30e+00    0    9.14e-01
2005 10 22  1655    53665   60900      0    1.29e+00    0    9.13e-01
2005 10 22  1700    53665   61200      0    1.34e+00    0    9.37e-01
2005 10 22  1705    53665   61500      0    1.30e+00    0    9.12e-01
2005 10 22  1710    53665   61800      0    1.32e+00    0    9.20e-01
2005 10 22  1715    53665   62100      0    1.33e+00    0    9.38e-01
2005 10 22  1720    53665   62400      0    1.32e+00    0    9.21e-01
2005 10 22  1725    53665   62700      0    1.30e+00    0    9.22e-01
2005 10 22  1730    53665   63000      0    1.31e+00    0    9.16e-01
2005 10 22  1735    53665   63300      0    1.31e+00    0    9.29e-01
2005 10 22  1740    53665   63600      0    1.29e+00    0    9.06e-01
2005 10 22  1745    53665   63900      0    1.34e+00    0    9.37e-01
2005 10 22  1750    53665   64200      0    1.30e+00    0    9.18e-01
2005 10 22  1755    53665   64500      0    1.29e+00    0    9.08e-01
2005 10 22  1800    53665   64800      0    1.29e+00    0    9.01e-01
2005 10 22  1805    53665   65100      0    1.33e+00    0    9.31e-01
2005 10 22  1810    53665   65400      0    1.30e+00    0    9.14e-01
2005 10 22  1815    53665   65700      0    1.33e+00    0    9.37e-01
2005 10 22  1820    53665   66000      0    1.34e+00    0    9.39e-01
2005 10 22  1825    53665   66300      0    1.31e+00    0    9.23e-01
2005 10 22  1830    53665   66600      0    1.32e+00    0    9.21e-01
2005 10 22  1835    53665   66900      0    1.32e+00    0    9.26e-01
2005 10 22  1840    53665   67200      0    1.29e+00    0    9.07e-01
2005 10 22  1845    53665   67500      0    1.29e+00    0    9.05e-01
2005 10 22  1850    53665   67800      0    1.32e+00    0    9.24e-01
2005 10 22  1855    53665   68100      0    1.30e+00    0    9.14e-01
2005 10 22  1900    53665   68400      0    1.30e+00    0    9.17e-01
2005 10 22  1905    53665   68700      0    1.30e+00    0    9.19e-01
2005 10 22  1910    53665   69000      0    1.29e+00    0    9.07e-01
2005 10 22  1915    53665   69300      0    1.33e+00    0    9.44e-01
2005 10 22  1920    53665   69600      0    1.31e+00    0    9.20e-01
2005 10 22  1925    53665   69900      0    1.29e+00    0    9.05e-01
2005 10 22  1930    53665   70200      0    1.33e+00    0    9.37e-01
2005 10 22  1935    53665   70500      0    1.33e+00    0    9.28e-01
2005 10 22  1940    53665   70800      0    1.31e+00    0    9.20e-01
2005 10 22  1945    53665   71100      0    1.30e+00    0    9.02e-01
2005 10 22  1950    53665   71400      0    1.28e+00    0    9.00e-01
2005 10 22  1955    53665   71700      0    1.32e+00    0    9.40e-01
2005 10 22  2000    53665   72000      0    1.28e+00    0    9.04e-01
2005 10 22  2005    53665   72300      0    1.31e+00    0    9.27e-01
2005 10 22  2010    53665   72600      0    1.31e+00    0    9.07e-01
2005 10 22  2015    53665   72900      0    1.32e+00    0    9.30e-01
2005 10 22  2020    53665   73200      0    1.31e+00    0    9.03e-01
2005 10 22  2025    53665   73500      0    1.34e+00    0    9.44e-01
2005 10 22  2030    53665   73800      0    1.32e+00    0    9.23e-01
2005 10 22  2035    53665   74100      0    1.29e+00    0    9.12e-01
2005 10 22  2040    53665   74400      0    1.31e+00    0    9.20e-01
2005 10 22  2045    53665   74700      0    1.30e+00    0    9.13e-01
2005 10 22  2050    53665   75000      0    1.30e+00    0    9.14e-01
2005 10 22  2055    53665   75300      0    1.31e+00    0    9.28e-01
2005 10 22  2100    53665   75600      0    1.31e+00    0    9.18e-01
2005 10 22  2105    53665   75900      0    1.31e+00    0    9.18e-01
2005 10 22  2110    53665   76200      0    1.28e+00    0    8.97e-01
2005 10 22  2115    53665   76500      0    1.31e+00    0    9.18e-01
2005 10 22  2120    53665   76800      0    1.31e+00    0    9.22e-01
2005 10 22  2125    53665   77100      0    1.32e+00    0    9.19e-01
2005 10 22  2130    53665   77400      0    1.33e+00    0    9.34e-01
2005 10 22  2135    53665   77700      0    1.30e+00    0    9.10e-01
2005 10 22  2140    53665   78000      0    1.30e+00    0    9.17e-01
2005 10 22  2145    53665   78300      0    1.28e+00    0    8.99e-01
2005 10 22  2150    53665   78600      0    1.36e+00    0    9.47e-01
2005 10 22  2155    53665   78900      0    1.29e+00    0    9.00e-01
2005 10 22  2200    53665   79200      0    1.30e+00    0    9.20e-01
2005 10 22  2205    53665   79500      0    1.29e+00    0    9.02e-01
2005 10 22  2210    53665   79800      0    1.31e+00    0    9.30e-01
2005 10 22  2215    53665   80100      0    1.30e+00    0    9.17e-01
2005 10 22  2220    53665   80400      0    1.32e+00    0    9.26e-01
2005 10 22  2225    53665   80700      0    1.33e+00    0    9.28e-01
2005 10 22  2230    53665   81000      0    1.31e+00    0    9.16e-01
2005 10 22  2235    53665   81300      0    1.30e+00    0    9.01e-01
2005 10 22  2240    53665   81600      0    1.32e+00    0    9.30e-01
2005 10 22  2245    53665   81900      0    1.31e+00    0    9.25e-01
2005 10 22  2250    53665   82200      0    1.31e+00    0    9.22e-01
2005 10 22  2255    53665   82500      0    1.29e+00    0    9.08e-01
2005 10 22  2300    53665   82800      0    1.32e+00    0    9.17e-01
2005 10 22  2305    53665   83100      0    1.28e+00    0    8.83e-01
2005 10 22  2310    53665   83400      0    1.31e+00    0    9.14e-01
2005 10 22  2315    53665   83700      0    1.31e+00    0    9.22e-01
2005 10 22  2320    53665   84000      0    1.34e+00    0    9.46e-01
2005 10 22  2325    53665   84300      0    1.28e+00    0    9.07e-01
2005 10 22  2330    53665   84600      0    1.28e+00    0    8.83e-01
2005 10 22  2335    53665   84900      0    1.30e+00    0    9.08e-01
2005 10 22  2340    53665   85200      0    1.20e+00    0    8.49e-01
2005 10 22  2345    53665   85500      0    1.24e+00    0    8.79e-01
2005 10 22  2350    53665   85800      0    1.31e+00    0    9.27e-01
2005 10 22  2355    53665   86100      0    1.29e+00    0    9.07e-01
