:Data_list: 20050623_ace_epam_5m.txt
:Created: 2005 Jun 24 0012 UT
# Prepared by the U.S. Dept. of Commerce, NOAA, Space Environment Center.
# Please send comments and suggestions to SEC.Webmaster@noaa.gov 
# 
# Units: Differential Flux particles/cm2-s-ster-MeV
# Units: Anisotropy Index 0.0 - 2.0
# Status(S): 0 = nominal, 4,6,7,8 = bad data, unable to process, 9 = no data
# Missing data values: -1.00e+05, index = -1.00
# Source: ACE Satellite - Electron, Proton, and Alpha Monitor
# 2004 Feb 04: see http://www.sec.noaa.gov/ftpdir/lists/ace/README for EPAM channel change notice.
#
#                      5-minute averaged Real-time Differential Electron and Proton Flux 
# 
#                Modified Seconds ---------------------------- Differential Flux --------------------------- 
# UT Date   Time  Julian  of the  ----- Electron -----   ------------------- Protons keV -------------------   Anis.
# YR MO DA  HHMM    Day    Day    S    38-53   175-315   S    47-68   115-195   310-580   761-1220 1060-1900   Ratio
#-------------------------------------------------------------------------------------------------------------------
2005 06 23  0000   53544       0  0  4.76e+02  1.93e+01  0  5.38e+02  1.42e+01  1.84e+00  6.86e-01  1.79e-01   0.68
2005 06 23  0005   53544     300  0  4.24e+02  2.11e+01  0  5.52e+02  1.52e+01  2.29e+00  5.20e-01  1.37e-01   0.59
2005 06 23  0010   53544     600  0  4.64e+02  2.01e+01  0  5.58e+02  1.57e+01  2.05e+00  5.72e-01  1.78e-01   0.27
2005 06 23  0015   53544     900  0  4.96e+02  2.15e+01  0  5.71e+02  1.57e+01  1.61e+00  4.99e-01  9.48e-02   0.26
2005 06 23  0020   53544    1200  0  6.04e+02  2.00e+01  0  5.67e+02  1.44e+01  1.91e+00  5.45e-01  1.87e-01   0.31
2005 06 23  0025   53544    1500  0  5.04e+02  1.59e+01  0  5.74e+02  1.45e+01  1.83e+00  6.33e-01  1.60e-01   0.74
2005 06 23  0030   53544    1800  0  4.78e+02  2.22e+01  0  5.67e+02  1.60e+01  1.64e+00  5.40e-01  1.26e-01   0.42
2005 06 23  0035   53544    2100  0  5.45e+02  1.88e+01  0  5.48e+02  1.34e+01  1.72e+00  6.68e-01  1.69e-01   0.18
2005 06 23  0040   53544    2400  0  5.27e+02  1.72e+01  0  5.90e+02  1.45e+01  2.00e+00  5.20e-01  1.48e-01   0.61
2005 06 23  0045   53544    2700  0  4.21e+02  1.72e+01  0  5.94e+02  1.31e+01  1.97e+00  6.86e-01  2.95e-01   0.31
2005 06 23  0050   53544    3000  0  4.43e+02  1.35e+01  0  5.78e+02  1.62e+01  1.32e+00  3.81e-01  2.70e-01   1.36
2005 06 23  0055   53544    3300  9 -1.00e+05 -1.00e+05  0  6.68e+02  1.95e+01  2.52e+00  1.83e+00  0.00e+00   2.00
2005 06 23  0100   53544    3600  0  3.73e+02  1.87e+01  0  5.79e+02  1.34e+01  1.74e+00  6.23e-01  1.83e-01   0.17
2005 06 23  0105   53544    3900  0  4.09e+02  2.09e+01  0  5.62e+02  1.69e+01  1.80e+00  5.98e-01  1.96e-01   0.13
2005 06 23  0110   53544    4200  0  3.75e+02  1.74e+01  0  5.69e+02  1.37e+01  1.80e+00  5.20e-01  2.21e-01   0.34
2005 06 23  0115   53544    4500  0  3.57e+02  1.79e+01  0  6.02e+02  1.38e+01  1.41e+00  5.53e-01  1.45e-01   0.62
2005 06 23  0120   53544    4800  0  4.35e+02  2.23e+01  0  5.64e+02  1.49e+01  1.98e+00  3.24e-01  1.93e-01   0.40
2005 06 23  0125   53544    5100  0  3.55e+02  1.99e+01  0  5.05e+02  1.56e+01  1.67e+00  6.44e-01  1.58e-01   0.13
2005 06 23  0130   53544    5400  0  3.90e+02  1.86e+01  0  5.92e+02  1.49e+01  2.10e+00  6.29e-01  1.74e-01   0.45
2005 06 23  0135   53544    5700  0  3.95e+02  2.13e+01  0  5.60e+02  1.31e+01  1.20e+00  5.72e-01  1.83e-01   0.58
2005 06 23  0140   53544    6000  0  4.65e+02  2.23e+01  0  5.64e+02  1.43e+01  1.68e+00  4.76e-01  2.03e-01   0.52
2005 06 23  0145   53544    6300  0  4.46e+02  2.44e+01  0  4.98e+02  1.22e+01  2.16e+00  3.43e-01  5.80e-02   1.15
2005 06 23  0150   53544    6600  9 -1.00e+05 -1.00e+05  9 -1.00e+05 -1.00e+05 -1.00e+05 -1.00e+05 -1.00e+05  -1.00
2005 06 23  0155   53544    6900  0  4.24e+02  1.95e+01  0  5.40e+02  1.56e+01  1.74e+00  4.16e-01  1.05e-01   0.35
2005 06 23  0200   53544    7200  0  4.18e+02  1.62e+01  0  5.56e+02  1.64e+01  1.90e+00  5.40e-01  1.37e-01   0.54
2005 06 23  0205   53544    7500  0  4.33e+02  1.51e+01  0  5.74e+02  1.45e+01  2.10e+00  7.62e-01  1.58e-01   0.24
2005 06 23  0210   53544    7800  0  3.65e+02  1.91e+01  0  6.11e+02  1.33e+01  1.68e+00  4.95e-01  1.55e-01   0.29
2005 06 23  0215   53544    8100  0  4.31e+02  1.57e+01  0  5.80e+02  1.42e+01  1.67e+00  5.40e-01  1.05e-01   0.32
2005 06 23  0220   53544    8400  0  3.95e+02  2.09e+01  0  6.00e+02  1.57e+01  2.36e+00  5.81e-01  1.87e-01   0.86
2005 06 23  0225   53544    8700  0  3.49e+02  2.29e+01  0  5.79e+02  1.66e+01  1.56e+00  6.10e-01  1.35e-01   0.51
2005 06 23  0230   53544    9000  0  3.70e+02  1.89e+01  0  5.56e+02  1.60e+01  1.54e+00  7.07e-01  1.16e-01   0.24
2005 06 23  0235   53544    9300  0  3.72e+02  1.85e+01  0  5.49e+02  1.73e+01  1.80e+00  3.87e-01  1.34e-01   0.23
2005 06 23  0240   53544    9600  0  4.46e+02  1.82e+01  0  5.70e+02  1.55e+01  1.64e+00  5.61e-01  9.48e-02   0.70
2005 06 23  0245   53544    9900  0  3.95e+02  2.10e+01  0  5.84e+02  1.38e+01  1.91e+00  4.80e-01  2.20e-01   0.36
2005 06 23  0250   53544   10200  0  3.55e+02  2.17e+01  0  5.23e+02  1.65e+01  1.71e+00  6.48e-01  2.82e-01   0.49
2005 06 23  0255   53544   10500  0  4.37e+02  1.84e+01  0  6.20e+02  1.68e+01  1.87e+00  3.95e-01  1.48e-01   0.77
2005 06 23  0300   53544   10800  0  4.01e+02  1.85e+01  0  5.60e+02  1.76e+01  1.41e+00  5.45e-01  1.43e-01   0.54
2005 06 23  0305   53544   11100  0  3.79e+02  1.72e+01  0  5.99e+02  1.50e+01  1.55e+00  3.87e-01  1.96e-01   0.84
2005 06 23  0310   53544   11400  0  3.81e+02  1.74e+01  0  5.60e+02  1.46e+01  1.67e+00  5.61e-01  1.48e-01   0.34
2005 06 23  0315   53544   11700  0  4.35e+02  1.67e+01  0  5.89e+02  1.47e+01  1.41e+00  3.87e-01  1.34e-01   0.55
2005 06 23  0320   53544   12000  0  3.73e+02  1.87e+01  0  6.20e+02  1.49e+01  1.70e+00  4.37e-01  1.05e-01   0.12
2005 06 23  0325   53544   12300  0  3.75e+02  1.93e+01  0  5.36e+02  1.71e+01  1.67e+00  6.65e-01  1.04e-01   0.38
2005 06 23  0330   53544   12600  0  4.62e+02  2.13e+01  0  5.58e+02  1.56e+01  1.78e+00  5.98e-01  1.16e-01   0.25
2005 06 23  0335   53544   12900  0  3.84e+02  2.03e+01  0  5.85e+02  1.63e+01  1.61e+00  5.82e-01  2.53e-01   0.46
2005 06 23  0340   53544   13200  0  3.77e+02  1.95e+01  0  6.22e+02  1.64e+01  2.03e+00  4.78e-01  1.79e-01   0.68
2005 06 23  0345   53544   13500  0  4.54e+02  2.16e+01  0  6.35e+02  1.54e+01  2.07e+00  8.82e-01  1.82e-01   0.50
2005 06 23  0350   53544   13800  0  3.86e+02  2.38e+01  0  5.78e+02  1.64e+01  1.67e+00  5.20e-01  2.11e-01   0.35
2005 06 23  0355   53544   14100  0  3.70e+02  1.45e+01  0  6.07e+02  1.57e+01  1.87e+00  3.33e-01  1.05e-01   0.27
2005 06 23  0400   53544   14400  0  3.99e+02  2.23e+01  0  5.51e+02  1.48e+01  2.07e+00  5.14e-01  1.59e-01   0.76
2005 06 23  0405   53544   14700  0  3.81e+02  1.60e+01  0  5.99e+02  1.23e+01  1.90e+00  4.16e-01  1.90e-01   0.07
2005 06 23  0410   53544   15000  0  3.67e+02  2.39e+01  0  6.27e+02  1.36e+01  1.80e+00  4.57e-01  1.26e-01   0.74
2005 06 23  0415   53544   15300  0  4.25e+02  1.97e+01  0  5.65e+02  1.29e+01  1.92e+00  6.48e-01  1.45e-01   0.57
2005 06 23  0420   53544   15600  0  4.23e+02  2.06e+01  0  5.80e+02  1.30e+01  2.04e+00  4.76e-01  8.69e-02   0.37
2005 06 23  0425   53544   15900  0  3.16e+02  2.18e+01  0  5.97e+02  1.55e+01  1.80e+00  5.14e-01  9.66e-02   0.65
2005 06 23  0430   53544   16200  0  3.42e+02  1.98e+01  0  6.35e+02  1.40e+01  1.98e+00  4.76e-01  1.06e-01   0.30
2005 06 23  0435   53544   16500  0  3.41e+02  2.23e+01  0  5.72e+02  1.59e+01  1.86e+00  4.19e-01  9.48e-02   1.02
2005 06 23  0440   53544   16800  0  3.63e+02  1.72e+01  0  6.04e+02  1.27e+01  1.57e+00  5.82e-01  6.32e-02   0.29
2005 06 23  0445   53544   17100  0  3.03e+02  1.77e+01  0  5.93e+02  1.50e+01  1.53e+00  5.53e-01  1.16e-01   0.45
2005 06 23  0450   53544   17400  0  3.29e+02  1.98e+01  0  5.68e+02  1.30e+01  1.83e+00  4.12e-01  1.74e-01   0.63
2005 06 23  0455   53544   17700  0  3.01e+02  2.03e+01  0  5.86e+02  1.45e+01  1.93e+00  6.03e-01  1.79e-01   0.60
2005 06 23  0500   53544   18000  0  3.24e+02  2.06e+01  0  5.83e+02  1.40e+01  1.55e+00  3.69e-01  2.14e-01   0.64
2005 06 23  0505   53544   18300  0  2.99e+02  1.75e+01  0  5.55e+02  1.42e+01  1.68e+00  3.81e-01  2.03e-01   0.25
2005 06 23  0510   53544   18600  0  3.88e+02  1.80e+01  0  6.16e+02  1.25e+01  1.54e+00  4.78e-01  1.26e-01   0.91
2005 06 23  0515   53544   18900  0  3.21e+02  1.86e+01  0  6.02e+02  1.69e+01  1.89e+00  7.04e-01  2.05e-01   0.60
2005 06 23  0520   53544   19200  0  3.12e+02  1.93e+01  0  6.11e+02  1.59e+01  1.48e+00  6.86e-01  1.90e-01   0.28
2005 06 23  0525   53544   19500  0  3.66e+02  2.01e+01  0  5.16e+02  1.46e+01  1.67e+00  5.61e-01  1.16e-01   0.39
2005 06 23  0530   53544   19800  0  4.27e+02  2.14e+01  0  5.48e+02  1.44e+01  1.69e+00  6.16e-01  1.25e-01   0.38
2005 06 23  0535   53544   20100  0  3.45e+02  2.01e+01  0  5.84e+02  1.53e+01  1.51e+00  4.99e-01  1.48e-01   0.39
2005 06 23  0540   53544   20400  0  2.95e+02  1.91e+01  0  5.70e+02  1.42e+01  1.78e+00  5.80e-01  9.81e-02   0.15
2005 06 23  0545   53544   20700  0  3.69e+02  1.85e+01  0  5.99e+02  1.35e+01  1.80e+00  5.63e-01  1.34e-01   0.28
2005 06 23  0550   53544   21000  0  3.54e+02  2.13e+01  0  5.73e+02  1.37e+01  1.67e+00  3.53e-01  1.37e-01   0.08
2005 06 23  0555   53544   21300  0  3.46e+02  1.95e+01  0  5.63e+02  1.31e+01  1.75e+00  4.05e-01  1.52e-01   0.55
2005 06 23  0600   53544   21600  0  3.43e+02  1.43e+01  0  5.33e+02  1.37e+01  1.70e+00  5.61e-01  1.58e-01   0.16
2005 06 23  0605   53544   21900  0  3.73e+02  1.87e+01  0  6.17e+02  1.45e+01  1.51e+00  3.53e-01  1.69e-01   1.07
2005 06 23  0610   53544   22200  0  3.34e+02  2.21e+01  0  5.91e+02  1.18e+01  1.86e+00  2.99e-01  1.52e-01   0.24
2005 06 23  0615   53544   22500  0  3.23e+02  1.82e+01  0  5.36e+02  1.34e+01  1.61e+00  6.86e-01  1.05e-01   0.56
2005 06 23  0620   53544   22800  0  4.37e+02  1.61e+01  0  6.05e+02  1.38e+01  1.89e+00  4.76e-01  1.26e-01   0.16
2005 06 23  0625   53544   23100  0  3.59e+02  1.55e+01  0  5.56e+02  1.34e+01  1.91e+00  5.98e-01  1.25e-01   0.21
2005 06 23  0630   53544   23400  0  3.75e+02  1.80e+01  0  5.44e+02  1.31e+01  2.03e+00  7.07e-01  2.00e-01   0.59
2005 06 23  0635   53544   23700  0  4.00e+02  2.02e+01  0  5.62e+02  1.41e+01  1.74e+00  6.29e-01  1.35e-01   0.45
2005 06 23  0640   53544   24000  0  3.47e+02  1.75e+01  0  5.66e+02  1.39e+01  2.31e+00  4.76e-01  1.93e-01   0.15
2005 06 23  0645   53544   24300  0  3.44e+02  2.13e+01  0  5.50e+02  1.27e+01  1.74e+00  4.57e-01  1.37e-01   0.48
2005 06 23  0650   53544   24600  0  3.68e+02  1.75e+01  0  5.48e+02  1.11e+01  2.16e+00  6.48e-01  1.69e-01   0.30
2005 06 23  0655   53544   24900  0  3.89e+02  2.02e+01  0  6.09e+02  1.23e+01  1.86e+00  4.95e-01  1.16e-01   0.27
2005 06 23  0700   53544   25200  0  3.42e+02  1.91e+01  0  5.71e+02  1.22e+01  1.95e+00  5.53e-01  1.45e-01   0.74
2005 06 23  0705   53544   25500  0  3.37e+02  2.18e+01  0  5.71e+02  1.48e+01  1.68e+00  5.34e-01  1.64e-01   0.56
2005 06 23  0710   53544   25800  0  3.01e+02  1.91e+01  0  5.94e+02  1.23e+01  1.77e+00  3.81e-01  9.66e-02   0.64
2005 06 23  0715   53544   26100  0  3.62e+02  1.86e+01  0  6.10e+02  1.44e+01  1.50e+00  5.53e-01  1.26e-01   0.80
2005 06 23  0720   53544   26400  0  3.19e+02  1.76e+01  0  5.87e+02  1.56e+01  1.67e+00  3.74e-01  1.90e-01   0.31
2005 06 23  0725   53544   26700  0  3.57e+02  1.54e+01  0  5.43e+02  1.62e+01  1.50e+00  7.81e-01  1.74e-01   0.40
2005 06 23  0730   53544   27000  0  3.84e+02  1.95e+01  0  5.72e+02  1.64e+01  1.56e+00  4.57e-01  1.16e-01   0.40
2005 06 23  0735   53544   27300  0  4.31e+02  1.68e+01  0  6.07e+02  1.53e+01  2.06e+00  4.78e-01  1.48e-01   0.19
2005 06 23  0740   53544   27600  0  3.37e+02  1.68e+01  0  5.69e+02  1.39e+01  1.44e+00  3.87e-01  1.07e-01   1.04
2005 06 23  0745   53544   27900  0  4.02e+02  1.93e+01  0  5.94e+02  1.14e+01  1.98e+00  5.33e-01  1.35e-01   0.42
2005 06 23  0750   53544   28200  0  3.59e+02  2.01e+01  0  5.67e+02  1.45e+01  1.70e+00  4.57e-01  2.00e-01   1.02
2005 06 23  0755   53544   28500  0  3.77e+02  1.75e+01  0  6.02e+02  1.43e+01  1.58e+00  6.33e-01  1.78e-01   0.15
2005 06 23  0800   53544   28800  0  3.82e+02  2.07e+01  0  5.55e+02  1.43e+01  1.90e+00  5.82e-01  8.43e-02   0.21
2005 06 23  0805   53544   29100  0  4.22e+02  2.38e+01  0  5.50e+02  1.23e+01  1.41e+00  4.57e-01  1.37e-01   0.15
2005 06 23  0810   53544   29400  0  4.15e+02  2.04e+01  0  5.92e+02  1.49e+01  1.91e+00  5.63e-01  1.06e-01   0.68
2005 06 23  0815   53544   29700  0  4.02e+02  1.95e+01  0  5.46e+02  1.54e+01  1.54e+00  6.03e-01  9.48e-02   0.67
2005 06 23  0820   53544   30000  0  4.22e+02  1.86e+01  0  5.83e+02  1.52e+01  1.89e+00  6.16e-01  2.23e-01   0.29
2005 06 23  0825   53544   30300  0  3.48e+02  1.95e+01  0  5.78e+02  1.48e+01  1.41e+00  5.45e-01  8.02e-02   0.71
2005 06 23  0830   53544   30600  0  3.35e+02  2.24e+01  0  5.86e+02  1.33e+01  1.64e+00  6.44e-01  1.90e-01   0.11
2005 06 23  0835   53544   30900  0  4.08e+02  1.72e+01  0  5.85e+02  1.58e+01  2.05e+00  6.86e-01  9.81e-02   0.37
2005 06 23  0840   53544   31200  0  4.02e+02  1.97e+01  0  5.93e+02  1.65e+01  2.16e+00  6.86e-01  1.58e-01   0.26
2005 06 23  0845   53544   31500  0  4.26e+02  1.76e+01  0  6.06e+02  1.68e+01  1.93e+00  6.65e-01  1.26e-01   0.39
2005 06 23  0850   53544   31800  0  3.95e+02  1.85e+01  0  5.46e+02  1.47e+01  1.58e+00  5.10e-01  1.78e-01   0.16
2005 06 23  0855   53544   32100  0  3.77e+02  1.64e+01  0  6.05e+02  1.67e+01  1.93e+00  6.44e-01  6.95e-02   0.61
2005 06 23  0900   53544   32400  0  3.01e+02  1.90e+01  0  5.83e+02  1.71e+01  1.86e+00  4.00e-01  5.80e-02   0.59
2005 06 23  0905   53544   32700  0  3.24e+02  2.06e+01  0  5.89e+02  1.60e+01  1.89e+00  3.17e-01  1.25e-01   0.68
2005 06 23  0910   53544   33000  0  3.57e+02  1.95e+01  0  6.25e+02  1.94e+01  1.74e+00  6.65e-01  1.37e-01   0.43
2005 06 23  0915   53544   33300  0  2.78e+02  2.14e+01  0  6.22e+02  1.81e+01  1.32e+00  4.95e-01  1.26e-01   0.39
2005 06 23  0920   53544   33600  0  3.01e+02  1.72e+01  0  5.71e+02  1.77e+01  1.62e+00  4.95e-01  8.69e-02   0.13
2005 06 23  0925   53544   33900  0  2.87e+02  1.60e+01  0  5.52e+02  1.54e+01  1.90e+00  4.37e-01  1.16e-01   0.51
2005 06 23  0930   53544   34200  0  3.01e+02  2.00e+01  0  6.05e+02  1.52e+01  1.89e+00  5.34e-01  1.45e-01   0.38
2005 06 23  0935   53544   34500  0  3.14e+02  1.93e+01  0  6.07e+02  1.35e+01  2.01e+00  3.24e-01  1.26e-01   1.31
2005 06 23  0940   53544   34800  0  3.22e+02  2.00e+01  0  5.47e+02  1.62e+01  1.65e+00  3.05e-01  1.64e-01   0.34
2005 06 23  0945   53544   35100  0  3.51e+02  1.90e+01  0  6.12e+02  1.65e+01  1.32e+00  4.76e-01  1.64e-01   0.31
2005 06 23  0950   53544   35400  0  2.41e+02  1.56e+01  0  5.95e+02  1.48e+01  2.16e+00  3.24e-01  1.06e-01   0.60
2005 06 23  0955   53544   35700  0  2.56e+02  1.81e+01  0  5.80e+02  1.63e+01  1.86e+00  4.19e-01  6.76e-02   0.77
2005 06 23  1000   53544   36000  0  2.67e+02  2.09e+01  0  5.36e+02  1.42e+01  1.18e+00  2.49e-01  1.48e-01   1.40
2005 06 23  1005   53544   36300  0  2.93e+02  1.86e+01  0  5.77e+02  1.31e+01  1.89e+00  5.53e-01  2.12e-01   0.24
2005 06 23  1010   53544   36600  0  2.98e+02  1.65e+01  0  5.72e+02  1.59e+01  1.77e+00  5.72e-01  1.26e-01   0.20
2005 06 23  1015   53544   36900  0  2.74e+02  1.95e+01  0  5.47e+02  1.48e+01  1.41e+00  4.57e-01  9.48e-02   0.95
2005 06 23  1020   53544   37200  0  3.95e+02  1.98e+01  0  6.53e+02  1.85e+01  1.28e+00  3.69e-01  1.87e-01   0.85
2005 06 23  1025   53544   37500  0  3.09e+02  2.20e+01  0  5.83e+02  1.54e+01  1.65e+00  3.43e-01  9.66e-02   0.79
2005 06 23  1030   53544   37800  0  2.76e+02  2.09e+01  0  5.85e+02  1.52e+01  1.34e+00  3.53e-01  1.58e-01   0.51
2005 06 23  1035   53544   38100  0  3.11e+02  1.70e+01  0  5.46e+02  1.40e+01  1.78e+00  4.92e-01  8.02e-02   0.30
2005 06 23  1040   53544   38400  0  3.15e+02  1.97e+01  0  5.62e+02  1.31e+01  1.80e+00  6.03e-01  7.73e-02   0.62
2005 06 23  1045   53544   38700  0  2.88e+02  1.62e+01  0  6.22e+02  1.52e+01  2.00e+00  5.20e-01  9.48e-02   0.79
2005 06 23  1050   53544   39000  0  2.90e+02  2.22e+01  0  5.09e+02  1.39e+01  1.89e+00  4.40e-01  8.43e-02   0.37
2005 06 23  1055   53544   39300  0  2.87e+02  2.09e+01  0  5.77e+02  1.64e+01  1.28e+00  2.29e-01  1.29e-02   0.21
2005 06 23  1100   53544   39600  0  2.76e+02  2.01e+01  0  5.64e+02  1.56e+01  1.64e+00  4.57e-01  7.38e-02   0.10
2005 06 23  1105   53544   39900  0  2.95e+02  2.03e+01  0  5.21e+02  1.30e+01  2.11e+00  5.63e-01  1.52e-01   0.08
2005 06 23  1110   53544   40200  0  3.01e+02  1.97e+01  0  5.74e+02  1.55e+01  1.61e+00  4.99e-01  7.37e-02   0.50
2005 06 23  1115   53544   40500  0  3.16e+02  1.55e+01  0  5.76e+02  1.52e+01  2.02e+00  3.87e-01  1.16e-01   0.31
2005 06 23  1120   53544   40800  0  2.51e+02  1.99e+01  0  5.80e+02  1.66e+01  1.61e+00  4.99e-01  1.26e-01   0.40
2005 06 23  1125   53544   41100  0  3.33e+02  1.82e+01  0  5.26e+02  1.67e+01  1.67e+00  3.95e-01  5.80e-02   0.27
2005 06 23  1130   53544   41400  0  2.92e+02  2.22e+01  0  5.63e+02  1.38e+01  1.75e+00  4.22e-01  9.81e-02   0.69
2005 06 23  1135   53544   41700  0  2.62e+02  1.91e+01  0  5.85e+02  1.53e+01  1.61e+00  3.74e-01  4.35e-02   0.74
2005 06 23  1140   53544   42000  0  2.42e+02  1.97e+01  0  5.78e+02  1.38e+01  1.62e+00  2.86e-01  5.80e-02   0.19
2005 06 23  1145   53544   42300  0  3.29e+02  1.77e+01  0  5.76e+02  1.49e+01  1.58e+00  3.69e-01  9.81e-02   1.06
2005 06 23  1150   53544   42600  0  2.89e+02  2.03e+01  0  5.53e+02  1.40e+01  1.87e+00  3.95e-01  9.48e-02   0.20
2005 06 23  1155   53544   42900  0  2.81e+02  2.13e+01  0  5.33e+02  1.39e+01  1.56e+00  4.00e-01  7.73e-02   0.60
2005 06 23  1200   53544   43200  0  3.35e+02  1.91e+01  0  5.74e+02  1.52e+01  1.47e+00  4.57e-01  7.38e-02   0.36
2005 06 23  1205   53544   43500  0  3.01e+02  1.80e+01  0  6.22e+02  1.39e+01  1.34e+00  4.37e-01  1.16e-01   0.64
2005 06 23  1210   53544   43800  0  2.56e+02  2.00e+01  0  5.56e+02  1.31e+01  1.29e+00  4.00e-01  8.69e-02   0.44
2005 06 23  1215   53544   44100  0  2.48e+02  1.70e+01  0  5.47e+02  1.48e+01  1.86e+00  4.00e-01  1.26e-01   0.48
2005 06 23  1220   53544   44400  0  3.30e+02  2.05e+01  0  5.74e+02  1.37e+01  1.38e+00  3.05e-01  1.64e-01   0.77
2005 06 23  1225   53544   44700  0  2.63e+02  2.00e+01  0  5.96e+02  1.33e+01  1.47e+00  4.76e-01  9.66e-02   0.25
2005 06 23  1230   53544   45000  0  3.03e+02  1.93e+01  0  5.44e+02  1.36e+01  1.65e+00  3.24e-01  1.83e-01   0.75
2005 06 23  1235   53544   45300  0  3.52e+02  1.91e+01  0  5.73e+02  1.30e+01  1.71e+00  4.38e-01  1.06e-01   0.68
2005 06 23  1240   53544   45600  0  2.30e+02  2.11e+01  0  5.27e+02  1.31e+01  1.97e+00  4.78e-01  1.04e-01   0.21
2005 06 23  1245   53544   45900  0  3.05e+02  2.36e+01  0  5.64e+02  1.34e+01  1.77e+00  6.10e-01  1.05e-01   0.26
2005 06 23  1250   53544   46200  0  2.68e+02  2.02e+01  0  5.47e+02  1.40e+01  1.89e+00  4.76e-01  5.80e-02   0.29
2005 06 23  1255   53544   46500  0  2.93e+02  1.58e+01  0  5.77e+02  1.55e+01  2.13e+00  3.74e-01  5.80e-02   0.59
2005 06 23  1300   53544   46800  0  2.41e+02  1.82e+01  0  5.63e+02  1.56e+01  1.69e+00  3.34e-01  9.66e-02   0.40
2005 06 23  1305   53544   47100  0  2.56e+02  1.70e+01  0  5.30e+02  1.44e+01  1.35e+00  3.81e-01  8.69e-02   0.43
2005 06 23  1310   53544   47400  0  2.90e+02  1.68e+01  0  5.43e+02  1.23e+01  1.44e+00  4.37e-01  1.16e-01   0.26
2005 06 23  1315   53544   47700  0  2.52e+02  1.95e+01  0  5.97e+02  1.49e+01  1.86e+00  3.17e-01  1.87e-01   1.02
2005 06 23  1320   53544   48000  0  2.32e+02  1.78e+01  0  5.54e+02  1.55e+01  1.70e+00  2.70e-01  5.27e-02   0.85
2005 06 23  1325   53544   48300  0  3.35e+02  2.03e+01  0  5.56e+02  1.44e+01  1.93e+00  3.95e-01  6.95e-02   0.46
2005 06 23  1330   53544   48600  0  2.63e+02  2.08e+01  0  5.66e+02  1.32e+01  1.83e+00  4.75e-01  1.34e-01   0.33
2005 06 23  1335   53544   48900  0  2.63e+02  1.95e+01  0  5.90e+02  1.43e+01  1.90e+00  3.53e-01  9.48e-02   0.21
2005 06 23  1340   53544   49200  0  2.71e+02  2.21e+01  0  5.36e+02  1.45e+01  1.64e+00  5.63e-01  9.66e-02   0.47
2005 06 23  1345   53544   49500  0  2.94e+02  2.08e+01  0  5.60e+02  1.42e+01  1.55e+00  4.22e-01  1.16e-01   0.38
2005 06 23  1350   53544   49800  0  2.38e+02  1.66e+01  0  5.82e+02  1.91e+01  2.03e+00  4.78e-01  6.32e-02   0.29
2005 06 23  1355   53544   50100  0  2.18e+02  2.06e+01  0  5.53e+02  1.46e+01  1.80e+00  4.38e-01  8.02e-02   0.57
2005 06 23  1400   53544   50400  0  2.92e+02  1.84e+01  0  5.79e+02  1.47e+01  1.80e+00  4.57e-01  8.43e-02   0.52
2005 06 23  1405   53544   50700  0  2.34e+02  1.80e+01  0  6.09e+02  1.74e+01  1.64e+00  4.99e-01  5.27e-02   0.60
2005 06 23  1410   53544   51000  0  2.96e+02  1.85e+01  0  5.48e+02  1.48e+01  1.53e+00  4.75e-01  4.64e-02   0.18
2005 06 23  1415   53544   51300  0  2.82e+02  1.78e+01  0  5.39e+02  1.26e+01  1.70e+00  7.48e-01  9.27e-02   0.27
2005 06 23  1420   53544   51600  0  3.16e+02  2.13e+01  0  5.68e+02  1.42e+01  1.95e+00  5.34e-01  1.55e-01   0.59
2005 06 23  1425   53544   51900  0  2.32e+02  1.82e+01  0  5.77e+02  1.60e+01  1.41e+00  4.36e-01  1.79e-01   0.70
2005 06 23  1430   53544   52200  0  3.17e+02  1.70e+01  0  5.69e+02  1.47e+01  2.00e+00  3.27e-01  4.52e-02   1.25
2005 06 23  1435   53544   52500  0  2.89e+02  2.09e+01  0  6.14e+02  1.57e+01  2.13e+00  3.20e-01  1.05e-01   0.68
2005 06 23  1440   53544   52800  0  2.38e+02  1.95e+01  0  5.75e+02  1.47e+01  1.74e+00  3.24e-01  1.45e-01   0.75
2005 06 23  1445   53544   53100  0  2.20e+02  2.05e+01  0  5.58e+02  1.43e+01  2.10e+00  2.49e-01  6.32e-02   0.37
2005 06 23  1450   53544   53400  0  2.83e+02  1.82e+01  0  5.83e+02  1.79e+01  1.74e+00  3.05e-01  1.16e-01   0.91
2005 06 23  1455   53544   53700  0  3.03e+02  1.90e+01  0  6.04e+02  1.73e+01  1.74e+00  5.34e-01  7.73e-02   0.62
2005 06 23  1500   53544   54000  0  2.80e+02  1.93e+01  0  5.70e+02  1.81e+01  1.74e+00  5.20e-01  7.73e-02   0.23
2005 06 23  1505   53544   54300  0  2.98e+02  1.68e+01  0  5.06e+02  1.43e+01  1.98e+00  3.62e-01  8.69e-02   0.92
2005 06 23  1510   53544   54600  0  3.26e+02  1.82e+01  0  6.07e+02  1.37e+01  1.77e+00  4.76e-01  1.06e-01   0.51
2005 06 23  1515   53544   54900  0  2.47e+02  1.97e+01  0  5.75e+02  1.80e+01  1.54e+00  4.78e-01  8.43e-02   0.70
2005 06 23  1520   53544   55200  0  2.27e+02  1.65e+01  0  5.73e+02  1.72e+01  1.80e+00  4.00e-01  1.16e-01   0.64
2005 06 23  1525   53544   55500  0  3.10e+02  1.45e+01  0  6.10e+02  1.77e+01  1.95e+00  4.76e-01  5.80e-02   0.23
2005 06 23  1530   53544   55800  0  2.63e+02  1.95e+01  0  5.60e+02  1.81e+01  1.74e+00  3.53e-01  1.58e-01   0.76
2005 06 23  1535   53544   56100  0  2.73e+02  2.02e+01  0  5.66e+02  1.67e+01  1.83e+00  3.24e-01  1.06e-01   0.06
2005 06 23  1540   53544   56400  0  2.41e+02  2.00e+01  0  5.20e+02  1.82e+01  1.92e+00  4.00e-01  1.45e-01   0.46
2005 06 23  1545   53544   56700  0  3.44e+02  1.74e+01  0  6.10e+02  1.52e+01  1.83e+00  4.00e-01  8.69e-02   0.14
2005 06 23  1550   53544   57000  0  2.62e+02  1.87e+01  0  6.12e+02  1.58e+01  2.03e+00  4.78e-01  1.26e-01   0.72
2005 06 23  1555   53544   57300  0  2.36e+02  1.91e+01  0  5.45e+02  1.47e+01  1.59e+00  3.62e-01  1.26e-01   1.01
2005 06 23  1600   53544   57600  0  3.79e+02  1.91e+01  0  5.77e+02  1.72e+01  1.68e+00  5.14e-01  1.06e-01   0.45
2005 06 23  1605   53544   57900  0  2.82e+02  1.86e+01  0  5.48e+02  1.53e+01  1.97e+00  5.82e-01  7.37e-02   0.05
2005 06 23  1610   53544   58200  0  2.68e+02  1.58e+01  0  5.74e+02  1.57e+01  1.89e+00  4.95e-01  7.73e-02   0.81
2005 06 23  1615   53544   58500  0  3.24e+02  1.58e+01  0  5.86e+02  1.82e+01  2.07e+00  4.00e-01  1.45e-01   1.10
2005 06 23  1620   53544   58800  0  2.76e+02  2.07e+01  0  6.06e+02  1.55e+01  2.13e+00  3.95e-01  3.16e-02   0.72
2005 06 23  1625   53544   59100  0  2.85e+02  1.82e+01  0  5.91e+02  1.63e+01  1.80e+00  4.40e-01  1.16e-01   0.24
2005 06 23  1630   53544   59400  0  2.85e+02  1.70e+01  0  5.63e+02  1.70e+01  2.43e+00  5.20e-01  8.43e-02   0.39
2005 06 23  1635   53544   59700  0  3.57e+02  1.89e+01  0  5.91e+02  1.89e+01  1.80e+00  4.37e-01  1.26e-01   0.18
2005 06 23  1640   53544   60000  0  2.72e+02  2.58e+01  0  5.78e+02  1.77e+01  2.36e+00  2.81e-01  1.87e-01   0.57
2005 06 23  1645   53544   60300  0  2.87e+02  2.05e+01  0  5.98e+02  1.84e+01  2.36e+00  3.53e-01  9.48e-02   0.36
2005 06 23  1650   53544   60600  0  2.89e+02  1.72e+01  0  5.55e+02  1.57e+01  2.10e+00  5.61e-01  1.16e-01   0.19
2005 06 23  1655   53544   60900  0  3.44e+02  2.20e+01  0  6.17e+02  1.42e+01  3.00e+00  5.33e-01  1.93e-01   0.38
2005 06 23  1700   53544   61200  9 -1.00e+05 -1.00e+05  9 -1.00e+05 -1.00e+05 -1.00e+05 -1.00e+05 -1.00e+05  -1.00
2005 06 23  1705   53544   61500  9 -1.00e+05 -1.00e+05  9 -1.00e+05 -1.00e+05 -1.00e+05 -1.00e+05 -1.00e+05  -1.00
2005 06 23  1710   53544   61800  0  2.65e+02  2.17e+01  0  6.06e+02  2.52e+01  2.14e+00  5.84e-01  0.00e+00   0.69
2005 06 23  1715   53544   62100  0  2.78e+02  1.86e+01  0  5.79e+02  1.92e+01  1.93e+00  5.40e-01  9.27e-02   0.14
2005 06 23  1720   53544   62400  0  3.00e+02  2.00e+01  0  5.85e+02  1.84e+01  1.78e+00  5.10e-01  2.58e-02   0.57
2005 06 23  1725   53544   62700  0  3.23e+02  1.86e+01  0  6.29e+02  1.85e+01  1.90e+00  3.53e-01  9.27e-02   0.24
2005 06 23  1730   53544   63000  0  2.40e+02  1.91e+01  0  5.91e+02  1.76e+01  2.26e+00  3.74e-01  8.43e-02   0.38
2005 06 23  1735   53544   63300  0  2.74e+02  1.57e+01  0  5.94e+02  1.90e+01  1.97e+00  3.52e-01  1.07e-01   0.15
2005 06 23  1740   53544   63600  0  2.98e+02  2.16e+01  0  5.76e+02  1.69e+01  2.39e+00  4.78e-01  8.43e-02   0.65
2005 06 23  1745   53544   63900  0  3.23e+02  1.95e+01  0  6.28e+02  1.83e+01  2.04e+00  2.29e-01  1.35e-01   0.64
2005 06 23  1750   53544   64200  0  2.58e+02  2.02e+01  0  5.90e+02  1.87e+01  1.98e+00  3.81e-01  1.26e-01   0.27
2005 06 23  1755   53544   64500  0  2.76e+02  2.01e+01  0  6.01e+02  1.98e+01  2.20e+00  2.91e-01  6.32e-02   0.13
2005 06 23  1800   53544   64800  0  3.13e+02  2.08e+01  0  6.24e+02  1.76e+01  1.62e+00  3.61e-01  1.44e-01   0.34
2005 06 23  1805   53544   65100  0  2.83e+02  1.70e+01  0  6.14e+02  1.72e+01  2.85e+00  6.86e-01  1.45e-01   0.04
2005 06 23  1810   53544   65400  0  2.40e+02  1.80e+01  0  5.75e+02  2.00e+01  2.23e+00  5.61e-01  2.21e-01   0.22
2005 06 23  1815   53544   65700  0  2.94e+02  1.77e+01  0  6.24e+02  2.00e+01  2.07e+00  4.00e-01  1.74e-01   0.41
2005 06 23  1820   53544   66000  0  2.35e+02  2.11e+01  0  6.27e+02  1.93e+01  1.92e+00  4.00e-01  9.66e-02   0.53
2005 06 23  1825   53544   66300  0  3.42e+02  1.56e+01  0  5.97e+02  2.06e+01  1.50e+00  4.57e-01  2.22e-01   0.95
2005 06 23  1830   53544   66600  0  2.71e+02  1.84e+01  0  5.20e+02  1.86e+01  1.90e+00  4.78e-01  1.26e-01   0.45
2005 06 23  1835   53544   66900  0  2.61e+02  1.70e+01  0  6.03e+02  2.07e+01  2.07e+00  4.00e-01  8.69e-02   0.56
2005 06 23  1840   53544   67200  0  2.88e+02  1.75e+01  0  5.96e+02  2.19e+01  1.95e+00  4.95e-01  5.80e-02   0.38
2005 06 23  1845   53544   67500  0  2.35e+02  1.87e+01  0  5.66e+02  1.85e+01  2.13e+00  4.37e-01  1.16e-01   0.48
2005 06 23  1850   53544   67800  0  3.03e+02  1.79e+01  0  5.95e+02  2.06e+01  1.41e+00  4.95e-01  1.06e-01   0.56
2005 06 23  1855   53544   68100  0  3.21e+02  1.70e+01  0  5.68e+02  2.23e+01  1.92e+00  2.86e-01  9.66e-02   0.83
2005 06 23  1900   53544   68400  0  3.02e+02  1.97e+01  0  5.88e+02  1.98e+01  2.16e+00  6.03e-01  1.05e-01   0.52
2005 06 23  1905   53544   68700  0  2.66e+02  1.86e+01  0  5.54e+02  1.90e+01  2.27e+00  3.17e-01  1.16e-01   0.41
2005 06 23  1910   53544   69000  0  2.60e+02  2.24e+01  0  5.78e+02  1.63e+01  1.84e+00  4.37e-01  1.48e-01   0.78
2005 06 23  1915   53544   69300  0  2.70e+02  1.86e+01  0  5.94e+02  2.31e+01  1.97e+00  3.74e-01  1.26e-01   1.14
2005 06 23  1920   53544   69600  0  2.66e+02  2.03e+01  0  5.71e+02  2.02e+01  2.14e+00  3.87e-01  1.34e-01   0.49
2005 06 23  1925   53544   69900  0  2.84e+02  1.76e+01  0  6.03e+02  1.91e+01  2.06e+00  3.12e-01  8.11e-02   0.16
2005 06 23  1930   53544   70200  0  2.18e+02  1.80e+01  0  5.59e+02  2.31e+01  1.80e+00  3.33e-01  8.11e-02   0.62
2005 06 23  1935   53544   70500  0  2.53e+02  2.08e+01  0  6.17e+02  2.10e+01  2.41e+00  3.87e-01  1.34e-01   0.31
2005 06 23  1940   53544   70800  0  2.62e+02  2.40e+01  0  5.77e+02  2.10e+01  2.16e+00  3.59e-01  6.62e-02   0.79
2005 06 23  1945   53544   71100  9 -1.00e+05 -1.00e+05  9 -1.00e+05 -1.00e+05 -1.00e+05 -1.00e+05 -1.00e+05  -1.00
2005 06 23  1950   53544   71400  0  2.78e+02  1.62e+01  0  6.29e+02  2.34e+01  1.91e+00  2.91e-01  6.32e-02   0.71
2005 06 23  1955   53544   71700  0  3.03e+02  1.93e+01  0  5.56e+02  1.65e+01  1.96e+00  2.55e-01  2.07e-01   0.65
2005 06 23  2000   53544   72000  0  3.37e+02  1.55e+01  0  5.80e+02  1.95e+01  2.33e+00  4.80e-01  1.08e-01   0.27
2005 06 23  2005   53544   72300  0  2.81e+02  1.60e+01  0  6.09e+02  2.15e+01  2.07e+00  3.12e-01  1.37e-01   0.89
2005 06 23  2010   53544   72600  0  2.20e+02  2.11e+01  0  5.69e+02  2.04e+01  2.56e+00  4.16e-01  1.37e-01   0.15
2005 06 23  2015   53544   72900  0  3.29e+02  1.88e+01  0  6.14e+02  1.83e+01  1.78e+00  4.75e-01  1.07e-01   0.81
2005 06 23  2020   53544   73200  0  2.53e+02  1.70e+01  0  5.98e+02  2.15e+01  2.10e+00  2.29e-01  9.27e-02   0.35
2005 06 23  2025   53544   73500  0  2.55e+02  1.93e+01  0  5.83e+02  2.08e+01  2.37e+00  4.95e-01  9.48e-02   0.40
2005 06 23  2030   53544   73800  0  2.56e+02  1.97e+01  0  5.59e+02  1.92e+01  2.25e+00  4.00e-01  1.55e-01   0.50
2005 06 23  2035   53544   74100  0  3.34e+02  1.93e+01  0  6.09e+02  1.88e+01  1.87e+00  4.37e-01  1.79e-01   0.38
2005 06 23  2040   53544   74400  0  3.31e+02  2.07e+01  0  6.02e+02  1.86e+01  1.95e+00  3.24e-01  9.66e-02   0.58
2005 06 23  2045   53544   74700  0  2.65e+02  1.95e+01  0  5.80e+02  2.01e+01  2.25e+00  3.81e-01  8.69e-02   0.63
2005 06 23  2050   53544   75000  0  2.98e+02  1.74e+01  0  5.92e+02  2.07e+01  2.13e+00  5.82e-01  1.05e-01   0.29
2005 06 23  2055   53544   75300  0  2.48e+02  1.54e+01  0  6.33e+02  2.18e+01  2.94e+00  4.19e-01  5.15e-02   0.62
2005 06 23  2100   53544   75600  0  2.23e+02  1.68e+01  0  5.92e+02  2.00e+01  2.22e+00  4.57e-01  1.55e-01   0.52
2005 06 23  2105   53544   75900  0  2.31e+02  1.91e+01  0  6.03e+02  2.15e+01  2.07e+00  3.62e-01  1.26e-01   0.76
2005 06 23  2110   53544   76200  0  3.50e+02  1.72e+01  0  6.26e+02  2.48e+01  2.66e+00  4.37e-01  2.00e-01   0.97
2005 06 23  2115   53544   76500  0  2.67e+02  2.14e+01  0  6.54e+02  2.13e+01  2.40e+00  3.62e-01  1.55e-01   0.85
2005 06 23  2120   53544   76800  0  2.43e+02  1.65e+01  0  5.89e+02  2.57e+01  2.97e+00  5.15e-01  1.93e-01   0.65
2005 06 23  2125   53544   77100  0  2.56e+02  1.70e+01  0  7.12e+02  2.77e+01  3.11e+00  3.33e-01  1.16e-01   0.56
2005 06 23  2130   53544   77400  0  2.47e+02  1.57e+01  0  6.78e+02  2.43e+01  2.09e+00  5.72e-01  5.15e-02   1.05
2005 06 23  2135   53544   77700  9 -1.00e+05 -1.00e+05  9 -1.00e+05 -1.00e+05 -1.00e+05 -1.00e+05 -1.00e+05  -1.00
2005 06 23  2140   53544   78000  0  2.41e+02  1.74e+01  0  7.68e+02  3.03e+01  2.28e+00  4.28e-01  1.38e-01   0.96
2005 06 23  2145   53544   78300  0  2.88e+02  1.75e+01  0  6.85e+02  2.92e+01  2.44e+00  5.98e-01  8.92e-02   0.32
2005 06 23  2150   53544   78600  0  2.39e+02  1.60e+01  0  6.36e+02  2.91e+01  2.81e+00  5.72e-01  1.28e-01   0.28
2005 06 23  2155   53544   78900  0  2.88e+02  1.57e+01  0  6.19e+02  2.77e+01  3.02e+00  5.61e-01  1.85e-01   0.29
2005 06 23  2200   53544   79200  0  2.88e+02  2.04e+01  0  6.68e+02  2.91e+01  2.83e+00  4.40e-01  8.02e-02   0.26
2005 06 23  2205   53544   79500  0  2.69e+02  1.51e+01  0  6.80e+02  2.67e+01  2.79e+00  6.24e-01  9.48e-02   0.31
2005 06 23  2210   53544   79800  0  2.44e+02  2.07e+01  0  6.29e+02  2.88e+01  2.39e+00  4.99e-01  1.97e-01   0.23
2005 06 23  2215   53544   80100  0  3.19e+02  1.86e+01  0  6.74e+02  2.58e+01  2.27e+00  2.29e-01  8.91e-02   0.40
2005 06 23  2220   53544   80400  0  2.52e+02  2.01e+01  0  6.66e+02  2.41e+01  3.08e+00  4.99e-01  5.80e-02   0.19
2005 06 23  2225   53544   80700  0  2.10e+02  2.06e+01  0  6.35e+02  2.50e+01  3.44e+00  4.05e-01  1.45e-01   0.77
2005 06 23  2230   53544   81000  0  2.69e+02  1.66e+01  0  6.80e+02  2.77e+01  2.49e+00  5.40e-01  9.27e-02   0.43
2005 06 23  2235   53544   81300  0  3.04e+02  1.84e+01  0  6.62e+02  2.88e+01  2.95e+00  4.99e-01  8.43e-02   0.24
2005 06 23  2240   53544   81600  0  2.36e+02  1.70e+01  0  6.81e+02  2.47e+01  2.32e+00  6.10e-01  1.67e-01   0.76
2005 06 23  2245   53544   81900  9 -1.00e+05 -1.00e+05  9 -1.00e+05 -1.00e+05 -1.00e+05 -1.00e+05 -1.00e+05  -1.00
2005 06 23  2250   53544   82200  0  3.25e+02  1.40e+01  0  7.78e+02  2.89e+01  2.55e+00  5.63e-01  2.62e-01   1.08
2005 06 23  2255   53544   82500  0  2.78e+02  1.67e+01  0  7.25e+02  3.40e+01  3.02e+00  3.52e-01  1.16e-01   0.89
2005 06 23  2300   53544   82800  0  2.58e+02  2.09e+01  0  7.53e+02  3.34e+01  2.92e+00  2.94e-01  1.60e-01   0.38
2005 06 23  2305   53544   83100  0  2.76e+02  2.02e+01  0  6.93e+02  2.96e+01  3.19e+00  4.95e-01  1.45e-01   0.67
2005 06 23  2310   53544   83400  0  3.10e+02  1.74e+01  0  7.35e+02  2.82e+01  3.25e+00  6.86e-01  1.85e-01   0.80
2005 06 23  2315   53544   83700  9 -1.00e+05 -1.00e+05  9 -1.00e+05 -1.00e+05 -1.00e+05 -1.00e+05 -1.00e+05  -1.00
2005 06 23  2320   53544   84000  0  2.90e+02  1.86e+01  0  6.72e+02  3.27e+01  2.84e+00  6.29e-01  2.03e-01   0.34
2005 06 23  2325   53544   84300  0  3.01e+02  1.63e+01  0  6.80e+02  3.10e+01  2.49e+00  1.83e-01  9.66e-02   0.40
2005 06 23  2330   53544   84600  0  2.64e+02  1.76e+01  0  7.20e+02  3.31e+01  1.90e+00  3.53e-01  2.32e-01   1.08
2005 06 23  2335   53544   84900  0  2.41e+02  2.00e+01  0  6.79e+02  2.87e+01  2.55e+00  5.14e-01  9.66e-02   0.27
2005 06 23  2340   53544   85200  0  3.03e+02  1.75e+01  0  6.63e+02  3.07e+01  2.49e+00  4.76e-01  1.26e-01   0.29
2005 06 23  2345   53544   85500  0  2.31e+02  2.30e+01  0  6.49e+02  2.56e+01  2.76e+00  4.19e-01  1.26e-01   0.47
2005 06 23  2350   53544   85800  0  2.70e+02  1.89e+01  0  6.27e+02  2.58e+01  2.33e+00  4.99e-01  1.04e-01   0.79
2005 06 23  2355   53544   86100  0  2.65e+02  1.68e+01  0  6.41e+02  2.79e+01  2.79e+00  3.24e-01  1.35e-01   0.54
