:Data_list: 20051217_ace_epam_5m.txt
:Created: 2005 Dec 18 0012 UT
# Prepared by the U.S. Dept. of Commerce, NOAA, Space Environment Center.
# Please send comments and suggestions to SEC.Webmaster@noaa.gov 
# 
# Units: Differential Flux particles/cm2-s-ster-MeV
# Units: Anisotropy Index 0.0 - 2.0
# Status(S): 0 = nominal, 4,6,7,8 = bad data, unable to process, 9 = no data
# Missing data values: -1.00e+05, index = -1.00
# Source: ACE Satellite - Electron, Proton, and Alpha Monitor
# 2004 Feb 04: see http://www.sec.noaa.gov/ftpdir/lists/ace/README for EPAM channel change notice.
#
#                      5-minute averaged Real-time Differential Electron and Proton Flux 
# 
#                Modified Seconds ---------------------------- Differential Flux --------------------------- 
# UT Date   Time  Julian  of the  ----- Electron -----   ------------------- Protons keV -------------------   Anis.
# YR MO DA  HHMM    Day    Day    S    38-53   175-315   S    47-68   115-195   310-580   761-1220 1060-1900   Ratio
#-------------------------------------------------------------------------------------------------------------------
2005 12 17  0000   53721       0  0  4.33e+02  1.82e+01  0  1.35e+03  1.28e+01  1.31e+00  4.37e-01  1.26e-01   0.63
2005 12 17  0005   53721     300  0  4.28e+02  1.93e+01  0  1.43e+03  1.46e+01  1.65e+00  4.95e-01  1.64e-01   0.45
2005 12 17  0010   53721     600  0  3.74e+02  1.81e+01  0  1.32e+03  1.46e+01  1.68e+00  7.05e-01  1.64e-01   0.48
2005 12 17  0015   53721     900  0  4.76e+02  1.74e+01  0  1.32e+03  1.19e+01  1.44e+00  5.20e-01  1.48e-01   0.17
2005 12 17  0020   53721    1200  0  4.18e+02  1.97e+01  0  1.37e+03  1.56e+01  1.65e+00  5.91e-01  1.45e-01   0.42
2005 12 17  0025   53721    1500  0  4.00e+02  2.29e+01  0  1.31e+03  1.61e+01  1.53e+00  4.19e-01  1.06e-01   0.66
2005 12 17  0030   53721    1800  0  4.25e+02  1.72e+01  0  1.38e+03  1.32e+01  1.67e+00  5.82e-01  8.11e-02   0.42
2005 12 17  0035   53721    2100  0  4.17e+02  1.99e+01  0  1.36e+03  1.31e+01  1.53e+00  3.52e-01  1.96e-01   0.46
2005 12 17  0040   53721    2400  0  4.80e+02  1.93e+01  0  1.36e+03  1.48e+01  1.74e+00  4.37e-01  2.00e-01   0.27
2005 12 17  0045   53721    2700  0  3.84e+02  2.01e+01  0  1.31e+03  1.41e+01  1.97e+00  5.40e-01  1.26e-01   0.38
2005 12 17  0050   53721    3000  0  4.85e+02  1.96e+01  0  1.37e+03  1.51e+01  1.58e+00  4.05e-01  8.92e-02   0.83
2005 12 17  0055   53721    3300  0  4.23e+02  2.09e+01  0  1.37e+03  1.40e+01  1.90e+00  4.37e-01  1.26e-01   0.79
2005 12 17  0100   53721    3600  0  3.95e+02  1.87e+01  0  1.33e+03  1.29e+01  1.47e+00  5.20e-01  1.16e-01   0.94
2005 12 17  0105   53721    3900  0  4.91e+02  1.98e+01  0  1.35e+03  1.45e+01  1.66e+00  5.28e-01  1.60e-01   1.07
2005 12 17  0110   53721    4200  0  3.84e+02  1.64e+01  0  1.34e+03  1.38e+01  1.61e+00  6.44e-01  1.26e-01   0.49
2005 12 17  0115   53721    4500  0  4.44e+02  2.11e+01  0  1.33e+03  1.30e+01  1.78e+00  3.34e-01  1.07e-01   0.61
2005 12 17  0120   53721    4800  0  4.29e+02  1.93e+01  0  1.28e+03  1.52e+01  1.93e+00  5.61e-01  7.37e-02   0.27
2005 12 17  0125   53721    5100  0  4.51e+02  2.36e+01  0  1.43e+03  1.64e+01  2.23e+00  4.78e-01  1.05e-01   0.33
2005 12 17  0130   53721    5400  0  4.40e+02  1.83e+01  0  1.43e+03  1.42e+01  1.28e+00  4.75e-01  9.48e-02   0.65
2005 12 17  0135   53721    5700  0  3.59e+02  1.93e+01  0  1.26e+03  1.47e+01  1.70e+00  4.78e-01  1.16e-01   0.23
2005 12 17  0140   53721    6000  0  4.71e+02  1.84e+01  0  1.40e+03  1.42e+01  1.93e+00  6.44e-01  1.05e-01   0.42
2005 12 17  0145   53721    6300  0  4.70e+02  2.13e+01  0  1.35e+03  1.55e+01  1.72e+00  4.05e-01  1.60e-01   0.75
2005 12 17  0150   53721    6600  0  3.84e+02  1.76e+01  0  1.36e+03  1.26e+01  1.87e+00  4.16e-01  1.16e-01   0.26
2005 12 17  0155   53721    6900  0  5.12e+02  1.81e+01  0  1.32e+03  1.46e+01  1.77e+00  4.38e-01  1.16e-01   0.83
2005 12 17  0200   53721    7200  0  4.60e+02  1.98e+01  0  1.38e+03  1.45e+01  2.16e+00  6.29e-01  1.64e-01   0.21
2005 12 17  0205   53721    7500  0  4.18e+02  1.97e+01  0  1.33e+03  1.18e+01  1.41e+00  3.53e-01  1.26e-01   0.51
2005 12 17  0210   53721    7800  0  4.07e+02  1.95e+01  0  1.31e+03  1.50e+01  1.59e+00  5.91e-01  5.80e-02   0.80
2005 12 17  0215   53721    8100  0  4.36e+02  1.98e+01  0  1.35e+03  1.32e+01  2.13e+00  4.38e-01  1.74e-01   0.24
2005 12 17  0220   53721    8400  0  3.77e+02  1.95e+01  0  1.37e+03  1.32e+01  2.00e+00  4.78e-01  1.26e-01   0.44
2005 12 17  0225   53721    8700  0  4.12e+02  1.84e+01  0  1.31e+03  1.53e+01  2.04e+00  4.95e-01  1.55e-01   0.41
2005 12 17  0230   53721    9000  0  5.46e+02  1.98e+01  0  1.35e+03  1.51e+01  2.46e+00  5.14e-01  1.74e-01   0.13
2005 12 17  0235   53721    9300  0  4.40e+02  1.90e+01  0  1.36e+03  1.19e+01  1.90e+00  4.13e-01  1.40e-01   0.43
2005 12 17  0240   53721    9600  0  4.19e+02  2.04e+01  0  1.45e+03  1.68e+01  1.60e+00  5.49e-01  9.97e-02   0.54
2005 12 17  0245   53721    9900  0  4.05e+02  2.04e+01  0  1.26e+03  1.45e+01  1.56e+00  5.34e-01  7.73e-02   0.43
2005 12 17  0250   53721   10200  0  5.50e+02  1.79e+01  0  1.41e+03  1.27e+01  1.68e+00  4.38e-01  5.80e-02   0.38
2005 12 17  0255   53721   10500  0  3.97e+02  2.20e+01  0  1.36e+03  1.13e+01  1.67e+00  4.78e-01  6.32e-02   0.64
2005 12 17  0300   53721   10800  0  3.97e+02  2.20e+01  0  1.29e+03  1.37e+01  1.89e+00  6.86e-01  2.12e-01   0.20
2005 12 17  0305   53721   11100  0  4.63e+02  2.05e+01  0  1.42e+03  1.50e+01  2.01e+00  4.00e-01  1.83e-01   0.19
2005 12 17  0310   53721   11400  0  4.26e+02  1.95e+01  0  1.37e+03  1.59e+01  2.13e+00  5.40e-01  1.69e-01   0.44
2005 12 17  0315   53721   11700  0  4.78e+02  1.95e+01  0  1.40e+03  1.36e+01  1.47e+00  6.51e-01  2.05e-01   0.40
2005 12 17  0320   53721   12000  0  4.56e+02  1.70e+01  0  1.33e+03  1.19e+01  1.70e+00  5.40e-01  1.48e-01   0.80
2005 12 17  0325   53721   12300  0  3.99e+02  2.05e+01  0  1.36e+03  1.29e+01  1.57e+00  6.65e-01  1.16e-01   0.58
2005 12 17  0330   53721   12600  0  4.41e+02  1.88e+01  0  1.42e+03  1.33e+01  1.58e+00  5.28e-01  1.78e-01   0.40
2005 12 17  0335   53721   12900  0  4.60e+02  2.34e+01  0  1.23e+03  1.31e+01  1.57e+00  5.40e-01  1.05e-01   0.44
2005 12 17  0340   53721   13200  0  5.20e+02  1.78e+01  0  1.45e+03  1.58e+01  2.09e+00  3.56e-01  2.43e-01   0.46
2005 12 17  0345   53721   13500  0  4.27e+02  1.80e+01  0  1.35e+03  1.39e+01  2.22e+00  5.10e-01  9.81e-02   0.18
2005 12 17  0350   53721   13800  0  4.15e+02  1.93e+01  0  1.36e+03  1.59e+01  1.64e+00  4.37e-01  1.48e-01   0.37
2005 12 17  0355   53721   14100  0  5.59e+02  2.04e+01  0  1.37e+03  1.19e+01  2.16e+00  3.69e-01  1.69e-01   0.18
2005 12 17  0400   53721   14400  0  6.39e+02  2.01e+01  0  1.37e+03  1.53e+01  1.70e+00  7.48e-01  1.69e-01   0.34
2005 12 17  0405   53721   14700  0  8.57e+02  2.28e+01  0  1.32e+03  1.37e+01  1.70e+00  6.65e-01  1.27e-01   0.70
2005 12 17  0410   53721   15000  0  7.08e+02  2.09e+01  0  1.29e+03  1.48e+01  1.80e+00  5.28e-01  1.52e-01   0.40
2005 12 17  0415   53721   15300  0  8.73e+02  2.22e+01  0  1.40e+03  1.34e+01  1.90e+00  4.99e-01  8.11e-02   0.27
2005 12 17  0420   53721   15600  0  8.51e+02  2.13e+01  0  1.43e+03  1.27e+01  1.67e+00  5.82e-01  6.32e-02   0.43
2005 12 17  0425   53721   15900  0  8.22e+02  1.93e+01  0  1.31e+03  1.30e+01  1.91e+00  4.22e-01  1.96e-01   0.37
2005 12 17  0430   53721   16200  0  9.62e+02  2.01e+01  0  1.37e+03  1.54e+01  2.26e+00  6.24e-01  2.21e-01   0.18
2005 12 17  0435   53721   16500  0  7.94e+02  2.34e+01  0  1.34e+03  1.44e+01  1.41e+00  5.34e-01  1.45e-01   0.19
2005 12 17  0440   53721   16800  0  7.75e+02  2.02e+01  0  1.35e+03  1.42e+01  2.04e+00  4.95e-01  1.64e-01   0.69
2005 12 17  0445   53721   17100  0  7.86e+02  2.30e+01  0  1.28e+03  1.43e+01  1.80e+00  5.82e-01  1.58e-01   0.19
2005 12 17  0450   53721   17400  0  8.14e+02  2.20e+01  0  1.42e+03  1.45e+01  2.01e+00  6.67e-01  1.26e-01   0.38
2005 12 17  0455   53721   17700  0  6.78e+02  2.07e+01  0  1.36e+03  1.41e+01  1.95e+00  5.34e-01  1.55e-01   0.54
2005 12 17  0500   53721   18000  0  7.31e+02  1.99e+01  0  1.34e+03  1.26e+01  1.70e+00  5.40e-01  1.79e-01   0.27
2005 12 17  0505   53721   18300  0  7.97e+02  2.04e+01  0  1.37e+03  1.31e+01  1.77e+00  4.16e-01  1.26e-01   0.72
2005 12 17  0510   53721   18600  0  7.79e+02  1.88e+01  0  1.39e+03  1.34e+01  1.59e+00  5.53e-01  1.55e-01   0.42
2005 12 17  0515   53721   18900  0  8.68e+02  1.82e+01  0  1.39e+03  1.42e+01  1.80e+00  6.10e-01  1.74e-01   0.15
2005 12 17  0520   53721   19200  0  7.91e+02  2.05e+01  0  1.39e+03  1.52e+01  1.90e+00  6.44e-01  9.48e-02   0.46
2005 12 17  0525   53721   19500  0  8.10e+02  2.14e+01  0  1.39e+03  1.38e+01  2.10e+00  4.95e-01  1.55e-01   0.40
2005 12 17  0530   53721   19800  0  6.59e+02  2.06e+01  0  1.35e+03  1.37e+01  1.44e+00  4.00e-01  1.26e-01   0.81
2005 12 17  0535   53721   20100  0  5.25e+02  2.09e+01  0  1.32e+03  1.34e+01  1.90e+00  4.99e-01  9.48e-02   0.32
2005 12 17  0540   53721   20400  0  6.02e+02  2.11e+01  0  1.32e+03  1.37e+01  1.74e+00  4.00e-01  1.26e-01   0.21
2005 12 17  0545   53721   20700  0  5.44e+02  1.95e+01  0  1.39e+03  1.46e+01  1.59e+00  4.57e-01  1.48e-01   0.62
2005 12 17  0550   53721   21000  0  5.34e+02  2.18e+01  0  1.30e+03  1.54e+01  2.03e+00  4.99e-01  9.27e-02   0.12
2005 12 17  0555   53721   21300  0  6.51e+02  2.31e+01  0  1.41e+03  1.30e+01  1.69e+00  3.34e-01  6.24e-02   0.50
2005 12 17  0600   53721   21600  0  5.80e+02  1.97e+01  0  1.34e+03  1.45e+01  1.25e+00  4.34e-01  2.32e-02   0.69
2005 12 17  0605   53721   21900  0  4.71e+02  2.13e+01  0  1.40e+03  1.39e+01  2.00e+00  6.65e-01  1.16e-01   0.39
2005 12 17  0610   53721   22200  0  5.51e+02  1.93e+01  0  1.32e+03  1.44e+01  1.53e+00  4.19e-01  1.43e-01   0.19
2005 12 17  0615   53721   22500  0  5.38e+02  2.13e+01  0  1.35e+03  1.48e+01  1.70e+00  5.40e-01  1.16e-01   0.82
2005 12 17  0620   53721   22800  0  4.56e+02  1.99e+01  0  1.43e+03  1.34e+01  1.16e+00  6.39e-01  1.47e-01   0.62
2005 12 17  0625   53721   23100  0  5.07e+02  1.96e+01  0  1.32e+03  1.17e+01  2.02e+00  4.57e-01  9.81e-02   0.54
2005 12 17  0630   53721   23400  0  5.77e+02  1.78e+01  0  1.39e+03  1.35e+01  1.77e+00  6.24e-01  7.37e-02   0.13
2005 12 17  0635   53721   23700  0  5.01e+02  2.11e+01  0  1.38e+03  1.52e+01  2.08e+00  3.52e-01  1.25e-01   0.53
2005 12 17  0640   53721   24000  0  4.89e+02  1.82e+01  0  1.36e+03  1.37e+01  1.54e+00  3.53e-01  1.79e-01   0.31
2005 12 17  0645   53721   24300  0  5.27e+02  2.44e+01  0  1.29e+03  1.56e+01  1.77e+00  4.99e-01  1.48e-01   0.44
2005 12 17  0650   53721   24600  0  5.20e+02  2.42e+01  0  1.36e+03  1.43e+01  1.61e+00  5.45e-01  1.43e-01   0.44
2005 12 17  0655   53721   24900  0  5.04e+02  2.17e+01  0  1.25e+03  1.29e+01  1.15e+00  5.03e-01  1.16e-01   1.21
2005 12 17  0700   53721   25200  9 -1.00e+05 -1.00e+05  9 -1.00e+05 -1.00e+05 -1.00e+05 -1.00e+05 -1.00e+05  -1.00
2005 12 17  0705   53721   25500  9 -1.00e+05 -1.00e+05  9 -1.00e+05 -1.00e+05 -1.00e+05 -1.00e+05 -1.00e+05  -1.00
2005 12 17  0710   53721   25800  0  5.16e+02  2.23e+01  0  1.38e+03  1.27e+01  1.33e+00  3.16e-01  5.72e-02   0.47
2005 12 17  0715   53721   26100  0  4.74e+02  2.34e+01  0  1.33e+03  1.44e+01  1.62e+00  3.81e-01  7.37e-02   0.79
2005 12 17  0720   53721   26400  0  5.73e+02  2.66e+01  0  1.39e+03  1.39e+01  2.01e+00  4.95e-01  5.80e-02   0.62
2005 12 17  0725   53721   26700  0  5.90e+02  1.87e+01  0  1.36e+03  1.47e+01  1.51e+00  4.99e-01  0.00e+00   0.30
2005 12 17  0730   53721   27000  0  6.19e+02  2.32e+01  0  1.38e+03  1.35e+01  1.56e+00  3.81e-01  1.26e-01   0.26
2005 12 17  0735   53721   27300  0  5.92e+02  2.32e+01  0  1.29e+03  1.42e+01  1.80e+00  2.08e-01  9.66e-02   1.19
2005 12 17  0740   53721   27600  0  7.76e+02  2.34e+01  0  1.38e+03  1.31e+01  1.64e+00  4.78e-01  1.90e-01   0.27
2005 12 17  0745   53721   27900  0  5.85e+02  2.37e+01  0  1.42e+03  1.52e+01  1.86e+00  4.00e-01  1.16e-01   0.43
2005 12 17  0750   53721   28200  0  6.70e+02  2.27e+01  0  1.31e+03  1.64e+01  1.56e+00  4.76e-01  1.16e-01   0.57
2005 12 17  0755   53721   28500  0  7.72e+02  2.89e+01  0  1.36e+03  1.32e+01  1.71e+00  6.48e-01  1.35e-01   0.63
2005 12 17  0800   53721   28800  0  6.98e+02  2.36e+01  0  1.39e+03  1.35e+01  1.77e+00  5.20e-01  6.95e-02   0.30
2005 12 17  0805   53721   29100  0  6.57e+02  2.48e+01  0  1.36e+03  1.53e+01  2.04e+00  3.81e-01  7.38e-02   1.23
2005 12 17  0810   53721   29400  0  7.10e+02  2.64e+01  0  1.32e+03  1.43e+01  1.80e+00  4.38e-01  8.11e-02   0.23
2005 12 17  0815   53721   29700  0  7.28e+02  2.51e+01  0  1.38e+03  1.37e+01  1.90e+00  4.57e-01  1.26e-01   0.66
2005 12 17  0820   53721   30000  0  6.94e+02  2.46e+01  0  1.42e+03  1.45e+01  1.98e+00  4.57e-01  1.06e-01   0.35
2005 12 17  0825   53721   30300  0  7.81e+02  2.30e+01  0  1.26e+03  1.45e+01  1.80e+00  4.19e-01  1.48e-01   0.86
2005 12 17  0830   53721   30600  0  8.96e+02  2.49e+01  0  1.42e+03  1.71e+01  1.67e+00  5.20e-01  1.16e-01   0.33
2005 12 17  0835   53721   30900  0  7.32e+02  2.34e+01  0  1.40e+03  1.57e+01  1.78e+00  4.75e-01  7.73e-02   1.05
2005 12 17  0840   53721   31200  0  7.66e+02  2.88e+01  0  1.37e+03  1.43e+01  1.64e+00  3.74e-01  8.11e-02   0.33
2005 12 17  0845   53721   31500  0  7.26e+02  2.72e+01  0  1.37e+03  1.48e+01  1.44e+00  6.03e-01  5.27e-02   0.26
2005 12 17  0850   53721   31800  0  7.43e+02  2.81e+01  0  1.41e+03  1.54e+01  1.64e+00  5.28e-01  8.02e-02   0.12
2005 12 17  0855   53721   32100  0  8.12e+02  2.51e+01  0  1.37e+03  1.47e+01  1.70e+00  3.74e-01  1.16e-01   0.21
2005 12 17  0900   53721   32400  0  8.33e+02  2.55e+01  0  1.31e+03  1.38e+01  1.74e+00  3.95e-01  6.44e-02   0.39
2005 12 17  0905   53721   32700  0  8.12e+02  2.68e+01  0  1.40e+03  1.44e+01  1.75e+00  3.52e-01  1.16e-01   0.49
2005 12 17  0910   53721   33000  0  8.59e+02  2.72e+01  0  1.35e+03  1.69e+01  1.67e+00  4.37e-01  8.43e-02   0.87
2005 12 17  0915   53721   33300  0  9.31e+02  2.98e+01  0  1.32e+03  1.26e+01  1.72e+00  4.05e-01  1.34e-01   0.20
2005 12 17  0920   53721   33600  0  9.47e+02  2.42e+01  0  1.39e+03  1.60e+01  1.64e+00  3.53e-01  9.48e-02   0.00
2005 12 17  0925   53721   33900  0  8.44e+02  2.32e+01  0  1.37e+03  1.33e+01  1.87e+00  3.95e-01  1.05e-01   0.24
2005 12 17  0930   53721   34200  0  8.75e+02  2.27e+01  0  1.36e+03  1.31e+01  1.55e+00  5.80e-01  3.16e-02   0.47
2005 12 17  0935   53721   34500  0  9.16e+02  2.40e+01  0  1.32e+03  1.40e+01  1.38e+00  3.33e-01  1.26e-01   0.13
2005 12 17  0940   53721   34800  0  9.11e+02  2.49e+01  0  1.40e+03  1.38e+01  2.00e+00  4.16e-01  8.43e-02   0.52
2005 12 17  0945   53721   35100  0  8.36e+02  2.62e+01  0  1.41e+03  1.46e+01  1.47e+00  5.45e-01  1.96e-01   0.27
2005 12 17  0950   53721   35400  0  8.09e+02  2.34e+01  0  1.27e+03  1.49e+01  1.61e+00  4.37e-01  1.48e-01   0.82
2005 12 17  0955   53721   35700  0  9.65e+02  2.46e+01  0  1.40e+03  1.42e+01  1.77e+00  4.00e-01  4.21e-02   0.57
2005 12 17  1000   53721   36000  0  9.14e+02  2.75e+01  0  1.37e+03  1.39e+01  1.62e+00  4.95e-01  4.83e-02   0.27
2005 12 17  1005   53721   36300  0  8.57e+02  2.38e+01  0  1.42e+03  1.56e+01  1.90e+00  5.20e-01  1.26e-01   0.42
2005 12 17  1010   53721   36600  0  9.44e+02  2.80e+01  0  1.35e+03  1.39e+01  1.20e+00  6.86e-01  1.16e-01   0.51
2005 12 17  1015   53721   36900  0  9.39e+02  2.41e+01  0  1.37e+03  1.38e+01  1.86e+00  4.76e-01  6.32e-02   0.36
2005 12 17  1020   53721   37200  0  8.43e+02  2.42e+01  0  1.36e+03  1.54e+01  1.77e+00  5.61e-01  9.27e-02   0.50
2005 12 17  1025   53721   37500  0  8.65e+02  2.09e+01  0  1.27e+03  1.29e+01  1.38e+00  5.53e-01  1.26e-01   0.29
2005 12 17  1030   53721   37800  0  1.10e+03  2.64e+01  0  1.44e+03  1.47e+01  1.89e+00  6.10e-01  8.69e-02   0.57
2005 12 17  1035   53721   38100  0  9.34e+02  2.43e+01  0  1.40e+03  1.40e+01  1.74e+00  4.19e-01  6.32e-02   0.09
2005 12 17  1040   53721   38400  0  9.72e+02  1.89e+01  0  1.32e+03  1.44e+01  1.67e+00  5.82e-01  8.43e-02   0.15
2005 12 17  1045   53721   38700  0  1.09e+03  2.46e+01  0  1.38e+03  1.38e+01  2.01e+00  3.62e-01  1.37e-01   0.74
2005 12 17  1050   53721   39000  0  9.59e+02  2.53e+01  0  1.41e+03  1.59e+01  1.59e+00  5.33e-01  7.73e-02   0.41
2005 12 17  1055   53721   39300  0  9.44e+02  2.59e+01  0  1.42e+03  1.36e+01  1.51e+00  3.95e-01  1.16e-01   0.43
2005 12 17  1100   53721   39600  0  9.61e+02  2.32e+01  0  1.27e+03  1.33e+01  2.31e+00  4.19e-01  2.03e-01   0.46
2005 12 17  1105   53721   39900  0  1.18e+03  2.41e+01  0  1.42e+03  1.35e+01  1.53e+00  3.43e-01  7.73e-02   0.65
2005 12 17  1110   53721   40200  0  1.01e+03  2.61e+01  0  1.42e+03  1.31e+01  1.87e+00  4.99e-01  1.79e-01   0.08
2005 12 17  1115   53721   40500  0  9.60e+02  2.70e+01  0  1.35e+03  1.33e+01  1.97e+00  4.22e-01  1.34e-01   0.56
2005 12 17  1120   53721   40800  0  1.06e+03  2.38e+01  0  1.37e+03  1.44e+01  1.67e+00  4.78e-01  1.05e-01   0.17
2005 12 17  1125   53721   41100  0  9.83e+02  3.13e+01  0  1.36e+03  1.58e+01  1.28e+00  6.24e-01  1.79e-01   0.22
2005 12 17  1130   53721   41400  0  1.00e+03  2.34e+01  0  1.33e+03  1.53e+01  1.80e+00  5.45e-01  1.25e-01   0.60
2005 12 17  1135   53721   41700  0  1.06e+03  2.51e+01  0  1.30e+03  1.56e+01  1.61e+00  5.40e-01  9.48e-02   0.27
2005 12 17  1140   53721   42000  0  9.90e+02  2.69e+01  0  1.38e+03  1.47e+01  1.70e+00  5.40e-01  1.37e-01   0.23
2005 12 17  1145   53721   42300  0  1.04e+03  2.71e+01  0  1.42e+03  1.44e+01  1.72e+00  4.57e-01  6.76e-02   0.86
2005 12 17  1150   53721   42600  0  1.13e+03  2.22e+01  0  1.31e+03  1.42e+01  1.67e+00  7.07e-01  5.80e-02   0.63
2005 12 17  1155   53721   42900  0  1.17e+03  2.37e+01  0  1.37e+03  1.49e+01  1.80e+00  4.05e-01  1.58e-01   0.79
2005 12 17  1200   53721   43200  0  1.11e+03  2.26e+01  0  1.42e+03  1.48e+01  1.70e+00  4.78e-01  8.11e-02   0.27
2005 12 17  1205   53721   43500  0  1.12e+03  2.22e+01  0  1.37e+03  1.48e+01  1.64e+00  6.44e-01  1.16e-01   0.33
2005 12 17  1210   53721   43800  0  1.11e+03  2.75e+01  0  1.37e+03  1.30e+01  1.89e+00  3.34e-01  6.24e-02   0.49
2005 12 17  1215   53721   44100  0  1.09e+03  2.67e+01  0  1.34e+03  1.36e+01  1.74e+00  3.53e-01  1.39e-01   0.43
2005 12 17  1220   53721   44400  0  1.04e+03  2.49e+01  0  1.38e+03  1.53e+01  1.38e+00  4.57e-01  8.43e-02   0.34
2005 12 17  1225   53721   44700  0  1.09e+03  2.16e+01  0  1.26e+03  1.40e+01  1.80e+00  4.75e-01  1.16e-01   0.33
2005 12 17  1230   53721   45000  0  1.13e+03  2.74e+01  0  1.38e+03  1.60e+01  2.26e+00  3.53e-01  1.37e-01   0.63
2005 12 17  1235   53721   45300  0  1.12e+03  2.41e+01  0  1.41e+03  1.41e+01  1.98e+00  8.00e-01  1.83e-01   0.28
2005 12 17  1240   53721   45600  0  1.07e+03  1.82e+01  0  1.27e+03  1.45e+01  1.92e+00  4.76e-01  1.84e-01   0.55
2005 12 17  1245   53721   45900  0  1.30e+03  2.74e+01  0  1.41e+03  1.25e+01  1.84e+00  4.99e-01  1.79e-01   0.39
2005 12 17  1250   53721   46200  0  1.16e+03  2.78e+01  0  1.38e+03  1.37e+01  1.59e+00  5.91e-01  1.45e-01   0.50
2005 12 17  1255   53721   46500  0  1.03e+03  2.36e+01  0  1.41e+03  1.43e+01  1.92e+00  3.24e-01  1.26e-01   0.70
2005 12 17  1300   53721   46800  0  1.08e+03  2.44e+01  0  1.31e+03  1.44e+01  1.93e+00  6.86e-01  2.00e-01   0.70
2005 12 17  1305   53721   47100  0  1.15e+03  1.98e+01  0  1.40e+03  1.48e+01  1.77e+00  4.38e-01  1.35e-01   0.34
2005 12 17  1310   53721   47400  0  1.11e+03  2.36e+01  0  1.37e+03  1.36e+01  1.62e+00  6.10e-01  1.16e-01   0.73
2005 12 17  1315   53721   47700  0  9.64e+02  2.62e+01  0  1.22e+03  1.55e+01  2.01e+00  7.05e-01  1.55e-01   0.36
2005 12 17  1320   53721   48000  0  1.09e+03  2.42e+01  0  1.41e+03  1.52e+01  1.97e+00  4.78e-01  1.37e-01   0.29
2005 12 17  1325   53721   48300  0  1.04e+03  2.29e+01  0  1.38e+03  1.46e+01  1.47e+00  3.43e-01  6.76e-02   0.34
2005 12 17  1330   53721   48600  0  1.01e+03  2.32e+01  0  1.36e+03  1.67e+01  1.95e+00  4.76e-01  1.35e-01   0.71
2005 12 17  1335   53721   48900  0  1.05e+03  2.55e+01  0  1.33e+03  1.38e+01  1.93e+00  4.57e-01  1.48e-01   0.58
2005 12 17  1340   53721   49200  0  1.11e+03  2.18e+01  0  1.44e+03  1.65e+01  1.92e+00  4.19e-01  1.35e-01   0.46
2005 12 17  1345   53721   49500  0  1.04e+03  2.32e+01  0  1.35e+03  1.45e+01  1.53e+00  4.95e-01  1.06e-01   0.27
2005 12 17  1350   53721   49800  0  9.56e+02  2.92e+01  0  1.26e+03  1.46e+01  2.13e+00  6.03e-01  2.11e-01   0.42
2005 12 17  1355   53721   50100  0  1.11e+03  2.40e+01  0  1.34e+03  1.58e+01  1.75e+00  5.63e-01  1.78e-01   0.25
2005 12 17  1400   53721   50400  0  1.03e+03  2.57e+01  0  1.40e+03  1.53e+01  1.88e+00  2.94e-01  1.49e-01   0.46
2005 12 17  1405   53721   50700  0  1.01e+03  2.24e+01  0  1.32e+03  1.63e+01  1.90e+00  3.95e-01  2.21e-01   0.31
2005 12 17  1410   53721   51000  0  1.09e+03  2.73e+01  0  1.37e+03  1.40e+01  1.80e+00  6.29e-01  1.74e-01   0.38
2005 12 17  1415   53721   51300  0  1.06e+03  2.30e+01  0  1.36e+03  1.43e+01  1.44e+00  4.57e-01  1.55e-01   0.48
2005 12 17  1420   53721   51600  0  1.05e+03  2.20e+01  0  1.37e+03  1.53e+01  2.13e+00  5.82e-01  1.48e-01   0.62
2005 12 17  1425   53721   51900  0  1.04e+03  2.59e+01  0  1.27e+03  1.40e+01  1.71e+00  5.53e-01  1.06e-01   0.12
2005 12 17  1430   53721   52200  0  1.06e+03  2.23e+01  0  1.44e+03  1.55e+01  1.59e+00  5.14e-01  2.03e-01   0.46
2005 12 17  1435   53721   52500  0  9.97e+02  2.94e+01  0  1.42e+03  1.59e+01  2.20e+00  3.74e-01  1.26e-01   0.87
2005 12 17  1440   53721   52800  0  9.53e+02  2.68e+01  0  1.31e+03  1.56e+01  1.83e+00  6.51e-01  1.52e-01   0.49
2005 12 17  1445   53721   53100  0  1.09e+03  2.59e+01  0  1.38e+03  1.66e+01  1.57e+00  4.57e-01  9.48e-02   0.21
2005 12 17  1450   53721   53400  0  9.87e+02  2.34e+01  0  1.36e+03  1.36e+01  1.67e+00  6.24e-01  1.37e-01   0.46
2005 12 17  1455   53721   53700  0  9.40e+02  2.75e+01  0  1.36e+03  1.37e+01  1.97e+00  6.33e-01  1.78e-01   0.34
2005 12 17  1500   53721   54000  0  1.15e+03  2.39e+01  0  1.39e+03  1.36e+01  1.79e+00  4.36e-01  1.10e-01   0.83
2005 12 17  1505   53721   54300  0  9.50e+02  2.72e+01  0  1.44e+03  1.69e+01  2.03e+00  6.86e-01  1.21e-01   0.23
2005 12 17  1510   53721   54600  0  1.03e+03  2.49e+01  0  1.39e+03  1.64e+01  1.69e+00  2.99e-01  2.05e-01   0.66
2005 12 17  1515   53721   54900  0  1.02e+03  2.80e+01  0  1.27e+03  1.59e+01  2.20e+00  5.61e-01  1.16e-01   0.12
2005 12 17  1520   53721   55200  0  1.07e+03  2.49e+01  0  1.41e+03  1.39e+01  1.97e+00  4.93e-01  1.52e-01   0.62
2005 12 17  1525   53721   55500  0  9.31e+02  2.32e+01  0  1.38e+03  1.33e+01  1.87e+00  4.34e-01  1.58e-01   0.19
2005 12 17  1530   53721   55800  0  1.03e+03  2.28e+01  0  1.35e+03  1.39e+01  1.54e+00  5.61e-01  2.11e-01   0.32
2005 12 17  1535   53721   56100  0  9.60e+02  2.24e+01  0  1.36e+03  1.30e+01  1.53e+00  3.87e-01  1.25e-01   0.89
2005 12 17  1540   53721   56400  0  9.78e+02  2.94e+01  0  1.37e+03  1.55e+01  1.31e+00  6.03e-01  2.00e-01   0.99
2005 12 17  1545   53721   56700  0  1.13e+03  2.44e+01  0  1.36e+03  1.66e+01  1.34e+00  7.48e-01  1.69e-01   0.64
2005 12 17  1550   53721   57000  0  9.88e+02  2.93e+01  0  1.29e+03  1.35e+01  1.97e+00  5.10e-01  1.78e-01   0.80
2005 12 17  1555   53721   57300  0  1.14e+03  2.69e+01  0  1.39e+03  1.58e+01  1.80e+00  3.95e-01  8.43e-02   0.44
2005 12 17  1600   53721   57600  0  9.90e+02  2.83e+01  0  1.37e+03  1.42e+01  2.67e+00  7.24e-01  1.06e-01   0.19
2005 12 17  1605   53721   57900  0  9.76e+02  3.06e+01  0  1.31e+03  1.49e+01  1.20e+00  4.95e-01  1.37e-01   0.40
2005 12 17  1610   53721   58200  0  1.12e+03  2.67e+01  0  1.47e+03  1.55e+01  2.10e+00  7.07e-01  1.69e-01   0.29
2005 12 17  1615   53721   58500  0  1.01e+03  2.46e+01  0  1.40e+03  1.45e+01  1.80e+00  5.34e-01  1.74e-01   0.56
2005 12 17  1620   53721   58800  0  1.04e+03  2.80e+01  0  1.40e+03  1.39e+01  1.62e+00  5.34e-01  1.74e-01   0.36
2005 12 17  1625   53721   59100  0  1.08e+03  2.96e+01  0  1.31e+03  1.49e+01  2.13e+00  5.82e-01  1.58e-01   0.20
2005 12 17  1630   53721   59400  0  1.19e+03  3.17e+01  0  1.49e+03  1.46e+01  2.10e+00  5.72e-01  1.64e-01   0.46
2005 12 17  1635   53721   59700  0  1.06e+03  3.06e+01  0  1.80e+03  1.57e+01  2.19e+00  6.10e-01  1.06e-01   0.72
2005 12 17  1640   53721   60000  0  1.09e+03  3.14e+01  0  1.60e+03  1.83e+01  1.95e+00  5.34e-01  9.48e-02   0.41
2005 12 17  1645   53721   60300  0  1.10e+03  2.74e+01  0  1.64e+03  1.52e+01  2.36e+00  5.82e-01  6.95e-02   0.48
2005 12 17  1650   53721   60600  0  1.06e+03  2.39e+01  0  1.60e+03  1.62e+01  1.56e+00  5.91e-01  2.32e-01   0.58
2005 12 17  1655   53721   60900  0  9.66e+02  3.51e+01  0  1.45e+03  1.70e+01  2.10e+00  5.53e-01  1.35e-01   0.78
2005 12 17  1700   53721   61200  0  1.10e+03  2.92e+01  0  1.72e+03  1.76e+01  2.36e+00  4.78e-01  1.16e-01   0.26
2005 12 17  1705   53721   61500  0  1.05e+03  2.75e+01  0  2.18e+03  1.99e+01  2.01e+00  3.24e-01  1.74e-01   0.51
2005 12 17  1710   53721   61800  0  1.05e+03  3.17e+01  0  2.29e+03  1.71e+01  1.92e+00  5.34e-01  1.55e-01   0.23
2005 12 17  1715   53721   62100  0  1.02e+03  2.88e+01  0  2.12e+03  1.81e+01  2.29e+00  6.24e-01  1.47e-01   0.66
2005 12 17  1720   53721   62400  0  1.24e+03  3.03e+01  0  2.11e+03  1.80e+01  1.64e+00  8.09e-01  1.60e-01   0.80
2005 12 17  1725   53721   62700  0  1.09e+03  3.13e+01  0  2.00e+03  1.96e+01  1.61e+00  5.61e-01  1.26e-01   0.29
2005 12 17  1730   53721   63000  0  1.10e+03  3.17e+01  0  1.84e+03  2.02e+01  1.93e+00  4.16e-01  1.26e-01   0.19
2005 12 17  1735   53721   63300  0  1.18e+03  3.19e+01  0  1.87e+03  2.12e+01  1.64e+00  5.98e-01  2.14e-01   0.52
2005 12 17  1740   53721   63600  0  1.05e+03  2.86e+01  0  1.89e+03  1.63e+01  2.03e+00  3.74e-01  1.48e-01   0.42
2005 12 17  1745   53721   63900  0  1.15e+03  2.43e+01  0  1.76e+03  2.10e+01  2.07e+00  4.37e-01  2.84e-01   0.30
2005 12 17  1750   53721   64200  0  1.09e+03  2.70e+01  0  1.72e+03  1.71e+01  2.08e+00  5.98e-01  1.78e-01   0.16
2005 12 17  1755   53721   64500  0  1.11e+03  2.90e+01  0  1.87e+03  1.68e+01  1.61e+00  6.65e-01  1.58e-01   0.39
2005 12 17  1800   53721   64800  0  1.06e+03  3.56e+01  0  1.84e+03  1.74e+01  2.08e+00  4.38e-01  1.26e-01   0.23
2005 12 17  1805   53721   65100  0  9.74e+02  2.90e+01  0  1.78e+03  1.85e+01  1.93e+00  6.03e-01  1.37e-01   0.23
2005 12 17  1810   53721   65400  0  1.06e+03  3.11e+01  0  2.01e+03  1.98e+01  1.90e+00  6.65e-01  9.48e-02   0.45
2005 12 17  1815   53721   65700  0  1.10e+03  2.85e+01  0  2.26e+03  2.04e+01  1.91e+00  3.34e-01  1.26e-01   0.75
2005 12 17  1820   53721   66000  0  1.09e+03  2.88e+01  0  3.95e+03  2.20e+01  1.90e+00  7.07e-01  1.48e-01   0.12
2005 12 17  1825   53721   66300  0  1.11e+03  2.74e+01  0  2.79e+03  2.41e+01  2.69e+00  6.03e-01  1.37e-01   0.52
2005 12 17  1830   53721   66600  0  1.08e+03  2.66e+01  0  2.44e+03  2.16e+01  2.06e+00  5.09e-01  1.35e-01   0.43
2005 12 17  1835   53721   66900  0  1.05e+03  3.07e+01  0  2.50e+03  2.71e+01  1.90e+00  3.74e-01  1.05e-01   0.64
2005 12 17  1840   53721   67200  0  1.03e+03  2.92e+01  0  2.59e+03  2.46e+01  1.71e+00  6.67e-01  1.26e-01   0.21
2005 12 17  1845   53721   67500  0  1.17e+03  2.78e+01  0  2.79e+03  2.15e+01  1.83e+00  5.91e-01  3.86e-02   0.74
2005 12 17  1850   53721   67800  0  1.04e+03  3.29e+01  0  3.82e+03  2.35e+01  1.70e+00  7.28e-01  5.80e-02   0.28
2005 12 17  1855   53721   68100  0  9.58e+02  2.82e+01  0  7.87e+03  4.11e+01  2.04e+00  4.38e-01  1.05e-01   0.80
2005 12 17  1900   53721   68400  0  1.13e+03  2.27e+01  0  3.79e+03  3.05e+01  2.16e+00  4.38e-01  2.03e-01   0.03
2005 12 17  1905   53721   68700  0  1.10e+03  3.00e+01  0  1.52e+03  1.80e+01  1.93e+00  5.61e-01  1.79e-01   0.52
2005 12 17  1910   53721   69000  0  1.04e+03  2.96e+01  0  1.58e+03  1.71e+01  1.77e+00  6.67e-01  1.55e-01   0.13
2005 12 17  1915   53721   69300  0  1.01e+03  2.92e+01  0  1.58e+03  2.21e+01  2.22e+00  4.38e-01  1.35e-01   0.66
2005 12 17  1920   53721   69600  0  1.07e+03  3.14e+01  0  3.80e+03  2.93e+01  2.16e+00  6.48e-01  1.74e-01   0.52
2005 12 17  1925   53721   69900  0  9.47e+02  2.82e+01  0  4.58e+03  2.01e+01  2.16e+00  4.99e-01  1.37e-01   0.69
2005 12 17  1930   53721   70200  0  9.74e+02  2.62e+01  0  4.07e+03  2.47e+01  1.95e+00  4.76e-01  1.64e-01   0.47
2005 12 17  1935   53721   70500  0  1.10e+03  2.78e+01  0  2.67e+03  2.23e+01  1.92e+00  3.81e-01  2.12e-01   0.26
2005 12 17  1940   53721   70800  0  1.00e+03  3.30e+01  0  1.92e+03  1.83e+01  2.03e+00  7.07e-01  1.58e-01   0.33
2005 12 17  1945   53721   71100  0  1.03e+03  2.87e+01  0  1.75e+03  1.72e+01  2.13e+00  5.34e-01  1.45e-01   0.52
2005 12 17  1950   53721   71400  0  1.11e+03  2.76e+01  0  1.72e+03  1.63e+01  2.01e+00  5.14e-01  1.84e-01   0.19
2005 12 17  1955   53721   71700  0  1.10e+03  3.00e+01  0  1.82e+03  1.79e+01  1.97e+00  6.24e-01  1.16e-01   0.03
2005 12 17  2000   53721   72000  0  1.05e+03  3.16e+01  0  2.29e+03  2.02e+01  2.36e+00  6.51e-01  9.48e-02   0.52
2005 12 17  2005   53721   72300  0  1.08e+03  2.40e+01  0  1.67e+03  1.86e+01  2.03e+00  4.37e-01  1.79e-01   0.31
2005 12 17  2010   53721   72600  0  1.16e+03  2.92e+01  0  1.62e+03  2.04e+01  2.13e+00  6.44e-01  1.58e-01   0.45
2005 12 17  2015   53721   72900  0  9.36e+02  2.96e+01  0  1.47e+03  1.68e+01  1.83e+00  4.57e-01  1.43e-01   0.62
2005 12 17  2020   53721   73200  0  9.64e+02  2.86e+01  0  1.42e+03  1.62e+01  1.70e+00  5.20e-01  1.62e-01   0.47
2005 12 17  2025   53721   73500  0  1.01e+03  2.80e+01  0  1.46e+03  1.76e+01  1.31e+00  7.48e-01  1.69e-01   0.41
2005 12 17  2030   53721   73800  0  1.06e+03  2.96e+01  0  1.53e+03  1.44e+01  1.83e+00  5.45e-01  1.60e-01   0.79
2005 12 17  2035   53721   74100  0  1.06e+03  2.74e+01  0  1.57e+03  1.85e+01  1.80e+00  3.43e-01  1.48e-01   0.31
2005 12 17  2040   53721   74400  0  9.15e+02  2.75e+01  0  1.47e+03  1.72e+01  1.64e+00  5.28e-01  1.60e-01   0.21
2005 12 17  2045   53721   74700  0  9.61e+02  3.09e+01  0  1.54e+03  1.49e+01  1.51e+00  9.35e-01  1.97e-01   0.58
2005 12 17  2050   53721   75000  0  8.83e+02  3.30e+01  0  1.58e+03  1.58e+01  1.44e+00  3.43e-01  1.74e-01   0.67
2005 12 17  2055   53721   75300  9 -1.00e+05 -1.00e+05  9 -1.00e+05 -1.00e+05 -1.00e+05 -1.00e+05 -1.00e+05  -1.00
2005 12 17  2100   53721   75600  9 -1.00e+05 -1.00e+05  9 -1.00e+05 -1.00e+05 -1.00e+05 -1.00e+05 -1.00e+05  -1.00
2005 12 17  2105   53721   75900  9 -1.00e+05 -1.00e+05  9 -1.00e+05 -1.00e+05 -1.00e+05 -1.00e+05 -1.00e+05  -1.00
2005 12 17  2110   53721   76200  9 -1.00e+05 -1.00e+05  9 -1.00e+05 -1.00e+05 -1.00e+05 -1.00e+05 -1.00e+05  -1.00
2005 12 17  2115   53721   76500  9 -1.00e+05 -1.00e+05  9 -1.00e+05 -1.00e+05 -1.00e+05 -1.00e+05 -1.00e+05  -1.00
2005 12 17  2120   53721   76800  9 -1.00e+05 -1.00e+05  9 -1.00e+05 -1.00e+05 -1.00e+05 -1.00e+05 -1.00e+05  -1.00
2005 12 17  2125   53721   77100  0  8.60e+02  2.30e+01  0  1.41e+03  1.30e+01  2.19e+00  5.06e-01  1.58e-01   0.27
2005 12 17  2130   53721   77400  0  9.66e+02  2.78e+01  0  1.31e+03  1.40e+01  1.90e+00  6.86e-01  9.27e-02   0.39
2005 12 17  2135   53721   77700  0  9.97e+02  2.64e+01  0  1.38e+03  1.56e+01  2.04e+00  4.38e-01  1.83e-01   0.53
2005 12 17  2140   53721   78000  0  8.99e+02  3.15e+01  0  1.37e+03  1.35e+01  2.16e+00  5.53e-01  1.16e-01   0.36
2005 12 17  2145   53721   78300  0  8.71e+02  2.86e+01  0  1.42e+03  1.53e+01  1.61e+00  4.16e-01  1.37e-01   0.52
2005 12 17  2150   53721   78600  0  8.75e+02  2.60e+01  0  1.37e+03  1.26e+01  2.04e+00  4.57e-01  1.16e-01   0.29
2005 12 17  2155   53721   78900  0  1.03e+03  2.23e+01  0  1.38e+03  1.59e+01  2.34e+00  4.95e-01  1.64e-01   0.32
2005 12 17  2200   53721   79200  0  9.15e+02  2.99e+01  0  1.39e+03  1.63e+01  2.07e+00  5.34e-01  9.27e-02   0.36
2005 12 17  2205   53721   79500  0  9.11e+02  2.82e+01  0  1.29e+03  1.35e+01  1.74e+00  6.65e-01  2.42e-01   0.31
2005 12 17  2210   53721   79800  0  9.92e+02  2.85e+01  0  1.38e+03  1.39e+01  1.50e+00  5.09e-01  1.88e-01   0.10
2005 12 17  2215   53721   80100  0  9.64e+02  2.76e+01  0  1.41e+03  1.38e+01  1.86e+00  3.43e-01  1.26e-01   0.22
2005 12 17  2220   53721   80400  0  8.89e+02  2.96e+01  0  1.31e+03  1.54e+01  1.51e+00  4.99e-01  1.39e-01   0.50
2005 12 17  2225   53721   80700  0  9.01e+02  2.85e+01  0  1.41e+03  1.40e+01  1.92e+00  4.38e-01  1.06e-01   0.95
2005 12 17  2230   53721   81000  0  8.77e+02  2.29e+01  0  1.38e+03  1.46e+01  1.86e+00  3.53e-01  8.69e-02   0.68
2005 12 17  2235   53721   81300  0  9.15e+02  2.47e+01  0  1.36e+03  1.54e+01  1.61e+00  5.82e-01  1.79e-01   0.46
2005 12 17  2240   53721   81600  0  9.46e+02  3.09e+01  0  1.32e+03  1.35e+01  1.39e+00  3.87e-01  2.23e-01   0.38
2005 12 17  2245   53721   81900  0  9.42e+02  2.49e+01  0  1.43e+03  1.65e+01  1.80e+00  5.82e-01  1.16e-01   0.37
2005 12 17  2250   53721   82200  0  8.42e+02  3.00e+01  0  1.37e+03  1.39e+01  1.93e+00  5.40e-01  5.27e-02   0.30
2005 12 17  2255   53721   82500  0  9.43e+02  2.32e+01  0  1.32e+03  1.49e+01  2.02e+00  5.63e-01  1.25e-01   0.06
2005 12 17  2300   53721   82800  0  8.99e+02  2.67e+01  0  1.39e+03  1.37e+01  1.61e+00  4.16e-01  1.27e-01   0.48
2005 12 17  2305   53721   83100  0  1.01e+03  2.11e+01  0  1.42e+03  1.56e+01  2.10e+00  4.57e-01  1.05e-01   0.54
2005 12 17  2310   53721   83400  0  8.59e+02  2.65e+01  0  1.39e+03  1.59e+01  1.36e+00  5.45e-01  1.52e-01   0.34
2005 12 17  2315   53721   83700  0  8.48e+02  3.11e+01  0  1.31e+03  1.70e+01  2.16e+00  4.57e-01  1.26e-01   0.59
2005 12 17  2320   53721   84000  0  9.33e+02  2.73e+01  0  1.42e+03  1.53e+01  1.64e+00  5.45e-01  1.52e-01   0.41
2005 12 17  2325   53721   84300  0  9.01e+02  2.76e+01  0  1.37e+03  1.21e+01  1.80e+00  4.99e-01  1.26e-01   0.17
2005 12 17  2330   53721   84600  0  9.00e+02  2.30e+01  0  1.31e+03  1.48e+01  1.84e+00  5.20e-01  1.26e-01   0.33
2005 12 17  2335   53721   84900  0  9.74e+02  2.70e+01  0  1.37e+03  1.63e+01  1.94e+00  5.98e-01  1.43e-01   0.15
2005 12 17  2340   53721   85200  0  9.38e+02  2.53e+01  0  1.36e+03  1.48e+01  1.87e+00  3.95e-01  1.48e-01   0.63
2005 12 17  2345   53721   85500  0  8.80e+02  2.57e+01  0  1.38e+03  1.52e+01  1.74e+00  4.78e-01  1.48e-01   0.40
2005 12 17  2350   53721   85800  0  9.49e+02  2.37e+01  0  1.41e+03  1.29e+01  1.69e+00  4.57e-01  1.87e-01   0.65
2005 12 17  2355   53721   86100  0  8.91e+02  2.44e+01  0  1.39e+03  1.52e+01  1.05e+00  3.95e-01  1.37e-01   0.36
