:Data_list: 20050403_ace_epam_5m.txt
:Created: 2005 Apr 04 0012 UT
# Prepared by the U.S. Dept. of Commerce, NOAA, Space Environment Center.
# Please send comments and suggestions to SEC.Webmaster@noaa.gov 
# 
# Units: Differential Flux particles/cm2-s-ster-MeV
# Units: Anisotropy Index 0.0 - 2.0
# Status(S): 0 = nominal, 4,6,7,8 = bad data, unable to process, 9 = no data
# Missing data values: -1.00e+05, index = -1.00
# Source: ACE Satellite - Electron, Proton, and Alpha Monitor
# 2004 Feb 04: see http://www.sec.noaa.gov/ftpdir/lists/ace/README for EPAM channel change notice.
#
#                      5-minute averaged Real-time Differential Electron and Proton Flux 
# 
#                Modified Seconds ---------------------------- Differential Flux --------------------------- 
# UT Date   Time  Julian  of the  ----- Electron -----   ------------------- Protons keV -------------------   Anis.
# YR MO DA  HHMM    Day    Day    S    38-53   175-315   S    47-68   115-195   310-580   761-1220 1060-1900   Ratio
#-------------------------------------------------------------------------------------------------------------------
2005 04 03  0000   53463       0  0  3.03e+02  1.60e+01  0  7.42e+02  1.92e+01  1.90e+00  4.34e-01  3.16e-02   0.65
2005 04 03  0005   53463     300  0  2.90e+02  1.82e+01  0  7.50e+02  2.04e+01  2.70e+00  3.81e-01  3.48e-02   0.06
2005 04 03  0010   53463     600  0  3.74e+02  2.23e+01  0  8.05e+02  2.04e+01  2.16e+00  3.43e-01  7.73e-02   1.11
2005 04 03  0015   53463     900  0  2.61e+02  1.56e+01  0  7.94e+02  1.86e+01  2.58e+00  6.48e-01  1.55e-01   0.36
2005 04 03  0020   53463    1200  0  3.23e+02  1.91e+01  0  7.77e+02  1.65e+01  2.26e+00  3.74e-01  1.16e-01   0.34
2005 04 03  0025   53463    1500  0  3.02e+02  2.02e+01  0  7.66e+02  2.16e+01  1.80e+00  5.91e-01  1.27e-01   0.38
2005 04 03  0030   53463    1800  0  3.49e+02  1.68e+01  0  8.40e+02  1.75e+01  2.19e+00  4.57e-01  6.95e-02   0.40
2005 04 03  0035   53463    2100  0  2.99e+02  1.60e+01  0  7.89e+02  1.98e+01  2.39e+00  4.57e-01  8.43e-02   0.35
2005 04 03  0040   53463    2400  0  3.02e+02  1.77e+01  0  7.78e+02  1.94e+01  2.04e+00  4.00e-01  3.16e-02   0.74
2005 04 03  0045   53463    2700  0  2.90e+02  1.82e+01  0  7.64e+02  2.02e+01  2.01e+00  4.19e-01  4.64e-02   0.89
2005 04 03  0050   53463    3000  0  2.96e+02  2.09e+01  0  7.51e+02  1.91e+01  1.90e+00  3.12e-01  9.48e-02   1.00
2005 04 03  0055   53463    3300  0  3.16e+02  2.09e+01  0  7.88e+02  2.09e+01  2.05e+00  4.40e-01  9.81e-02   0.43
2005 04 03  0100   53463    3600  0  3.34e+02  1.58e+01  0  7.40e+02  2.20e+01  1.87e+00  2.29e-01  1.26e-01   0.47
2005 04 03  0105   53463    3900  0  3.15e+02  1.86e+01  0  8.04e+02  2.01e+01  1.87e+00  3.33e-01  6.95e-02   0.62
2005 04 03  0110   53463    4200  0  3.16e+02  1.70e+01  0  8.07e+02  2.22e+01  2.05e+00  5.28e-01  8.69e-02   0.40
2005 04 03  0115   53463    4500  0  2.69e+02  1.66e+01  0  7.10e+02  1.94e+01  1.74e+00  3.95e-01  6.32e-02   0.05
2005 04 03  0120   53463    4800  0  3.09e+02  1.66e+01  0  7.40e+02  2.00e+01  1.80e+00  3.33e-01  1.58e-01   0.16
2005 04 03  0125   53463    5100  0  3.19e+02  2.11e+01  0  7.93e+02  1.81e+01  1.55e+00  3.69e-01  1.25e-01   0.41
2005 04 03  0130   53463    5400  0  2.47e+02  1.47e+01  0  7.58e+02  1.87e+01  2.29e+00  5.61e-01  7.37e-02   0.31
2005 04 03  0135   53463    5700  0  3.62e+02  2.06e+01  0  7.76e+02  1.94e+01  1.97e+00  4.05e-01  9.81e-02   0.75
2005 04 03  0140   53463    6000  0  3.20e+02  1.76e+01  0  7.71e+02  2.17e+01  2.10e+00  6.65e-01  2.90e-02   0.33
2005 04 03  0145   53463    6300  0  2.16e+02  1.62e+01  0  7.78e+02  1.74e+01  2.56e+00  4.57e-01  7.38e-02   0.52
2005 04 03  0150   53463    6600  0  2.84e+02  1.90e+01  0  7.32e+02  1.70e+01  2.14e+00  3.34e-01  1.34e-01   0.31
2005 04 03  0155   53463    6900  0  3.37e+02  1.57e+01  0  8.13e+02  1.63e+01  1.97e+00  3.53e-01  9.27e-02   0.76
2005 04 03  0200   53463    7200  0  3.01e+02  1.62e+01  0  7.88e+02  1.75e+01  1.67e+00  3.74e-01  7.38e-02   0.50
2005 04 03  0205   53463    7500  0  3.11e+02  1.70e+01  0  7.35e+02  1.75e+01  1.53e+00  5.45e-01  1.25e-01   0.84
2005 04 03  0210   53463    7800  0  3.79e+02  1.87e+01  0  7.86e+02  1.60e+01  2.16e+00  3.53e-01  5.27e-02   0.41
2005 04 03  0215   53463    8100  0  3.55e+02  1.72e+01  0  7.53e+02  1.71e+01  1.56e+00  4.76e-01  1.26e-01   0.29
2005 04 03  0220   53463    8400  0  2.40e+02  1.65e+01  0  7.73e+02  1.69e+01  2.22e+00  3.43e-01  9.48e-02   0.67
2005 04 03  0225   53463    8700  0  3.13e+02  1.80e+01  0  7.00e+02  1.92e+01  1.90e+00  5.20e-01  6.95e-02   0.62
2005 04 03  0230   53463    9000  0  4.27e+02  1.74e+01  0  7.38e+02  1.65e+01  2.19e+00  4.57e-01  7.73e-02   0.31
2005 04 03  0235   53463    9300  0  2.88e+02  1.77e+01  0  7.87e+02  1.97e+01  2.34e+00  3.81e-01  9.66e-02   0.30
2005 04 03  0240   53463    9600  0  2.89e+02  1.74e+01  0  7.43e+02  2.14e+01  1.80e+00  5.82e-01  1.26e-01   0.71
2005 04 03  0245   53463    9900  0  2.99e+02  1.47e+01  0  7.40e+02  2.04e+01  2.61e+00  3.81e-01  1.37e-01   0.56
2005 04 03  0250   53463   10200  0  2.87e+02  1.61e+01  0  7.66e+02  1.91e+01  2.10e+00  2.10e-01  5.15e-02   1.41
2005 04 03  0255   53463   10500  0  2.56e+02  1.61e+01  0  8.09e+02  1.95e+01  2.04e+00  4.19e-01  1.16e-01   0.48
2005 04 03  0300   53463   10800  0  2.89e+02  1.51e+01  0  7.63e+02  1.99e+01  1.67e+00  3.74e-01  1.16e-01   0.72
2005 04 03  0305   53463   11100  0  3.43e+02  1.97e+01  0  7.32e+02  1.75e+01  1.65e+00  3.81e-01  7.73e-02   0.21
2005 04 03  0310   53463   11400  0  3.14e+02  1.72e+01  0  7.75e+02  2.00e+01  2.40e+00  4.38e-01  1.26e-01   0.70
2005 04 03  0315   53463   11700  0  2.45e+02  1.87e+01  0  6.93e+02  2.07e+01  2.46e+00  4.57e-01  8.43e-02   0.63
2005 04 03  0320   53463   12000  0  3.75e+02  1.82e+01  0  7.71e+02  2.12e+01  2.13e+00  5.72e-01  1.45e-01   0.42
2005 04 03  0325   53463   12300  0  3.17e+02  1.82e+01  0  8.12e+02  2.11e+01  2.28e+00  5.14e-01  9.66e-02   0.49
2005 04 03  0330   53463   12600  0  2.16e+02  1.70e+01  0  7.33e+02  1.66e+01  2.13e+00  5.20e-01  9.48e-02   0.28
2005 04 03  0335   53463   12900  0  4.48e+02  1.78e+01  0  7.78e+02  1.80e+01  2.27e+00  4.40e-01  4.83e-02   0.17
2005 04 03  0340   53463   13200  0  3.57e+02  1.64e+01  0  7.83e+02  1.80e+01  1.87e+00  2.91e-01  1.37e-01   1.49
2005 04 03  0345   53463   13500  0  2.94e+02  1.28e+01  0  7.97e+02  1.66e+01  1.77e+00  5.61e-01  1.48e-01   0.22
2005 04 03  0350   53463   13800  0  3.22e+02  1.93e+01  0  7.53e+02  1.97e+01  2.41e+00  4.22e-01  1.43e-01   0.55
2005 04 03  0355   53463   14100  0  4.35e+02  1.97e+01  0  8.09e+02  1.98e+01  1.80e+00  4.16e-01  9.48e-02   0.72
2005 04 03  0400   53463   14400  0  3.12e+02  1.91e+01  0  7.89e+02  1.87e+01  1.64e+00  5.20e-01  9.48e-02   0.47
2005 04 03  0405   53463   14700  0  2.67e+02  1.77e+01  0  7.45e+02  1.70e+01  1.83e+00  4.22e-01  1.52e-01   1.22
2005 04 03  0410   53463   15000  0  3.83e+02  1.68e+01  0  7.78e+02  1.90e+01  2.23e+00  3.12e-01  9.48e-02   0.45
2005 04 03  0415   53463   15300  0  2.63e+02  1.50e+01  0  7.68e+02  1.84e+01  1.66e+00  5.10e-01  2.11e-02   0.29
2005 04 03  0420   53463   15600  0  2.89e+02  1.95e+01  0  7.90e+02  1.69e+01  2.20e+00  4.57e-01  1.16e-01   0.60
2005 04 03  0425   53463   15900  0  2.65e+02  1.86e+01  0  7.54e+02  1.75e+01  2.10e+00  3.53e-01  1.16e-01   0.60
2005 04 03  0430   53463   16200  0  2.50e+02  1.91e+01  0  7.61e+02  1.98e+01  1.83e+00  4.40e-01  5.35e-02   0.68
2005 04 03  0435   53463   16500  0  2.93e+02  1.82e+01  0  7.76e+02  1.95e+01  1.87e+00  3.74e-01  2.32e-02   0.70
2005 04 03  0440   53463   16800  0  3.17e+02  1.47e+01  0  6.81e+02  1.92e+01  1.70e+00  2.29e-01  9.27e-02   1.15
2005 04 03  0445   53463   17100  0  3.28e+02  1.98e+01  0  7.81e+02  1.75e+01  1.78e+00  3.52e-01  9.81e-02   0.37
2005 04 03  0450   53463   17400  0  2.94e+02  1.43e+01  0  7.72e+02  1.92e+01  1.87e+00  4.57e-01  1.16e-01   0.79
2005 04 03  0455   53463   17700  0  2.81e+02  1.70e+01  0  7.58e+02  1.64e+01  1.68e+00  6.10e-01  1.06e-01   0.22
2005 04 03  0500   53463   18000  0  3.37e+02  1.68e+01  0  8.12e+02  1.85e+01  1.74e+00  3.81e-01  7.73e-02   0.31
2005 04 03  0505   53463   18300  0  3.49e+02  1.68e+01  0  7.59e+02  1.80e+01  2.07e+00  3.53e-01  2.90e-02   0.13
2005 04 03  0510   53463   18600  0  3.43e+02  1.56e+01  0  8.28e+02  1.61e+01  1.95e+00  3.81e-01  4.21e-02   0.44
2005 04 03  0515   53463   18900  0  2.74e+02  1.72e+01  0  7.05e+02  1.88e+01  1.86e+00  4.00e-01  1.45e-02   0.63
2005 04 03  0520   53463   19200  0  3.97e+02  1.60e+01  0  7.88e+02  1.77e+01  2.52e+00  4.37e-01  1.93e-02   0.13
2005 04 03  0525   53463   19500  0  3.24e+02  1.95e+01  0  7.74e+02  1.86e+01  2.01e+00  3.05e-01  7.73e-02   0.33
2005 04 03  0530   53463   19800  0  2.98e+02  1.56e+01  0  7.10e+02  1.55e+01  1.77e+00  4.38e-01  4.64e-02   0.57
2005 04 03  0535   53463   20100  0  3.42e+02  2.04e+01  0  7.49e+02  2.00e+01  1.77e+00  3.62e-01  6.44e-02   0.34
2005 04 03  0540   53463   20400  0  3.00e+02  1.55e+01  0  7.72e+02  1.58e+01  1.67e+00  5.20e-01  3.86e-02   0.38
2005 04 03  0545   53463   20700  0  4.02e+02  1.40e+01  0  7.44e+02  2.25e+01  1.95e+00  5.91e-01  9.48e-02   0.39
2005 04 03  0550   53463   21000  0  3.23e+02  1.42e+01  0  7.20e+02  1.52e+01  2.04e+00  2.29e-01  4.64e-02   1.33
2005 04 03  0555   53463   21300  0  3.25e+02  1.70e+01  0  8.16e+02  1.88e+01  1.90e+00  2.29e-01  8.11e-02   0.15
2005 04 03  0600   53463   21600  0  2.65e+02  1.47e+01  0  8.04e+02  1.97e+01  1.95e+00  2.86e-01  9.66e-02   0.54
2005 04 03  0605   53463   21900  0  3.81e+02  1.54e+01  0  7.01e+02  1.92e+01  2.25e+00  4.57e-01  9.48e-02   0.44
2005 04 03  0610   53463   22200  0  3.99e+02  1.62e+01  0  7.71e+02  1.80e+01  1.80e+00  4.16e-01  1.16e-01   0.58
2005 04 03  0615   53463   22500  0  3.31e+02  2.11e+01  0  8.35e+02  1.95e+01  2.41e+00  5.28e-01  1.69e-01   0.71
2005 04 03  0620   53463   22800  0  3.82e+02  1.99e+01  0  7.58e+02  2.05e+01  2.33e+00  3.89e-01  1.48e-01   0.15
2005 04 03  0625   53463   23100  0  2.92e+02  1.80e+01  0  7.46e+02  1.83e+01  1.84e+00  4.37e-01  8.43e-02   0.65
2005 04 03  0630   53463   23400  0  3.73e+02  1.72e+01  0  7.64e+02  1.95e+01  2.35e+00  4.21e-01  1.07e-01   0.79
2005 04 03  0635   53463   23700  0  2.44e+02  1.68e+01  0  7.68e+02  1.83e+01  2.59e+00  4.16e-01  1.05e-01   0.37
2005 04 03  0640   53463   24000  0  2.93e+02  1.72e+01  0  6.90e+02  1.92e+01  1.67e+00  7.69e-01  1.69e-01   0.36
2005 04 03  0645   53463   24300  0  3.65e+02  1.72e+01  0  7.52e+02  1.98e+01  2.02e+00  4.05e-01  1.34e-01   0.23
2005 04 03  0650   53463   24600  0  2.90e+02  1.53e+01  0  7.51e+02  1.81e+01  2.26e+00  4.57e-01  1.27e-01   0.51
2005 04 03  0655   53463   24900  0  3.14e+02  1.62e+01  0  7.32e+02  1.85e+01  2.16e+00  3.69e-01  1.16e-01   0.82
2005 04 03  0700   53463   25200  0  3.59e+02  1.53e+01  0  7.91e+02  1.78e+01  1.74e+00  5.40e-01  1.26e-01   0.41
2005 04 03  0705   53463   25500  0  2.98e+02  1.72e+01  0  7.80e+02  2.11e+01  2.07e+00  4.57e-01  1.58e-01   0.25
2005 04 03  0710   53463   25800  0  2.86e+02  1.42e+01  0  7.39e+02  1.60e+01  1.89e+00  4.40e-01  8.69e-02   0.24
2005 04 03  0715   53463   26100  0  3.51e+02  1.82e+01  0  7.24e+02  1.68e+01  2.39e+00  4.57e-01  1.26e-01   0.27
2005 04 03  0720   53463   26400  0  3.66e+02  1.80e+01  0  7.80e+02  1.76e+01  1.84e+00  4.57e-01  1.05e-01   0.20
2005 04 03  0725   53463   26700  0  3.06e+02  1.86e+01  0  8.16e+02  1.98e+01  2.33e+00  5.10e-01  9.81e-02   0.33
2005 04 03  0730   53463   27000  0  3.51e+02  1.60e+01  0  7.05e+02  1.87e+01  2.33e+00  6.03e-01  1.37e-01   0.66
2005 04 03  0735   53463   27300  0  4.17e+02  2.21e+01  0  7.64e+02  1.69e+01  1.89e+00  5.14e-01  1.35e-01   0.39
2005 04 03  0740   53463   27600  0  3.14e+02  1.84e+01  0  7.43e+02  1.82e+01  1.98e+00  5.14e-01  7.38e-02   0.52
2005 04 03  0745   53463   27900  0  3.81e+02  2.03e+01  0  7.99e+02  1.85e+01  1.97e+00  4.78e-01  6.44e-02   1.09
2005 04 03  0750   53463   28200  0  3.33e+02  2.07e+01  0  7.51e+02  2.04e+01  2.16e+00  7.24e-01  9.27e-02   0.12
2005 04 03  0755   53463   28500  0  3.46e+02  1.84e+01  0  8.23e+02  1.63e+01  2.01e+00  4.19e-01  1.26e-01   0.55
2005 04 03  0800   53463   28800  0  3.03e+02  1.31e+01  0  7.80e+02  1.87e+01  1.80e+00  3.33e-01  1.05e-01   1.21
2005 04 03  0805   53463   29100  0  3.21e+02  1.77e+01  0  7.54e+02  2.12e+01  2.10e+00  4.57e-01  5.27e-02   0.49
2005 04 03  0810   53463   29400  0  3.27e+02  1.93e+01  0  7.80e+02  2.03e+01  1.95e+00  3.81e-01  1.16e-01   0.69
2005 04 03  0815   53463   29700  0  3.65e+02  1.54e+01  0  8.00e+02  1.99e+01  2.37e+00  5.91e-01  5.80e-02   0.09
2005 04 03  0820   53463   30000  0  3.77e+02  1.86e+01  0  7.45e+02  1.89e+01  1.48e+00  5.82e-01  3.48e-02   0.57
2005 04 03  0825   53463   30300  0  3.51e+02  1.65e+01  0  8.16e+02  1.97e+01  2.13e+00  5.14e-01  6.76e-02   0.54
2005 04 03  0830   53463   30600  0  2.56e+02  1.56e+01  0  7.54e+02  1.95e+01  1.92e+00  2.86e-01  7.73e-02   0.09
2005 04 03  0835   53463   30900  0  2.87e+02  1.60e+01  0  7.71e+02  1.85e+01  1.84e+00  4.37e-01  5.80e-02   0.51
2005 04 03  0840   53463   31200  0  3.06e+02  1.56e+01  0  7.05e+02  1.61e+01  1.59e+00  3.81e-01  5.79e-02   0.27
2005 04 03  0845   53463   31500  0  3.25e+02  1.47e+01  0  7.75e+02  1.83e+01  1.68e+00  3.43e-01  1.74e-01   0.75
2005 04 03  0850   53463   31800  0  3.09e+02  1.84e+01  0  7.75e+02  2.00e+01  1.41e+00  4.99e-01  1.26e-01   0.15
2005 04 03  0855   53463   32100  0  2.90e+02  1.98e+01  0  7.32e+02  2.05e+01  2.14e+00  5.45e-01  5.80e-02   0.58
2005 04 03  0900   53463   32400  0  3.79e+02  1.45e+01  0  7.79e+02  2.01e+01  1.87e+00  5.82e-01  1.16e-01   0.26
2005 04 03  0905   53463   32700  0  3.42e+02  1.62e+01  0  7.74e+02  2.20e+01  1.84e+00  5.20e-01  6.44e-02   0.27
2005 04 03  0910   53463   33000  0  3.41e+02  1.67e+01  0  7.59e+02  2.17e+01  2.00e+00  1.76e-01  9.48e-02   0.26
2005 04 03  0915   53463   33300  0  3.37e+02  1.22e+01  0  7.42e+02  1.64e+01  2.29e+00  2.52e-01  1.16e-01   0.80
2005 04 03  0920   53463   33600  0  3.88e+02  1.78e+01  0  7.81e+02  1.85e+01  2.10e+00  3.74e-01  1.16e-01   0.71
2005 04 03  0925   53463   33900  0  2.63e+02  1.96e+01  0  8.20e+02  1.83e+01  2.08e+00  3.87e-01  1.25e-01   0.61
2005 04 03  0930   53463   34200  0  2.58e+02  1.51e+01  0  7.01e+02  1.77e+01  2.33e+00  3.74e-01  1.26e-01   0.31
2005 04 03  0935   53463   34500  0  3.74e+02  1.62e+01  0  7.70e+02  1.79e+01  1.83e+00  5.10e-01  8.91e-02   0.44
2005 04 03  0940   53463   34800  0  3.37e+02  1.68e+01  0  7.60e+02  1.62e+01  1.77e+00  3.53e-01  1.05e-01   0.88
2005 04 03  0945   53463   35100  0  2.94e+02  1.47e+01  0  7.65e+02  1.76e+01  1.77e+00  4.16e-01  1.62e-01   0.84
2005 04 03  0950   53463   35400  0  3.26e+02  1.73e+01  0  7.58e+02  1.54e+01  2.00e+00  4.75e-01  1.55e-01   0.39
2005 04 03  0955   53463   35700  0  3.12e+02  1.57e+01  0  7.57e+02  1.59e+01  1.97e+00  4.57e-01  5.27e-02   0.55
2005 04 03  1000   53463   36000  0  3.28e+02  1.86e+01  0  7.35e+02  1.59e+01  1.44e+00  3.33e-01  1.37e-01   0.71
2005 04 03  1005   53463   36300  0  3.40e+02  1.49e+01  0  7.87e+02  1.62e+01  1.41e+00  5.63e-01  0.00e+00   0.38
2005 04 03  1010   53463   36600  0  3.43e+02  1.53e+01  0  7.76e+02  1.55e+01  2.10e+00  5.20e-01  9.27e-02   0.66
2005 04 03  1015   53463   36900  0  3.51e+02  1.48e+01  0  7.82e+02  1.80e+01  2.41e+00  2.98e-01  9.07e-02   0.49
2005 04 03  1020   53463   37200  0  3.13e+02  1.63e+01  0  7.41e+02  1.83e+01  2.01e+00  4.57e-01  1.16e-01   0.49
2005 04 03  1025   53463   37500  0  3.75e+02  1.84e+01  0  7.58e+02  1.70e+01  1.64e+00  4.99e-01  1.16e-01   0.14
2005 04 03  1030   53463   37800  0  3.04e+02  1.72e+01  0  7.63e+02  1.57e+01  1.59e+00  4.38e-01  1.35e-01   0.34
2005 04 03  1035   53463   38100  0  3.11e+02  1.42e+01  0  8.15e+02  1.54e+01  2.07e+00  4.76e-01  6.76e-02   0.23
2005 04 03  1040   53463   38400  0  3.59e+02  1.76e+01  0  7.50e+02  1.73e+01  1.90e+00  3.95e-01  1.37e-01   0.74
2005 04 03  1045   53463   38700  0  3.14e+02  1.28e+01  0  7.77e+02  1.65e+01  1.95e+00  4.38e-01  1.35e-01   0.36
2005 04 03  1050   53463   39000  0  3.09e+02  1.90e+01  0  7.83e+02  1.70e+01  2.01e+00  4.57e-01  7.73e-02   0.90
2005 04 03  1055   53463   39300  0  3.68e+02  1.52e+01  0  7.05e+02  1.97e+01  1.89e+00  6.67e-01  5.80e-02   0.51
2005 04 03  1100   53463   39600  0  4.05e+02  1.84e+01  0  7.97e+02  1.57e+01  2.03e+00  3.12e-01  1.05e-01   0.41
2005 04 03  1105   53463   39900  0  3.15e+02  1.79e+01  0  7.61e+02  1.61e+01  1.98e+00  5.53e-01  1.16e-01   0.41
2005 04 03  1110   53463   40200  0  2.93e+02  1.70e+01  0  7.61e+02  1.65e+01  2.07e+00  4.00e-01  5.80e-02   0.34
2005 04 03  1115   53463   40500  0  3.75e+02  1.57e+01  0  7.63e+02  1.58e+01  2.06e+00  2.97e-01  1.90e-01   0.91
2005 04 03  1120   53463   40800  0  3.62e+02  1.65e+01  0  8.13e+02  1.50e+01  2.25e+00  6.10e-01  1.84e-01   0.36
2005 04 03  1125   53463   41100  0  3.72e+02  1.58e+01  0  7.99e+02  1.91e+01  1.92e+00  6.10e-01  8.69e-02   0.57
2005 04 03  1130   53463   41400  0  3.75e+02  1.76e+01  0  7.27e+02  1.90e+01  1.90e+00  5.82e-01  1.58e-01   0.57
2005 04 03  1135   53463   41700  0  4.01e+02  1.49e+01  0  7.98e+02  1.51e+01  1.94e+00  4.75e-01  1.60e-01   0.51
2005 04 03  1140   53463   42000  0  3.29e+02  1.41e+01  0  8.23e+02  1.83e+01  1.54e+00  4.57e-01  6.32e-02   0.34
2005 04 03  1145   53463   42300  0  3.23e+02  1.39e+01  0  7.48e+02  1.80e+01  1.57e+00  5.40e-01  1.16e-01   0.35
2005 04 03  1150   53463   42600  0  3.45e+02  1.16e+01  0  7.91e+02  1.56e+01  1.58e+00  2.99e-01  2.32e-01   0.26
2005 04 03  1155   53463   42900  0  3.60e+02  2.13e+01  0  7.69e+02  1.81e+01  1.93e+00  5.61e-01  9.48e-02   0.47
2005 04 03  1200   53463   43200  0  3.28e+02  1.80e+01  0  7.92e+02  1.68e+01  2.13e+00  4.99e-01  9.48e-02   0.68
2005 04 03  1205   53463   43500  0  3.60e+02  1.39e+01  0  7.12e+02  1.76e+01  1.66e+00  5.98e-01  1.16e-01   0.29
2005 04 03  1210   53463   43800  0  3.79e+02  1.70e+01  0  7.96e+02  1.68e+01  1.77e+00  3.95e-01  1.16e-01   0.08
2005 04 03  1215   53463   44100  0  3.34e+02  1.75e+01  0  8.37e+02  1.79e+01  2.02e+00  4.57e-01  1.07e-01   0.81
2005 04 03  1220   53463   44400  0  3.34e+02  1.87e+01  0  7.32e+02  1.78e+01  1.87e+00  5.20e-01  1.58e-01   0.24
2005 04 03  1225   53463   44700  0  4.32e+02  1.82e+01  0  8.10e+02  1.80e+01  2.10e+00  5.20e-01  8.43e-02   0.42
2005 04 03  1230   53463   45000  0  3.59e+02  1.73e+01  0  7.76e+02  1.73e+01  1.75e+00  4.22e-01  1.25e-01   0.70
2005 04 03  1235   53463   45300  0  3.34e+02  1.89e+01  0  7.94e+02  1.38e+01  1.77e+00  2.70e-01  1.37e-01   0.44
2005 04 03  1240   53463   45600  0  3.37e+02  1.99e+01  0  7.52e+02  1.70e+01  2.00e+00  3.74e-01  1.37e-01   0.22
2005 04 03  1245   53463   45900  0  3.48e+02  1.80e+01  0  8.25e+02  2.08e+01  1.94e+00  3.87e-01  9.81e-02   0.80
2005 04 03  1250   53463   46200  0  3.63e+02  1.68e+01  0  8.04e+02  1.37e+01  2.13e+00  5.20e-01  1.48e-01   0.47
2005 04 03  1255   53463   46500  0  3.90e+02  1.84e+01  0  7.81e+02  1.68e+01  2.40e+00  5.72e-01  1.93e-01   0.46
2005 04 03  1300   53463   46800  0  3.24e+02  1.63e+01  0  8.24e+02  1.66e+01  1.74e+00  4.57e-01  1.16e-01   0.20
2005 04 03  1305   53463   47100  0  3.64e+02  1.57e+01  0  7.98e+02  1.70e+01  1.87e+00  5.20e-01  1.05e-01   0.25
2005 04 03  1310   53463   47400  0  3.17e+02  1.72e+01  0  7.92e+02  1.56e+01  1.95e+00  4.19e-01  1.06e-01   0.29
2005 04 03  1315   53463   47700  0  3.95e+02  1.68e+01  0  7.53e+02  1.82e+01  1.98e+00  5.91e-01  1.35e-01   0.62
2005 04 03  1320   53463   48000  0  3.79e+02  1.89e+01  0  7.56e+02  1.75e+01  2.00e+00  4.57e-01  1.62e-01   0.38
2005 04 03  1325   53463   48300  0  3.17e+02  1.72e+01  0  7.83e+02  1.69e+01  2.34e+00  5.53e-01  1.16e-01   0.81
2005 04 03  1330   53463   48600  0  2.83e+02  1.51e+01  0  7.29e+02  1.90e+01  2.01e+00  4.38e-01  8.43e-02   0.66
2005 04 03  1335   53463   48900  0  3.86e+02  1.52e+01  0  7.99e+02  1.54e+01  1.86e+00  4.00e-01  1.93e-01   0.38
2005 04 03  1340   53463   49200  0  3.53e+02  1.89e+01  0  7.80e+02  1.65e+01  2.36e+00  3.33e-01  3.48e-02   0.95
2005 04 03  1345   53463   49500  0  3.26e+02  1.52e+01  0  7.83e+02  1.79e+01  2.01e+00  5.53e-01  6.32e-02   0.21
2005 04 03  1350   53463   49800  0  3.75e+02  1.33e+01  0  7.87e+02  1.97e+01  1.92e+00  6.29e-01  6.32e-02   0.60
2005 04 03  1355   53463   50100  0  3.37e+02  1.57e+01  0  7.66e+02  1.64e+01  2.03e+00  4.99e-01  1.69e-01   0.41
2005 04 03  1400   53463   50400  0  3.70e+02  1.74e+01  0  7.87e+02  1.92e+01  2.28e+00  4.76e-01  1.55e-01   0.10
2005 04 03  1405   53463   50700  0  3.23e+02  1.72e+01  0  7.24e+02  1.86e+01  1.95e+00  4.95e-01  3.16e-02   0.22
2005 04 03  1410   53463   51000  0  4.21e+02  1.97e+01  0  8.13e+02  1.87e+01  2.49e+00  6.44e-01  5.15e-02   0.36
2005 04 03  1415   53463   51300  0  3.83e+02  1.29e+01  0  7.97e+02  1.69e+01  2.16e+00  5.63e-01  8.69e-02   0.84
2005 04 03  1420   53463   51600  0  3.23e+02  1.39e+01  0  7.08e+02  1.70e+01  2.23e+00  4.78e-01  6.95e-02   0.80
2005 04 03  1425   53463   51900  0  3.93e+02  1.29e+01  0  8.54e+02  1.63e+01  2.10e+00  6.24e-01  1.48e-01   0.13
2005 04 03  1430   53463   52200  0  3.77e+02  1.36e+01  0  7.75e+02  1.73e+01  1.75e+00  4.22e-01  1.25e-01   0.40
2005 04 03  1435   53463   52500  0  3.84e+02  1.58e+01  0  8.10e+02  1.74e+01  2.26e+00  4.37e-01  1.05e-01   0.36
2005 04 03  1440   53463   52800  0  3.57e+02  1.60e+01  0  7.80e+02  1.70e+01  2.72e+00  5.61e-01  1.62e-01   0.14
2005 04 03  1445   53463   53100  0  2.92e+02  1.52e+01  0  7.61e+02  1.85e+01  2.50e+00  6.16e-01  1.25e-01   0.71
2005 04 03  1450   53463   53400  0  2.90e+02  1.68e+01  0  7.53e+02  1.90e+01  2.00e+00  3.89e-01  1.58e-01   0.46
2005 04 03  1455   53463   53700  0  3.48e+02  1.60e+01  0  7.23e+02  1.74e+01  2.52e+00  4.75e-01  2.67e-01   0.49
2005 04 03  1500   53463   54000  0  4.02e+02  1.64e+01  0  7.79e+02  2.20e+01  1.80e+00  6.65e-01  1.05e-01   0.42
2005 04 03  1505   53463   54300  0  3.31e+02  1.70e+01  0  8.05e+02  2.17e+01  2.65e+00  4.57e-01  2.00e-01   0.26
2005 04 03  1510   53463   54600  0  3.31e+02  1.83e+01  0  7.70e+02  1.94e+01  2.44e+00  8.09e-01  1.60e-01   0.65
2005 04 03  1515   53463   54900  0  4.11e+02  1.76e+01  0  8.31e+02  2.08e+01  2.10e+00  6.65e-01  8.43e-02   0.95
2005 04 03  1520   53463   55200  0  3.08e+02  1.82e+01  0  8.02e+02  1.94e+01  2.76e+00  6.29e-01  1.26e-01   0.30
2005 04 03  1525   53463   55500  0  3.19e+02  1.54e+01  0  7.48e+02  1.93e+01  2.43e+00  7.43e-01  1.35e-01   0.29
2005 04 03  1530   53463   55800  0  3.99e+02  1.68e+01  0  7.16e+02  1.89e+01  2.52e+00  6.44e-01  8.11e-02   0.29
2005 04 03  1535   53463   56100  0  3.72e+02  1.67e+01  0  7.96e+02  2.08e+01  3.37e+00  3.81e-01  2.12e-01   0.11
2005 04 03  1540   53463   56400  0  3.10e+02  1.67e+01  0  8.05e+02  1.98e+01  3.73e+00  9.15e-01  1.05e-01   0.72
2005 04 03  1545   53463   56700  0  4.04e+02  1.53e+01  0  7.32e+02  2.31e+01  3.21e+00  8.52e-01  2.63e-01   0.44
2005 04 03  1550   53463   57000  0  5.41e+02  2.02e+01  0  8.18e+02  2.33e+01  3.43e+00  1.30e+00  2.90e-01   0.49
2005 04 03  1555   53463   57300  0  3.14e+02  1.45e+01  0  7.87e+02  2.55e+01  3.40e+00  1.07e+00  2.41e-01   0.43
2005 04 03  1600   53463   57600  0  3.74e+02  1.56e+01  0  7.87e+02  2.29e+01  4.00e+00  1.16e+00  3.96e-01   0.19
2005 04 03  1605   53463   57900  0  3.46e+02  1.62e+01  0  7.60e+02  2.31e+01  4.82e+00  1.21e+00  1.90e-01   0.51
2005 04 03  1610   53463   58200  0  3.97e+02  1.28e+01  0  8.11e+02  2.14e+01  3.88e+00  1.45e+00  2.88e-01   0.36
2005 04 03  1615   53463   58500  0  3.43e+02  1.40e+01  0  8.21e+02  2.00e+01  3.51e+00  9.47e-01  1.66e-01   0.56
2005 04 03  1620   53463   58800  0  4.07e+02  2.27e+01  0  7.69e+02  2.17e+01  3.85e+00  1.18e+00  3.73e-01   0.24
2005 04 03  1625   53463   59100  0  3.97e+02  1.54e+01  0  8.25e+02  2.37e+01  3.85e+00  9.70e-01  3.27e-01   0.59
2005 04 03  1630   53463   59400  0  3.42e+02  1.59e+01  0  8.27e+02  2.24e+01  4.19e+00  8.76e-01  3.35e-01   0.27
2005 04 03  1635   53463   59700  0  4.35e+02  1.60e+01  0  7.92e+02  2.38e+01  3.87e+00  1.02e+00  3.48e-01   0.02
2005 04 03  1640   53463   60000  0  4.66e+02  1.68e+01  0  7.81e+02  2.43e+01  3.27e+00  1.18e+00  3.66e-01   0.40
2005 04 03  1645   53463   60300  0  3.88e+02  1.58e+01  0  7.55e+02  2.60e+01  3.25e+00  1.10e+00  2.42e-01   0.08
2005 04 03  1650   53463   60600  0  3.77e+02  1.80e+01  0  8.06e+02  2.19e+01  3.83e+00  1.16e+00  2.84e-01   0.30
2005 04 03  1655   53463   60900  0  3.98e+02  1.41e+01  0  7.67e+02  2.19e+01  3.74e+00  9.15e-01  2.85e-01   0.47
2005 04 03  1700   53463   61200  0  4.58e+02  1.58e+01  0  7.97e+02  2.12e+01  3.90e+00  1.27e+00  2.84e-01   0.23
2005 04 03  1705   53463   61500  0  4.47e+02  1.87e+01  0  8.05e+02  2.43e+01  3.93e+00  9.77e-01  2.42e-01   0.26
2005 04 03  1710   53463   61800  0  4.04e+02  1.80e+01  0  7.38e+02  2.27e+01  4.13e+00  1.06e+00  2.32e-01   0.52
2005 04 03  1715   53463   62100  0  3.97e+02  2.28e+01  0  8.24e+02  2.44e+01  4.46e+00  7.90e-01  2.53e-01   0.12
2005 04 03  1720   53463   62400  0  4.08e+02  2.11e+01  0  8.20e+02  2.27e+01  4.30e+00  1.09e+00  3.12e-01   0.53
2005 04 03  1725   53463   62700  0  3.81e+02  1.99e+01  0  7.87e+02  2.42e+01  3.74e+00  8.73e-01  2.63e-01   0.30
2005 04 03  1730   53463   63000  0  4.46e+02  1.74e+01  0  7.40e+02  2.42e+01  3.44e+00  7.90e-01  3.69e-01   0.66
2005 04 03  1735   53463   63300  0  4.03e+02  1.54e+01  0  7.94e+02  2.51e+01  3.74e+00  1.02e+00  2.59e-01   0.30
2005 04 03  1740   53463   63600  0  4.27e+02  1.28e+01  0  7.86e+02  2.33e+01  4.06e+00  8.73e-01  2.84e-01   0.50
2005 04 03  1745   53463   63900  0  3.48e+02  1.47e+01  0  7.53e+02  2.20e+01  4.36e+00  9.35e-01  3.27e-01   0.64
2005 04 03  1750   53463   64200  0  4.17e+02  2.06e+01  0  7.79e+02  2.23e+01  4.19e+00  9.85e-01  2.23e-01   0.30
2005 04 03  1755   53463   64500  0  3.61e+02  2.02e+01  0  8.02e+02  2.05e+01  4.38e+00  5.39e-01  3.01e-01   0.42
2005 04 03  1800   53463   64800  0  3.84e+02  1.98e+01  0  7.71e+02  2.19e+01  3.58e+00  6.86e-01  3.38e-01   0.31
2005 04 03  1805   53463   65100  0  5.01e+02  1.86e+01  0  8.19e+02  2.15e+01  3.82e+00  9.15e-01  3.38e-01   0.40
2005 04 03  1810   53463   65400  0  4.02e+02  1.66e+01  0  7.95e+02  2.19e+01  3.64e+00  7.90e-01  2.21e-01   0.17
2005 04 03  1815   53463   65700  0  4.32e+02  1.70e+01  0  8.15e+02  2.35e+01  4.48e+00  1.18e+00  3.19e-01   0.07
2005 04 03  1820   53463   66000  0  4.13e+02  1.56e+01  0  7.33e+02  2.69e+01  4.27e+00  9.91e-01  2.41e-01   0.28
2005 04 03  1825   53463   66300  0  5.10e+02  2.03e+01  0  8.15e+02  2.58e+01  4.46e+00  1.14e+00  3.37e-01   0.14
2005 04 03  1830   53463   66600  0  4.02e+02  1.59e+01  0  8.12e+02  2.71e+01  4.36e+00  9.91e-01  2.22e-01   0.57
2005 04 03  1835   53463   66900  0  4.35e+02  1.72e+01  0  7.93e+02  2.18e+01  4.21e+00  1.12e+00  3.19e-01   0.26
2005 04 03  1840   53463   67200  0  4.61e+02  2.00e+01  0  7.72e+02  2.58e+01  5.11e+00  9.91e-01  3.09e-01   0.56
2005 04 03  1845   53463   67500  0  3.57e+02  1.33e+01  0  8.03e+02  2.31e+01  4.39e+00  1.02e+00  2.63e-01   0.43
2005 04 03  1850   53463   67800  0  4.37e+02  1.79e+01  0  8.16e+02  2.54e+01  4.48e+00  1.11e+00  2.90e-01   0.24
2005 04 03  1855   53463   68100  0  4.83e+02  2.25e+01  0  7.93e+02  2.38e+01  4.60e+00  1.24e+00  3.48e-01   0.27
2005 04 03  1900   53463   68400  0  4.09e+02  1.76e+01  0  8.43e+02  2.58e+01  5.21e+00  9.77e-01  2.00e-01   0.12
2005 04 03  1905   53463   68700  0  4.55e+02  1.65e+01  0  7.97e+02  2.59e+01  3.97e+00  1.05e+00  2.99e-01   0.30
2005 04 03  1910   53463   69000  0  4.23e+02  1.45e+01  0  7.49e+02  2.45e+01  4.69e+00  1.03e+00  3.19e-01   0.37
2005 04 03  1915   53463   69300  0  4.89e+02  2.05e+01  0  8.11e+02  2.44e+01  4.29e+00  7.69e-01  3.58e-01   0.52
2005 04 03  1920   53463   69600  0  4.21e+02  1.47e+01  0  8.20e+02  2.56e+01  4.22e+00  9.67e-01  2.76e-01   0.10
2005 04 03  1925   53463   69900  0  4.74e+02  1.53e+01  0  8.39e+02  2.60e+01  4.23e+00  1.12e+00  4.21e-01   0.47
2005 04 03  1930   53463   70200  0  4.19e+02  2.05e+01  0  7.81e+02  2.93e+01  4.20e+00  9.77e-01  3.06e-01   0.20
2005 04 03  1935   53463   70500  0  4.29e+02  1.96e+01  0  8.84e+02  2.32e+01  4.22e+00  1.06e+00  2.76e-01   0.17
2005 04 03  1940   53463   70800  0  4.27e+02  1.70e+01  0  7.89e+02  2.43e+01  3.61e+00  1.08e+00  2.11e-01   0.32
2005 04 03  1945   53463   71100  0  3.90e+02  1.77e+01  0  7.66e+02  2.12e+01  3.55e+00  6.70e-01  3.00e-01   0.48
2005 04 03  1950   53463   71400  0  4.91e+02  1.67e+01  0  8.37e+02  2.24e+01  3.63e+00  1.07e+00  3.74e-01   0.37
2005 04 03  1955   53463   71700  0  4.22e+02  1.55e+01  0  8.22e+02  2.38e+01  4.20e+00  9.35e-01  1.79e-01   0.11
2005 04 03  2000   53463   72000  0  4.03e+02  1.95e+01  0  7.86e+02  2.31e+01  3.44e+00  1.00e+00  1.60e-01   0.18
2005 04 03  2005   53463   72300  0  5.30e+02  1.49e+01  0  8.25e+02  2.20e+01  3.18e+00  9.98e-01  1.79e-01   0.26
2005 04 03  2010   53463   72600  0  4.40e+02  1.84e+01  0  8.11e+02  2.36e+01  3.21e+00  8.52e-01  2.42e-01   0.32
2005 04 03  2015   53463   72900  0  3.92e+02  1.31e+01  0  8.04e+02  2.22e+01  3.16e+00  8.79e-01  2.76e-01   0.23
2005 04 03  2020   53463   73200  0  4.17e+02  1.80e+01  0  7.90e+02  2.14e+01  3.77e+00  9.15e-01  1.79e-01   0.42
2005 04 03  2025   53463   73500  0  4.15e+02  1.84e+01  0  7.94e+02  2.06e+01  3.51e+00  1.06e+00  2.11e-01   0.50
2005 04 03  2030   53463   73800  0  4.20e+02  2.03e+01  0  8.64e+02  1.94e+01  3.22e+00  1.04e+00  1.96e-01   0.08
2005 04 03  2035   53463   74100  0  4.11e+02  1.93e+01  0  7.89e+02  2.22e+01  3.41e+00  7.28e-01  2.11e-01   0.01
2005 04 03  2040   53463   74400  0  4.08e+02  1.90e+01  0  7.90e+02  1.90e+01  3.12e+00  1.09e+00  2.99e-01   0.34
2005 04 03  2045   53463   74700  0  4.43e+02  1.36e+01  0  8.00e+02  2.04e+01  3.61e+00  7.81e-01  1.45e-01   0.34
2005 04 03  2050   53463   75000  0  3.88e+02  1.53e+01  0  7.91e+02  1.90e+01  3.38e+00  5.40e-01  2.95e-01   0.27
2005 04 03  2055   53463   75300  0  4.18e+02  1.47e+01  0  7.85e+02  1.96e+01  3.49e+00  7.43e-01  2.99e-01   0.43
2005 04 03  2100   53463   75600  0  3.53e+02  1.74e+01  0  8.02e+02  2.15e+01  2.91e+00  9.53e-01  1.83e-01   0.08
2005 04 03  2105   53463   75900  0  3.54e+02  2.11e+01  0  7.70e+02  2.39e+01  3.41e+00  7.28e-01  1.48e-01   0.30
2005 04 03  2110   53463   76200  0  3.75e+02  1.70e+01  0  7.24e+02  1.97e+01  2.58e+00  7.24e-01  2.22e-01   0.22
2005 04 03  2115   53463   76500  0  4.25e+02  1.52e+01  0  7.65e+02  1.93e+01  3.03e+00  7.43e-01  2.12e-01   0.17
2005 04 03  2120   53463   76800  0  3.83e+02  1.45e+01  0  8.52e+02  1.84e+01  2.88e+00  8.57e-01  1.93e-01   0.16
2005 04 03  2125   53463   77100  0  3.77e+02  1.64e+01  0  7.75e+02  2.05e+01  2.72e+00  8.94e-01  1.26e-01   0.37
2005 04 03  2130   53463   77400  0  4.17e+02  1.86e+01  0  7.88e+02  1.98e+01  2.37e+00  8.57e-01  1.93e-01   0.42
2005 04 03  2135   53463   77700  0  3.82e+02  1.88e+01  0  7.91e+02  2.00e+01  2.58e+00  7.43e-01  2.12e-01   0.31
2005 04 03  2140   53463   78000  0  4.52e+02  1.78e+01  0  8.07e+02  1.89e+01  2.66e+00  5.82e-01  1.48e-01   0.41
2005 04 03  2145   53463   78300  0  3.77e+02  1.75e+01  0  7.17e+02  1.95e+01  3.12e+00  6.48e-01  1.45e-01   0.16
2005 04 03  2150   53463   78600  0  4.27e+02  1.33e+01  0  8.58e+02  2.14e+01  2.82e+00  8.38e-01  2.22e-01   0.05
2005 04 03  2155   53463   78900  0  3.95e+02  1.93e+01  0  8.12e+02  1.83e+01  2.98e+00  1.04e+00  1.90e-01   0.65
2005 04 03  2200   53463   79200  0  4.43e+02  1.55e+01  0  7.78e+02  1.69e+01  3.52e+00  7.21e-01  2.05e-01   0.26
2005 04 03  2205   53463   79500  0  4.65e+02  1.76e+01  0  7.90e+02  2.06e+01  3.70e+00  8.11e-01  2.32e-01   0.58
2005 04 03  2210   53463   79800  0  4.00e+02  1.45e+01  0  7.73e+02  2.01e+01  2.85e+00  8.73e-01  2.32e-01   0.28
2005 04 03  2215   53463   80100  0  4.75e+02  1.62e+01  0  7.79e+02  1.94e+01  2.58e+00  6.33e-01  2.14e-01   0.30
2005 04 03  2220   53463   80400  0  5.03e+02  2.11e+01  0  7.25e+02  1.87e+01  3.02e+00  1.04e+00  2.21e-01   0.43
2005 04 03  2225   53463   80700  0  4.96e+02  1.99e+01  0  8.12e+02  1.97e+01  3.44e+00  8.11e-01  2.32e-01   0.38
2005 04 03  2230   53463   81000  0  5.54e+02  2.22e+01  0  8.00e+02  1.91e+01  3.08e+00  1.14e+00  1.78e-01   0.41
2005 04 03  2235   53463   81300  0  4.65e+02  1.60e+01  0  7.38e+02  1.94e+01  2.66e+00  8.73e-01  2.00e-01   0.37
2005 04 03  2240   53463   81600  0  4.54e+02  2.14e+01  0  7.61e+02  1.85e+01  2.94e+00  5.80e-01  9.27e-02   0.48
2005 04 03  2245   53463   81900  0  4.92e+02  1.51e+01  0  8.16e+02  1.70e+01  2.66e+00  6.86e-01  2.00e-01   0.32
2005 04 03  2250   53463   82200  0  4.92e+02  1.84e+01  0  7.64e+02  2.06e+01  2.82e+00  5.20e-01  1.79e-01   0.19
2005 04 03  2255   53463   82500  0  4.79e+02  1.78e+01  0  7.82e+02  1.90e+01  3.05e+00  6.16e-01  1.87e-01   0.33
2005 04 03  2300   53463   82800  0  4.74e+02  1.93e+01  0  7.98e+02  1.83e+01  3.02e+00  6.24e-01  1.79e-01   0.16
2005 04 03  2305   53463   83100  0  4.28e+02  1.62e+01  0  8.41e+02  2.04e+01  2.85e+00  6.65e-01  1.67e-01   0.54
2005 04 03  2310   53463   83400  0  4.23e+02  1.90e+01  0  8.04e+02  2.26e+01  3.02e+00  9.15e-01  1.34e-01   0.46
2005 04 03  2315   53463   83700  0  4.80e+02  1.45e+01  0  7.93e+02  1.89e+01  2.69e+00  1.12e+00  2.32e-01   0.30
2005 04 03  2320   53463   84000  0  4.80e+02  1.33e+01  0  8.47e+02  1.92e+01  2.73e+00  8.96e-01  2.22e-01   0.51
2005 04 03  2325   53463   84300  0  4.27e+02  1.36e+01  0  7.66e+02  1.85e+01  3.00e+00  8.38e-01  2.12e-01   0.40
2005 04 03  2330   53463   84600  0  5.57e+02  1.41e+01  0  7.95e+02  2.12e+01  2.72e+00  7.48e-01  1.26e-01   0.54
2005 04 03  2335   53463   84900  0  4.53e+02  1.98e+01  0  7.95e+02  2.12e+01  2.58e+00  8.38e-01  1.26e-01   0.24
2005 04 03  2340   53463   85200  0  4.40e+02  1.65e+01  0  7.83e+02  1.94e+01  2.94e+00  8.96e-01  2.32e-01   0.38
2005 04 03  2345   53463   85500  0  4.74e+02  1.70e+01  0  7.54e+02  1.87e+01  2.49e+00  9.77e-01  2.00e-01   0.37
2005 04 03  2350   53463   85800  0  4.98e+02  1.47e+01  0  8.17e+02  1.97e+01  2.79e+00  8.57e-01  1.93e-01   0.43
2005 04 03  2355   53463   86100  0  4.44e+02  1.75e+01  0  7.99e+02  2.18e+01  2.73e+00  7.62e-01  1.27e-01   0.65
