:Data_list: 20050424_ace_sis_5m.txt
:Created: 2005 Apr 25 0011 UT
# Prepared by the U.S. Dept. of Commerce, NOAA, Space Environment Center.
# Please send comments and suggestions to SEC.Webmaster@noaa.gov 
# 
# Units: proton flux p/cs2-sec-ster
# Status(S): 0 = nominal data, 1 to 8 = bad data record, 9 = no data
# Missing data values: -1.00e+05
# Source: ACE Satellite - Solar Isotope Spectrometer
#
# 5-minute averaged Real-time Integral Flux of High-energy Solar Protons
# 
#                 Modified Seconds
# UT Date   Time   Julian  of the      ---- Integral Proton Flux ----
# YR MO DA  HHMM     Day     Day       S    > 10 MeV    S    > 30 MeV
#--------------------------------------------------------------------
2005 04 24  0000    53484       0      0    1.20e+00    0    8.38e-01
2005 04 24  0005    53484     300      0    1.21e+00    0    8.52e-01
2005 04 24  0010    53484     600      0    1.20e+00    0    8.43e-01
2005 04 24  0015    53484     900      0    1.18e+00    0    8.31e-01
2005 04 24  0020    53484    1200      0    1.20e+00    0    8.49e-01
2005 04 24  0025    53484    1500      0    1.18e+00    0    8.22e-01
2005 04 24  0030    53484    1800      0    1.19e+00    0    8.33e-01
2005 04 24  0035    53484    2100      0    1.18e+00    0    8.24e-01
2005 04 24  0040    53484    2400      0    1.22e+00    0    8.59e-01
2005 04 24  0045    53484    2700      0    1.17e+00    0    8.19e-01
2005 04 24  0050    53484    3000      0    1.18e+00    0    8.30e-01
2005 04 24  0055    53484    3300      0    1.19e+00    0    8.38e-01
2005 04 24  0100    53484    3600      0    1.20e+00    0    8.48e-01
2005 04 24  0105    53484    3900      0    1.21e+00    0    8.46e-01
2005 04 24  0110    53484    4200      0    1.17e+00    0    8.11e-01
2005 04 24  0115    53484    4500      0    1.19e+00    0    8.30e-01
2005 04 24  0120    53484    4800      0    1.18e+00    0    8.23e-01
2005 04 24  0125    53484    5100      0    1.22e+00    0    8.63e-01
2005 04 24  0130    53484    5400      0    1.21e+00    0    8.38e-01
2005 04 24  0135    53484    5700      0    1.19e+00    0    8.40e-01
2005 04 24  0140    53484    6000      0    1.20e+00    0    8.40e-01
2005 04 24  0145    53484    6300      0    1.20e+00    0    8.53e-01
2005 04 24  0150    53484    6600      0    1.24e+00    0    8.68e-01
2005 04 24  0155    53484    6900      0    1.24e+00    0    8.73e-01
2005 04 24  0200    53484    7200      0    1.21e+00    0    8.49e-01
2005 04 24  0205    53484    7500      0    1.19e+00    0    8.29e-01
2005 04 24  0210    53484    7800      0    1.23e+00    0    8.60e-01
2005 04 24  0215    53484    8100      0    1.20e+00    0    8.44e-01
2005 04 24  0220    53484    8400      0    1.20e+00    0    8.40e-01
2005 04 24  0225    53484    8700      0    1.21e+00    0    8.40e-01
2005 04 24  0230    53484    9000      0    1.22e+00    0    8.61e-01
2005 04 24  0235    53484    9300      0    1.19e+00    0    8.32e-01
2005 04 24  0240    53484    9600      0    1.18e+00    0    8.22e-01
2005 04 24  0245    53484    9900      0    1.20e+00    0    8.40e-01
2005 04 24  0250    53484   10200      0    1.20e+00    0    8.45e-01
2005 04 24  0255    53484   10500      0    1.19e+00    0    8.32e-01
2005 04 24  0300    53484   10800      0    1.17e+00    0    8.19e-01
2005 04 24  0305    53484   11100      0    1.21e+00    0    8.51e-01
2005 04 24  0310    53484   11400      0    1.21e+00    0    8.42e-01
2005 04 24  0315    53484   11700      0    1.20e+00    0    8.28e-01
2005 04 24  0320    53484   12000      0    1.18e+00    0    8.21e-01
2005 04 24  0325    53484   12300      0    1.20e+00    0    8.36e-01
2005 04 24  0330    53484   12600      0    1.17e+00    0    8.15e-01
2005 04 24  0335    53484   12900      0    1.21e+00    0    8.49e-01
2005 04 24  0340    53484   13200      0    1.20e+00    0    8.42e-01
2005 04 24  0345    53484   13500      0    1.21e+00    0    8.58e-01
2005 04 24  0350    53484   13800      0    1.22e+00    0    8.49e-01
2005 04 24  0355    53484   14100      0    1.15e+00    0    8.09e-01
2005 04 24  0400    53484   14400      0    1.22e+00    0    8.52e-01
2005 04 24  0405    53484   14700      0    1.22e+00    0    8.67e-01
2005 04 24  0410    53484   15000      0    1.18e+00    0    8.23e-01
2005 04 24  0415    53484   15300      0    1.20e+00    0    8.43e-01
2005 04 24  0420    53484   15600      0    1.20e+00    0    8.38e-01
2005 04 24  0425    53484   15900      0    1.19e+00    0    8.39e-01
2005 04 24  0430    53484   16200      0    1.19e+00    0    8.42e-01
2005 04 24  0435    53484   16500      0    1.18e+00    0    8.17e-01
2005 04 24  0440    53484   16800      0    1.19e+00    0    8.33e-01
2005 04 24  0445    53484   17100      0    1.17e+00    0    8.23e-01
2005 04 24  0450    53484   17400      0    1.19e+00    0    8.34e-01
2005 04 24  0455    53484   17700      0    1.21e+00    0    8.50e-01
2005 04 24  0500    53484   18000      0    1.18e+00    0    8.31e-01
2005 04 24  0505    53484   18300      0    1.20e+00    0    8.42e-01
2005 04 24  0510    53484   18600      0    1.18e+00    0    8.24e-01
2005 04 24  0515    53484   18900      0    1.22e+00    0    8.50e-01
2005 04 24  0520    53484   19200      0    1.22e+00    0    8.61e-01
2005 04 24  0525    53484   19500      0    1.18e+00    0    8.28e-01
2005 04 24  0530    53484   19800      0    1.15e+00    0    8.02e-01
2005 04 24  0535    53484   20100      0    1.20e+00    0    8.47e-01
2005 04 24  0540    53484   20400      0    1.19e+00    0    8.34e-01
2005 04 24  0545    53484   20700      0    1.21e+00    0    8.47e-01
2005 04 24  0550    53484   21000      0    1.19e+00    0    8.43e-01
2005 04 24  0555    53484   21300      0    1.20e+00    0    8.40e-01
2005 04 24  0600    53484   21600      0    1.17e+00    0    8.26e-01
2005 04 24  0605    53484   21900      0    1.23e+00    0    8.61e-01
2005 04 24  0610    53484   22200      0    1.23e+00    0    8.58e-01
2005 04 24  0615    53484   22500      0    1.21e+00    0    8.49e-01
2005 04 24  0620    53484   22800      0    1.18e+00    0    8.20e-01
2005 04 24  0625    53484   23100      0    1.18e+00    0    8.33e-01
2005 04 24  0630    53484   23400      0    1.19e+00    0    8.31e-01
2005 04 24  0635    53484   23700      0    1.17e+00    0    8.20e-01
2005 04 24  0640    53484   24000      0    1.17e+00    0    8.16e-01
2005 04 24  0645    53484   24300      0    1.22e+00    0    8.58e-01
2005 04 24  0650    53484   24600      0    1.21e+00    0    8.45e-01
2005 04 24  0655    53484   24900      0    1.19e+00    0    8.33e-01
2005 04 24  0700    53484   25200      0    1.19e+00    0    8.31e-01
2005 04 24  0705    53484   25500      0    1.21e+00    0    8.52e-01
2005 04 24  0710    53484   25800      0    1.19e+00    0    8.39e-01
2005 04 24  0715    53484   26100      0    1.21e+00    0    8.58e-01
2005 04 24  0720    53484   26400      0    1.22e+00    0    8.53e-01
2005 04 24  0725    53484   26700      0    1.19e+00    0    8.38e-01
2005 04 24  0730    53484   27000      0    1.20e+00    0    8.38e-01
2005 04 24  0735    53484   27300      0    1.21e+00    0    8.36e-01
2005 04 24  0740    53484   27600      0    1.19e+00    0    8.39e-01
2005 04 24  0745    53484   27900      0    1.20e+00    0    8.41e-01
2005 04 24  0750    53484   28200      0    1.20e+00    0    8.46e-01
2005 04 24  0755    53484   28500      0    1.18e+00    0    8.35e-01
2005 04 24  0800    53484   28800      0    1.20e+00    0    8.34e-01
2005 04 24  0805    53484   29100      0    1.20e+00    0    8.39e-01
2005 04 24  0810    53484   29400      0    1.21e+00    0    8.50e-01
2005 04 24  0815    53484   29700      0    1.20e+00    0    8.37e-01
2005 04 24  0820    53484   30000      0    1.20e+00    0    8.46e-01
2005 04 24  0825    53484   30300      0    1.20e+00    0    8.39e-01
2005 04 24  0830    53484   30600      0    1.20e+00    0    8.42e-01
2005 04 24  0835    53484   30900      0    1.23e+00    0    8.67e-01
2005 04 24  0840    53484   31200      0    1.17e+00    0    8.26e-01
2005 04 24  0845    53484   31500      0    1.20e+00    0    8.43e-01
2005 04 24  0850    53484   31800      0    1.20e+00    0    8.37e-01
2005 04 24  0855    53484   32100      0    1.19e+00    0    8.40e-01
2005 04 24  0900    53484   32400      0    1.23e+00    0    8.54e-01
2005 04 24  0905    53484   32700      0    1.24e+00    0    8.79e-01
2005 04 24  0910    53484   33000      0    1.19e+00    0    8.44e-01
2005 04 24  0915    53484   33300      0    1.20e+00    0    8.47e-01
2005 04 24  0920    53484   33600      0    1.21e+00    0    8.41e-01
2005 04 24  0925    53484   33900      0    1.16e+00    0    8.10e-01
2005 04 24  0930    53484   34200      0    1.19e+00    0    8.34e-01
2005 04 24  0935    53484   34500      0    1.20e+00    0    8.54e-01
2005 04 24  0940    53484   34800      0    1.17e+00    0    8.26e-01
2005 04 24  0945    53484   35100      0    1.19e+00    0    8.37e-01
2005 04 24  0950    53484   35400      0    1.20e+00    0    8.37e-01
2005 04 24  0955    53484   35700      0    1.22e+00    0    8.60e-01
2005 04 24  1000    53484   36000      0    1.21e+00    0    8.48e-01
2005 04 24  1005    53484   36300      0    1.17e+00    0    8.18e-01
2005 04 24  1010    53484   36600      0    1.20e+00    0    8.41e-01
2005 04 24  1015    53484   36900      0    1.20e+00    0    8.39e-01
2005 04 24  1020    53484   37200      0    1.18e+00    0    8.27e-01
2005 04 24  1025    53484   37500      0    1.21e+00    0    8.51e-01
2005 04 24  1030    53484   37800      0    1.21e+00    0    8.49e-01
2005 04 24  1035    53484   38100      0    1.22e+00    0    8.56e-01
2005 04 24  1040    53484   38400      0    1.26e+00    0    8.91e-01
2005 04 24  1045    53484   38700      0    1.21e+00    0    8.47e-01
2005 04 24  1050    53484   39000      0    1.21e+00    0    8.51e-01
2005 04 24  1055    53484   39300      0    1.21e+00    0    8.60e-01
2005 04 24  1100    53484   39600      0    1.20e+00    0    8.36e-01
2005 04 24  1105    53484   39900      0    1.20e+00    0    8.34e-01
2005 04 24  1110    53484   40200      0    1.22e+00    0    8.44e-01
2005 04 24  1115    53484   40500      0    1.18e+00    0    8.37e-01
2005 04 24  1120    53484   40800      0    1.20e+00    0    8.40e-01
2005 04 24  1125    53484   41100      0    1.21e+00    0    8.48e-01
2005 04 24  1130    53484   41400      0    1.20e+00    0    8.34e-01
2005 04 24  1135    53484   41700      0    1.20e+00    0    8.33e-01
2005 04 24  1140    53484   42000      0    1.21e+00    0    8.44e-01
2005 04 24  1145    53484   42300      0    1.20e+00    0    8.38e-01
2005 04 24  1150    53484   42600      0    1.22e+00    0    8.60e-01
2005 04 24  1155    53484   42900      0    1.20e+00    0    8.36e-01
2005 04 24  1200    53484   43200      0    1.19e+00    0    8.26e-01
2005 04 24  1205    53484   43500      0    1.22e+00    0    8.43e-01
2005 04 24  1210    53484   43800      0    1.14e+00    0    7.92e-01
2005 04 24  1215    53484   44100      0    1.22e+00    0    8.56e-01
2005 04 24  1220    53484   44400      0    1.17e+00    0    8.19e-01
2005 04 24  1225    53484   44700      0    1.20e+00    0    8.49e-01
2005 04 24  1230    53484   45000      0    1.22e+00    0    8.50e-01
2005 04 24  1235    53484   45300      0    1.21e+00    0    8.55e-01
2005 04 24  1240    53484   45600      0    1.23e+00    0    8.70e-01
2005 04 24  1245    53484   45900      0    1.21e+00    0    8.54e-01
2005 04 24  1250    53484   46200      0    1.22e+00    0    8.58e-01
2005 04 24  1255    53484   46500      0    1.19e+00    0    8.32e-01
2005 04 24  1300    53484   46800      0    1.23e+00    0    8.58e-01
2005 04 24  1305    53484   47100      0    1.22e+00    0    8.50e-01
2005 04 24  1310    53484   47400      0    1.19e+00    0    8.36e-01
2005 04 24  1315    53484   47700      0    1.21e+00    0    8.50e-01
2005 04 24  1320    53484   48000      0    1.17e+00    0    8.19e-01
2005 04 24  1325    53484   48300      0    1.21e+00    0    8.44e-01
2005 04 24  1330    53484   48600      0    1.20e+00    0    8.42e-01
2005 04 24  1335    53484   48900      0    1.18e+00    0    8.40e-01
2005 04 24  1340    53484   49200      0    1.21e+00    0    8.51e-01
2005 04 24  1345    53484   49500      0    1.19e+00    0    8.40e-01
2005 04 24  1350    53484   49800      0    1.18e+00    0    8.29e-01
2005 04 24  1355    53484   50100      0    1.19e+00    0    8.35e-01
2005 04 24  1400    53484   50400      0    1.17e+00    0    8.19e-01
2005 04 24  1405    53484   50700      0    1.23e+00    0    8.57e-01
2005 04 24  1410    53484   51000      0    1.23e+00    0    8.63e-01
2005 04 24  1415    53484   51300      0    1.22e+00    0    8.56e-01
2005 04 24  1420    53484   51600      0    1.21e+00    0    8.57e-01
2005 04 24  1425    53484   51900      0    1.21e+00    0    8.44e-01
2005 04 24  1430    53484   52200      0    1.22e+00    0    8.57e-01
2005 04 24  1435    53484   52500      0    1.22e+00    0    8.53e-01
2005 04 24  1440    53484   52800      0    1.22e+00    0    8.61e-01
2005 04 24  1445    53484   53100      0    1.20e+00    0    8.45e-01
2005 04 24  1450    53484   53400      0    1.22e+00    0    8.61e-01
2005 04 24  1455    53484   53700      0    1.18e+00    0    8.24e-01
2005 04 24  1500    53484   54000      0    1.19e+00    0    8.38e-01
2005 04 24  1505    53484   54300      0    1.22e+00    0    8.52e-01
2005 04 24  1510    53484   54600      0    1.20e+00    0    8.41e-01
2005 04 24  1515    53484   54900      0    1.19e+00    0    8.29e-01
2005 04 24  1520    53484   55200      0    1.23e+00    0    8.56e-01
2005 04 24  1525    53484   55500      0    1.21e+00    0    8.47e-01
2005 04 24  1530    53484   55800      0    1.21e+00    0    8.49e-01
2005 04 24  1535    53484   56100      0    1.20e+00    0    8.37e-01
2005 04 24  1540    53484   56400      0    1.23e+00    0    8.62e-01
2005 04 24  1545    53484   56700      0    1.20e+00    0    8.39e-01
2005 04 24  1550    53484   57000      0    1.20e+00    0    8.50e-01
2005 04 24  1555    53484   57300      0    1.23e+00    0    8.67e-01
2005 04 24  1600    53484   57600      0    1.19e+00    0    8.34e-01
2005 04 24  1605    53484   57900      0    1.22e+00    0    8.52e-01
2005 04 24  1610    53484   58200      0    1.26e+00    0    8.83e-01
2005 04 24  1615    53484   58500      0    1.19e+00    0    8.34e-01
2005 04 24  1620    53484   58800      0    1.20e+00    0    8.26e-01
2005 04 24  1625    53484   59100      0    1.21e+00    0    8.53e-01
2005 04 24  1630    53484   59400      0    1.21e+00    0    8.63e-01
2005 04 24  1635    53484   59700      0    1.23e+00    0    8.62e-01
2005 04 24  1640    53484   60000      0    1.21e+00    0    8.52e-01
2005 04 24  1645    53484   60300      0    1.21e+00    0    8.52e-01
2005 04 24  1650    53484   60600      0    1.19e+00    0    8.31e-01
2005 04 24  1655    53484   60900      0    1.21e+00    0    8.49e-01
2005 04 24  1700    53484   61200      0    1.16e+00    0    8.10e-01
2005 04 24  1705    53484   61500      0    1.20e+00    0    8.41e-01
2005 04 24  1710    53484   61800      0    1.20e+00    0    8.52e-01
2005 04 24  1715    53484   62100      0    1.23e+00    0    8.69e-01
2005 04 24  1720    53484   62400      0    1.21e+00    0    8.48e-01
2005 04 24  1725    53484   62700      0    1.22e+00    0    8.44e-01
2005 04 24  1730    53484   63000      0    1.22e+00    0    8.65e-01
2005 04 24  1735    53484   63300      0    1.19e+00    0    8.32e-01
2005 04 24  1740    53484   63600      0    1.19e+00    0    8.39e-01
2005 04 24  1745    53484   63900      0    1.20e+00    0    8.37e-01
2005 04 24  1750    53484   64200      0    1.21e+00    0    8.51e-01
2005 04 24  1755    53484   64500      0    1.19e+00    0    8.27e-01
2005 04 24  1800    53484   64800      0    1.20e+00    0    8.39e-01
2005 04 24  1805    53484   65100      0    1.20e+00    0    8.50e-01
2005 04 24  1810    53484   65400      0    1.21e+00    0    8.55e-01
2005 04 24  1815    53484   65700      0    1.20e+00    0    8.52e-01
2005 04 24  1820    53484   66000      0    1.23e+00    0    8.77e-01
2005 04 24  1825    53484   66300      0    1.22e+00    0    8.67e-01
2005 04 24  1830    53484   66600      0    1.20e+00    0    8.38e-01
2005 04 24  1835    53484   66900      0    1.22e+00    0    8.58e-01
2005 04 24  1840    53484   67200      0    1.21e+00    0    8.46e-01
2005 04 24  1845    53484   67500      0    1.20e+00    0    8.39e-01
2005 04 24  1850    53484   67800      0    1.21e+00    0    8.56e-01
2005 04 24  1855    53484   68100      0    1.19e+00    0    8.39e-01
2005 04 24  1900    53484   68400      0    1.19e+00    0    8.39e-01
2005 04 24  1905    53484   68700      0    1.19e+00    0    8.39e-01
2005 04 24  1910    53484   69000      0    1.22e+00    0    8.57e-01
2005 04 24  1915    53484   69300      0    1.21e+00    0    8.58e-01
2005 04 24  1920    53484   69600      0    1.21e+00    0    8.43e-01
2005 04 24  1925    53484   69900      0    1.20e+00    0    8.52e-01
2005 04 24  1930    53484   70200      0    1.20e+00    0    8.43e-01
2005 04 24  1935    53484   70500      0    1.22e+00    0    8.60e-01
2005 04 24  1940    53484   70800      0    1.19e+00    0    8.30e-01
2005 04 24  1945    53484   71100      0    1.21e+00    0    8.50e-01
2005 04 24  1950    53484   71400      0    1.22e+00    0    8.58e-01
2005 04 24  1955    53484   71700      0    1.21e+00    0    8.44e-01
2005 04 24  2000    53484   72000      0    1.22e+00    0    8.52e-01
2005 04 24  2005    53484   72300      0    1.24e+00    0    8.69e-01
2005 04 24  2010    53484   72600      0    1.21e+00    0    8.50e-01
2005 04 24  2015    53484   72900      0    1.22e+00    0    8.60e-01
2005 04 24  2020    53484   73200      0    1.18e+00    0    8.31e-01
2005 04 24  2025    53484   73500      0    1.20e+00    0    8.31e-01
2005 04 24  2030    53484   73800      0    1.17e+00    0    8.07e-01
2005 04 24  2035    53484   74100      0    1.18e+00    0    8.26e-01
2005 04 24  2040    53484   74400      0    1.20e+00    0    8.43e-01
2005 04 24  2045    53484   74700      0    1.21e+00    0    8.51e-01
2005 04 24  2050    53484   75000      0    1.22e+00    0    8.49e-01
2005 04 24  2055    53484   75300      0    1.22e+00    0    8.56e-01
2005 04 24  2100    53484   75600      0    1.20e+00    0    8.52e-01
2005 04 24  2105    53484   75900      0    1.19e+00    0    8.30e-01
2005 04 24  2110    53484   76200      0    1.19e+00    0    8.32e-01
2005 04 24  2115    53484   76500      0    1.24e+00    0    8.72e-01
2005 04 24  2120    53484   76800      0    1.19e+00    0    8.50e-01
2005 04 24  2125    53484   77100      0    1.20e+00    0    8.39e-01
2005 04 24  2130    53484   77400      0    1.24e+00    0    8.69e-01
2005 04 24  2135    53484   77700      0    1.18e+00    0    8.37e-01
2005 04 24  2140    53484   78000      0    1.17e+00    0    8.19e-01
2005 04 24  2145    53484   78300      0    1.19e+00    0    8.38e-01
2005 04 24  2150    53484   78600      0    1.21e+00    0    8.57e-01
2005 04 24  2155    53484   78900      0    1.18e+00    0    8.26e-01
2005 04 24  2200    53484   79200      0    1.21e+00    0    8.38e-01
2005 04 24  2205    53484   79500      0    1.20e+00    0    8.45e-01
2005 04 24  2210    53484   79800      0    1.19e+00    0    8.48e-01
2005 04 24  2215    53484   80100      0    1.21e+00    0    8.54e-01
2005 04 24  2220    53484   80400      0    1.21e+00    0    8.48e-01
2005 04 24  2225    53484   80700      0    1.18e+00    0    8.26e-01
2005 04 24  2230    53484   81000      0    1.19e+00    0    8.36e-01
2005 04 24  2235    53484   81300      0    1.20e+00    0    8.41e-01
2005 04 24  2240    53484   81600      0    1.18e+00    0    8.29e-01
2005 04 24  2245    53484   81900      0    1.21e+00    0    8.44e-01
2005 04 24  2250    53484   82200      0    1.17e+00    0    8.33e-01
2005 04 24  2255    53484   82500      0    1.17e+00    0    8.28e-01
2005 04 24  2300    53484   82800      0    1.21e+00    0    8.45e-01
2005 04 24  2305    53484   83100      0    1.19e+00    0    8.43e-01
2005 04 24  2310    53484   83400      0    1.19e+00    0    8.38e-01
2005 04 24  2315    53484   83700      0    1.21e+00    0    8.56e-01
2005 04 24  2320    53484   84000      0    1.17e+00    0    8.27e-01
2005 04 24  2325    53484   84300      0    1.21e+00    0    8.42e-01
2005 04 24  2330    53484   84600      0    1.18e+00    0    8.28e-01
2005 04 24  2335    53484   84900      0    1.20e+00    0    8.38e-01
2005 04 24  2340    53484   85200      0    1.19e+00    0    8.30e-01
2005 04 24  2345    53484   85500      0    1.20e+00    0    8.54e-01
2005 04 24  2350    53484   85800      0    1.22e+00    0    8.61e-01
2005 04 24  2355    53484   86100      0    1.17e+00    0    8.31e-01
