:Data_list: 20051230_ace_epam_5m.txt
:Created: 2005 Dec 31 0012 UT
# Prepared by the U.S. Dept. of Commerce, NOAA, Space Environment Center.
# Please send comments and suggestions to SEC.Webmaster@noaa.gov 
# 
# Units: Differential Flux particles/cm2-s-ster-MeV
# Units: Anisotropy Index 0.0 - 2.0
# Status(S): 0 = nominal, 4,6,7,8 = bad data, unable to process, 9 = no data
# Missing data values: -1.00e+05, index = -1.00
# Source: ACE Satellite - Electron, Proton, and Alpha Monitor
# 2004 Feb 04: see http://www.sec.noaa.gov/ftpdir/lists/ace/README for EPAM channel change notice.
#
#                      5-minute averaged Real-time Differential Electron and Proton Flux 
# 
#                Modified Seconds ---------------------------- Differential Flux --------------------------- 
# UT Date   Time  Julian  of the  ----- Electron -----   ------------------- Protons keV -------------------   Anis.
# YR MO DA  HHMM    Day    Day    S    38-53   175-315   S    47-68   115-195   310-580   761-1220 1060-1900   Ratio
#-------------------------------------------------------------------------------------------------------------------
2005 12 30  0000   53734       0  0  5.21e+02  1.93e+01  0  1.77e+03  4.49e+01  6.04e+00  1.66e+00  5.02e-01   0.14
2005 12 30  0005   53734     300  0  4.83e+02  2.14e+01  0  1.47e+03  3.34e+01  5.38e+00  1.56e+00  3.67e-01   0.34
2005 12 30  0010   53734     600  0  5.21e+02  1.93e+01  0  1.44e+03  3.13e+01  5.41e+00  1.68e+00  3.57e-01   0.24
2005 12 30  0015   53734     900  0  5.41e+02  2.07e+01  0  1.39e+03  2.88e+01  5.70e+00  1.79e+00  4.21e-01   0.25
2005 12 30  0020   53734    1200  0  4.86e+02  1.81e+01  0  1.44e+03  3.04e+01  5.32e+00  1.52e+00  4.64e-01   0.04
2005 12 30  0025   53734    1500  0  4.53e+02  1.51e+01  0  1.40e+03  3.17e+01  5.53e+00  1.83e+00  3.57e-01   0.40
2005 12 30  0030   53734    1800  0  4.60e+02  1.80e+01  0  1.32e+03  2.82e+01  5.05e+00  1.89e+00  3.48e-01   0.29
2005 12 30  0035   53734    2100  0  6.35e+02  1.97e+01  0  1.46e+03  3.44e+01  6.10e+00  1.66e+00  4.44e-01   0.19
2005 12 30  0040   53734    2400  0  4.43e+02  1.75e+01  0  1.43e+03  3.39e+01  6.13e+00  1.60e+00  4.73e-01   0.42
2005 12 30  0045   53734    2700  0  4.64e+02  1.76e+01  0  1.41e+03  2.95e+01  5.34e+00  2.04e+00  4.21e-01   0.15
2005 12 30  0050   53734    3000  0  5.01e+02  1.91e+01  0  1.44e+03  3.15e+01  5.16e+00  2.08e+00  3.30e-01   0.32
2005 12 30  0055   53734    3300  0  5.10e+02  1.99e+01  0  1.44e+03  3.55e+01  5.34e+00  1.75e+00  4.43e-01   0.18
2005 12 30  0100   53734    3600  0  4.82e+02  1.91e+01  0  1.44e+03  3.13e+01  5.05e+00  1.83e+00  3.16e-01   0.25
2005 12 30  0105   53734    3900  0  5.46e+02  1.72e+01  0  1.33e+03  3.22e+01  5.91e+00  1.97e+00  4.46e-01   0.27
2005 12 30  0110   53734    4200  0  5.19e+02  1.68e+01  0  1.47e+03  3.23e+01  6.29e+00  2.00e+00  3.79e-01   0.29
2005 12 30  0115   53734    4500  0  4.38e+02  1.43e+01  0  1.41e+03  3.58e+01  5.70e+00  1.79e+00  3.58e-01   0.21
2005 12 30  0120   53734    4800  0  5.39e+02  1.99e+01  0  1.39e+03  2.99e+01  5.63e+00  2.11e+00  4.01e-01   0.31
2005 12 30  0125   53734    5100  0  5.57e+02  1.89e+01  0  1.41e+03  3.27e+01  5.57e+00  1.73e+00  3.06e-01   0.35
2005 12 30  0130   53734    5400  0  5.54e+02  1.95e+01  0  1.43e+03  3.15e+01  5.41e+00  1.79e+00  3.48e-01   0.04
2005 12 30  0135   53734    5700  0  5.32e+02  2.07e+01  0  1.40e+03  3.58e+01  5.80e+00  2.04e+00  4.43e-01   0.21
2005 12 30  0140   53734    6000  0  4.76e+02  2.65e+01  0  1.32e+03  3.45e+01  5.74e+00  2.14e+00  3.58e-01   0.16
2005 12 30  0145   53734    6300  0  5.56e+02  1.82e+01  0  1.52e+03  3.72e+01  5.88e+00  1.86e+00  3.74e-01   0.23
2005 12 30  0150   53734    6600  0  5.21e+02  1.93e+01  0  2.05e+03  1.47e+02  7.21e+00  1.73e+00  3.69e-01   0.41
2005 12 30  0155   53734    6900  0  6.30e+02  1.53e+01  0  1.57e+03  4.60e+01  5.83e+00  1.85e+00  2.63e-01   0.35
2005 12 30  0200   53734    7200  0  9.36e+02  2.14e+01  0  1.63e+03  6.13e+01  5.94e+00  1.78e+00  4.46e-01   0.08
2005 12 30  0205   53734    7500  0  5.61e+02  1.97e+01  0  2.94e+03  1.32e+02  6.65e+00  1.89e+00  3.58e-01   0.54
2005 12 30  0210   53734    7800  0  5.21e+02  1.98e+01  0  1.84e+03  5.11e+01  6.40e+00  1.54e+00  3.38e-01   0.16
2005 12 30  0215   53734    8100  0  6.13e+02  1.72e+01  0  2.77e+03  7.14e+01  5.71e+00  1.64e+00  5.02e-01   0.19
2005 12 30  0220   53734    8400  0  4.87e+02  1.86e+01  0  2.06e+04  5.54e+02  9.74e+00  1.68e+00  3.90e-01   0.27
2005 12 30  0225   53734    8700  0  4.20e+02  1.90e+01  0  3.44e+03  9.77e+01  6.55e+00  1.56e+00  4.15e-01   0.22
2005 12 30  0230   53734    9000  0  4.45e+02  2.20e+01  0  1.35e+03  3.86e+01  5.92e+00  1.73e+00  4.25e-01   0.12
2005 12 30  0235   53734    9300  0  5.07e+02  2.07e+01  0  1.41e+03  3.54e+01  5.83e+00  1.14e+00  3.16e-01   0.49
2005 12 30  0240   53734    9600  0  5.01e+02  1.93e+01  0  1.42e+03  3.37e+01  5.74e+00  1.77e+00  3.67e-01   0.27
2005 12 30  0245   53734    9900  0  5.29e+02  2.09e+01  0  1.34e+03  3.62e+01  6.49e+00  2.02e+00  4.15e-01   0.35
2005 12 30  0250   53734   10200  0  4.91e+02  1.93e+01  0  1.46e+03  3.60e+01  6.40e+00  1.94e+00  3.77e-01   0.09
2005 12 30  0255   53734   10500  0  5.05e+02  1.91e+01  0  1.39e+03  3.72e+01  5.57e+00  1.60e+00  4.43e-01   0.32
2005 12 30  0300   53734   10800  0  4.28e+02  1.58e+01  0  1.37e+03  3.60e+01  6.73e+00  1.64e+00  3.77e-01   0.46
2005 12 30  0305   53734   11100  0  5.31e+02  1.82e+01  0  2.24e+03  7.02e+01  7.06e+00  1.71e+00  4.06e-01   0.07
2005 12 30  0310   53734   11400  0  4.92e+02  2.40e+01  0  5.61e+03  1.89e+02  8.03e+00  2.02e+00  4.43e-01   0.17
2005 12 30  0315   53734   11700  0  4.86e+02  1.72e+01  0  1.67e+03  4.73e+01  6.49e+00  1.64e+00  3.48e-01   0.44
2005 12 30  0320   53734   12000  0  4.41e+02  2.13e+01  0  1.70e+03  4.92e+01  5.77e+00  1.79e+00  4.35e-01   0.12
2005 12 30  0325   53734   12300  0  5.16e+02  1.72e+01  0  1.51e+03  3.32e+01  5.31e+00  1.56e+00  3.48e-01   0.41
2005 12 30  0330   53734   12600  0  4.28e+02  1.99e+01  0  1.46e+03  3.28e+01  6.63e+00  1.72e+00  4.64e-01   0.23
2005 12 30  0335   53734   12900  0  4.74e+02  2.09e+01  0  1.45e+03  3.70e+01  6.10e+00  1.98e+00  4.53e-01   0.07
2005 12 30  0340   53734   13200  0  5.12e+02  1.97e+01  0  1.39e+03  4.20e+01  5.87e+00  1.39e+00  3.69e-01   0.09
2005 12 30  0345   53734   13500  0  4.75e+02  1.98e+01  0  1.48e+03  4.02e+01  6.19e+00  2.09e+00  5.26e-01   0.32
2005 12 30  0350   53734   13800  0  5.14e+02  1.99e+01  0  1.51e+03  4.13e+01  6.65e+00  1.87e+00  2.53e-01   0.35
2005 12 30  0355   53734   14100  0  4.96e+02  1.99e+01  0  1.32e+03  3.91e+01  6.20e+00  1.75e+00  4.85e-01   0.16
2005 12 30  0400   53734   14400  0  5.04e+02  1.86e+01  0  1.45e+03  3.59e+01  6.46e+00  1.50e+00  4.99e-01   0.19
2005 12 30  0405   53734   14700  0  4.22e+02  2.13e+01  0  1.41e+03  3.64e+01  6.88e+00  1.91e+00  4.53e-01   0.05
2005 12 30  0410   53734   15000  0  5.53e+02  2.06e+01  0  1.41e+03  3.53e+01  6.35e+00  1.90e+00  3.66e-01   0.11
2005 12 30  0415   53734   15300  0  4.89e+02  1.55e+01  0  1.42e+03  4.07e+01  6.13e+00  1.29e+00  4.21e-01   0.19
2005 12 30  0420   53734   15600  0  4.11e+02  1.70e+01  0  1.42e+03  3.77e+01  6.59e+00  1.62e+00  4.85e-01   0.33
2005 12 30  0425   53734   15900  0  3.51e+02  1.75e+01  0  1.41e+03  3.59e+01  6.85e+00  1.39e+00  3.74e-01   0.16
2005 12 30  0430   53734   16200  0  5.54e+02  2.22e+01  0  1.54e+03  4.55e+01  7.38e+00  1.66e+00  5.37e-01   0.33
2005 12 30  0435   53734   16500  0  4.83e+02  2.16e+01  0  6.17e+03  1.66e+02  7.80e+00  1.70e+00  6.11e-01   0.30
2005 12 30  0440   53734   16800  0  4.41e+02  1.83e+01  0  3.39e+03  8.24e+01  7.96e+00  1.62e+00  4.46e-01   0.38
2005 12 30  0445   53734   17100  0  5.09e+02  1.66e+01  0  1.75e+03  4.80e+01  5.61e+00  1.97e+00  3.69e-01   0.02
2005 12 30  0450   53734   17400  0  5.22e+02  1.82e+01  0  1.56e+03  4.01e+01  6.49e+00  2.13e+00  3.67e-01   0.44
2005 12 30  0455   53734   17700  0  4.86e+02  1.82e+01  0  1.42e+03  3.69e+01  5.92e+00  1.96e+00  5.02e-01   0.49
2005 12 30  0500   53734   18000  0  5.41e+02  1.84e+01  0  1.46e+03  3.83e+01  6.00e+00  1.60e+00  3.69e-01   0.38
2005 12 30  0505   53734   18300  0  5.19e+02  1.81e+01  0  1.35e+03  3.65e+01  6.13e+00  1.45e+00  4.25e-01   0.19
2005 12 30  0510   53734   18600  0  6.32e+02  2.02e+01  0  1.47e+03  4.00e+01  6.43e+00  1.75e+00  3.57e-01   0.30
2005 12 30  0515   53734   18900  0  4.87e+02  1.99e+01  0  1.42e+03  4.37e+01  5.64e+00  1.64e+00  4.32e-01   0.24
2005 12 30  0520   53734   19200  0  4.93e+02  2.04e+01  0  1.39e+03  4.97e+01  7.00e+00  1.73e+00  3.96e-01   0.51
2005 12 30  0525   53734   19500  0  5.65e+02  1.98e+01  0  5.27e+03  1.88e+02  8.26e+00  1.41e+00  5.02e-01   0.44
2005 12 30  0530   53734   19800  0  5.06e+02  1.98e+01  0  2.55e+03  6.97e+01  7.57e+00  1.66e+00  4.15e-01   0.07
2005 12 30  0535   53734   20100  0  4.92e+02  1.74e+01  0  3.28e+03  9.46e+01  6.29e+00  1.29e+00  4.32e-01   0.03
2005 12 30  0540   53734   20400  0  5.37e+02  1.86e+01  0  3.15e+03  9.91e+01  7.33e+00  1.45e+00  4.35e-01   0.09
2005 12 30  0545   53734   20700  0  4.52e+02  1.70e+01  0  1.55e+03  4.36e+01  6.70e+00  1.44e+00  4.98e-01   0.09
2005 12 30  0550   53734   21000  0  4.83e+02  1.84e+01  0  1.54e+03  4.29e+01  6.85e+00  1.27e+00  3.79e-01   0.52
2005 12 30  0555   53734   21300  0  4.50e+02  1.77e+01  0  4.15e+03  1.61e+02  7.93e+00  1.79e+00  4.06e-01   0.29
2005 12 30  0600   53734   21600  0  5.99e+02  1.88e+01  0  2.63e+03  7.84e+01  6.79e+00  1.89e+00  3.57e-01   0.40
2005 12 30  0605   53734   21900  0  4.65e+02  1.51e+01  0  1.57e+03  3.88e+01  5.41e+00  1.85e+00  3.79e-01   0.21
2005 12 30  0610   53734   22200  0  5.17e+02  1.72e+01  0  2.11e+03  6.38e+01  5.82e+00  1.53e+00  3.92e-01   0.32
2005 12 30  0615   53734   22500  0  5.66e+02  1.80e+01  0  1.53e+03  3.56e+01  5.64e+00  1.83e+00  3.48e-01   0.69
2005 12 30  0620   53734   22800  0  5.65e+02  1.74e+01  0  1.50e+03  3.71e+01  5.44e+00  1.66e+00  4.21e-01   0.02
2005 12 30  0625   53734   23100  0  4.24e+02  2.05e+01  0  1.48e+03  3.86e+01  6.12e+00  1.49e+00  4.58e-01   0.09
2005 12 30  0630   53734   23400  0  4.82e+02  1.91e+01  0  1.40e+03  3.93e+01  6.23e+00  1.56e+00  3.58e-01   0.16
2005 12 30  0635   53734   23700  0  5.66e+02  2.11e+01  0  1.49e+03  4.08e+01  6.95e+00  1.73e+00  4.95e-01   0.46
2005 12 30  0640   53734   24000  0  4.96e+02  1.98e+01  0  1.55e+03  4.19e+01  6.85e+00  1.81e+00  3.74e-01   0.21
2005 12 30  0645   53734   24300  0  5.16e+02  2.03e+01  0  1.38e+03  4.25e+01  6.49e+00  1.79e+00  4.64e-01   0.39
2005 12 30  0650   53734   24600  0  5.40e+02  2.08e+01  0  1.54e+03  4.32e+01  5.77e+00  1.78e+00  4.55e-01   0.06
2005 12 30  0655   53734   24900  0  5.21e+02  2.09e+01  0  1.52e+03  3.94e+01  5.31e+00  1.29e+00  4.95e-01   0.52
2005 12 30  0700   53734   25200  0  4.82e+02  2.03e+01  0  1.47e+03  3.98e+01  6.95e+00  1.66e+00  5.06e-01   0.29
2005 12 30  0705   53734   25500  0  5.30e+02  2.17e+01  0  1.71e+03  4.30e+01  6.24e+00  1.74e+00  3.83e-01   0.27
2005 12 30  0710   53734   25800  0  4.27e+02  2.03e+01  0  1.64e+03  4.44e+01  6.49e+00  1.33e+00  2.95e-01   0.40
2005 12 30  0715   53734   26100  0  4.69e+02  2.13e+01  0  1.60e+03  4.27e+01  6.39e+00  1.77e+00  3.79e-01   0.09
2005 12 30  0720   53734   26400  0  4.60e+02  2.03e+01  0  1.70e+03  4.45e+01  6.63e+00  1.48e+00  4.10e-01   0.08
2005 12 30  0725   53734   26700  0  5.10e+02  1.82e+01  0  1.67e+03  4.34e+01  6.79e+00  1.39e+00  3.27e-01   0.37
2005 12 30  0730   53734   27000  0  4.40e+02  1.72e+01  0  1.64e+03  4.50e+01  6.31e+00  1.62e+00  2.99e-01   0.58
2005 12 30  0735   53734   27300  0  4.73e+02  2.06e+01  0  1.77e+03  5.11e+01  5.53e+00  1.37e+00  4.25e-01   0.28
2005 12 30  0740   53734   27600  0  5.28e+02  1.76e+01  0  1.89e+03  4.76e+01  5.97e+00  1.29e+00  3.79e-01   0.29
2005 12 30  0745   53734   27900  0  4.75e+02  1.82e+01  0  1.93e+03  4.84e+01  6.31e+00  1.37e+00  2.90e-01   0.14
2005 12 30  0750   53734   28200  0  4.41e+02  1.51e+01  0  1.67e+03  4.41e+01  5.74e+00  1.81e+00  4.93e-01   0.25
2005 12 30  0755   53734   28500  0  4.66e+02  1.99e+01  0  1.56e+03  5.08e+01  5.81e+00  1.69e+00  3.62e-01   0.11
2005 12 30  0800   53734   28800  0  5.14e+02  1.79e+01  0  1.82e+03  4.12e+01  5.78e+00  1.60e+00  4.73e-01   0.18
2005 12 30  0805   53734   29100  0  4.51e+02  1.90e+01  0  1.87e+03  5.02e+01  5.95e+00  1.31e+00  3.48e-01   0.20
2005 12 30  0810   53734   29400  0  4.78e+02  1.91e+01  0  1.73e+03  6.52e+01  6.58e+00  1.37e+00  4.64e-01   0.26
2005 12 30  0815   53734   29700  0  5.54e+02  2.03e+01  0  2.46e+03  1.09e+02  7.54e+00  1.52e+00  3.27e-01   0.04
2005 12 30  0820   53734   30000  0  4.58e+02  1.63e+01  0  1.90e+03  5.39e+01  7.33e+00  1.81e+00  4.35e-01   0.02
2005 12 30  0825   53734   30300  0  4.37e+02  1.77e+01  0  1.75e+03  4.69e+01  5.92e+00  1.56e+00  4.15e-01   0.26
2005 12 30  0830   53734   30600  0  5.10e+02  1.62e+01  0  2.83e+03  9.05e+01  6.65e+00  1.66e+00  4.85e-01   0.10
2005 12 30  0835   53734   30900  0  5.29e+02  2.05e+01  0  3.60e+03  9.24e+01  7.03e+00  1.30e+00  4.25e-01   0.06
2005 12 30  0840   53734   31200  0  4.80e+02  1.42e+01  0  4.63e+03  9.98e+01  6.58e+00  1.30e+00  4.44e-01   0.31
2005 12 30  0845   53734   31500  0  4.53e+02  1.93e+01  0  1.93e+03  5.62e+01  6.46e+00  1.37e+00  4.32e-01   0.23
2005 12 30  0850   53734   31800  0  5.74e+02  1.93e+01  0  2.41e+03  7.06e+01  5.82e+00  1.46e+00  2.59e-01   0.62
2005 12 30  0855   53734   32100  0  4.53e+02  1.58e+01  0  2.09e+03  6.48e+01  5.93e+00  1.77e+00  2.32e-01   0.12
2005 12 30  0900   53734   32400  0  4.76e+02  2.05e+01  0  1.50e+03  3.85e+01  5.21e+00  1.95e+00  3.37e-01   0.21
2005 12 30  0905   53734   32700  0  5.20e+02  1.80e+01  0  1.61e+03  4.16e+01  5.08e+00  1.25e+00  3.92e-01   0.12
2005 12 30  0910   53734   33000  0  4.53e+02  2.15e+01  0  1.62e+03  4.75e+01  5.67e+00  1.62e+00  3.48e-01   0.04
2005 12 30  0915   53734   33300  0  4.62e+02  1.78e+01  0  1.87e+03  4.77e+01  5.41e+00  1.87e+00  3.27e-01   0.24
2005 12 30  0920   53734   33600  0  4.49e+02  1.73e+01  0  1.74e+03  4.48e+01  5.33e+00  1.50e+00  3.12e-01   0.08
2005 12 30  0925   53734   33900  0  5.34e+02  2.01e+01  0  2.08e+03  5.25e+01  5.83e+00  1.12e+00  3.79e-01   0.44
2005 12 30  0930   53734   34200  0  4.96e+02  1.72e+01  0  2.18e+03  5.97e+01  5.51e+00  1.33e+00  3.27e-01   0.44
2005 12 30  0935   53734   34500  0  4.60e+02  1.60e+01  0  1.87e+03  4.97e+01  6.23e+00  1.56e+00  3.90e-01   0.23
2005 12 30  0940   53734   34800  0  4.91e+02  1.86e+01  0  2.04e+03  5.46e+01  6.46e+00  1.23e+00  3.79e-01   0.42
2005 12 30  0945   53734   35100  0  4.64e+02  1.78e+01  0  1.96e+03  5.02e+01  5.71e+00  1.34e+00  2.32e-01   0.14
2005 12 30  0950   53734   35400  0  4.53e+02  1.93e+01  0  1.76e+03  5.00e+01  6.03e+00  1.16e+00  3.37e-01   0.49
2005 12 30  0955   53734   35700  0  5.09e+02  1.72e+01  0  1.58e+03  5.02e+01  5.90e+00  1.35e+00  3.58e-01   0.32
2005 12 30  1000   53734   36000  0  4.99e+02  2.04e+01  0  1.59e+03  4.87e+01  5.85e+00  1.35e+00  2.59e-01   0.40
2005 12 30  1005   53734   36300  0  4.42e+02  1.62e+01  0  1.52e+03  4.33e+01  5.90e+00  1.54e+00  2.95e-01   0.19
2005 12 30  1010   53734   36600  0  4.63e+02  1.61e+01  0  1.49e+03  4.26e+01  5.29e+00  1.24e+00  2.41e-01   0.40
2005 12 30  1015   53734   36900  0  5.14e+02  2.13e+01  0  1.53e+03  4.03e+01  5.59e+00  1.49e+00  2.99e-01   0.42
2005 12 30  1020   53734   37200  0  4.76e+02  1.95e+01  0  1.54e+03  4.16e+01  4.85e+00  1.02e+00  3.27e-01   0.14
2005 12 30  1025   53734   37500  0  4.53e+02  2.13e+01  0  1.53e+03  3.91e+01  6.55e+00  1.35e+00  3.48e-01   0.16
2005 12 30  1030   53734   37800  0  5.41e+02  1.63e+01  0  1.53e+03  4.46e+01  5.44e+00  1.68e+00  3.77e-01   0.31
2005 12 30  1035   53734   38100  0  3.93e+02  1.89e+01  0  1.47e+03  4.33e+01  6.46e+00  1.16e+00  3.27e-01   0.49
2005 12 30  1040   53734   38400  0  4.88e+02  2.06e+01  0  1.52e+03  4.52e+01  5.56e+00  1.62e+00  3.77e-01   0.03
2005 12 30  1045   53734   38700  0  4.43e+02  1.86e+01  0  1.43e+03  4.85e+01  5.35e+00  1.30e+00  3.77e-01   0.34
2005 12 30  1050   53734   39000  0  4.89e+02  2.07e+01  0  1.60e+03  4.50e+01  6.04e+00  1.66e+00  2.61e-01   0.45
2005 12 30  1055   53734   39300  0  4.13e+02  2.45e+01  0  1.56e+03  4.35e+01  6.16e+00  1.54e+00  4.32e-01   0.43
2005 12 30  1100   53734   39600  0  5.56e+02  2.32e+01  0  1.44e+03  4.77e+01  5.50e+00  1.26e+00  4.25e-01   0.31
2005 12 30  1105   53734   39900  0  5.74e+02  1.84e+01  0  1.57e+03  4.84e+01  6.70e+00  1.89e+00  4.64e-01   0.38
2005 12 30  1110   53734   40200  0  4.51e+02  1.82e+01  0  1.54e+03  4.61e+01  5.54e+00  1.62e+00  4.00e-01   0.19
2005 12 30  1115   53734   40500  0  4.88e+02  1.82e+01  0  1.56e+03  4.61e+01  5.44e+00  1.87e+00  3.48e-01   0.07
2005 12 30  1120   53734   40800  0  5.16e+02  1.67e+01  0  1.48e+03  4.96e+01  6.16e+00  1.58e+00  4.25e-01   0.11
2005 12 30  1125   53734   41100  0  4.85e+02  2.22e+01  0  1.58e+03  4.54e+01  6.62e+00  1.58e+00  2.84e-01   0.33
2005 12 30  1130   53734   41400  0  4.38e+02  1.68e+01  0  1.52e+03  4.77e+01  5.96e+00  1.32e+00  3.92e-01   0.19
2005 12 30  1135   53734   41700  0  4.67e+02  1.80e+01  0  1.43e+03  4.62e+01  7.01e+00  1.37e+00  4.21e-01   0.22
2005 12 30  1140   53734   42000  0  5.48e+02  1.93e+01  0  1.54e+03  5.27e+01  6.23e+00  1.75e+00  3.27e-01   0.16
2005 12 30  1145   53734   42300  0  4.67e+02  1.86e+01  0  1.55e+03  5.47e+01  6.55e+00  1.64e+00  5.17e-01   0.15
2005 12 30  1150   53734   42600  0  4.55e+02  2.28e+01  0  1.58e+03  4.86e+01  6.33e+00  1.79e+00  3.16e-01   0.23
2005 12 30  1155   53734   42900  0  5.39e+02  1.66e+01  0  1.56e+03  5.37e+01  5.61e+00  1.60e+00  3.27e-01   0.36
2005 12 30  1200   53734   43200  0  4.66e+02  1.90e+01  0  1.58e+03  4.80e+01  5.91e+00  1.65e+00  3.92e-01   0.13
2005 12 30  1205   53734   43500  0  4.53e+02  1.51e+01  0  1.58e+03  5.31e+01  6.39e+00  1.54e+00  3.27e-01   0.06
2005 12 30  1210   53734   43800  0  4.72e+02  1.88e+01  0  1.45e+03  4.91e+01  5.71e+00  1.46e+00  2.85e-01   0.22
2005 12 30  1215   53734   44100  0  5.23e+02  2.01e+01  0  1.66e+03  5.55e+01  6.03e+00  1.48e+00  3.48e-01   0.08
2005 12 30  1220   53734   44400  0  4.67e+02  1.74e+01  0  1.66e+03  7.04e+01  6.72e+00  1.50e+00  4.53e-01   0.46
2005 12 30  1225   53734   44700  0  4.41e+02  1.90e+01  0  1.48e+03  4.67e+01  6.43e+00  1.69e+00  3.39e-01   0.15
2005 12 30  1230   53734   45000  0  4.89e+02  1.82e+01  0  1.54e+03  4.71e+01  6.56e+00  1.56e+00  3.90e-01   0.21
2005 12 30  1235   53734   45300  0  4.62e+02  1.87e+01  0  1.52e+03  4.72e+01  5.93e+00  1.81e+00  3.48e-01   0.08
2005 12 30  1240   53734   45600  0  4.65e+02  2.01e+01  0  1.49e+03  4.91e+01  6.71e+00  1.48e+00  3.92e-01   0.13
2005 12 30  1245   53734   45900  0  4.46e+02  1.82e+01  0  1.45e+03  4.50e+01  6.42e+00  1.52e+00  4.21e-01   0.06
2005 12 30  1250   53734   46200  0  4.84e+02  1.68e+01  0  1.57e+03  5.12e+01  6.43e+00  1.54e+00  2.51e-01   0.30
2005 12 30  1255   53734   46500  0  4.93e+02  1.81e+01  0  1.56e+03  5.18e+01  6.01e+00  1.77e+00  2.41e-01   0.32
2005 12 30  1300   53734   46800  0  4.51e+02  1.86e+01  0  1.47e+03  4.72e+01  5.93e+00  1.66e+00  2.32e-01   0.24
2005 12 30  1305   53734   47100  0  6.13e+02  1.79e+01  0  1.57e+03  5.21e+01  5.98e+00  1.33e+00  3.19e-01   0.16
2005 12 30  1310   53734   47400  0  5.01e+02  1.72e+01  0  1.69e+03  5.24e+01  6.34e+00  1.56e+00  3.28e-01   0.18
2005 12 30  1315   53734   47700  0  5.12e+02  1.93e+01  0  1.57e+03  5.53e+01  6.26e+00  1.64e+00  3.79e-01   0.38
2005 12 30  1320   53734   48000  0  5.59e+02  1.86e+01  0  1.52e+03  5.14e+01  6.10e+00  1.62e+00  2.51e-01   0.15
2005 12 30  1325   53734   48300  0  6.38e+02  1.82e+01  0  1.65e+03  5.42e+01  5.86e+00  1.94e+00  3.28e-01   0.40
2005 12 30  1330   53734   48600  0  4.35e+02  2.00e+01  0  1.54e+03  5.52e+01  6.28e+00  1.91e+00  3.67e-01   0.23
2005 12 30  1335   53734   48900  0  4.49e+02  1.89e+01  0  1.47e+03  5.45e+01  6.46e+00  1.60e+00  2.84e-01   0.21
2005 12 30  1340   53734   49200  0  6.05e+02  1.88e+01  0  1.52e+03  5.41e+01  6.73e+00  1.73e+00  3.86e-01   0.29
2005 12 30  1345   53734   49500  0  4.56e+02  1.82e+01  0  1.59e+03  5.68e+01  6.34e+00  1.51e+00  3.96e-01   0.36
2005 12 30  1350   53734   49800  0  4.73e+02  1.78e+01  0  1.48e+03  5.34e+01  5.97e+00  1.77e+00  2.95e-01   0.58
2005 12 30  1355   53734   50100  0  5.41e+02  2.02e+01  0  1.55e+03  5.26e+01  6.19e+00  1.70e+00  4.35e-01   0.11
2005 12 30  1400   53734   50400  0  4.56e+02  1.55e+01  0  1.56e+03  5.35e+01  6.04e+00  1.64e+00  4.38e-01   0.66
2005 12 30  1405   53734   50700  0  5.18e+02  1.97e+01  0  1.57e+03  5.10e+01  6.06e+00  1.33e+00  3.79e-01   0.55
2005 12 30  1410   53734   51000  0  6.64e+02  1.88e+01  0  1.56e+03  5.60e+01  6.66e+00  1.64e+00  3.83e-01   0.32
2005 12 30  1415   53734   51300  0  6.20e+02  2.07e+01  0  1.66e+03  5.69e+01  6.13e+00  1.56e+00  4.15e-01   0.45
2005 12 30  1420   53734   51600  0  5.10e+02  2.01e+01  0  1.65e+03  5.98e+01  7.08e+00  1.43e+00  4.32e-01   0.29
2005 12 30  1425   53734   51900  0  4.88e+02  2.08e+01  0  1.74e+03  8.25e+01  7.68e+00  1.48e+00  3.83e-01   0.25
2005 12 30  1430   53734   52200  0  5.39e+02  1.97e+01  0  1.66e+03  8.06e+01  9.24e+00  1.56e+00  3.69e-01   0.22
2005 12 30  1435   53734   52500  0  4.83e+02  1.87e+01  0  1.64e+03  8.26e+01  8.48e+00  1.41e+00  4.05e-01   0.29
2005 12 30  1440   53734   52800  0  5.16e+02  1.88e+01  0  1.66e+03  8.34e+01  8.24e+00  1.34e+00  3.03e-01   0.12
2005 12 30  1445   53734   53100  0  5.10e+02  1.93e+01  0  1.68e+03  9.17e+01  8.33e+00  1.50e+00  4.00e-01   0.21
2005 12 30  1450   53734   53400  0  6.07e+02  1.68e+01  0  1.78e+03  9.12e+01  9.54e+00  1.39e+00  3.21e-01   0.29
2005 12 30  1455   53734   53700  0  4.72e+02  1.85e+01  0  1.74e+03  8.22e+01  8.74e+00  1.48e+00  3.48e-01   0.20
2005 12 30  1500   53734   54000  0  5.50e+02  1.78e+01  0  1.58e+03  8.41e+01  8.59e+00  1.39e+00  4.00e-01   0.10
2005 12 30  1505   53734   54300  0  6.28e+02  2.13e+01  0  1.69e+03  7.88e+01  7.99e+00  1.67e+00  3.74e-01   0.09
2005 12 30  1510   53734   54600  0  4.95e+02  1.86e+01  0  1.70e+03  7.94e+01  8.09e+00  1.73e+00  5.28e-01   0.37
2005 12 30  1515   53734   54900  0  5.23e+02  1.80e+01  0  1.64e+03  8.47e+01  8.62e+00  1.41e+00  3.06e-01   0.20
2005 12 30  1520   53734   55200  0  6.47e+02  2.00e+01  0  1.66e+03  7.05e+01  7.67e+00  1.64e+00  3.92e-01   0.18
2005 12 30  1525   53734   55500  0  4.73e+02  1.66e+01  0  1.65e+03  5.79e+01  6.72e+00  1.43e+00  4.95e-01   0.23
2005 12 30  1530   53734   55800  0  4.99e+02  2.36e+01  0  1.59e+03  6.41e+01  7.48e+00  1.75e+00  4.35e-01   0.27
2005 12 30  1535   53734   56100  0  4.94e+02  1.62e+01  0  1.52e+03  7.02e+01  6.88e+00  1.79e+00  4.19e-01   0.11
2005 12 30  1540   53734   56400  0  6.19e+02  1.93e+01  0  1.72e+03  6.43e+01  6.59e+00  1.73e+00  3.69e-01   0.23
2005 12 30  1545   53734   56700  0  5.14e+02  2.09e+01  0  1.68e+03  6.77e+01  7.54e+00  1.64e+00  4.15e-01   0.21
2005 12 30  1550   53734   57000  0  4.40e+02  1.82e+01  0  1.60e+03  7.34e+01  7.90e+00  1.66e+00  3.77e-01   0.12
2005 12 30  1555   53734   57300  0  5.14e+02  1.74e+01  0  1.70e+03  7.62e+01  8.52e+00  1.54e+00  2.74e-01   0.10
2005 12 30  1600   53734   57600  0  4.03e+02  1.68e+01  0  1.95e+03  1.21e+02  7.48e+00  1.26e+00  4.06e-01   0.05
2005 12 30  1605   53734   57900  0  5.18e+02  1.93e+01  0  2.75e+03  1.86e+02  8.08e+00  1.39e+00  4.54e-01   0.36
2005 12 30  1610   53734   58200  0  4.81e+02  1.95e+01  0  2.31e+03  1.04e+02  7.84e+00  1.58e+00  3.57e-01   0.17
2005 12 30  1615   53734   58500  0  5.51e+02  2.09e+01  0  1.61e+03  5.27e+01  5.56e+00  1.47e+00  3.86e-01   0.33
2005 12 30  1620   53734   58800  0  4.13e+02  1.84e+01  0  1.56e+03  5.30e+01  6.49e+00  1.70e+00  5.60e-01   0.06
2005 12 30  1625   53734   59100  0  4.25e+02  2.20e+01  0  1.52e+03  5.05e+01  6.37e+00  1.66e+00  3.96e-01   0.45
2005 12 30  1630   53734   59400  0  5.14e+02  1.53e+01  0  1.57e+03  5.03e+01  6.62e+00  1.50e+00  2.74e-01   0.17
2005 12 30  1635   53734   59700  0  4.56e+02  1.84e+01  0  1.88e+03  6.62e+01  7.93e+00  1.56e+00  3.19e-01   0.46
2005 12 30  1640   53734   60000  0  5.18e+02  1.81e+01  0  2.23e+03  8.83e+01  8.05e+00  1.37e+00  5.02e-01   0.16
2005 12 30  1645   53734   60300  0  4.69e+02  2.09e+01  0  1.61e+03  5.80e+01  7.80e+00  1.14e+00  4.43e-01   0.13
2005 12 30  1650   53734   60600  0  4.40e+02  2.13e+01  0  1.63e+03  5.28e+01  6.91e+00  1.46e+00  4.64e-01   0.13
2005 12 30  1655   53734   60900  0  4.27e+02  1.63e+01  0  1.59e+03  5.67e+01  6.31e+00  1.49e+00  4.15e-01   0.29
2005 12 30  1700   53734   61200  0  4.26e+02  1.84e+01  0  1.46e+03  6.41e+01  6.06e+00  1.77e+00  4.43e-01   0.14
2005 12 30  1705   53734   61500  0  4.65e+02  2.16e+01  0  1.60e+03  6.28e+01  7.18e+00  1.34e+00  4.01e-01   0.32
2005 12 30  1710   53734   61800  0  4.55e+02  2.01e+01  0  1.69e+03  6.22e+01  7.28e+00  1.39e+00  4.00e-01   0.39
2005 12 30  1715   53734   62100  0  4.36e+02  2.13e+01  0  1.64e+03  5.84e+01  7.28e+00  1.56e+00  4.64e-01   0.21
2005 12 30  1720   53734   62400  0  4.79e+02  2.21e+01  0  1.57e+03  5.41e+01  5.85e+00  1.51e+00  4.46e-01   0.10
2005 12 30  1725   53734   62700  0  4.09e+02  2.01e+01  0  1.69e+03  5.84e+01  6.65e+00  1.41e+00  3.48e-01   0.17
2005 12 30  1730   53734   63000  0  4.29e+02  2.04e+01  0  1.61e+03  6.08e+01  6.91e+00  1.35e+00  4.64e-01   0.31
2005 12 30  1735   53734   63300  0  4.55e+02  1.75e+01  0  1.50e+03  5.33e+01  6.68e+00  1.25e+00  4.37e-01   0.38
2005 12 30  1740   53734   63600  0  5.95e+02  1.97e+01  0  1.58e+03  5.96e+01  5.74e+00  1.35e+00  2.53e-01   0.24
2005 12 30  1745   53734   63900  0  4.52e+02  1.82e+01  0  1.63e+03  6.01e+01  6.43e+00  1.48e+00  3.57e-01   0.18
2005 12 30  1750   53734   64200  0  4.83e+02  2.40e+01  0  1.57e+03  5.96e+01  6.75e+00  1.23e+00  3.06e-01   0.17
2005 12 30  1755   53734   64500  0  5.45e+02  1.76e+01  0  1.66e+03  6.05e+01  6.92e+00  1.52e+00  3.06e-01   0.17
2005 12 30  1800   53734   64800  0  4.14e+02  1.73e+01  0  1.61e+03  5.33e+01  6.55e+00  1.34e+00  3.83e-01   0.31
2005 12 30  1805   53734   65100  0  4.82e+02  1.87e+01  0  1.57e+03  5.37e+01  6.59e+00  1.52e+00  2.63e-01   0.11
2005 12 30  1810   53734   65400  0  4.71e+02  2.09e+01  0  1.56e+03  6.04e+01  6.88e+00  1.45e+00  2.32e-01   0.10
2005 12 30  1815   53734   65700  0  4.94e+02  1.99e+01  0  1.66e+03  6.57e+01  7.29e+00  1.16e+00  3.57e-01   0.66
2005 12 30  1820   53734   66000  0  4.78e+02  2.13e+01  0  1.54e+03  5.06e+01  6.92e+00  1.43e+00  3.90e-01   0.25
2005 12 30  1825   53734   66300  0  4.99e+02  1.93e+01  0  1.49e+03  4.80e+01  6.40e+00  1.12e+00  3.57e-01   0.44
2005 12 30  1830   53734   66600  0  5.72e+02  1.70e+01  0  1.55e+03  4.64e+01  5.65e+00  1.37e+00  4.93e-01   0.15
2005 12 30  1835   53734   66900  0  5.10e+02  1.91e+01  0  1.60e+03  6.02e+01  6.92e+00  1.37e+00  3.48e-01   0.44
2005 12 30  1840   53734   67200  0  4.31e+02  1.87e+01  0  1.56e+03  6.92e+01  7.01e+00  1.45e+00  4.13e-01   0.42
2005 12 30  1845   53734   67500  0  5.60e+02  1.84e+01  0  1.61e+03  6.20e+01  6.73e+00  1.58e+00  3.48e-01   0.39
2005 12 30  1850   53734   67800  0  4.51e+02  2.34e+01  0  1.63e+03  6.20e+01  7.09e+00  1.24e+00  3.96e-01   0.39
2005 12 30  1855   53734   68100  0  5.19e+02  2.09e+01  0  1.65e+03  7.51e+01  7.03e+00  1.37e+00  4.06e-01   0.28
2005 12 30  1900   53734   68400  0  5.39e+02  1.59e+01  0  1.60e+03  6.75e+01  7.42e+00  1.39e+00  3.77e-01   0.13
2005 12 30  1905   53734   68700  0  5.47e+02  1.70e+01  0  2.44e+03  7.03e+01  6.76e+00  1.52e+00  3.48e-01   0.13
2005 12 30  1910   53734   69000  0  4.90e+02  1.86e+01  0  2.30e+03  6.60e+01  6.88e+00  1.43e+00  3.06e-01   0.32
2005 12 30  1915   53734   69300  0  4.99e+02  1.49e+01  0  2.43e+03  8.32e+01  6.64e+00  1.43e+00  3.86e-01   0.02
2005 12 30  1920   53734   69600  0  5.49e+02  1.93e+01  0  3.26e+03  9.42e+01  6.52e+00  1.77e+00  3.77e-01   0.18
2005 12 30  1925   53734   69900  0  4.55e+02  1.64e+01  0  1.82e+03  6.67e+01  6.06e+00  1.39e+00  2.21e-01   0.34
2005 12 30  1930   53734   70200  0  5.04e+02  1.80e+01  0  1.58e+03  5.44e+01  6.66e+00  1.50e+00  5.26e-01   0.33
2005 12 30  1935   53734   70500  0  6.17e+02  1.95e+01  0  1.60e+03  5.82e+01  6.40e+00  1.81e+00  4.25e-01   0.21
2005 12 30  1940   53734   70800  0  5.03e+02  1.72e+01  0  1.66e+03  5.40e+01  6.98e+00  1.18e+00  3.69e-01   0.20
2005 12 30  1945   53734   71100  0  4.88e+02  1.64e+01  0  1.67e+03  5.46e+01  6.60e+00  1.34e+00  4.46e-01   0.10
2005 12 30  1950   53734   71400  0  4.46e+02  2.01e+01  0  1.50e+03  5.47e+01  6.65e+00  1.64e+00  3.69e-01   0.43
2005 12 30  1955   53734   71700  0  5.27e+02  1.97e+01  0  1.57e+03  5.43e+01  7.54e+00  1.70e+00  4.00e-01   0.18
2005 12 30  2000   53734   72000  0  5.04e+02  1.73e+01  0  1.74e+03  7.43e+01  8.02e+00  1.55e+00  4.81e-01   0.18
2005 12 30  2005   53734   72300  0  5.41e+02  1.80e+01  0  1.82e+03  8.91e+01  8.49e+00  1.60e+00  2.95e-01   0.38
2005 12 30  2010   53734   72600  0  5.60e+02  1.68e+01  0  1.75e+03  8.31e+01  7.68e+00  1.64e+00  3.74e-01   0.14
2005 12 30  2015   53734   72900  0  4.93e+02  1.90e+01  0  1.82e+03  8.77e+01  8.13e+00  1.58e+00  2.76e-01   0.19
2005 12 30  2020   53734   73200  0  4.29e+02  1.93e+01  0  1.82e+03  9.04e+01  7.28e+00  1.48e+00  4.00e-01   0.29
2005 12 30  2025   53734   73500  0  4.38e+02  2.11e+01  0  1.73e+03  9.17e+01  8.27e+00  1.69e+00  4.55e-01   0.31
2005 12 30  2030   53734   73800  0  5.40e+02  1.57e+01  0  1.92e+03  1.01e+02  6.59e+00  1.91e+00  3.90e-01   0.22
2005 12 30  2035   53734   74100  0  4.13e+02  2.47e+01  0  2.00e+03  9.29e+01  7.54e+00  1.87e+00  4.11e-01   0.50
2005 12 30  2040   53734   74400  0  3.85e+02  1.85e+01  0  2.02e+03  1.13e+02  8.85e+00  1.67e+00  4.37e-01   0.18
2005 12 30  2045   53734   74700  0  5.61e+02  1.95e+01  0  2.18e+03  1.20e+02  8.72e+00  1.52e+00  4.00e-01   0.52
2005 12 30  2050   53734   75000  0  4.58e+02  1.58e+01  0  1.98e+03  1.03e+02  7.60e+00  1.54e+00  3.09e-01   0.37
2005 12 30  2055   53734   75300  0  5.04e+02  1.95e+01  0  2.09e+03  1.04e+02  8.29e+00  1.51e+00  2.67e-01   0.50
2005 12 30  2100   53734   75600  0  4.35e+02  2.03e+01  0  1.94e+03  1.07e+02  7.90e+00  1.66e+00  3.58e-01   0.31
2005 12 30  2105   53734   75900  0  5.04e+02  1.91e+01  0  1.85e+03  8.38e+01  7.36e+00  1.64e+00  2.99e-01   0.45
2005 12 30  2110   53734   76200  0  5.06e+02  1.90e+01  0  1.84e+03  8.33e+01  7.66e+00  1.75e+00  3.48e-01   0.46
2005 12 30  2115   53734   76500  0  4.56e+02  1.89e+01  0  1.77e+03  8.81e+01  5.80e+00  1.85e+00  3.69e-01   0.28
2005 12 30  2120   53734   76800  0  5.65e+02  2.06e+01  0  1.84e+03  9.08e+01  7.45e+00  1.77e+00  2.32e-01   0.11
2005 12 30  2125   53734   77100  0  4.63e+02  2.04e+01  0  1.91e+03  8.94e+01  6.70e+00  1.51e+00  3.67e-01   0.58
2005 12 30  2130   53734   77400  0  4.80e+02  2.05e+01  0  2.02e+03  1.01e+02  7.18e+00  1.33e+00  3.77e-01   0.44
2005 12 30  2135   53734   77700  0  4.76e+02  1.75e+01  0  1.94e+03  1.03e+02  8.20e+00  1.81e+00  4.83e-01   0.38
2005 12 30  2140   53734   78000  0  5.06e+02  1.74e+01  0  2.37e+03  1.29e+02  7.84e+00  1.60e+00  3.57e-01   0.39
2005 12 30  2145   53734   78300  0  5.34e+02  1.93e+01  0  2.31e+03  1.22e+02  8.53e+00  1.43e+00  4.73e-01   0.06
2005 12 30  2150   53734   78600  0  4.65e+02  1.95e+01  0  1.97e+03  1.06e+02  7.51e+00  1.77e+00  3.58e-01   0.11
2005 12 30  2155   53734   78900  0  5.59e+02  2.02e+01  0  2.05e+03  1.14e+02  7.93e+00  1.85e+00  3.28e-01   0.29
2005 12 30  2200   53734   79200  0  4.78e+02  1.74e+01  0  2.07e+03  1.07e+02  8.11e+00  1.89e+00  3.86e-01   0.05
2005 12 30  2205   53734   79500  0  4.36e+02  1.66e+01  0  2.13e+03  1.15e+02  8.69e+00  1.87e+00  4.00e-01   0.26
2005 12 30  2210   53734   79800  0  6.01e+02  2.09e+01  0  2.56e+03  1.54e+02  8.79e+00  1.78e+00  3.83e-01   0.17
2005 12 30  2215   53734   80100  0  4.61e+02  2.00e+01  0  2.49e+03  1.47e+02  1.00e+01  1.49e+00  3.77e-01   0.13
2005 12 30  2220   53734   80400  0  5.07e+02  1.89e+01  0  2.58e+03  1.57e+02  9.15e+00  1.83e+00  3.37e-01   0.39
2005 12 30  2225   53734   80700  0  5.16e+02  2.27e+01  0  2.55e+03  1.51e+02  1.02e+01  1.62e+00  4.01e-01   0.25
2005 12 30  2230   53734   81000  0  5.47e+02  1.84e+01  0  2.44e+03  1.46e+02  9.60e+00  1.66e+00  3.69e-01   0.13
2005 12 30  2235   53734   81300  0  5.71e+02  1.60e+01  0  2.33e+03  1.25e+02  8.20e+00  1.50e+00  3.16e-01   0.47
2005 12 30  2240   53734   81600  0  4.82e+02  1.62e+01  0  2.23e+03  1.24e+02  8.15e+00  1.53e+00  3.12e-01   0.15
2005 12 30  2245   53734   81900  0  6.48e+02  2.07e+01  0  2.51e+03  1.38e+02  8.62e+00  1.37e+00  3.48e-01   0.35
2005 12 30  2250   53734   82200  0  5.62e+02  1.99e+01  0  2.62e+03  1.48e+02  8.99e+00  1.64e+00  4.28e-01   0.04
2005 12 30  2255   53734   82500  0  5.69e+02  2.22e+01  0  2.50e+03  1.40e+02  9.32e+00  1.71e+00  4.46e-01   0.37
2005 12 30  2300   53734   82800  0  5.63e+02  1.82e+01  0  2.42e+03  1.49e+02  9.80e+00  1.81e+00  4.64e-01   0.25
2005 12 30  2305   53734   83100  0  6.29e+02  1.65e+01  0  2.56e+03  1.56e+02  9.96e+00  1.58e+00  4.73e-01   0.28
2005 12 30  2310   53734   83400  0  5.07e+02  1.76e+01  0  2.56e+03  1.55e+02  9.60e+00  1.48e+00  3.79e-01   0.43
2005 12 30  2315   53734   83700  0  4.87e+02  1.58e+01  0  2.45e+03  1.56e+02  9.18e+00  1.56e+00  4.32e-01   0.08
2005 12 30  2320   53734   84000  0  5.51e+02  1.83e+01  0  2.45e+03  1.41e+02  9.49e+00  1.37e+00  4.10e-01   0.15
2005 12 30  2325   53734   84300  0  4.08e+02  1.82e+01  0  2.42e+03  1.31e+02  7.67e+00  1.95e+00  4.00e-01   0.25
2005 12 30  2330   53734   84600  0  4.88e+02  1.74e+01  0  2.07e+03  1.12e+02  7.75e+00  1.98e+00  3.28e-01   0.17
2005 12 30  2335   53734   84900  0  5.92e+02  1.78e+01  0  2.14e+03  1.16e+02  8.52e+00  2.11e+00  3.74e-01   0.19
2005 12 30  2340   53734   85200  0  4.49e+02  1.66e+01  0  2.10e+03  1.40e+02  9.87e+00  1.58e+00  3.90e-01   0.28
2005 12 30  2345   53734   85500  0  4.58e+02  1.70e+01  0  2.31e+03  1.72e+02  9.02e+00  1.71e+00  3.96e-01   0.15
2005 12 30  2350   53734   85800  0  4.48e+02  1.77e+01  0  2.02e+03  1.11e+02  6.82e+00  1.60e+00  3.67e-01   0.11
2005 12 30  2355   53734   86100  0  4.96e+02  1.82e+01  0  2.07e+03  1.04e+02  7.38e+00  1.21e+00  3.79e-01   0.28
