:Data_list: 20051029_ace_epam_5m.txt
:Created: 2005 Oct 30 0012 UT
# Prepared by the U.S. Dept. of Commerce, NOAA, Space Environment Center.
# Please send comments and suggestions to SEC.Webmaster@noaa.gov 
# 
# Units: Differential Flux particles/cm2-s-ster-MeV
# Units: Anisotropy Index 0.0 - 2.0
# Status(S): 0 = nominal, 4,6,7,8 = bad data, unable to process, 9 = no data
# Missing data values: -1.00e+05, index = -1.00
# Source: ACE Satellite - Electron, Proton, and Alpha Monitor
# 2004 Feb 04: see http://www.sec.noaa.gov/ftpdir/lists/ace/README for EPAM channel change notice.
#
#                      5-minute averaged Real-time Differential Electron and Proton Flux 
# 
#                Modified Seconds ---------------------------- Differential Flux --------------------------- 
# UT Date   Time  Julian  of the  ----- Electron -----   ------------------- Protons keV -------------------   Anis.
# YR MO DA  HHMM    Day    Day    S    38-53   175-315   S    47-68   115-195   310-580   761-1220 1060-1900   Ratio
#-------------------------------------------------------------------------------------------------------------------
2005 10 29  0000   53672       0  0  3.64e+02  1.82e+01  0  1.11e+03  2.03e+01  1.68e+00  5.33e-01  4.21e-02   0.04
2005 10 29  0005   53672     300  0  5.11e+02  2.16e+01  0  1.17e+03  2.01e+01  3.03e+00  4.00e-01  9.01e-02   0.53
2005 10 29  0010   53672     600  0  4.07e+02  1.99e+01  0  1.20e+03  2.04e+01  2.10e+00  3.74e-01  2.90e-02   0.62
2005 10 29  0015   53672     900  0  3.52e+02  2.00e+01  0  1.17e+03  1.91e+01  2.19e+00  5.72e-01  8.69e-02   0.66
2005 10 29  0020   53672    1200  0  5.46e+02  1.97e+01  0  1.18e+03  2.00e+01  2.37e+00  2.48e-01  1.35e-01   0.49
2005 10 29  0025   53672    1500  0  3.43e+02  1.78e+01  0  1.22e+03  1.80e+01  2.16e+00  4.37e-01  1.26e-01   0.27
2005 10 29  0030   53672    1800  0  3.84e+02  1.79e+01  0  1.42e+04  1.28e+02  2.34e+00  4.95e-01  1.26e-01   0.67
2005 10 29  0035   53672    2100  0  4.15e+02  1.95e+01  0  2.42e+04  2.82e+02  4.60e+00  2.91e-01  1.06e-01   1.23
2005 10 29  0040   53672    2400  0  4.81e+02  1.61e+01  0  4.19e+03  2.40e+01  2.25e+00  5.53e-01  6.76e-02   0.36
2005 10 29  0045   53672    2700  0  4.26e+02  1.33e+01  0  1.61e+03  2.31e+01  1.67e+00  4.37e-01  1.05e-01   1.21
2005 10 29  0050   53672    3000  0  4.04e+02  1.97e+01  0  1.68e+03  2.40e+01  1.80e+00  3.43e-01  1.37e-01   0.80
2005 10 29  0055   53672    3300  0  4.69e+02  1.95e+01  0  5.02e+04  6.62e+02  8.44e+00  4.19e-01  1.26e-01   0.52
2005 10 29  0100   53672    3600  0  4.33e+02  1.68e+01  0  6.21e+04  5.58e+02  5.64e+00  3.95e-01  6.95e-02   0.48
2005 10 29  0105   53672    3900  0  3.86e+02  1.82e+01  0  1.86e+04  1.54e+02  2.46e+00  5.53e-01  1.06e-01   0.14
2005 10 29  0110   53672    4200  0  4.17e+02  1.98e+01  0  2.07e+03  2.57e+01  1.92e+00  3.05e-01  8.69e-02   0.70
2005 10 29  0115   53672    4500  0  4.25e+02  1.41e+01  0  1.32e+03  1.65e+01  1.51e+00  3.12e-01  9.01e-02   0.64
2005 10 29  0120   53672    4800  0  4.00e+02  1.68e+01  0  1.15e+03  1.62e+01  1.72e+00  2.64e-01  1.35e-01   0.83
2005 10 29  0125   53672    5100  0  3.82e+02  1.86e+01  0  1.07e+03  1.49e+01  1.80e+00  4.16e-01  9.48e-02   0.26
2005 10 29  0130   53672    5400  0  4.56e+02  2.30e+01  0  1.20e+03  1.63e+01  1.87e+00  4.99e-01  4.64e-02   0.85
2005 10 29  0135   53672    5700  0  4.11e+02  1.80e+01  0  1.15e+03  1.73e+01  1.58e+00  5.45e-01  1.60e-01   0.50
2005 10 29  0140   53672    6000  0  4.15e+02  2.03e+01  0  1.17e+03  1.85e+01  1.90e+00  5.40e-01  1.26e-01   0.66
2005 10 29  0145   53672    6300  0  4.46e+02  2.09e+01  0  1.17e+03  1.55e+01  1.48e+00  4.78e-01  9.48e-02   0.18
2005 10 29  0150   53672    6600  0  4.66e+02  1.73e+01  0  1.11e+03  1.60e+01  2.30e+00  6.86e-01  6.76e-02   0.15
2005 10 29  0155   53672    6900  0  3.63e+02  1.47e+01  0  1.13e+03  1.54e+01  2.03e+00  4.57e-01  8.11e-02   0.46
2005 10 29  0200   53672    7200  0  4.15e+02  2.13e+01  0  1.09e+03  1.59e+01  1.55e+00  5.98e-01  8.69e-02   0.41
2005 10 29  0205   53672    7500  0  4.33e+02  1.62e+01  0  1.14e+03  1.50e+01  2.06e+00  4.37e-01  7.38e-02   0.20
2005 10 29  0210   53672    7800  0  3.97e+02  1.70e+01  0  1.16e+03  1.69e+01  1.57e+00  3.12e-01  1.26e-01   0.31
2005 10 29  0215   53672    8100  0  4.18e+02  2.04e+01  0  1.12e+03  1.52e+01  1.64e+00  4.75e-01  8.43e-02   0.65
2005 10 29  0220   53672    8400  0  4.83e+02  1.70e+01  0  1.18e+03  1.53e+01  1.97e+00  4.99e-01  1.26e-01   0.07
2005 10 29  0225   53672    8700  0  4.07e+02  1.60e+01  0  1.10e+03  1.59e+01  1.70e+00  4.57e-01  1.05e-01   0.57
2005 10 29  0230   53672    9000  0  3.63e+02  2.04e+01  0  1.10e+03  1.42e+01  1.64e+00  3.17e-01  1.52e-01   0.79
2005 10 29  0235   53672    9300  0  3.89e+02  1.89e+01  0  1.06e+03  1.63e+01  1.80e+00  4.37e-01  1.90e-01   0.53
2005 10 29  0240   53672    9600  0  4.13e+02  2.07e+01  0  1.15e+03  1.40e+01  1.68e+00  4.95e-01  8.69e-02   0.39
2005 10 29  0245   53672    9900  0  4.11e+02  2.00e+01  0  1.19e+03  1.71e+01  1.80e+00  4.95e-01  3.48e-02   0.63
2005 10 29  0250   53672   10200  0  3.41e+02  2.01e+01  0  1.05e+03  1.68e+01  1.90e+00  4.99e-01  2.00e-01   0.24
2005 10 29  0255   53672   10500  0  4.36e+02  2.07e+01  0  1.11e+03  1.73e+01  1.38e+00  4.19e-01  1.26e-01   0.21
2005 10 29  0300   53672   10800  0  3.89e+02  1.77e+01  0  1.09e+03  1.49e+01  1.74e+00  5.14e-01  6.76e-02   0.16
2005 10 29  0305   53672   11100  0  3.81e+02  1.84e+01  0  1.10e+03  1.53e+01  1.18e+00  5.20e-01  7.38e-02   0.83
2005 10 29  0310   53672   11400  0  4.00e+02  2.00e+01  0  1.08e+03  1.38e+01  1.98e+00  4.19e-01  1.16e-01   0.45
2005 10 29  0315   53672   11700  0  3.75e+02  1.84e+01  0  1.13e+03  1.64e+01  1.74e+00  6.10e-01  1.16e-01   0.31
2005 10 29  0320   53672   12000  0  3.79e+02  1.61e+01  0  1.35e+03  1.78e+01  2.13e+00  3.43e-01  8.69e-02   0.70
2005 10 29  0325   53672   12300  0  2.81e+02  1.70e+01  0  2.18e+03  1.95e+01  2.03e+00  4.99e-01  1.66e-02   0.65
2005 10 29  0330   53672   12600  0  4.35e+02  1.70e+01  0  1.99e+03  2.32e+01  1.95e+00  4.76e-01  1.48e-01   0.38
2005 10 29  0335   53672   12900  0  4.00e+02  1.98e+01  0  1.60e+03  1.95e+01  1.53e+00  4.76e-01  7.73e-02   0.19
2005 10 29  0340   53672   13200  0  4.42e+02  1.74e+01  0  1.81e+03  1.73e+01  1.93e+00  3.33e-01  1.79e-01   0.77
2005 10 29  0345   53672   13500  0  4.49e+02  1.95e+01  0  1.46e+03  1.68e+01  1.83e+00  3.81e-01  1.45e-01   0.84
2005 10 29  0350   53672   13800  0  4.56e+02  1.74e+01  0  1.20e+03  1.51e+01  1.71e+00  4.76e-01  5.27e-02   0.43
2005 10 29  0355   53672   14100  0  3.73e+02  1.89e+01  0  1.19e+03  1.49e+01  1.84e+00  3.53e-01  8.43e-02   0.83
2005 10 29  0400   53672   14400  0  4.59e+02  1.86e+01  0  1.10e+03  1.54e+01  1.53e+00  3.87e-01  1.52e-01   0.33
2005 10 29  0405   53672   14700  0  4.53e+02  1.86e+01  0  1.14e+03  1.43e+01  1.93e+00  5.40e-01  9.48e-02   0.19
2005 10 29  0410   53672   15000  0  3.57e+02  2.11e+01  0  1.16e+03  1.39e+01  1.70e+00  4.57e-01  1.16e-01   0.20
2005 10 29  0415   53672   15300  0  3.72e+02  1.99e+01  0  1.08e+03  1.66e+01  2.33e+00  3.34e-01  1.69e-01   0.40
2005 10 29  0420   53672   15600  0  4.51e+02  2.15e+01  0  1.19e+03  1.78e+01  1.74e+00  4.37e-01  1.37e-01   0.20
2005 10 29  0425   53672   15900  0  3.52e+02  2.01e+01  0  1.13e+03  1.55e+01  2.00e+00  4.57e-01  1.90e-01   0.54
2005 10 29  0430   53672   16200  0  3.65e+02  1.91e+01  0  1.06e+03  1.43e+01  1.74e+00  2.95e-01  0.00e+00   0.77
2005 10 29  0435   53672   16500  0  4.36e+02  1.60e+01  0  1.12e+03  1.55e+01  1.77e+00  5.61e-01  3.16e-02   0.87
2005 10 29  0440   53672   16800  0  4.53e+02  2.01e+01  0  1.15e+03  1.66e+01  1.83e+00  5.28e-01  4.21e-02   0.21
2005 10 29  0445   53672   17100  0  3.95e+02  1.70e+01  0  1.12e+03  1.71e+01  1.41e+00  3.53e-01  2.55e-01   0.57
2005 10 29  0450   53672   17400  0  3.40e+02  1.72e+01  0  1.03e+03  1.56e+01  1.80e+00  3.95e-01  1.05e-01   0.27
2005 10 29  0455   53672   17700  0  4.09e+02  1.60e+01  0  1.09e+03  1.39e+01  1.61e+00  4.40e-01  6.32e-02   0.45
2005 10 29  0500   53672   18000  0  3.91e+02  1.97e+01  0  1.14e+03  1.70e+01  1.67e+00  4.37e-01  1.69e-01   0.27
2005 10 29  0505   53672   18300  0  3.61e+02  2.05e+01  0  1.11e+03  1.66e+01  2.07e+00  4.99e-01  1.69e-01   0.33
2005 10 29  0510   53672   18600  0  4.90e+02  1.95e+01  0  1.18e+03  1.74e+01  2.11e+00  3.87e-01  4.46e-02   0.43
2005 10 29  0515   53672   18900  0  4.11e+02  1.60e+01  0  1.13e+03  1.73e+01  2.20e+00  7.07e-01  1.39e-01   0.11
2005 10 29  0520   53672   19200  0  4.89e+02  1.70e+01  0  1.15e+03  1.59e+01  2.37e+00  4.00e-01  1.16e-01   0.46
2005 10 29  0525   53672   19500  0  3.81e+02  1.87e+01  0  1.06e+03  1.79e+01  1.47e+00  4.37e-01  1.26e-01   0.46
2005 10 29  0530   53672   19800  0  4.82e+02  2.07e+01  0  1.16e+03  1.64e+01  2.23e+00  4.37e-01  1.05e-01   0.20
2005 10 29  0535   53672   20100  0  3.69e+02  1.90e+01  0  1.20e+03  1.62e+01  1.86e+00  5.15e-01  1.74e-01   0.51
2005 10 29  0540   53672   20400  0  4.07e+02  1.70e+01  0  1.16e+03  1.67e+01  2.04e+00  3.43e-01  8.69e-02   0.43
2005 10 29  0545   53672   20700  0  4.63e+02  2.01e+01  0  1.15e+03  1.68e+01  2.26e+00  2.49e-01  6.44e-02   0.49
2005 10 29  0550   53672   21000  0  4.18e+02  1.79e+01  0  1.21e+03  1.54e+01  1.68e+00  5.34e-01  8.69e-02   0.09
2005 10 29  0555   53672   21300  0  3.53e+02  1.79e+01  0  1.16e+03  1.70e+01  2.42e+00  3.59e-01  6.95e-02   1.07
2005 10 29  0600   53672   21600  9 -1.00e+05 -1.00e+05  9 -1.00e+05 -1.00e+05 -1.00e+05 -1.00e+05 -1.00e+05  -1.00
2005 10 29  0605   53672   21900  9 -1.00e+05 -1.00e+05  9 -1.00e+05 -1.00e+05 -1.00e+05 -1.00e+05 -1.00e+05  -1.00
2005 10 29  0610   53672   22200  9 -1.00e+05 -1.00e+05  9 -1.00e+05 -1.00e+05 -1.00e+05 -1.00e+05 -1.00e+05  -1.00
2005 10 29  0615   53672   22500  9 -1.00e+05 -1.00e+05  9 -1.00e+05 -1.00e+05 -1.00e+05 -1.00e+05 -1.00e+05  -1.00
2005 10 29  0620   53672   22800  9 -1.00e+05 -1.00e+05  9 -1.00e+05 -1.00e+05 -1.00e+05 -1.00e+05 -1.00e+05  -1.00
2005 10 29  0625   53672   23100  9 -1.00e+05 -1.00e+05  9 -1.00e+05 -1.00e+05 -1.00e+05 -1.00e+05 -1.00e+05  -1.00
2005 10 29  0630   53672   23400  0  4.56e+02  1.97e+01  0  1.08e+03  1.60e+01  1.24e+00  4.99e-01  3.95e-02   0.62
2005 10 29  0635   53672   23700  0  4.19e+02  1.57e+01  0  1.07e+03  1.64e+01  2.23e+00  5.61e-01  2.58e-02   0.09
2005 10 29  0640   53672   24000  0  4.37e+02  1.67e+01  0  1.11e+03  1.61e+01  2.00e+00  5.28e-01  9.48e-02   0.55
2005 10 29  0645   53672   24300  0  4.11e+02  1.74e+01  0  1.13e+03  1.54e+01  2.10e+00  3.74e-01  1.26e-01   0.48
2005 10 29  0650   53672   24600  0  4.06e+02  1.58e+01  0  1.08e+03  1.59e+01  1.90e+00  2.91e-01  1.05e-01   0.62
2005 10 29  0655   53672   24900  0  4.38e+02  1.75e+01  0  1.16e+03  1.56e+01  2.11e+00  2.99e-01  1.34e-01   0.37
2005 10 29  0700   53672   25200  0  4.24e+02  1.91e+01  0  1.13e+03  1.71e+01  2.13e+00  5.61e-01  9.48e-02   0.27
2005 10 29  0705   53672   25500  0  4.23e+02  1.58e+01  0  1.08e+03  1.54e+01  1.77e+00  5.40e-01  1.37e-01   0.51
2005 10 29  0710   53672   25800  0  4.14e+02  1.68e+01  0  1.11e+03  1.74e+01  2.14e+00  3.69e-01  1.34e-01   0.99
2005 10 29  0715   53672   26100  0  3.89e+02  1.57e+01  0  1.16e+03  1.64e+01  1.54e+00  4.37e-01  2.00e-01   0.63
2005 10 29  0720   53672   26400  0  4.17e+02  1.85e+01  0  1.16e+03  1.53e+01  1.78e+00  4.75e-01  9.81e-02   0.82
2005 10 29  0725   53672   26700  0  4.04e+02  2.07e+01  0  1.14e+03  1.49e+01  1.64e+00  6.03e-01  2.00e-01   0.56
2005 10 29  0730   53672   27000  0  5.13e+02  1.58e+01  0  1.16e+03  1.75e+01  1.87e+00  4.37e-01  1.26e-01   1.32
2005 10 29  0735   53672   27300  0  3.53e+02  1.88e+01  0  1.18e+03  1.80e+01  1.89e+00  4.05e-01  1.16e-01   0.30
2005 10 29  0740   53672   27600  0  3.73e+02  1.86e+01  0  9.89e+02  1.43e+01  1.93e+00  6.44e-01  1.05e-01   0.42
2005 10 29  0745   53672   27900  0  4.71e+02  1.66e+01  0  1.13e+03  1.53e+01  1.84e+00  2.70e-01  1.37e-01   0.06
2005 10 29  0750   53672   28200  0  4.70e+02  1.59e+01  0  1.11e+03  1.53e+01  1.75e+00  4.75e-01  1.34e-01   0.45
2005 10 29  0755   53672   28500  0  3.97e+02  1.80e+01  0  1.13e+03  1.45e+01  1.64e+00  4.16e-01  1.58e-01   0.92
2005 10 29  0800   53672   28800  0  4.22e+02  1.63e+01  0  1.07e+03  1.62e+01  1.59e+00  5.33e-01  9.66e-02   0.33
2005 10 29  0805   53672   29100  0  4.42e+02  1.65e+01  0  1.18e+03  1.54e+01  1.98e+00  4.19e-01  8.69e-02   0.46
2005 10 29  0810   53672   29400  0  3.88e+02  2.28e+01  0  1.16e+03  1.78e+01  1.74e+00  4.16e-01  8.43e-02   0.29
2005 10 29  0815   53672   29700  0  3.77e+02  1.88e+01  0  1.05e+03  1.62e+01  2.19e+00  3.62e-01  9.48e-02   0.42
2005 10 29  0820   53672   30000  0  5.60e+02  1.95e+01  0  1.14e+03  1.42e+01  2.01e+00  3.24e-01  1.45e-01   0.15
2005 10 29  0825   53672   30300  0  4.15e+02  1.74e+01  0  1.15e+03  1.44e+01  1.67e+00  4.37e-01  4.64e-02   0.60
2005 10 29  0830   53672   30600  0  4.03e+02  1.81e+01  0  1.11e+03  1.56e+01  2.40e+00  5.53e-01  1.26e-01   0.57
2005 10 29  0835   53672   30900  0  5.14e+02  1.63e+01  0  1.12e+03  1.48e+01  1.41e+00  5.34e-01  1.05e-01   0.81
2005 10 29  0840   53672   31200  0  4.25e+02  1.79e+01  0  1.12e+03  1.60e+01  1.77e+00  4.76e-01  9.66e-02   0.50
2005 10 29  0845   53672   31500  0  3.99e+02  1.91e+01  0  1.11e+03  1.27e+01  1.54e+00  3.74e-01  6.44e-02   0.67
2005 10 29  0850   53672   31800  0  4.05e+02  1.70e+01  0  1.09e+03  1.63e+01  2.37e+00  4.00e-01  1.45e-01   0.37
2005 10 29  0855   53672   32100  0  4.48e+02  1.67e+01  0  1.15e+03  1.53e+01  1.86e+00  5.33e-01  1.45e-01   0.18
2005 10 29  0900   53672   32400  0  4.07e+02  2.26e+01  0  1.12e+03  1.83e+01  1.84e+00  5.61e-01  1.69e-01   0.24
2005 10 29  0905   53672   32700  0  3.67e+02  1.98e+01  0  1.07e+03  1.84e+01  2.25e+00  5.53e-01  1.35e-01   0.40
2005 10 29  0910   53672   33000  0  4.11e+02  2.20e+01  0  1.12e+03  1.45e+01  2.13e+00  5.14e-01  1.16e-01   0.04
2005 10 29  0915   53672   33300  0  4.61e+02  1.76e+01  0  1.13e+03  1.70e+01  2.33e+00  5.61e-01  1.05e-01   0.45
2005 10 29  0920   53672   33600  0  4.17e+02  1.95e+01  0  1.15e+03  1.57e+01  1.80e+00  4.57e-01  1.16e-01   0.22
2005 10 29  0925   53672   33900  0  4.60e+02  2.05e+01  0  1.09e+03  1.68e+01  2.26e+00  4.57e-01  1.79e-01   0.49
2005 10 29  0930   53672   34200  0  4.51e+02  1.64e+01  0  1.20e+03  1.77e+01  1.74e+00  4.37e-01  2.53e-01   0.23
2005 10 29  0935   53672   34500  0  4.26e+02  1.85e+01  0  1.22e+03  1.84e+01  1.94e+00  4.05e-01  1.16e-01   0.38
2005 10 29  0940   53672   34800  0  4.09e+02  1.84e+01  0  1.66e+03  1.85e+01  2.23e+00  3.33e-01  1.05e-01   0.62
2005 10 29  0945   53672   35100  0  5.03e+02  1.84e+01  0  1.68e+03  1.40e+01  2.13e+00  4.16e-01  1.16e-01   0.07
2005 10 29  0950   53672   35400  0  4.27e+02  1.65e+01  0  1.24e+03  1.69e+01  1.83e+00  4.75e-01  9.81e-02   0.43
2005 10 29  0955   53672   35700  0  3.84e+02  1.72e+01  0  1.26e+03  1.56e+01  1.97e+00  4.37e-01  1.69e-01   0.62
2005 10 29  1000   53672   36000  0  4.55e+02  1.85e+01  0  1.38e+03  1.54e+01  1.86e+00  5.98e-01  1.07e-01   0.53
2005 10 29  1005   53672   36300  0  4.08e+02  2.07e+01  0  1.29e+03  1.66e+01  2.33e+00  3.74e-01  2.11e-01   0.27
2005 10 29  1010   53672   36600  0  4.70e+02  1.87e+01  0  1.19e+03  1.75e+01  1.51e+00  5.61e-01  1.16e-01   0.18
2005 10 29  1015   53672   36900  0  4.18e+02  1.80e+01  0  1.13e+03  1.84e+01  1.89e+00  4.22e-01  1.52e-01   0.13
2005 10 29  1020   53672   37200  0  4.47e+02  1.80e+01  0  1.22e+03  1.71e+01  2.36e+00  6.24e-01  7.38e-02   0.12
2005 10 29  1025   53672   37500  0  4.31e+02  1.95e+01  0  1.46e+03  1.98e+01  1.97e+00  5.20e-01  1.05e-01   0.29
2005 10 29  1030   53672   37800  0  3.60e+02  1.77e+01  0  1.83e+03  2.61e+01  1.91e+00  7.04e-01  1.25e-01   0.34
2005 10 29  1035   53672   38100  0  4.51e+02  2.05e+01  0  1.85e+03  2.53e+01  1.90e+00  3.74e-01  1.48e-01   0.74
2005 10 29  1040   53672   38400  0  3.82e+02  1.63e+01  0  1.72e+03  2.56e+01  1.98e+00  4.19e-01  1.16e-01   0.22
2005 10 29  1045   53672   38700  0  3.61e+02  1.42e+01  0  1.92e+03  2.55e+01  1.92e+00  3.05e-01  1.16e-01   0.52
2005 10 29  1050   53672   39000  0  3.88e+02  1.93e+01  0  2.14e+03  2.88e+01  2.52e+00  3.53e-01  1.48e-01   0.79
2005 10 29  1055   53672   39300  0  4.33e+02  1.95e+01  0  2.54e+03  2.96e+01  1.98e+00  5.14e-01  1.55e-01   0.34
2005 10 29  1100   53672   39600  0  3.90e+02  1.77e+01  0  2.32e+03  2.90e+01  1.98e+00  4.00e-01  1.06e-01   0.24
2005 10 29  1105   53672   39900  0  3.49e+02  1.82e+01  0  1.68e+03  2.64e+01  2.26e+00  2.91e-01  1.26e-01   0.80
2005 10 29  1110   53672   40200  0  4.55e+02  1.75e+01  0  1.76e+03  2.42e+01  2.40e+00  5.34e-01  1.06e-01   0.72
2005 10 29  1115   53672   40500  0  4.33e+02  1.59e+01  0  1.53e+03  2.11e+01  2.31e+00  2.86e-01  1.26e-01   0.17
2005 10 29  1120   53672   40800  0  3.51e+02  2.09e+01  0  1.23e+03  1.82e+01  2.10e+00  4.00e-01  1.45e-01   0.79
2005 10 29  1125   53672   41100  0  4.31e+02  1.64e+01  0  1.27e+03  1.55e+01  1.77e+00  4.99e-01  7.38e-02   0.57
2005 10 29  1130   53672   41400  0  4.35e+02  1.95e+01  0  1.27e+03  1.82e+01  2.04e+00  5.91e-01  7.73e-02   0.49
2005 10 29  1135   53672   41700  0  4.49e+02  1.95e+01  0  1.24e+03  1.86e+01  1.59e+00  5.14e-01  1.64e-01   0.69
2005 10 29  1140   53672   42000  0  4.25e+02  1.97e+01  0  1.07e+03  1.75e+01  2.00e+00  7.48e-01  8.11e-02   0.38
2005 10 29  1145   53672   42300  0  4.10e+02  1.84e+01  0  1.18e+03  1.61e+01  1.98e+00  5.14e-01  1.55e-01   0.17
2005 10 29  1150   53672   42600  0  4.07e+02  1.84e+01  0  1.21e+03  1.85e+01  2.07e+00  4.95e-01  1.45e-01   0.49
2005 10 29  1155   53672   42900  0  4.17e+02  2.47e+01  0  1.21e+03  1.95e+01  1.97e+00  5.20e-01  1.37e-01   0.52
2005 10 29  1200   53672   43200  0  4.43e+02  1.86e+01  0  1.29e+03  2.11e+01  2.16e+00  5.98e-01  8.02e-02   0.10
2005 10 29  1205   53672   43500  0  3.85e+02  1.82e+01  0  1.22e+03  1.71e+01  2.20e+00  2.91e-01  1.16e-01   0.09
2005 10 29  1210   53672   43800  0  3.84e+02  1.82e+01  0  1.22e+03  1.76e+01  1.87e+00  5.61e-01  1.58e-01   0.08
2005 10 29  1215   53672   44100  0  4.02e+02  1.93e+01  0  1.17e+03  1.72e+01  1.94e+00  5.10e-01  1.87e-01   0.31
2005 10 29  1220   53672   44400  0  4.00e+02  1.86e+01  0  1.27e+03  1.71e+01  2.03e+00  4.16e-01  1.58e-01   0.36
2005 10 29  1225   53672   44700  0  3.91e+02  1.62e+01  0  1.26e+03  1.50e+01  2.29e+00  5.61e-01  1.58e-01   0.71
2005 10 29  1230   53672   45000  0  4.09e+02  1.83e+01  0  1.17e+03  1.69e+01  1.83e+00  5.80e-01  1.07e-01   0.18
2005 10 29  1235   53672   45300  0  4.15e+02  1.76e+01  0  1.58e+03  1.99e+01  2.36e+00  4.99e-01  1.47e-01   0.61
2005 10 29  1240   53672   45600  0  3.98e+02  1.67e+01  0  1.73e+03  2.08e+01  1.91e+00  5.98e-01  1.43e-01   0.56
2005 10 29  1245   53672   45900  0  3.46e+02  2.03e+01  0  1.35e+03  1.99e+01  1.64e+00  3.74e-01  8.43e-02   0.93
2005 10 29  1250   53672   46200  0  4.17e+02  1.57e+01  0  1.37e+03  2.04e+01  1.61e+00  3.74e-01  1.37e-01   0.23
2005 10 29  1255   53672   46500  0  4.69e+02  1.95e+01  0  1.37e+03  1.81e+01  1.53e+00  4.05e-01  1.16e-01   0.34
2005 10 29  1300   53672   46800  0  4.06e+02  2.05e+01  0  1.42e+03  1.88e+01  1.90e+00  2.91e-01  7.38e-02   0.76
2005 10 29  1305   53672   47100  0  4.02e+02  1.57e+01  0  1.34e+03  1.91e+01  1.97e+00  5.61e-01  1.05e-01   0.63
2005 10 29  1310   53672   47400  0  4.17e+02  1.83e+01  0  1.26e+03  1.68e+01  1.86e+00  4.22e-01  6.76e-02   0.27
2005 10 29  1315   53672   47700  0  3.45e+02  1.45e+01  0  1.26e+03  2.01e+01  2.59e+00  6.24e-01  1.90e-01   0.36
2005 10 29  1320   53672   48000  0  4.03e+02  1.82e+01  0  1.11e+03  1.60e+01  2.13e+00  4.19e-01  1.35e-01   0.47
2005 10 29  1325   53672   48300  0  4.92e+02  1.89e+01  0  1.13e+03  1.71e+01  2.16e+00  5.87e-01  9.57e-02   0.21
2005 10 29  1330   53672   48600  0  4.19e+02  1.97e+01  0  1.16e+03  1.74e+01  1.77e+00  4.37e-01  1.16e-01   0.31
2005 10 29  1335   53672   48900  0  3.92e+02  1.79e+01  0  1.11e+03  1.69e+01  2.01e+00  3.62e-01  1.74e-01   0.11
2005 10 29  1340   53672   49200  0  3.79e+02  1.51e+01  0  1.11e+03  1.77e+01  2.13e+00  5.72e-01  1.26e-01   0.73
2005 10 29  1345   53672   49500  0  4.67e+02  2.20e+01  0  1.18e+03  1.65e+01  2.10e+00  5.82e-01  2.11e-01   0.40
2005 10 29  1350   53672   49800  0  4.13e+02  2.07e+01  0  1.18e+03  1.74e+01  2.25e+00  4.00e-01  1.35e-01   0.31
2005 10 29  1355   53672   50100  0  4.18e+02  1.81e+01  0  1.08e+03  1.71e+01  2.10e+00  4.38e-01  1.74e-01   0.37
2005 10 29  1400   53672   50400  0  4.65e+02  2.07e+01  0  1.24e+03  2.00e+01  1.83e+00  5.91e-01  1.45e-01   0.17
2005 10 29  1405   53672   50700  0  3.88e+02  1.58e+01  0  1.33e+03  2.42e+01  2.33e+00  6.24e-01  1.58e-01   1.03
2005 10 29  1410   53672   51000  0  4.09e+02  2.00e+01  0  1.72e+03  2.36e+01  2.22e+00  5.34e-01  1.55e-01   0.49
2005 10 29  1415   53672   51300  0  3.93e+02  1.65e+01  0  1.23e+03  2.36e+01  1.89e+00  4.76e-01  7.73e-02   0.12
2005 10 29  1420   53672   51600  0  4.09e+02  1.53e+01  0  1.23e+03  2.31e+01  2.29e+00  3.33e-01  1.58e-01   0.69
2005 10 29  1425   53672   51900  0  4.55e+02  1.70e+01  0  1.32e+03  1.75e+01  2.22e+00  5.72e-01  1.45e-01   0.40
2005 10 29  1430   53672   52200  0  3.64e+02  2.04e+01  0  1.14e+03  1.83e+01  2.10e+00  5.14e-01  1.64e-01   0.53
2005 10 29  1435   53672   52500  0  4.74e+02  1.91e+01  0  1.16e+03  1.76e+01  2.20e+00  6.24e-01  9.48e-02   0.42
2005 10 29  1440   53672   52800  0  3.57e+02  1.62e+01  0  1.14e+03  1.57e+01  1.44e+00  6.68e-01  1.06e-01   0.24
2005 10 29  1445   53672   53100  0  4.27e+02  2.13e+01  0  1.20e+03  1.39e+01  2.03e+00  3.33e-01  1.05e-01   0.40
2005 10 29  1450   53672   53400  0  4.38e+02  2.26e+01  0  1.17e+03  1.56e+01  2.13e+00  6.65e-01  1.69e-01   0.38
2005 10 29  1455   53672   53700  0  5.16e+02  1.96e+01  0  1.18e+03  1.53e+01  1.41e+00  6.86e-01  6.24e-02   0.11
2005 10 29  1500   53672   54000  0  3.95e+02  1.62e+01  0  1.12e+03  1.70e+01  1.61e+00  3.74e-01  6.95e-02   0.24
2005 10 29  1505   53672   54300  0  3.99e+02  2.28e+01  0  1.06e+03  1.59e+01  1.84e+00  4.78e-01  1.16e-01   0.67
2005 10 29  1510   53672   54600  0  4.84e+02  1.80e+01  0  1.17e+03  1.42e+01  1.89e+00  3.69e-01  1.25e-01   0.37
2005 10 29  1515   53672   54900  0  4.20e+02  1.78e+01  0  1.16e+03  1.52e+01  1.97e+00  4.37e-01  1.04e-01   0.67
2005 10 29  1520   53672   55200  0  4.11e+02  2.01e+01  0  1.11e+03  1.63e+01  2.19e+00  5.10e-01  9.66e-02   0.60
2005 10 29  1525   53672   55500  0  5.38e+02  1.93e+01  0  1.17e+03  1.63e+01  1.91e+00  5.26e-01  9.27e-02   0.71
2005 10 29  1530   53672   55800  0  3.79e+02  2.05e+01  0  1.15e+03  1.79e+01  1.90e+00  4.37e-01  1.58e-01   0.26
2005 10 29  1535   53672   56100  0  4.55e+02  1.85e+01  0  1.13e+03  1.66e+01  2.05e+00  3.34e-01  1.78e-01   0.52
2005 10 29  1540   53672   56400  0  3.95e+02  2.15e+01  0  1.12e+03  1.48e+01  1.21e+00  5.20e-01  1.69e-01   0.55
2005 10 29  1545   53672   56700  0  4.76e+02  2.20e+01  0  1.18e+03  1.57e+01  1.61e+00  4.16e-01  8.11e-02   0.35
2005 10 29  1550   53672   57000  0  3.74e+02  1.98e+01  0  1.21e+03  1.39e+01  1.91e+00  4.40e-01  2.90e-02   0.23
2005 10 29  1555   53672   57300  0  4.02e+02  1.95e+01  0  1.07e+03  1.57e+01  1.67e+00  5.61e-01  6.44e-02   0.86
2005 10 29  1600   53672   57600  0  4.79e+02  1.95e+01  0  1.14e+03  1.79e+01  1.92e+00  5.72e-01  1.26e-01   0.97
2005 10 29  1605   53672   57900  0  3.95e+02  1.74e+01  0  1.16e+03  1.52e+01  1.83e+00  4.57e-01  1.74e-01   0.72
2005 10 29  1610   53672   58200  0  3.95e+02  2.03e+01  0  1.09e+03  1.62e+01  1.87e+00  3.12e-01  1.16e-01   1.16
2005 10 29  1615   53672   58500  0  3.73e+02  2.06e+01  0  1.11e+03  1.34e+01  1.83e+00  6.48e-01  1.45e-01   0.24
2005 10 29  1620   53672   58800  0  4.41e+02  2.09e+01  0  1.16e+03  1.56e+01  1.89e+00  4.19e-01  1.74e-01   0.18
2005 10 29  1625   53672   59100  0  4.17e+02  1.84e+01  0  1.15e+03  1.70e+01  1.90e+00  5.20e-01  1.16e-01   0.30
2005 10 29  1630   53672   59400  0  3.89e+02  1.77e+01  0  1.06e+03  1.58e+01  1.89e+00  2.86e-01  1.06e-01   0.75
2005 10 29  1635   53672   59700  0  4.83e+02  1.90e+01  0  1.16e+03  1.33e+01  2.04e+00  2.67e-01  1.26e-01   1.51
2005 10 29  1640   53672   60000  0  4.23e+02  1.88e+01  0  1.12e+03  1.53e+01  2.16e+00  3.62e-01  1.64e-01   0.56
2005 10 29  1645   53672   60300  0  4.67e+02  2.05e+01  0  1.06e+03  1.48e+01  1.87e+00  2.74e-01  1.58e-01   1.67
2005 10 29  1650   53672   60600  0  4.98e+02  1.79e+01  0  1.15e+03  1.53e+01  1.59e+00  5.91e-01  1.16e-01   0.30
2005 10 29  1655   53672   60900  0  3.95e+02  2.11e+01  0  1.12e+03  1.35e+01  1.71e+00  4.76e-01  1.45e-01   0.23
2005 10 29  1700   53672   61200  0  4.07e+02  2.22e+01  0  1.12e+03  1.66e+01  1.84e+00  5.40e-01  9.27e-02   0.27
2005 10 29  1705   53672   61500  0  4.20e+02  2.13e+01  0  1.07e+03  1.38e+01  1.83e+00  4.19e-01  1.37e-01   0.83
2005 10 29  1710   53672   61800  0  4.69e+02  1.79e+01  0  1.17e+03  1.45e+01  2.19e+00  3.81e-01  1.16e-01   0.20
2005 10 29  1715   53672   62100  0  4.14e+02  1.93e+01  0  1.14e+03  1.57e+01  1.74e+00  5.40e-01  8.43e-02   0.27
2005 10 29  1720   53672   62400  0  4.32e+02  1.88e+01  0  1.11e+03  1.48e+01  1.86e+00  4.40e-01  9.81e-02   0.64
2005 10 29  1725   53672   62700  0  4.80e+02  2.22e+01  0  1.22e+03  1.62e+01  2.27e+00  4.90e-01  8.28e-02   0.27
2005 10 29  1730   53672   63000  0  3.99e+02  1.98e+01  0  1.10e+03  1.44e+01  2.33e+00  2.54e-01  1.80e-01   0.19
2005 10 29  1735   53672   63300  0  3.97e+02  2.08e+01  0  1.14e+03  1.47e+01  1.80e+00  7.74e-01  8.02e-02   0.05
2005 10 29  1740   53672   63600  0  4.65e+02  2.16e+01  0  1.09e+03  1.54e+01  2.06e+00  5.61e-01  1.90e-01   0.31
2005 10 29  1745   53672   63900  0  4.78e+02  2.22e+01  0  1.18e+03  1.47e+01  2.16e+00  6.03e-01  2.00e-01   0.15
2005 10 29  1750   53672   64200  0  4.29e+02  1.52e+01  0  1.19e+03  1.41e+01  1.66e+00  4.05e-01  1.52e-01   0.30
2005 10 29  1755   53672   64500  0  3.79e+02  1.66e+01  0  1.03e+03  1.66e+01  1.67e+00  4.16e-01  5.27e-02   0.23
2005 10 29  1800   53672   64800  0  4.65e+02  1.90e+01  0  1.13e+03  1.38e+01  2.30e+00  4.57e-01  1.07e-01   0.65
2005 10 29  1805   53672   65100  0  4.33e+02  1.82e+01  0  1.15e+03  1.65e+01  2.26e+00  6.24e-01  1.16e-01   0.46
2005 10 29  1810   53672   65400  0  4.22e+02  1.76e+01  0  1.09e+03  1.60e+01  2.13e+00  4.37e-01  1.37e-01   0.83
2005 10 29  1815   53672   65700  0  4.61e+02  2.17e+01  0  1.12e+03  1.72e+01  1.89e+00  5.45e-01  1.25e-01   0.22
2005 10 29  1820   53672   66000  0  4.33e+02  1.76e+01  0  1.13e+03  1.60e+01  1.64e+00  4.99e-01  1.48e-01   0.65
2005 10 29  1825   53672   66300  0  4.62e+02  2.03e+01  0  1.18e+03  1.46e+01  2.03e+00  4.99e-01  2.21e-01   0.53
2005 10 29  1830   53672   66600  0  3.95e+02  1.88e+01  0  1.06e+03  1.63e+01  1.41e+00  5.98e-01  1.69e-01   0.53
2005 10 29  1835   53672   66900  0  4.64e+02  1.70e+01  0  1.14e+03  1.55e+01  2.16e+00  6.86e-01  6.32e-02   0.71
2005 10 29  1840   53672   67200  0  4.11e+02  2.02e+01  0  1.15e+03  1.55e+01  1.95e+00  4.76e-01  1.05e-01   0.59
2005 10 29  1845   53672   67500  0  3.90e+02  1.70e+01  0  1.07e+03  1.61e+01  1.20e+00  3.24e-01  2.00e-01   0.54
2005 10 29  1850   53672   67800  0  5.25e+02  2.01e+01  0  1.11e+03  1.48e+01  2.26e+00  6.86e-01  9.48e-02   0.37
2005 10 29  1855   53672   68100  0  4.31e+02  1.91e+01  0  1.12e+03  1.45e+01  2.04e+00  4.76e-01  1.64e-01   0.56
2005 10 29  1900   53672   68400  0  4.30e+02  1.90e+01  0  1.13e+03  1.50e+01  1.89e+00  4.19e-01  1.35e-01   0.08
2005 10 29  1905   53672   68700  0  4.15e+02  2.07e+01  0  1.09e+03  1.44e+01  1.70e+00  5.40e-01  1.48e-01   0.17
2005 10 29  1910   53672   69000  0  4.37e+02  2.44e+01  0  1.20e+03  1.71e+01  1.80e+00  4.19e-01  1.16e-01   0.05
2005 10 29  1915   53672   69300  0  3.94e+02  2.05e+01  0  1.19e+03  1.51e+01  1.62e+00  2.70e-01  1.26e-01   0.97
2005 10 29  1920   53672   69600  0  4.15e+02  1.93e+01  0  1.03e+03  1.56e+01  2.13e+00  3.05e-01  1.64e-01   0.75
2005 10 29  1925   53672   69900  0  4.51e+02  1.95e+01  0  1.16e+03  1.62e+01  1.87e+00  5.82e-01  1.26e-01   0.51
2005 10 29  1930   53672   70200  0  4.37e+02  1.86e+01  0  1.10e+03  1.54e+01  2.22e+00  6.10e-01  2.03e-01   0.43
2005 10 29  1935   53672   70500  0  4.30e+02  2.21e+01  0  1.12e+03  1.57e+01  2.04e+00  4.76e-01  1.35e-01   0.54
2005 10 29  1940   53672   70800  0  3.90e+02  1.86e+01  0  1.12e+03  1.52e+01  2.26e+00  4.37e-01  1.51e-01   0.14
2005 10 29  1945   53672   71100  0  4.55e+02  1.81e+01  0  1.18e+03  1.60e+01  2.25e+00  3.81e-01  8.69e-02   0.53
2005 10 29  1950   53672   71400  0  3.87e+02  1.84e+01  0  1.12e+03  1.56e+01  1.89e+00  5.34e-01  1.26e-01   0.67
2005 10 29  1955   53672   71700  0  4.19e+02  2.26e+01  0  1.08e+03  1.60e+01  1.84e+00  4.99e-01  1.58e-01   0.46
2005 10 29  2000   53672   72000  0  4.72e+02  1.93e+01  0  1.21e+03  1.65e+01  1.80e+00  5.45e-01  1.25e-01   0.65
2005 10 29  2005   53672   72300  0  4.40e+02  2.03e+01  0  1.14e+03  1.23e+01  1.80e+00  4.99e-01  5.27e-02   0.61
2005 10 29  2010   53672   72600  0  3.73e+02  1.95e+01  0  1.10e+03  1.32e+01  2.43e+00  4.37e-01  1.48e-01   0.31
2005 10 29  2015   53672   72900  0  4.36e+02  2.08e+01  0  1.11e+03  1.41e+01  2.19e+00  4.57e-01  8.69e-02   0.57
2005 10 29  2020   53672   73200  0  4.01e+02  1.89e+01  0  1.13e+03  1.60e+01  1.61e+00  6.03e-01  1.26e-01   0.31
2005 10 29  2025   53672   73500  0  4.19e+02  1.82e+01  0  1.11e+03  1.49e+01  1.90e+00  4.57e-01  6.32e-02   0.53
2005 10 29  2030   53672   73800  0  4.26e+02  1.99e+01  0  1.08e+03  1.62e+01  1.75e+00  5.28e-01  9.27e-02   0.29
2005 10 29  2035   53672   74100  0  4.81e+02  1.80e+01  0  1.16e+03  1.55e+01  1.97e+00  4.99e-01  1.26e-01   0.16
2005 10 29  2040   53672   74400  0  3.98e+02  1.70e+01  0  1.12e+03  1.45e+01  2.19e+00  6.16e-01  1.35e-01   0.55
2005 10 29  2045   53672   74700  0  4.20e+02  1.60e+01  0  1.05e+03  1.50e+01  2.03e+00  4.78e-01  1.48e-01   0.44
2005 10 29  2050   53672   75000  0  4.58e+02  1.62e+01  0  1.19e+03  1.58e+01  1.87e+00  4.57e-01  1.05e-01   0.42
2005 10 29  2055   53672   75300  0  4.66e+02  1.98e+01  0  1.07e+03  1.51e+01  1.68e+00  3.87e-01  1.69e-01   0.64
2005 10 29  2100   53672   75600  0  4.33e+02  1.95e+01  0  1.10e+03  1.35e+01  1.90e+00  5.40e-01  1.48e-01   0.11
2005 10 29  2105   53672   75900  0  4.42e+02  1.78e+01  0  1.08e+03  1.66e+01  1.80e+00  4.57e-01  1.26e-01   0.75
2005 10 29  2110   53672   76200  0  4.59e+02  2.21e+01  0  1.20e+03  1.41e+01  2.36e+00  5.28e-01  1.16e-01   0.23
2005 10 29  2115   53672   76500  0  4.54e+02  2.32e+01  0  1.11e+03  1.25e+01  1.48e+00  5.61e-01  9.27e-02   0.69
2005 10 29  2120   53672   76800  0  4.37e+02  2.34e+01  0  1.05e+03  1.36e+01  1.74e+00  5.34e-01  1.55e-01   0.43
2005 10 29  2125   53672   77100  0  5.05e+02  1.39e+01  0  1.19e+03  1.29e+01  1.82e+00  6.37e-01  2.08e-01   0.53
2005 10 29  2130   53672   77400  0  3.57e+02  2.76e+01  0  1.28e+03  2.19e+01  1.44e+00  1.37e+00  2.32e-01   0.62
2005 10 29  2135   53672   77700  9 -1.00e+05 -1.00e+05  9 -1.00e+05 -1.00e+05 -1.00e+05 -1.00e+05 -1.00e+05  -1.00
2005 10 29  2140   53672   78000  9 -1.00e+05 -1.00e+05  9 -1.00e+05 -1.00e+05 -1.00e+05 -1.00e+05 -1.00e+05  -1.00
2005 10 29  2145   53672   78300  9 -1.00e+05 -1.00e+05  9 -1.00e+05 -1.00e+05 -1.00e+05 -1.00e+05 -1.00e+05  -1.00
2005 10 29  2150   53672   78600  9 -1.00e+05 -1.00e+05  9 -1.00e+05 -1.00e+05 -1.00e+05 -1.00e+05 -1.00e+05  -1.00
2005 10 29  2155   53672   78900  9 -1.00e+05 -1.00e+05  9 -1.00e+05 -1.00e+05 -1.00e+05 -1.00e+05 -1.00e+05  -1.00
2005 10 29  2200   53672   79200  9 -1.00e+05 -1.00e+05  9 -1.00e+05 -1.00e+05 -1.00e+05 -1.00e+05 -1.00e+05  -1.00
2005 10 29  2205   53672   79500  0  5.36e+02  3.19e+01  0  9.52e+02  6.49e+00  0.00e+00  2.61e-01  0.00e+00   2.00
2005 10 29  2210   53672   79800  0  4.51e+02  1.70e+01  0  1.06e+03  1.58e+01  1.49e+00  4.57e-01  1.35e-01   0.77
2005 10 29  2215   53672   80100  0  4.56e+02  1.81e+01  0  1.10e+03  1.67e+01  1.83e+00  3.81e-01  1.55e-01   0.31
2005 10 29  2220   53672   80400  0  4.40e+02  1.70e+01  0  1.09e+03  1.44e+01  1.77e+00  3.53e-01  1.79e-01   0.53
2005 10 29  2225   53672   80700  0  4.25e+02  1.58e+01  0  1.11e+03  1.31e+01  1.80e+00  3.74e-01  1.16e-01   0.22
2005 10 29  2230   53672   81000  0  4.48e+02  1.95e+01  0  1.10e+03  1.37e+01  1.83e+00  3.74e-01  1.64e-01   0.26
2005 10 29  2235   53672   81300  0  4.71e+02  1.66e+01  0  1.13e+03  1.48e+01  1.93e+00  4.78e-01  1.48e-01   0.38
2005 10 29  2240   53672   81600  0  4.56e+02  2.04e+01  0  1.15e+03  1.25e+01  1.89e+00  5.10e-01  1.60e-01   0.43
2005 10 29  2245   53672   81900  0  4.15e+02  1.91e+01  0  1.09e+03  1.54e+01  1.51e+00  5.20e-01  1.37e-01   0.70
2005 10 29  2250   53672   82200  0  5.14e+02  1.60e+01  0  1.16e+03  1.45e+01  1.70e+00  4.57e-01  1.58e-01   0.20
2005 10 29  2255   53672   82500  0  4.78e+02  1.68e+01  0  1.15e+03  1.56e+01  1.83e+00  4.05e-01  1.16e-01   0.39
2005 10 29  2300   53672   82800  0  4.67e+02  1.86e+01  0  1.12e+03  1.53e+01  2.07e+00  5.61e-01  1.37e-01   0.58
2005 10 29  2305   53672   83100  0  4.56e+02  1.78e+01  0  1.08e+03  1.53e+01  1.87e+00  3.95e-01  1.26e-01   0.58
2005 10 29  2310   53672   83400  0  4.18e+02  2.18e+01  0  1.14e+03  1.47e+01  1.77e+00  4.63e-01  1.07e-01   0.65
2005 10 29  2315   53672   83700  0  4.37e+02  2.11e+01  0  1.14e+03  1.37e+01  1.84e+00  5.40e-01  2.00e-01   0.70
2005 10 29  2320   53672   84000  0  4.40e+02  1.65e+01  0  1.05e+03  1.43e+01  2.02e+00  5.45e-01  1.07e-01   0.48
2005 10 29  2325   53672   84300  0  5.32e+02  1.93e+01  0  1.15e+03  1.21e+01  1.84e+00  5.20e-01  1.16e-01   0.38
2005 10 29  2330   53672   84600  0  3.99e+02  1.95e+01  0  1.16e+03  1.46e+01  2.79e+00  3.95e-01  1.16e-01   0.74
2005 10 29  2335   53672   84900  0  4.40e+02  1.78e+01  0  1.08e+03  1.54e+01  1.69e+00  5.80e-01  1.74e-01   0.37
2005 10 29  2340   53672   85200  0  4.92e+02  2.09e+01  0  1.12e+03  1.62e+01  1.84e+00  3.95e-01  2.21e-01   0.86
2005 10 29  2345   53672   85500  0  3.92e+02  2.01e+01  0  1.15e+03  1.64e+01  1.80e+00  4.16e-01  1.16e-01   0.85
2005 10 29  2350   53672   85800  0  4.69e+02  2.06e+01  0  1.10e+03  1.69e+01  1.86e+00  4.22e-01  1.16e-01   0.34
2005 10 29  2355   53672   86100  0  4.96e+02  1.66e+01  0  1.05e+03  1.45e+01  1.90e+00  6.03e-01  1.69e-01   0.09
