:Data_list: 20050101_ace_epam_5m.txt
:Created: 2005 Jan 02 0012 UT
# Prepared by the U.S. Dept. of Commerce, NOAA, Space Environment Center.
# Please send comments and suggestions to SEC.Webmaster@noaa.gov 
# 
# Units: Differential Flux particles/cm2-s-ster-MeV
# Units: Anisotropy Index 0.0 - 2.0
# Status(S): 0 = nominal, 4,6,7,8 = bad data, unable to process, 9 = no data
# Missing data values: -1.00e+05, index = -1.00
# Source: ACE Satellite - Electron, Proton, and Alpha Monitor
# 2004 Feb 04: see http://www.sec.noaa.gov/ftpdir/lists/ace/README for EPAM channel change notice.
#
#                      5-minute averaged Real-time Differential Electron and Proton Flux 
# 
#                Modified Seconds ---------------------------- Differential Flux --------------------------- 
# UT Date   Time  Julian  of the  ----- Electron -----   ------------------- Protons keV -------------------   Anis.
# YR MO DA  HHMM    Day    Day    S    38-53   175-315   S    47-68   115-195   310-580   761-1220 1060-1900   Ratio
#-------------------------------------------------------------------------------------------------------------------
2005 01 01  0000   53371       0  0  4.41e+02  1.57e+01  0  2.22e+03  1.52e+02  7.47e+00  6.44e-01  1.37e-01   0.53
2005 01 01  0005   53371     300  0  4.89e+02  1.56e+01  0  2.26e+03  1.47e+02  6.76e+00  1.01e+00  2.51e-01   0.15
2005 01 01  0010   53371     600  0  4.31e+02  1.59e+01  0  2.16e+03  1.45e+02  7.12e+00  8.19e-01  2.61e-01   0.46
2005 01 01  0015   53371     900  0  4.47e+02  1.93e+01  0  2.02e+03  1.40e+02  7.67e+00  9.35e-01  2.42e-01   0.21
2005 01 01  0020   53371    1200  0  4.84e+02  1.75e+01  0  2.15e+03  1.44e+02  7.69e+00  8.00e-01  2.41e-01   0.31
2005 01 01  0025   53371    1500  0  4.61e+02  1.86e+01  0  2.17e+03  1.40e+02  7.57e+00  7.24e-01  2.03e-01   0.58
2005 01 01  0030   53371    1800  0  6.20e+02  2.00e+01  0  2.20e+03  1.39e+02  6.52e+00  9.91e-01  1.93e-01   0.15
2005 01 01  0035   53371    2100  0  4.49e+02  2.07e+01  0  2.15e+03  1.30e+02  7.39e+00  8.00e-01  2.70e-01   0.19
2005 01 01  0040   53371    2400  0  4.45e+02  1.70e+01  0  2.13e+03  1.39e+02  6.34e+00  7.05e-01  2.03e-01   0.24
2005 01 01  0045   53371    2700  0  4.78e+02  1.97e+01  0  2.07e+03  1.45e+02  7.15e+00  7.43e-01  1.83e-01   0.09
2005 01 01  0050   53371    3000  0  3.73e+02  1.70e+01  0  2.04e+03  1.34e+02  7.57e+00  7.90e-01  1.48e-01   0.55
2005 01 01  0055   53371    3300  0  4.40e+02  2.14e+01  0  2.32e+03  1.34e+02  7.33e+00  8.58e-01  2.12e-01   0.39
2005 01 01  0100   53371    3600  0  4.29e+02  1.79e+01  0  2.12e+03  1.31e+02  6.43e+00  5.91e-01  2.61e-01   0.37
2005 01 01  0105   53371    3900  0  3.91e+02  1.76e+01  0  2.04e+03  1.33e+02  6.92e+00  7.07e-01  2.00e-01   0.29
2005 01 01  0110   53371    4200  0  5.21e+02  1.57e+01  0  2.12e+03  1.32e+02  6.57e+00  7.56e-01  1.87e-01   0.35
2005 01 01  0115   53371    4500  0  4.88e+02  1.88e+01  0  2.06e+03  1.18e+02  6.46e+00  7.05e-01  2.03e-01   0.11
2005 01 01  0120   53371    4800  0  4.96e+02  2.18e+01  0  2.08e+03  1.28e+02  6.39e+00  8.52e-01  2.21e-01   0.07
2005 01 01  0125   53371    5100  0  4.79e+02  1.75e+01  0  2.02e+03  1.26e+02  6.19e+00  6.68e-01  1.60e-01   0.42
2005 01 01  0130   53371    5400  0  4.87e+02  1.28e+01  0  2.16e+03  1.24e+02  6.16e+00  8.52e-01  1.48e-01   0.33
2005 01 01  0135   53371    5700  0  4.18e+02  1.62e+01  0  2.26e+03  1.35e+02  7.31e+00  7.48e-01  2.21e-01   0.24
2005 01 01  0140   53371    6000  0  4.62e+02  2.01e+01  0  2.14e+03  1.29e+02  6.82e+00  6.68e-01  2.41e-01   0.72
2005 01 01  0145   53371    6300  0  5.03e+02  1.41e+01  0  2.00e+03  1.13e+02  7.15e+00  5.82e-01  1.37e-01   0.07
2005 01 01  0150   53371    6600  0  4.50e+02  1.52e+01  0  1.96e+03  1.14e+02  6.21e+00  6.33e-01  2.59e-01   0.15
2005 01 01  0155   53371    6900  0  4.76e+02  2.01e+01  0  2.02e+03  1.21e+02  6.60e+00  8.27e-01  2.41e-01   0.69
2005 01 01  0200   53371    7200  0  5.50e+02  2.03e+01  0  1.95e+03  1.26e+02  5.90e+00  8.31e-01  2.53e-01   0.91
2005 01 01  0205   53371    7500  0  4.94e+02  2.06e+01  0  2.04e+03  1.26e+02  6.57e+00  7.91e-01  1.78e-01   0.09
2005 01 01  0210   53371    7800  0  4.67e+02  1.86e+01  0  2.00e+03  1.23e+02  6.39e+00  7.48e-01  1.79e-01   0.32
2005 01 01  0215   53371    8100  0  4.56e+02  1.87e+01  0  2.10e+03  1.17e+02  6.23e+00  8.52e-01  2.11e-01   0.46
2005 01 01  0220   53371    8400  0  5.54e+02  1.77e+01  0  1.99e+03  1.18e+02  6.49e+00  7.21e-01  1.87e-01   0.44
2005 01 01  0225   53371    8700  0  3.93e+02  1.43e+01  0  1.98e+03  1.12e+02  4.85e+00  7.48e-01  1.04e-01   0.10
2005 01 01  0230   53371    9000  0  4.36e+02  1.95e+01  0  1.95e+03  1.15e+02  5.71e+00  5.53e-01  1.45e-01   0.43
2005 01 01  0235   53371    9300  0  4.93e+02  1.37e+01  0  1.98e+03  1.14e+02  5.99e+00  6.33e-01  1.34e-01   0.66
2005 01 01  0240   53371    9600  0  4.44e+02  2.15e+01  0  1.96e+03  1.18e+02  5.90e+00  9.15e-01  1.90e-01   0.32
2005 01 01  0245   53371    9900  0  4.38e+02  1.91e+01  0  1.93e+03  1.14e+02  6.22e+00  6.67e-01  1.45e-01   0.39
2005 01 01  0250   53371   10200  0  5.13e+02  1.81e+01  0  1.96e+03  1.15e+02  6.73e+00  1.09e+00  3.96e-01   0.34
2005 01 01  0255   53371   10500  0  6.24e+02  1.84e+01  0  1.89e+03  1.08e+02  6.42e+00  8.52e-01  3.27e-01   0.24
2005 01 01  0300   53371   10800  0  4.65e+02  1.82e+01  0  1.87e+03  1.17e+02  6.28e+00  6.67e-01  1.55e-01   0.68
2005 01 01  0305   53371   11100  0  4.73e+02  1.45e+01  0  1.84e+03  1.11e+02  6.64e+00  8.19e-01  1.74e-01   0.23
2005 01 01  0310   53371   11400  0  4.17e+02  1.56e+01  0  1.97e+03  1.05e+02  5.89e+00  6.10e-01  8.69e-02   0.57
2005 01 01  0315   53371   11700  0  3.87e+02  1.58e+01  0  1.88e+03  1.14e+02  6.04e+00  7.43e-01  1.16e-01   0.22
2005 01 01  0320   53371   12000  0  4.46e+02  1.65e+01  0  1.99e+03  1.10e+02  5.86e+00  6.48e-01  1.16e-01   0.27
2005 01 01  0325   53371   12300  0  4.91e+02  2.06e+01  0  1.95e+03  1.16e+02  5.98e+00  6.48e-01  1.45e-01   0.64
2005 01 01  0330   53371   12600  0  4.40e+02  2.07e+01  0  1.98e+03  1.15e+02  6.72e+00  7.90e-01  1.90e-01   0.38
2005 01 01  0335   53371   12900  0  4.41e+02  1.52e+01  0  2.03e+03  1.19e+02  6.28e+00  4.38e-01  1.83e-01   0.36
2005 01 01  0340   53371   13200  0  4.06e+02  1.42e+01  0  1.93e+03  1.14e+02  4.87e+00  5.15e-01  1.64e-01   0.13
2005 01 01  0345   53371   13500  0  6.11e+02  2.07e+01  0  2.10e+03  1.14e+02  6.26e+00  6.86e-01  2.32e-01   0.13
2005 01 01  0350   53371   13800  0  5.71e+02  1.78e+01  0  2.24e+03  1.15e+02  4.80e+00  6.33e-01  1.87e-01   0.28
2005 01 01  0355   53371   14100  0  4.53e+02  1.51e+01  0  2.17e+03  1.13e+02  5.56e+00  6.29e-01  1.35e-01   0.40
2005 01 01  0400   53371   14400  0  3.66e+02  1.33e+01  0  2.05e+03  1.14e+02  5.31e+00  7.07e-01  1.58e-01   0.60
2005 01 01  0405   53371   14700  0  6.00e+02  2.27e+01  0  2.07e+03  1.08e+02  5.96e+00  7.56e-01  1.87e-01   0.33
2005 01 01  0410   53371   15000  0  5.40e+02  2.24e+01  0  1.91e+03  1.11e+02  5.18e+00  6.24e-01  1.58e-01   0.26
2005 01 01  0415   53371   15300  0  4.74e+02  1.86e+01  0  1.85e+03  1.10e+02  5.38e+00  4.57e-01  2.74e-01   0.35
2005 01 01  0420   53371   15600  0  4.79e+02  2.03e+01  0  2.08e+03  1.07e+02  5.19e+00  7.04e-01  1.87e-01   0.47
2005 01 01  0425   53371   15900  0  4.26e+02  1.51e+01  0  1.86e+03  1.05e+02  5.34e+00  4.16e-01  2.42e-01   0.72
2005 01 01  0430   53371   16200  0  4.78e+02  2.01e+01  0  1.98e+03  1.02e+02  5.38e+00  7.21e-01  1.69e-01   0.13
2005 01 01  0435   53371   16500  0  4.89e+02  1.78e+01  0  1.90e+03  1.01e+02  6.13e+00  8.62e-01  1.45e-01   0.19
2005 01 01  0440   53371   16800  0  4.29e+02  1.55e+01  0  1.86e+03  9.46e+01  4.39e+00  4.99e-01  1.69e-01   0.71
2005 01 01  0445   53371   17100  0  4.67e+02  1.99e+01  0  1.83e+03  9.08e+01  5.33e+00  6.16e-01  1.52e-01   0.70
2005 01 01  0450   53371   17400  0  4.15e+02  1.78e+01  0  1.74e+03  9.55e+01  5.02e+00  5.82e-01  2.21e-01   0.17
2005 01 01  0455   53371   17700  0  5.47e+02  1.55e+01  0  1.84e+03  9.14e+01  5.54e+00  5.82e-01  1.58e-01   0.27
2005 01 01  0500   53371   18000  0  4.98e+02  1.72e+01  0  1.84e+03  9.38e+01  5.08e+00  8.44e-01  1.60e-01   0.33
2005 01 01  0505   53371   18300  0  4.14e+02  2.07e+01  0  1.64e+03  9.65e+01  4.75e+00  6.44e-01  2.21e-01   0.62
2005 01 01  0510   53371   18600  0  5.72e+02  1.81e+01  0  1.74e+03  9.14e+01  5.41e+00  8.77e-01  1.74e-01   0.43
2005 01 01  0515   53371   18900  0  4.32e+02  1.75e+01  0  1.74e+03  8.92e+01  4.74e+00  4.57e-01  1.25e-01   0.21
2005 01 01  0520   53371   19200  0  5.26e+02  1.68e+01  0  1.75e+03  9.15e+01  5.64e+00  6.03e-01  1.58e-01   0.28
2005 01 01  0525   53371   19500  0  5.64e+02  1.86e+01  0  1.70e+03  8.45e+01  5.08e+00  8.19e-01  1.35e-01   0.26
2005 01 01  0530   53371   19800  0  4.89e+02  2.13e+01  0  1.75e+03  9.45e+01  5.65e+00  4.57e-01  1.45e-01   0.53
2005 01 01  0535   53371   20100  0  5.18e+02  1.87e+01  0  1.74e+03  9.10e+01  5.01e+00  7.48e-01  2.11e-01   0.10
2005 01 01  0540   53371   20400  0  4.50e+02  1.77e+01  0  1.63e+03  9.31e+01  5.20e+00  4.95e-01  1.06e-01   0.69
2005 01 01  0545   53371   20700  0  4.99e+02  1.65e+01  0  1.76e+03  8.98e+01  4.72e+00  6.10e-01  2.41e-01   0.14
2005 01 01  0550   53371   21000  0  4.50e+02  1.90e+01  0  1.77e+03  9.24e+01  4.90e+00  5.91e-01  1.45e-01   0.33
2005 01 01  0555   53371   21300  0  5.03e+02  1.86e+01  0  1.70e+03  8.75e+01  4.78e+00  5.34e-01  2.32e-01   0.41
2005 01 01  0600   53371   21600  0  5.65e+02  2.00e+01  0  1.72e+03  8.95e+01  4.78e+00  8.19e-01  1.74e-01   0.39
2005 01 01  0605   53371   21900  0  4.56e+02  1.56e+01  0  1.75e+03  7.91e+01  4.45e+00  6.29e-01  1.55e-01   0.30
2005 01 01  0610   53371   22200  0  4.49e+02  1.72e+01  0  1.70e+03  8.09e+01  4.62e+00  8.11e-01  1.79e-01   0.23
2005 01 01  0615   53371   22500  0  4.58e+02  1.90e+01  0  1.65e+03  8.17e+01  4.99e+00  7.43e-01  1.16e-01   0.79
2005 01 01  0620   53371   22800  0  4.75e+02  1.84e+01  0  1.87e+03  1.08e+02  4.36e+00  5.72e-01  1.93e-01   0.50
2005 01 01  0625   53371   23100  0  3.92e+02  1.49e+01  0  1.80e+03  8.59e+01  5.24e+00  5.52e-01  1.47e-01   0.35
2005 01 01  0630   53371   23400  0  4.30e+02  2.13e+01  0  1.86e+03  9.75e+01  4.80e+00  5.80e-01  1.69e-01   0.35
2005 01 01  0635   53371   23700  0  5.42e+02  2.11e+01  0  1.78e+03  9.05e+01  4.45e+00  7.62e-01  2.12e-01   0.26
2005 01 01  0640   53371   24000  0  5.16e+02  1.91e+01  0  1.75e+03  8.47e+01  5.34e+00  6.03e-01  2.42e-01   0.45
2005 01 01  0645   53371   24300  0  4.50e+02  2.22e+01  0  1.80e+03  8.70e+01  4.30e+00  4.92e-01  2.41e-01   0.56
2005 01 01  0650   53371   24600  0  4.49e+02  1.70e+01  0  1.71e+03  8.92e+01  4.62e+00  5.82e-01  1.26e-01   0.35
2005 01 01  0655   53371   24900  0  5.72e+02  2.28e+01  0  1.84e+03  9.06e+01  5.44e+00  6.65e-01  1.90e-01   0.08
2005 01 01  0700   53371   25200  0  5.52e+02  1.86e+01  0  1.79e+03  9.12e+01  4.90e+00  7.62e-01  2.12e-01   0.49
2005 01 01  0705   53371   25500  0  4.19e+02  1.41e+01  0  1.68e+03  9.26e+01  4.82e+00  6.65e-01  1.37e-01   0.12
2005 01 01  0710   53371   25800  0  5.69e+02  1.55e+01  0  1.87e+03  9.48e+01  4.77e+00  5.45e-01  1.87e-01   0.34
2005 01 01  0715   53371   26100  0  4.29e+02  1.72e+01  0  1.83e+03  9.14e+01  4.72e+00  5.10e-01  1.60e-01   0.24
2005 01 01  0720   53371   26400  0  4.98e+02  1.82e+01  0  1.74e+03  9.20e+01  4.79e+00  6.86e-01  1.26e-01   0.09
2005 01 01  0725   53371   26700  0  5.83e+02  1.60e+01  0  1.82e+03  9.88e+01  5.10e+00  6.33e-01  2.05e-01   0.71
2005 01 01  0730   53371   27000  0  5.48e+02  1.45e+01  0  1.78e+03  9.31e+01  5.70e+00  7.28e-01  2.00e-01   1.04
2005 01 01  0735   53371   27300  0  5.81e+02  2.51e+01  0  1.77e+03  8.67e+01  5.18e+00  6.86e-01  3.37e-01   0.41
2005 01 01  0740   53371   27600  0  5.51e+02  2.03e+01  0  1.75e+03  8.81e+01  4.74e+00  6.16e-01  1.78e-01   0.32
2005 01 01  0745   53371   27900  0  5.12e+02  1.87e+01  0  2.04e+03  1.02e+02  4.85e+00  4.78e-01  2.32e-01   0.69
2005 01 01  0750   53371   28200  0  4.96e+02  1.82e+01  0  2.55e+03  9.13e+01  5.32e+00  7.62e-01  1.06e-01   0.32
2005 01 01  0755   53371   28500  0  4.55e+02  1.85e+01  0  8.55e+03  1.30e+02  5.46e+00  7.04e-01  1.34e-01   0.07
2005 01 01  0800   53371   28800  0  5.48e+02  1.80e+01  0  2.41e+03  9.26e+01  5.21e+00  8.73e-01  2.11e-01   0.59
2005 01 01  0805   53371   29100  0  5.37e+02  1.74e+01  0  1.94e+03  8.25e+01  4.36e+00  6.29e-01  2.32e-01   0.25
2005 01 01  0810   53371   29400  0  4.83e+02  1.67e+01  0  2.00e+03  9.05e+01  4.72e+00  5.14e-01  2.32e-01   0.10
2005 01 01  0815   53371   29700  0  5.38e+02  1.66e+01  0  1.92e+03  8.13e+01  4.72e+00  7.90e-01  1.69e-01   0.26
2005 01 01  0820   53371   30000  0  5.16e+02  1.61e+01  0  1.76e+03  8.17e+01  4.60e+00  5.72e-01  2.41e-01   0.45
2005 01 01  0825   53371   30300  0  4.60e+02  1.67e+01  0  1.78e+03  8.04e+01  5.29e+00  4.19e-01  1.93e-01   0.39
2005 01 01  0830   53371   30600  0  5.41e+02  2.18e+01  0  2.29e+03  9.14e+01  4.99e+00  9.53e-01  1.26e-01   0.46
2005 01 01  0835   53371   30900  0  5.16e+02  1.65e+01  0  1.71e+03  7.94e+01  3.46e+00  6.10e-01  8.11e-02   0.08
2005 01 01  0840   53371   31200  0  4.74e+02  1.54e+01  0  2.79e+03  1.09e+02  4.54e+00  6.48e-01  1.47e-01   0.66
2005 01 01  0845   53371   31500  0  5.31e+02  1.90e+01  0  1.93e+03  8.99e+01  4.33e+00  7.62e-01  1.55e-01   0.08
2005 01 01  0850   53371   31800  0  4.38e+02  2.28e+01  0  1.99e+03  9.32e+01  4.42e+00  8.32e-01  1.90e-01   0.47
2005 01 01  0855   53371   32100  0  4.76e+02  1.68e+01  0  2.37e+03  1.17e+02  4.36e+00  4.19e-01  1.74e-01   0.37
2005 01 01  0900   53371   32400  0  4.58e+02  2.09e+01  0  2.87e+03  1.13e+02  4.81e+00  7.24e-01  1.74e-01   0.61
2005 01 01  0905   53371   32700  0  4.64e+02  1.62e+01  0  2.53e+03  1.14e+02  4.82e+00  6.65e-01  1.05e-01   0.27
2005 01 01  0910   53371   33000  0  4.66e+02  2.04e+01  0  1.85e+03  8.31e+01  4.55e+00  7.21e-01  1.78e-01   0.57
2005 01 01  0915   53371   33300  0  3.77e+02  1.97e+01  0  2.03e+03  1.00e+02  4.48e+00  5.14e-01  1.83e-01   0.42
2005 01 01  0920   53371   33600  0  4.58e+02  2.05e+01  0  2.07e+03  1.03e+02  4.98e+00  5.82e-01  2.00e-01   0.41
2005 01 01  0925   53371   33900  0  5.52e+02  2.09e+01  0  2.29e+03  9.73e+01  5.66e+00  5.10e-01  1.87e-01   0.30
2005 01 01  0930   53371   34200  0  4.22e+02  1.64e+01  0  2.25e+03  8.41e+01  3.61e+00  6.44e-01  1.90e-01   0.11
2005 01 01  0935   53371   34500  0  4.60e+02  1.86e+01  0  2.34e+03  9.65e+01  5.38e+00  6.03e-01  1.58e-01   0.40
2005 01 01  0940   53371   34800  0  4.76e+02  2.50e+01  0  2.12e+03  9.46e+01  4.94e+00  7.21e-01  1.43e-01   0.31
2005 01 01  0945   53371   35100  0  5.68e+02  1.95e+01  0  2.47e+03  1.00e+02  4.88e+00  6.44e-01  1.90e-01   0.49
2005 01 01  0950   53371   35400  0  5.04e+02  1.83e+01  0  2.69e+03  1.07e+02  4.63e+00  7.74e-01  1.60e-01   0.41
2005 01 01  0955   53371   35700  0  5.83e+02  2.17e+01  0  2.94e+03  1.05e+02  4.27e+00  5.80e-01  1.87e-01   0.59
2005 01 01  1000   53371   36000  0  5.36e+02  1.55e+01  0  2.21e+03  9.28e+01  4.10e+00  4.99e-01  1.47e-01   0.81
2005 01 01  1005   53371   36300  0  4.17e+02  1.91e+01  0  3.09e+03  1.21e+02  5.05e+00  5.14e-01  1.69e-01   0.24
2005 01 01  1010   53371   36600  0  3.69e+02  1.58e+01  0  2.29e+03  9.45e+01  5.38e+00  7.28e-01  4.64e-02   0.81
2005 01 01  1015   53371   36900  0  5.41e+02  2.18e+01  0  2.40e+03  9.71e+01  4.98e+00  6.65e-01  1.79e-01   0.45
2005 01 01  1020   53371   37200  0  4.85e+02  1.60e+01  0  2.05e+03  9.13e+01  4.49e+00  7.56e-01  1.34e-01   0.12
2005 01 01  1025   53371   37500  0  5.05e+02  2.07e+01  0  2.62e+03  1.05e+02  4.95e+00  5.20e-01  1.26e-01   0.72
2005 01 01  1030   53371   37800  0  4.36e+02  1.77e+01  0  3.01e+03  1.33e+02  4.69e+00  5.91e-01  1.26e-01   0.16
2005 01 01  1035   53371   38100  0  5.10e+02  2.29e+01  0  1.82e+03  7.98e+01  4.44e+00  6.16e-01  1.96e-01   0.59
2005 01 01  1040   53371   38400  0  5.18e+02  2.49e+01  0  1.63e+03  7.20e+01  4.03e+00  7.28e-01  2.42e-01   0.42
2005 01 01  1045   53371   38700  0  4.05e+02  1.75e+01  0  1.60e+03  6.89e+01  3.94e+00  4.57e-01  1.64e-01   0.52
2005 01 01  1050   53371   39000  0  5.72e+02  2.06e+01  0  1.63e+03  7.56e+01  3.94e+00  5.33e-01  3.09e-01   0.86
2005 01 01  1055   53371   39300  0  5.39e+02  1.60e+01  0  1.56e+03  6.36e+01  3.38e+00  4.99e-01  1.47e-01   0.30
2005 01 01  1100   53371   39600  0  4.96e+02  1.77e+01  0  1.53e+03  6.87e+01  4.48e+00  5.34e-01  1.45e-01   0.43
2005 01 01  1105   53371   39900  0  4.46e+02  1.72e+01  0  1.51e+03  6.21e+01  3.55e+00  6.29e-01  1.35e-01   0.79
2005 01 01  1110   53371   40200  0  4.18e+02  1.51e+01  0  1.49e+03  5.89e+01  3.00e+00  4.57e-01  7.73e-02   0.27
2005 01 01  1115   53371   40500  0  4.00e+02  1.49e+01  0  1.56e+03  5.91e+01  3.19e+00  6.29e-01  1.16e-01   0.43
2005 01 01  1120   53371   40800  0  4.65e+02  1.33e+01  0  1.43e+03  5.83e+01  3.67e+00  5.34e-01  1.83e-01   0.87
2005 01 01  1125   53371   41100  0  4.74e+02  1.61e+01  0  1.44e+03  5.58e+01  3.49e+00  3.81e-01  2.12e-01   0.69
2005 01 01  1130   53371   41400  0  4.51e+02  1.89e+01  0  1.50e+03  5.97e+01  3.80e+00  5.40e-01  1.79e-01   0.30
2005 01 01  1135   53371   41700  0  5.22e+02  1.82e+01  0  1.49e+03  5.66e+01  3.49e+00  6.48e-01  1.26e-01   0.34
2005 01 01  1140   53371   42000  0  4.81e+02  2.20e+01  0  1.39e+03  5.36e+01  3.22e+00  5.72e-01  2.70e-01   0.64
2005 01 01  1145   53371   42300  0  4.06e+02  1.49e+01  0  1.47e+03  4.98e+01  3.87e+00  4.99e-01  8.43e-02   0.14
2005 01 01  1150   53371   42600  0  4.71e+02  2.29e+01  0  1.47e+03  5.87e+01  3.44e+00  5.63e-01  1.06e-01   0.69
2005 01 01  1155   53371   42900  0  5.56e+02  1.63e+01  0  1.47e+03  5.49e+01  3.79e+00  5.15e-01  9.66e-02   0.34
2005 01 01  1200   53371   43200  0  4.83e+02  1.64e+01  0  1.50e+03  5.37e+01  3.57e+00  5.61e-01  1.79e-01   0.12
2005 01 01  1205   53371   43500  0  4.55e+02  1.77e+01  0  1.53e+03  5.83e+01  3.52e+00  5.10e-01  1.06e-01   0.40
2005 01 01  1210   53371   43800  0  3.77e+02  1.33e+01  0  1.48e+03  4.92e+01  4.20e+00  3.74e-01  1.26e-01   0.53
2005 01 01  1215   53371   44100  0  5.56e+02  2.28e+01  0  1.41e+03  5.13e+01  3.47e+00  4.99e-01  1.37e-01   0.47
2005 01 01  1220   53371   44400  0  4.95e+02  1.75e+01  0  1.46e+03  5.49e+01  2.97e+00  5.28e-01  1.69e-01   0.34
2005 01 01  1225   53371   44700  0  4.62e+02  1.95e+01  0  1.52e+03  5.56e+01  3.77e+00  4.99e-01  1.79e-01   0.14
2005 01 01  1230   53371   45000  0  4.49e+02  2.18e+01  0  1.45e+03  6.27e+01  3.22e+00  5.28e-01  1.34e-01   0.44
2005 01 01  1235   53371   45300  0  5.06e+02  2.13e+01  0  1.46e+03  5.60e+01  3.49e+00  6.33e-01  1.06e-01   0.60
2005 01 01  1240   53371   45600  0  4.76e+02  2.09e+01  0  1.45e+03  5.34e+01  2.92e+00  5.82e-01  1.04e-01   0.19
2005 01 01  1245   53371   45900  0  4.32e+02  1.82e+01  0  1.59e+03  5.71e+01  3.41e+00  5.10e-01  1.55e-01   0.42
2005 01 01  1250   53371   46200  0  6.01e+02  1.91e+01  0  1.71e+03  5.04e+01  3.05e+00  4.78e-01  1.37e-01   0.93
2005 01 01  1255   53371   46500  0  4.31e+02  1.91e+01  0  1.50e+03  5.09e+01  3.25e+00  5.40e-01  1.37e-01   0.19
2005 01 01  1300   53371   46800  0  5.33e+02  2.16e+01  0  1.47e+03  5.44e+01  3.41e+00  4.40e-01  1.52e-01   0.93
2005 01 01  1305   53371   47100  0  4.70e+02  2.05e+01  0  1.38e+03  5.60e+01  3.67e+00  5.40e-01  1.90e-01   0.56
2005 01 01  1310   53371   47400  0  4.98e+02  1.52e+01  0  1.55e+03  5.61e+01  2.97e+00  5.14e-01  1.45e-01   0.38
2005 01 01  1315   53371   47700  0  5.31e+02  1.78e+01  0  1.53e+03  6.06e+01  3.49e+00  7.04e-01  1.34e-01   0.24
2005 01 01  1320   53371   48000  0  5.93e+02  2.01e+01  0  1.50e+03  5.42e+01  3.34e+00  5.20e-01  7.38e-02   0.60
2005 01 01  1325   53371   48300  0  5.67e+02  1.97e+01  0  1.48e+03  6.37e+01  4.18e+00  6.29e-01  1.27e-01   0.67
2005 01 01  1330   53371   48600  0  4.78e+02  1.68e+01  0  1.52e+03  6.53e+01  3.64e+00  3.81e-01  1.64e-01   0.78
2005 01 01  1335   53371   48900  0  4.73e+02  2.01e+01  0  1.61e+03  6.83e+01  4.00e+00  4.78e-01  2.11e-01   0.79
2005 01 01  1340   53371   49200  0  5.26e+02  1.56e+01  0  1.58e+03  6.73e+01  3.79e+00  6.48e-01  1.26e-01   0.25
2005 01 01  1345   53371   49500  0  4.75e+02  1.91e+01  0  1.65e+03  7.03e+01  3.61e+00  4.57e-01  1.16e-01   0.64
2005 01 01  1350   53371   49800  0  4.73e+02  2.37e+01  0  1.58e+03  7.01e+01  3.61e+00  7.43e-01  1.35e-01   0.13
2005 01 01  1355   53371   50100  0  4.58e+02  1.68e+01  0  1.49e+03  6.12e+01  4.06e+00  4.95e-01  1.84e-01   0.24
2005 01 01  1400   53371   50400  0  6.06e+02  1.75e+01  0  1.59e+03  6.34e+01  3.61e+00  4.95e-01  1.55e-01   0.33
2005 01 01  1405   53371   50700  0  4.47e+02  1.64e+01  0  1.64e+03  6.38e+01  3.21e+00  5.61e-01  1.58e-01   0.14
2005 01 01  1410   53371   51000  0  4.89e+02  2.00e+01  0  1.55e+03  6.23e+01  3.61e+00  5.34e-01  1.45e-01   0.57
2005 01 01  1415   53371   51300  0  5.72e+02  2.09e+01  0  1.52e+03  6.33e+01  2.94e+00  5.91e-01  1.74e-01   0.11
2005 01 01  1420   53371   51600  0  4.03e+02  2.00e+01  0  1.50e+03  6.11e+01  3.15e+00  5.53e-01  1.55e-01   0.54
2005 01 01  1425   53371   51900  0  4.84e+02  1.77e+01  0  1.60e+03  5.84e+01  3.58e+00  4.95e-01  1.64e-01   0.30
2005 01 01  1430   53371   52200  0  5.49e+02  2.06e+01  0  1.47e+03  6.39e+01  4.24e+00  4.76e-01  1.83e-01   0.26
2005 01 01  1435   53371   52500  0  5.92e+02  2.00e+01  0  1.65e+03  6.17e+01  3.94e+00  4.38e-01  2.22e-01   0.69
2005 01 01  1440   53371   52800  0  5.56e+02  2.15e+01  0  1.53e+03  6.46e+01  3.47e+00  5.20e-01  1.37e-01   0.62
2005 01 01  1445   53371   53100  0  6.10e+02  1.81e+01  0  1.57e+03  6.25e+01  4.03e+00  4.57e-01  1.64e-01   0.26
2005 01 01  1450   53371   53400  0  6.80e+02  1.94e+01  0  1.70e+03  6.85e+01  2.83e+00  4.07e-01  3.24e-01   1.23
2005 01 01  1455   53371   53700  0  5.39e+02  2.07e+01  0  1.57e+03  6.18e+01  4.00e+00  5.61e-01  1.69e-01   0.42
2005 01 01  1500   53371   54000  0  5.28e+02  2.44e+01  0  1.53e+03  6.13e+01  4.13e+00  6.16e-01  1.43e-01   0.40
2005 01 01  1505   53371   54300  0  4.96e+02  1.93e+01  0  1.49e+03  5.78e+01  4.00e+00  5.34e-01  1.35e-01   0.55
2005 01 01  1510   53371   54600  0  4.94e+02  2.09e+01  0  1.50e+03  6.01e+01  4.23e+00  4.78e-01  1.90e-01   0.64
2005 01 01  1515   53371   54900  0  5.22e+02  2.26e+01  0  1.52e+03  5.79e+01  4.05e+00  8.62e-01  1.87e-01   0.17
2005 01 01  1520   53371   55200  0  6.22e+02  2.15e+01  0  1.43e+03  6.23e+01  4.46e+00  6.24e-01  2.95e-01   0.19
2005 01 01  1525   53371   55500  0  6.17e+02  1.93e+01  0  1.57e+03  6.07e+01  3.90e+00  6.65e-01  2.00e-01   0.59
2005 01 01  1530   53371   55800  0  5.25e+02  2.00e+01  0  1.55e+03  6.39e+01  4.44e+00  7.04e-01  2.14e-01   0.49
2005 01 01  1535   53371   56100  0  5.72e+02  2.05e+01  0  1.47e+03  6.59e+01  3.44e+00  5.40e-01  1.37e-01   1.03
2005 01 01  1540   53371   56400  0  5.40e+02  1.88e+01  0  1.55e+03  6.42e+01  4.77e+00  4.57e-01  1.69e-01   0.25
2005 01 01  1545   53371   56700  0  5.07e+02  1.91e+01  0  1.61e+03  7.17e+01  3.66e+00  6.16e-01  1.07e-01   0.51
2005 01 01  1550   53371   57000  0  6.37e+02  2.15e+01  0  1.57e+03  6.67e+01  4.03e+00  6.65e-01  2.42e-01   0.35
2005 01 01  1555   53371   57300  0  5.42e+02  1.70e+01  0  1.48e+03  6.77e+01  3.99e+00  9.15e-01  1.43e-01   0.45
2005 01 01  1600   53371   57600  0  5.74e+02  2.09e+01  0  1.61e+03  6.33e+01  3.41e+00  7.07e-01  1.26e-01   0.31
2005 01 01  1605   53371   57900  0  4.65e+02  2.01e+01  0  1.59e+03  7.35e+01  4.13e+00  5.61e-01  1.47e-01   0.66
2005 01 01  1610   53371   58200  0  5.18e+02  1.98e+01  0  1.69e+03  7.50e+01  3.83e+00  6.16e-01  1.34e-01   0.32
2005 01 01  1615   53371   58500  0  5.85e+02  1.76e+01  0  1.73e+03  8.02e+01  4.85e+00  7.69e-01  1.62e-01   0.27
2005 01 01  1620   53371   58800  0  4.98e+02  1.81e+01  0  1.76e+03  7.95e+01  3.97e+00  4.57e-01  1.84e-01   0.16
2005 01 01  1625   53371   59100  0  4.24e+02  1.93e+01  0  1.73e+03  7.96e+01  4.05e+00  6.16e-01  1.87e-01   0.47
2005 01 01  1630   53371   59400  0  5.40e+02  2.30e+01  0  1.65e+03  7.72e+01  4.85e+00  6.03e-01  1.48e-01   0.42
2005 01 01  1635   53371   59700  0  5.97e+02  1.97e+01  0  1.89e+03  9.07e+01  5.35e+00  5.14e-01  2.22e-01   0.06
2005 01 01  1640   53371   60000  0  6.91e+02  2.23e+01  0  1.99e+03  9.41e+01  5.44e+00  7.81e-01  2.41e-01   0.17
2005 01 01  1645   53371   60300  0  5.30e+02  2.09e+01  0  1.96e+03  1.04e+02  5.74e+00  6.44e-01  1.90e-01   0.40
2005 01 01  1650   53371   60600  0  8.60e+02  2.23e+01  0  1.98e+03  1.11e+02  5.08e+00  9.72e-01  1.90e-01   0.40
2005 01 01  1655   53371   60900  0  5.97e+02  1.97e+01  0  2.01e+03  1.09e+02  6.10e+00  7.24e-01  1.26e-01   0.39
2005 01 01  1700   53371   61200  0  6.17e+02  2.04e+01  0  2.04e+03  1.08e+02  5.65e+00  9.34e-01  2.51e-01   0.19
2005 01 01  1705   53371   61500  0  6.18e+02  2.25e+01  0  1.96e+03  9.88e+01  5.71e+00  6.67e-01  1.64e-01   0.69
2005 01 01  1710   53371   61800  0  6.76e+02  2.75e+01  0  2.08e+03  1.07e+02  6.19e+00  1.07e+00  2.03e-01   0.13
2005 01 01  1715   53371   62100  0  5.70e+02  2.13e+01  0  1.78e+03  8.71e+01  4.84e+00  6.48e-01  2.12e-01   0.48
2005 01 01  1720   53371   62400  0  6.69e+02  2.26e+01  0  1.75e+03  8.00e+01  5.08e+00  8.73e-01  2.42e-01   0.52
2005 01 01  1725   53371   62700  0  7.21e+02  2.02e+01  0  1.70e+03  7.83e+01  3.91e+00  7.43e-01  2.12e-01   0.24
2005 01 01  1730   53371   63000  0  5.28e+02  1.58e+01  0  1.78e+03  8.76e+01  4.27e+00  7.62e-01  2.32e-01   0.46
2005 01 01  1735   53371   63300  0  7.38e+02  2.80e+01  0  1.72e+03  8.24e+01  4.95e+00  1.16e+00  1.79e-01   0.18
2005 01 01  1740   53371   63600  0  7.30e+02  2.26e+01  0  1.83e+03  8.33e+01  5.16e+00  7.91e-01  1.78e-01   0.59
2005 01 01  1745   53371   63900  0  6.28e+02  2.27e+01  0  1.79e+03  8.62e+01  5.20e+00  4.19e-01  2.22e-01   0.86
2005 01 01  1750   53371   64200  0  6.53e+02  2.28e+01  0  1.83e+03  8.18e+01  5.02e+00  7.48e-01  2.53e-01   0.69
2005 01 01  1755   53371   64500  0  6.69e+02  2.21e+01  0  1.74e+03  7.67e+01  5.08e+00  5.45e-01  1.87e-01   0.56
2005 01 01  1800   53371   64800  0  6.40e+02  2.13e+01  0  1.82e+03  8.27e+01  4.82e+00  5.82e-01  2.11e-01   0.34
2005 01 01  1805   53371   65100  0  6.57e+02  2.32e+01  0  1.74e+03  8.33e+01  4.65e+00  8.52e-01  1.48e-01   0.24
2005 01 01  1810   53371   65400  0  6.03e+02  1.70e+01  0  1.74e+03  8.95e+01  5.27e+00  6.68e-01  2.50e-01   0.36
2005 01 01  1815   53371   65700  0  7.23e+02  2.24e+01  0  1.90e+03  9.20e+01  5.18e+00  5.20e-01  2.42e-01   0.67
2005 01 01  1820   53371   66000  0  6.50e+02  2.17e+01  0  2.00e+03  1.00e+02  4.80e+00  8.79e-01  2.50e-01   0.48
2005 01 01  1825   53371   66300  0  6.39e+02  2.03e+01  0  1.85e+03  8.99e+01  4.99e+00  6.68e-01  2.67e-01   0.55
2005 01 01  1830   53371   66600  0  7.43e+02  1.84e+01  0  1.73e+03  8.55e+01  5.57e+00  6.86e-01  3.27e-01   0.46
2005 01 01  1835   53371   66900  0  8.23e+02  2.57e+01  0  1.89e+03  9.39e+01  5.35e+00  1.13e+00  2.67e-01   0.63
2005 01 01  1840   53371   67200  0  5.66e+02  2.07e+01  0  1.86e+03  8.30e+01  5.11e+00  9.98e-01  2.95e-01   0.32
2005 01 01  1845   53371   67500  0  6.57e+02  2.18e+01  0  1.87e+03  1.03e+02  5.05e+00  8.32e-01  1.69e-01   0.33
2005 01 01  1850   53371   67800  0  7.45e+02  2.31e+01  0  1.95e+03  9.52e+01  5.49e+00  1.02e+00  2.50e-01   0.26
2005 01 01  1855   53371   68100  0  6.42e+02  1.99e+01  0  1.95e+03  9.82e+01  5.77e+00  8.31e-01  2.11e-01   0.55
2005 01 01  1900   53371   68400  0  7.13e+02  2.48e+01  0  1.91e+03  9.78e+01  4.81e+00  1.14e+00  2.41e-01   0.31
2005 01 01  1905   53371   68700  0  7.74e+02  2.26e+01  0  2.00e+03  1.02e+02  6.77e+00  7.74e-01  2.32e-01   0.03
2005 01 01  1910   53371   69000  0  6.26e+02  1.97e+01  0  1.89e+03  9.10e+01  5.31e+00  8.11e-01  2.53e-01   0.08
2005 01 01  1915   53371   69300  0  6.66e+02  2.14e+01  0  1.81e+03  9.11e+01  5.65e+00  8.57e-01  2.32e-01   0.25
2005 01 01  1920   53371   69600  0  6.99e+02  2.75e+01  0  1.62e+03  8.82e+01  4.81e+00  9.91e-01  2.32e-01   0.16
2005 01 01  1925   53371   69900  0  7.54e+02  1.60e+01  0  1.70e+03  7.67e+01  4.95e+00  7.90e-01  2.00e-01   0.20
2005 01 01  1930   53371   70200  0  5.87e+02  1.98e+01  0  1.57e+03  6.71e+01  5.11e+00  8.96e-01  2.51e-01   0.21
2005 01 01  1935   53371   70500  0  7.92e+02  2.43e+01  0  1.42e+03  6.03e+01  4.78e+00  8.19e-01  3.19e-01   0.48
2005 01 01  1940   53371   70800  0  5.94e+02  1.70e+01  0  1.46e+03  5.63e+01  4.39e+00  8.57e-01  2.41e-01   0.43
2005 01 01  1945   53371   71100  0  7.41e+02  2.34e+01  0  1.39e+03  5.77e+01  4.96e+00  7.62e-01  2.80e-01   0.23
2005 01 01  1950   53371   71400  0  6.27e+02  2.23e+01  0  1.47e+03  6.37e+01  4.63e+00  8.00e-01  2.70e-01   0.28
2005 01 01  1955   53371   71700  0  7.41e+02  2.18e+01  0  1.47e+03  6.71e+01  5.32e+00  8.38e-01  3.28e-01   0.13
2005 01 01  2000   53371   72000  0  6.93e+02  1.87e+01  0  1.51e+03  6.42e+01  4.82e+00  7.90e-01  2.95e-01   0.98
2005 01 01  2005   53371   72300  0  6.60e+02  2.43e+01  0  1.52e+03  6.33e+01  4.60e+00  9.34e-01  3.38e-01   0.58
2005 01 01  2010   53371   72600  0  6.42e+02  2.50e+01  0  1.47e+03  6.59e+01  5.95e+00  1.11e+00  2.41e-01   0.40
2005 01 01  2015   53371   72900  0  7.72e+02  2.24e+01  0  1.49e+03  6.18e+01  5.61e+00  9.15e-01  2.32e-01   0.68
2005 01 01  2020   53371   73200  0  6.78e+02  2.04e+01  0  1.41e+03  6.00e+01  5.41e+00  9.85e-01  1.78e-01   0.07
2005 01 01  2025   53371   73500  0  6.53e+02  2.37e+01  0  1.41e+03  5.39e+01  5.26e+00  8.77e-01  2.22e-01   0.39
2005 01 01  2030   53371   73800  0  7.61e+02  2.24e+01  0  1.38e+03  5.80e+01  4.75e+00  1.33e+00  2.53e-01   0.76
2005 01 01  2035   53371   74100  0  7.01e+02  2.42e+01  0  1.44e+03  5.91e+01  4.55e+00  1.13e+00  2.85e-01   0.44
2005 01 01  2040   53371   74400  0  7.88e+02  2.71e+01  0  1.44e+03  5.39e+01  5.28e+00  1.12e+00  2.84e-01   0.56
2005 01 01  2045   53371   74700  0  6.26e+02  1.82e+01  0  1.39e+03  5.56e+01  5.05e+00  1.18e+00  2.74e-01   0.51
2005 01 01  2050   53371   75000  0  7.68e+02  2.09e+01  0  1.46e+03  5.93e+01  4.44e+00  1.04e+00  2.76e-01   0.23
2005 01 01  2055   53371   75300  0  6.85e+02  1.66e+01  0  1.49e+03  5.65e+01  5.74e+00  1.14e+00  2.32e-01   0.24
2005 01 01  2100   53371   75600  0  7.63e+02  2.03e+01  0  1.45e+03  6.02e+01  5.10e+00  1.18e+00  3.57e-01   0.31
2005 01 01  2105   53371   75900  0  8.61e+02  2.60e+01  0  1.52e+03  6.30e+01  5.24e+00  1.18e+00  2.85e-01   0.05
2005 01 01  2110   53371   76200  0  6.46e+02  1.70e+01  0  1.72e+03  6.57e+01  5.02e+00  1.14e+00  2.21e-01   0.30
2005 01 01  2115   53371   76500  0  6.86e+02  1.91e+01  0  1.37e+03  4.85e+01  4.42e+00  1.08e+00  2.00e-01   0.34
2005 01 01  2120   53371   76800  0  8.77e+02  2.76e+01  0  1.23e+03  5.28e+01  4.69e+00  1.41e+00  3.79e-01   0.21
2005 01 01  2125   53371   77100  0  7.43e+02  1.86e+01  0  1.38e+03  5.19e+01  4.88e+00  1.23e+00  2.63e-01   0.20
2005 01 01  2130   53371   77400  0  7.05e+02  2.01e+01  0  1.46e+03  6.19e+01  5.13e+00  1.02e+00  2.14e-01   0.15
2005 01 01  2135   53371   77700  0  7.88e+02  2.24e+01  0  1.38e+03  5.81e+01  4.88e+00  1.02e+00  3.06e-01   0.25
2005 01 01  2140   53371   78000  0  7.99e+02  2.64e+01  0  1.46e+03  5.44e+01  4.09e+00  8.96e-01  3.09e-01   0.39
2005 01 01  2145   53371   78300  0  6.85e+02  2.42e+01  0  1.52e+03  5.48e+01  4.74e+00  6.68e-01  3.03e-01   0.19
2005 01 01  2150   53371   78600  0  6.55e+02  2.28e+01  0  1.47e+03  4.92e+01  3.87e+00  8.11e-01  1.39e-01   0.37
2005 01 01  2155   53371   78900  0  7.40e+02  2.36e+01  0  1.37e+03  4.83e+01  4.27e+00  1.09e+00  2.12e-01   0.52
2005 01 01  2200   53371   79200  0  4.98e+02  1.68e+01  0  1.34e+03  4.86e+01  3.43e+00  6.67e-01  1.45e-01   0.32
2005 01 01  2205   53371   79500  0  6.24e+02  2.67e+01  0  1.34e+03  4.67e+01  4.10e+00  8.11e-01  1.26e-01   0.48
2005 01 01  2210   53371   79800  0  5.14e+02  2.14e+01  0  1.28e+03  4.36e+01  3.58e+00  5.34e-01  2.51e-01   0.57
2005 01 01  2215   53371   80100  0  7.28e+02  2.34e+01  0  1.40e+03  5.01e+01  3.71e+00  9.60e-01  2.55e-01   0.36
2005 01 01  2220   53371   80400  0  6.66e+02  2.18e+01  0  1.37e+03  4.45e+01  3.61e+00  9.53e-01  2.53e-01   0.40
2005 01 01  2225   53371   80700  0  7.23e+02  1.98e+01  0  1.29e+03  4.33e+01  4.00e+00  8.96e-01  1.93e-01   0.57
2005 01 01  2230   53371   81000  0  7.00e+02  1.86e+01  0  1.20e+03  3.52e+01  5.86e+00  1.01e+00  2.41e-01   0.75
2005 01 01  2235   53371   81300  0  9.26e+02  2.36e+01  0  1.21e+03  4.01e+01  4.33e+00  1.37e+00  3.57e-01   0.48
2005 01 01  2240   53371   81600  0  9.24e+02  2.34e+01  0  1.19e+03  3.89e+01  4.62e+00  9.15e-01  2.74e-01   0.48
2005 01 01  2245   53371   81900  0  9.19e+02  2.55e+01  0  1.15e+03  2.86e+01  3.91e+00  1.05e+00  3.48e-01   0.63
2005 01 01  2250   53371   82200  0  1.04e+03  2.94e+01  0  1.26e+03  3.39e+01  3.79e+00  7.81e-01  2.90e-01   0.25
2005 01 01  2255   53371   82500  0  8.42e+02  2.44e+01  0  1.21e+03  3.13e+01  3.74e+00  8.11e-01  2.53e-01   0.75
2005 01 01  2300   53371   82800  0  9.60e+02  2.50e+01  0  1.18e+03  3.11e+01  4.63e+00  9.67e-01  2.22e-01   0.25
2005 01 01  2305   53371   83100  0  9.64e+02  2.60e+01  0  1.19e+03  3.05e+01  3.79e+00  7.24e-01  2.80e-01   0.38
2005 01 01  2310   53371   83400  0  7.83e+02  1.97e+01  0  1.16e+03  3.26e+01  4.26e+00  6.86e-01  1.79e-01   0.33
2005 01 01  2315   53371   83700  0  8.70e+02  2.31e+01  0  1.19e+03  3.20e+01  4.33e+00  1.07e+00  2.50e-01   0.11
2005 01 01  2320   53371   84000  0  9.48e+02  2.65e+01  0  1.16e+03  3.35e+01  4.03e+00  1.21e+00  3.13e-01   0.30
2005 01 01  2325   53371   84300  0  9.74e+02  2.28e+01  0  1.23e+03  3.52e+01  4.65e+00  1.06e+00  3.27e-01   0.40
2005 01 01  2330   53371   84600  0  8.03e+02  2.27e+01  0  1.32e+03  3.73e+01  4.08e+00  8.44e-01  3.66e-01   0.41
2005 01 01  2335   53371   84900  0  8.48e+02  2.71e+01  0  1.11e+03  3.39e+01  4.46e+00  9.98e-01  3.37e-01   0.17
2005 01 01  2340   53371   85200  0  9.04e+02  2.88e+01  0  1.25e+03  3.73e+01  4.05e+00  8.97e-01  2.14e-01   0.09
2005 01 01  2345   53371   85500  0  8.27e+02  3.01e+01  0  1.19e+03  3.68e+01  4.38e+00  7.21e-01  2.32e-01   0.14
2005 01 01  2350   53371   85800  0  7.24e+02  2.34e+01  0  1.23e+03  3.32e+01  3.87e+00  8.52e-01  2.67e-01   0.38
2005 01 01  2355   53371   86100  0  1.02e+03  2.68e+01  0  1.22e+03  3.60e+01  4.22e+00  8.44e-01  2.23e-01   0.58
