:Data_list: 20050719_ace_sis_5m.txt
:Created: 2005 Jul 20 0011 UT
# Prepared by the U.S. Dept. of Commerce, NOAA, Space Environment Center.
# Please send comments and suggestions to SEC.Webmaster@noaa.gov 
# 
# Units: proton flux p/cs2-sec-ster
# Status(S): 0 = nominal data, 1 to 8 = bad data record, 9 = no data
# Missing data values: -1.00e+05
# Source: ACE Satellite - Solar Isotope Spectrometer
#
# 5-minute averaged Real-time Integral Flux of High-energy Solar Protons
# 
#                 Modified Seconds
# UT Date   Time   Julian  of the      ---- Integral Proton Flux ----
# YR MO DA  HHMM     Day     Day       S    > 10 MeV    S    > 30 MeV
#--------------------------------------------------------------------
2005 07 19  0000    53570       0      0    6.05e+00    0    1.35e+00
2005 07 19  0005    53570     300      0    6.08e+00    0    1.44e+00
2005 07 19  0010    53570     600      0    5.88e+00    0    1.38e+00
2005 07 19  0015    53570     900      0    5.74e+00    0    1.34e+00
2005 07 19  0020    53570    1200      0    5.39e+00    0    1.31e+00
2005 07 19  0025    53570    1500      0    5.34e+00    0    1.29e+00
2005 07 19  0030    53570    1800      0    5.31e+00    0    1.30e+00
2005 07 19  0035    53570    2100      0    5.40e+00    0    1.32e+00
2005 07 19  0040    53570    2400      0    5.13e+00    0    1.27e+00
2005 07 19  0045    53570    2700      0    5.38e+00    0    1.36e+00
2005 07 19  0050    53570    3000      0    5.14e+00    0    1.24e+00
2005 07 19  0055    53570    3300      0    5.21e+00    0    1.32e+00
2005 07 19  0100    53570    3600      0    5.01e+00    0    1.25e+00
2005 07 19  0105    53570    3900      0    4.99e+00    0    1.28e+00
2005 07 19  0110    53570    4200      0    4.80e+00    0    1.24e+00
2005 07 19  0115    53570    4500      0    4.89e+00    0    1.26e+00
2005 07 19  0120    53570    4800      0    5.03e+00    0    1.27e+00
2005 07 19  0125    53570    5100      0    4.89e+00    0    1.22e+00
2005 07 19  0130    53570    5400      0    4.85e+00    0    1.25e+00
2005 07 19  0135    53570    5700      0    4.78e+00    0    1.27e+00
2005 07 19  0140    53570    6000      0    4.80e+00    0    1.25e+00
2005 07 19  0145    53570    6300      0    4.77e+00    0    1.25e+00
2005 07 19  0150    53570    6600      0    4.70e+00    0    1.21e+00
2005 07 19  0155    53570    6900      0    4.69e+00    0    1.22e+00
2005 07 19  0200    53570    7200      0    4.67e+00    0    1.26e+00
2005 07 19  0205    53570    7500      0    4.63e+00    0    1.22e+00
2005 07 19  0210    53570    7800      0    4.55e+00    0    1.20e+00
2005 07 19  0215    53570    8100      0    4.54e+00    0    1.20e+00
2005 07 19  0220    53570    8400      0    4.64e+00    0    1.25e+00
2005 07 19  0225    53570    8700      0    4.45e+00    0    1.21e+00
2005 07 19  0230    53570    9000      0    4.49e+00    0    1.22e+00
2005 07 19  0235    53570    9300      0    4.41e+00    0    1.22e+00
2005 07 19  0240    53570    9600      0    4.53e+00    0    1.23e+00
2005 07 19  0245    53570    9900      0    4.42e+00    0    1.19e+00
2005 07 19  0250    53570   10200      0    4.56e+00    0    1.22e+00
2005 07 19  0255    53570   10500      0    4.37e+00    0    1.15e+00
2005 07 19  0300    53570   10800      0    4.37e+00    0    1.17e+00
2005 07 19  0305    53570   11100      0    4.33e+00    0    1.21e+00
2005 07 19  0310    53570   11400      0    4.33e+00    0    1.18e+00
2005 07 19  0315    53570   11700      0    4.47e+00    0    1.22e+00
2005 07 19  0320    53570   12000      0    4.48e+00    0    1.17e+00
2005 07 19  0325    53570   12300      0    4.44e+00    0    1.21e+00
2005 07 19  0330    53570   12600      0    4.42e+00    0    1.17e+00
2005 07 19  0335    53570   12900      0    4.34e+00    0    1.20e+00
2005 07 19  0340    53570   13200      0    4.22e+00    0    1.15e+00
2005 07 19  0345    53570   13500      0    4.29e+00    0    1.16e+00
2005 07 19  0350    53570   13800      0    4.47e+00    0    1.23e+00
2005 07 19  0355    53570   14100      0    4.41e+00    0    1.18e+00
2005 07 19  0400    53570   14400      0    4.35e+00    0    1.15e+00
2005 07 19  0405    53570   14700      0    4.37e+00    0    1.22e+00
2005 07 19  0410    53570   15000      0    4.22e+00    0    1.18e+00
2005 07 19  0415    53570   15300      0    4.27e+00    0    1.20e+00
2005 07 19  0420    53570   15600      0    4.17e+00    0    1.18e+00
2005 07 19  0425    53570   15900      0    4.10e+00    0    1.15e+00
2005 07 19  0430    53570   16200      0    4.05e+00    0    1.11e+00
2005 07 19  0435    53570   16500      0    4.06e+00    0    1.15e+00
2005 07 19  0440    53570   16800      0    4.16e+00    0    1.19e+00
2005 07 19  0445    53570   17100      0    4.05e+00    0    1.14e+00
2005 07 19  0450    53570   17400      0    4.13e+00    0    1.16e+00
2005 07 19  0455    53570   17700      0    4.08e+00    0    1.15e+00
2005 07 19  0500    53570   18000      0    4.18e+00    0    1.20e+00
2005 07 19  0505    53570   18300      0    4.06e+00    0    1.15e+00
2005 07 19  0510    53570   18600      0    4.13e+00    0    1.18e+00
2005 07 19  0515    53570   18900      0    4.17e+00    0    1.16e+00
2005 07 19  0520    53570   19200      0    4.14e+00    0    1.12e+00
2005 07 19  0525    53570   19500      0    4.25e+00    0    1.19e+00
2005 07 19  0530    53570   19800      0    4.14e+00    0    1.18e+00
2005 07 19  0535    53570   20100      0    4.05e+00    0    1.17e+00
2005 07 19  0540    53570   20400      0    3.89e+00    0    1.12e+00
2005 07 19  0545    53570   20700      0    3.76e+00    0    1.10e+00
2005 07 19  0550    53570   21000      0    3.97e+00    0    1.17e+00
2005 07 19  0555    53570   21300      0    3.96e+00    0    1.16e+00
2005 07 19  0600    53570   21600      0    3.94e+00    0    1.13e+00
2005 07 19  0605    53570   21900      0    3.99e+00    0    1.12e+00
2005 07 19  0610    53570   22200      0    4.06e+00    0    1.17e+00
2005 07 19  0615    53570   22500      0    4.10e+00    0    1.17e+00
2005 07 19  0620    53570   22800      0    4.07e+00    0    1.17e+00
2005 07 19  0625    53570   23100      0    4.05e+00    0    1.16e+00
2005 07 19  0630    53570   23400      0    4.05e+00    0    1.17e+00
2005 07 19  0635    53570   23700      0    4.11e+00    0    1.22e+00
2005 07 19  0640    53570   24000      0    4.01e+00    0    1.16e+00
2005 07 19  0645    53570   24300      0    3.99e+00    0    1.15e+00
2005 07 19  0650    53570   24600      0    3.97e+00    0    1.13e+00
2005 07 19  0655    53570   24900      0    4.07e+00    0    1.18e+00
2005 07 19  0700    53570   25200      0    3.94e+00    0    1.13e+00
2005 07 19  0705    53570   25500      0    3.91e+00    0    1.13e+00
2005 07 19  0710    53570   25800      0    3.96e+00    0    1.15e+00
2005 07 19  0715    53570   26100      0    3.96e+00    0    1.15e+00
2005 07 19  0720    53570   26400      0    3.94e+00    0    1.14e+00
2005 07 19  0725    53570   26700      0    3.93e+00    0    1.15e+00
2005 07 19  0730    53570   27000      0    3.90e+00    0    1.13e+00
2005 07 19  0735    53570   27300      0    3.92e+00    0    1.14e+00
2005 07 19  0740    53570   27600      0    3.94e+00    0    1.17e+00
2005 07 19  0745    53570   27900      0    3.80e+00    0    1.09e+00
2005 07 19  0750    53570   28200      0    3.76e+00    0    1.10e+00
2005 07 19  0755    53570   28500      0    3.73e+00    0    1.13e+00
2005 07 19  0800    53570   28800      0    3.71e+00    0    1.11e+00
2005 07 19  0805    53570   29100      0    3.66e+00    0    1.09e+00
2005 07 19  0810    53570   29400      0    3.62e+00    0    1.10e+00
2005 07 19  0815    53570   29700      0    3.54e+00    0    1.09e+00
2005 07 19  0820    53570   30000      0    3.62e+00    0    1.11e+00
2005 07 19  0825    53570   30300      0    3.56e+00    0    1.11e+00
2005 07 19  0830    53570   30600      0    3.56e+00    0    1.09e+00
2005 07 19  0835    53570   30900      0    3.62e+00    0    1.11e+00
2005 07 19  0840    53570   31200      0    3.61e+00    0    1.09e+00
2005 07 19  0845    53570   31500      0    3.48e+00    0    1.11e+00
2005 07 19  0850    53570   31800      0    3.46e+00    0    1.10e+00
2005 07 19  0855    53570   32100      0    3.34e+00    0    1.08e+00
2005 07 19  0900    53570   32400      0    3.29e+00    0    1.05e+00
2005 07 19  0905    53570   32700      0    3.38e+00    0    1.09e+00
2005 07 19  0910    53570   33000      0    3.36e+00    0    1.08e+00
2005 07 19  0915    53570   33300      0    3.28e+00    0    1.04e+00
2005 07 19  0920    53570   33600      0    3.28e+00    0    1.08e+00
2005 07 19  0925    53570   33900      0    3.18e+00    0    1.05e+00
2005 07 19  0930    53570   34200      0    3.15e+00    0    1.03e+00
2005 07 19  0935    53570   34500      0    3.15e+00    0    1.04e+00
2005 07 19  0940    53570   34800      0    3.21e+00    0    1.09e+00
2005 07 19  0945    53570   35100      0    3.11e+00    0    1.06e+00
2005 07 19  0950    53570   35400      0    3.11e+00    0    1.05e+00
2005 07 19  0955    53570   35700      0    3.14e+00    0    1.04e+00
2005 07 19  1000    53570   36000      0    3.13e+00    0    1.06e+00
2005 07 19  1005    53570   36300      0    3.08e+00    0    1.04e+00
2005 07 19  1010    53570   36600      0    3.14e+00    0    1.08e+00
2005 07 19  1015    53570   36900      0    3.10e+00    0    1.03e+00
2005 07 19  1020    53570   37200      0    3.05e+00    0    1.03e+00
2005 07 19  1025    53570   37500      0    3.05e+00    0    1.06e+00
2005 07 19  1030    53570   37800      0    3.05e+00    0    1.09e+00
2005 07 19  1035    53570   38100      0    3.04e+00    0    1.07e+00
2005 07 19  1040    53570   38400      0    3.03e+00    0    1.06e+00
2005 07 19  1045    53570   38700      0    3.05e+00    0    1.08e+00
2005 07 19  1050    53570   39000      0    3.01e+00    0    1.06e+00
2005 07 19  1055    53570   39300      0    3.01e+00    0    1.05e+00
2005 07 19  1100    53570   39600      0    2.97e+00    0    1.04e+00
2005 07 19  1105    53570   39900      0    2.95e+00    0    1.03e+00
2005 07 19  1110    53570   40200      0    2.91e+00    0    1.02e+00
2005 07 19  1115    53570   40500      0    2.92e+00    0    1.02e+00
2005 07 19  1120    53570   40800      0    2.86e+00    0    1.05e+00
2005 07 19  1125    53570   41100      0    2.85e+00    0    1.05e+00
2005 07 19  1130    53570   41400      0    2.87e+00    0    1.03e+00
2005 07 19  1135    53570   41700      0    2.89e+00    0    1.06e+00
2005 07 19  1140    53570   42000      0    2.91e+00    0    9.91e-01
2005 07 19  1145    53570   42300      0    2.90e+00    0    1.00e+00
2005 07 19  1150    53570   42600      0    2.95e+00    0    1.04e+00
2005 07 19  1155    53570   42900      0    2.92e+00    0    1.01e+00
2005 07 19  1200    53570   43200      0    2.97e+00    0    1.02e+00
2005 07 19  1205    53570   43500      0    2.98e+00    0    1.06e+00
2005 07 19  1210    53570   43800      0    2.89e+00    0    1.03e+00
2005 07 19  1215    53570   44100      0    2.92e+00    0    1.03e+00
2005 07 19  1220    53570   44400      0    2.89e+00    0    1.05e+00
2005 07 19  1225    53570   44700      0    2.90e+00    0    1.01e+00
2005 07 19  1230    53570   45000      0    2.87e+00    0    9.97e-01
2005 07 19  1235    53570   45300      0    2.91e+00    0    1.03e+00
2005 07 19  1240    53570   45600      0    2.87e+00    0    1.05e+00
2005 07 19  1245    53570   45900      0    2.88e+00    0    1.04e+00
2005 07 19  1250    53570   46200      0    2.87e+00    0    1.03e+00
2005 07 19  1255    53570   46500      0    2.85e+00    0    1.04e+00
2005 07 19  1300    53570   46800      0    2.83e+00    0    1.06e+00
2005 07 19  1305    53570   47100      0    2.82e+00    0    1.00e+00
2005 07 19  1310    53570   47400      0    2.86e+00    0    1.03e+00
2005 07 19  1315    53570   47700      0    2.83e+00    0    1.03e+00
2005 07 19  1320    53570   48000      0    2.83e+00    0    1.00e+00
2005 07 19  1325    53570   48300      0    2.83e+00    0    1.05e+00
2005 07 19  1330    53570   48600      0    2.79e+00    0    1.03e+00
2005 07 19  1335    53570   48900      0    2.73e+00    0    1.01e+00
2005 07 19  1340    53570   49200      0    2.73e+00    0    1.02e+00
2005 07 19  1345    53570   49500      0    2.69e+00    0    1.01e+00
2005 07 19  1350    53570   49800      0    2.62e+00    0    9.94e-01
2005 07 19  1355    53570   50100      0    2.56e+00    0    9.67e-01
2005 07 19  1400    53570   50400      0    2.61e+00    0    9.95e-01
2005 07 19  1405    53570   50700      0    2.61e+00    0    9.88e-01
2005 07 19  1410    53570   51000      0    2.66e+00    0    1.02e+00
2005 07 19  1415    53570   51300      0    2.67e+00    0    1.04e+00
2005 07 19  1420    53570   51600      0    2.70e+00    0    1.01e+00
2005 07 19  1425    53570   51900      0    2.63e+00    0    1.01e+00
2005 07 19  1430    53570   52200      0    2.69e+00    0    1.02e+00
2005 07 19  1435    53570   52500      0    2.70e+00    0    1.03e+00
2005 07 19  1440    53570   52800      0    2.69e+00    0    1.03e+00
2005 07 19  1445    53570   53100      0    2.74e+00    0    1.02e+00
2005 07 19  1450    53570   53400      0    2.64e+00    0    9.86e-01
2005 07 19  1455    53570   53700      0    2.64e+00    0    1.03e+00
2005 07 19  1500    53570   54000      0    2.62e+00    0    1.00e+00
2005 07 19  1505    53570   54300      0    2.55e+00    0    9.87e-01
2005 07 19  1510    53570   54600      0    2.53e+00    0    9.89e-01
2005 07 19  1515    53570   54900      0    2.50e+00    0    9.89e-01
2005 07 19  1520    53570   55200      0    2.58e+00    0    1.01e+00
2005 07 19  1525    53570   55500      0    2.56e+00    0    9.92e-01
2005 07 19  1530    53570   55800      0    2.61e+00    0    1.04e+00
2005 07 19  1535    53570   56100      0    2.54e+00    0    1.00e+00
2005 07 19  1540    53570   56400      0    2.46e+00    0    9.69e-01
2005 07 19  1545    53570   56700      0    2.50e+00    0    9.91e-01
2005 07 19  1550    53570   57000      0    2.45e+00    0    9.86e-01
2005 07 19  1555    53570   57300      0    2.45e+00    0    9.96e-01
2005 07 19  1600    53570   57600      0    2.42e+00    0    9.82e-01
2005 07 19  1605    53570   57900      0    2.46e+00    0    9.93e-01
2005 07 19  1610    53570   58200      0    2.41e+00    0    9.68e-01
2005 07 19  1615    53570   58500      0    2.39e+00    0    9.73e-01
2005 07 19  1620    53570   58800      0    2.38e+00    0    9.64e-01
2005 07 19  1625    53570   59100      0    2.43e+00    0    1.00e+00
2005 07 19  1630    53570   59400      0    2.32e+00    0    9.64e-01
2005 07 19  1635    53570   59700      0    2.39e+00    0    9.79e-01
2005 07 19  1640    53570   60000      0    2.42e+00    0    9.84e-01
2005 07 19  1645    53570   60300      0    2.47e+00    0    9.68e-01
2005 07 19  1650    53570   60600      0    2.43e+00    0    9.67e-01
2005 07 19  1655    53570   60900      0    2.47e+00    0    9.99e-01
2005 07 19  1700    53570   61200      0    2.43e+00    0    9.93e-01
2005 07 19  1705    53570   61500      0    2.39e+00    0    9.91e-01
2005 07 19  1710    53570   61800      0    2.32e+00    0    9.73e-01
2005 07 19  1715    53570   62100      0    2.32e+00    0    9.67e-01
2005 07 19  1720    53570   62400      0    2.38e+00    0    1.01e+00
2005 07 19  1725    53570   62700      0    2.46e+00    0    1.01e+00
2005 07 19  1730    53570   63000      0    2.40e+00    0    9.62e-01
2005 07 19  1735    53570   63300      0    2.43e+00    0    1.00e+00
2005 07 19  1740    53570   63600      0    2.33e+00    0    9.79e-01
2005 07 19  1745    53570   63900      0    2.32e+00    0    9.87e-01
2005 07 19  1750    53570   64200      0    2.33e+00    0    9.71e-01
2005 07 19  1755    53570   64500      0    2.33e+00    0    9.80e-01
2005 07 19  1800    53570   64800      0    2.31e+00    0    9.87e-01
2005 07 19  1805    53570   65100      0    2.25e+00    0    9.58e-01
2005 07 19  1810    53570   65400      0    2.24e+00    0    9.97e-01
2005 07 19  1815    53570   65700      0    2.22e+00    0    9.68e-01
2005 07 19  1820    53570   66000      0    2.21e+00    0    9.78e-01
2005 07 19  1825    53570   66300      0    2.13e+00    0    9.44e-01
2005 07 19  1830    53570   66600      0    2.18e+00    0    9.83e-01
2005 07 19  1835    53570   66900      0    2.17e+00    0    9.76e-01
2005 07 19  1840    53570   67200      0    2.13e+00    0    9.47e-01
2005 07 19  1845    53570   67500      0    2.19e+00    0    9.74e-01
2005 07 19  1850    53570   67800      0    2.15e+00    0    9.54e-01
2005 07 19  1855    53570   68100      0    2.12e+00    0    9.65e-01
2005 07 19  1900    53570   68400      0    2.14e+00    0    9.60e-01
2005 07 19  1905    53570   68700      0    2.12e+00    0    9.63e-01
2005 07 19  1910    53570   69000      0    2.10e+00    0    9.42e-01
2005 07 19  1915    53570   69300      0    2.10e+00    0    9.44e-01
2005 07 19  1920    53570   69600      0    2.11e+00    0    9.53e-01
2005 07 19  1925    53570   69900      0    2.11e+00    0    9.36e-01
2005 07 19  1930    53570   70200      0    2.14e+00    0    9.42e-01
2005 07 19  1935    53570   70500      0    2.16e+00    0    9.61e-01
2005 07 19  1940    53570   70800      0    2.12e+00    0    9.49e-01
2005 07 19  1945    53570   71100      0    2.14e+00    0    9.73e-01
2005 07 19  1950    53570   71400      0    2.13e+00    0    9.67e-01
2005 07 19  1955    53570   71700      0    2.10e+00    0    9.62e-01
2005 07 19  2000    53570   72000      0    2.13e+00    0    9.60e-01
2005 07 19  2005    53570   72300      0    2.10e+00    0    9.59e-01
2005 07 19  2010    53570   72600      0    2.10e+00    0    9.80e-01
2005 07 19  2015    53570   72900      0    2.11e+00    0    9.70e-01
2005 07 19  2020    53570   73200      0    2.09e+00    0    9.58e-01
2005 07 19  2025    53570   73500      9   -1.00e+05    9   -1.00e+05
2005 07 19  2030    53570   73800      0    2.18e+00    0    9.55e-01
2005 07 19  2035    53570   74100      0    2.13e+00    0    9.67e-01
2005 07 19  2040    53570   74400      0    2.13e+00    0    9.49e-01
2005 07 19  2045    53570   74700      0    2.14e+00    0    9.63e-01
2005 07 19  2050    53570   75000      0    2.13e+00    0    9.33e-01
2005 07 19  2055    53570   75300      0    2.12e+00    0    9.40e-01
2005 07 19  2100    53570   75600      0    2.16e+00    0    9.64e-01
2005 07 19  2105    53570   75900      0    2.14e+00    0    9.72e-01
2005 07 19  2110    53570   76200      0    2.19e+00    0    9.89e-01
2005 07 19  2115    53570   76500      0    2.11e+00    0    9.43e-01
2005 07 19  2120    53570   76800      0    2.17e+00    0    9.75e-01
2005 07 19  2125    53570   77100      0    2.13e+00    0    9.59e-01
2005 07 19  2130    53570   77400      0    2.12e+00    0    9.53e-01
2005 07 19  2135    53570   77700      0    2.12e+00    0    9.42e-01
2005 07 19  2140    53570   78000      0    2.09e+00    0    9.39e-01
2005 07 19  2145    53570   78300      0    2.12e+00    0    9.66e-01
2005 07 19  2150    53570   78600      0    2.05e+00    0    9.43e-01
2005 07 19  2155    53570   78900      0    2.03e+00    0    9.51e-01
2005 07 19  2200    53570   79200      0    1.95e+00    0    9.45e-01
2005 07 19  2205    53570   79500      0    1.95e+00    0    9.33e-01
2005 07 19  2210    53570   79800      0    1.98e+00    0    9.47e-01
2005 07 19  2215    53570   80100      0    2.00e+00    0    9.66e-01
2005 07 19  2220    53570   80400      0    1.98e+00    0    9.51e-01
2005 07 19  2225    53570   80700      0    1.98e+00    0    9.47e-01
2005 07 19  2230    53570   81000      0    1.94e+00    0    9.25e-01
2005 07 19  2235    53570   81300      0    1.92e+00    0    9.31e-01
2005 07 19  2240    53570   81600      0    1.94e+00    0    9.54e-01
2005 07 19  2245    53570   81900      0    1.94e+00    0    9.49e-01
2005 07 19  2250    53570   82200      0    1.94e+00    0    9.18e-01
2005 07 19  2255    53570   82500      0    1.92e+00    0    9.11e-01
2005 07 19  2300    53570   82800      0    1.99e+00    0    9.42e-01
2005 07 19  2305    53570   83100      0    1.99e+00    0    9.61e-01
2005 07 19  2310    53570   83400      0    1.94e+00    0    9.10e-01
2005 07 19  2315    53570   83700      0    2.01e+00    0    9.67e-01
2005 07 19  2320    53570   84000      0    1.99e+00    0    9.82e-01
2005 07 19  2325    53570   84300      0    1.91e+00    0    9.40e-01
2005 07 19  2330    53570   84600      0    1.88e+00    0    9.36e-01
2005 07 19  2335    53570   84900      0    1.81e+00    0    9.04e-01
2005 07 19  2340    53570   85200      0    1.89e+00    0    9.56e-01
2005 07 19  2345    53570   85500      0    1.88e+00    0    9.48e-01
2005 07 19  2350    53570   85800      0    1.86e+00    0    9.22e-01
2005 07 19  2355    53570   86100      0    1.87e+00    0    9.33e-01
