:Data_list: 20050820_ace_sis_5m.txt
:Created: 2005 Aug 21 0011 UT
# Prepared by the U.S. Dept. of Commerce, NOAA, Space Environment Center.
# Please send comments and suggestions to SEC.Webmaster@noaa.gov 
# 
# Units: proton flux p/cs2-sec-ster
# Status(S): 0 = nominal data, 1 to 8 = bad data record, 9 = no data
# Missing data values: -1.00e+05
# Source: ACE Satellite - Solar Isotope Spectrometer
#
# 5-minute averaged Real-time Integral Flux of High-energy Solar Protons
# 
#                 Modified Seconds
# UT Date   Time   Julian  of the      ---- Integral Proton Flux ----
# YR MO DA  HHMM     Day     Day       S    > 10 MeV    S    > 30 MeV
#--------------------------------------------------------------------
2005 08 20  0000    53602       0      0    1.15e+00    0    8.06e-01
2005 08 20  0005    53602     300      0    1.20e+00    0    8.50e-01
2005 08 20  0010    53602     600      0    1.21e+00    0    8.48e-01
2005 08 20  0015    53602     900      0    1.20e+00    0    8.43e-01
2005 08 20  0020    53602    1200      0    1.16e+00    0    8.20e-01
2005 08 20  0025    53602    1500      0    1.22e+00    0    8.67e-01
2005 08 20  0030    53602    1800      0    1.21e+00    0    8.42e-01
2005 08 20  0035    53602    2100      0    1.21e+00    0    8.54e-01
2005 08 20  0040    53602    2400      0    1.20e+00    0    8.51e-01
2005 08 20  0045    53602    2700      0    1.18e+00    0    8.38e-01
2005 08 20  0050    53602    3000      0    1.21e+00    0    8.45e-01
2005 08 20  0055    53602    3300      0    1.21e+00    0    8.56e-01
2005 08 20  0100    53602    3600      0    1.21e+00    0    8.43e-01
2005 08 20  0105    53602    3900      0    1.19e+00    0    8.42e-01
2005 08 20  0110    53602    4200      0    1.21e+00    0    8.49e-01
2005 08 20  0115    53602    4500      0    1.20e+00    0    8.42e-01
2005 08 20  0120    53602    4800      0    1.20e+00    0    8.48e-01
2005 08 20  0125    53602    5100      0    1.17e+00    0    8.24e-01
2005 08 20  0130    53602    5400      0    1.21e+00    0    8.46e-01
2005 08 20  0135    53602    5700      0    1.20e+00    0    8.50e-01
2005 08 20  0140    53602    6000      0    1.20e+00    0    8.46e-01
2005 08 20  0145    53602    6300      0    1.21e+00    0    8.53e-01
2005 08 20  0150    53602    6600      0    1.19e+00    0    8.40e-01
2005 08 20  0155    53602    6900      0    1.24e+00    0    8.77e-01
2005 08 20  0200    53602    7200      0    1.23e+00    0    8.67e-01
2005 08 20  0205    53602    7500      0    1.20e+00    0    8.34e-01
2005 08 20  0210    53602    7800      0    1.24e+00    0    8.69e-01
2005 08 20  0215    53602    8100      0    1.20e+00    0    8.48e-01
2005 08 20  0220    53602    8400      0    1.20e+00    0    8.48e-01
2005 08 20  0225    53602    8700      0    1.20e+00    0    8.44e-01
2005 08 20  0230    53602    9000      0    1.22e+00    0    8.57e-01
2005 08 20  0235    53602    9300      0    1.20e+00    0    8.49e-01
2005 08 20  0240    53602    9600      0    1.21e+00    0    8.44e-01
2005 08 20  0245    53602    9900      0    1.20e+00    0    8.40e-01
2005 08 20  0250    53602   10200      0    1.20e+00    0    8.38e-01
2005 08 20  0255    53602   10500      0    1.20e+00    0    8.37e-01
2005 08 20  0300    53602   10800      0    1.22e+00    0    8.59e-01
2005 08 20  0305    53602   11100      0    1.20e+00    0    8.43e-01
2005 08 20  0310    53602   11400      0    1.17e+00    0    8.21e-01
2005 08 20  0315    53602   11700      0    1.22e+00    0    8.53e-01
2005 08 20  0320    53602   12000      0    1.23e+00    0    8.66e-01
2005 08 20  0325    53602   12300      0    1.23e+00    0    8.63e-01
2005 08 20  0330    53602   12600      0    1.17e+00    0    8.22e-01
2005 08 20  0335    53602   12900      0    1.21e+00    0    8.56e-01
2005 08 20  0340    53602   13200      0    1.19e+00    0    8.36e-01
2005 08 20  0345    53602   13500      0    1.20e+00    0    8.40e-01
2005 08 20  0350    53602   13800      0    1.20e+00    0    8.43e-01
2005 08 20  0355    53602   14100      0    1.21e+00    0    8.54e-01
2005 08 20  0400    53602   14400      0    1.19e+00    0    8.39e-01
2005 08 20  0405    53602   14700      0    1.20e+00    0    8.47e-01
2005 08 20  0410    53602   15000      0    1.20e+00    0    8.40e-01
2005 08 20  0415    53602   15300      0    1.21e+00    0    8.48e-01
2005 08 20  0420    53602   15600      0    1.21e+00    0    8.49e-01
2005 08 20  0425    53602   15900      0    1.21e+00    0    8.57e-01
2005 08 20  0430    53602   16200      0    1.22e+00    0    8.59e-01
2005 08 20  0435    53602   16500      0    1.20e+00    0    8.44e-01
2005 08 20  0440    53602   16800      0    1.20e+00    0    8.42e-01
2005 08 20  0445    53602   17100      0    1.21e+00    0    8.43e-01
2005 08 20  0450    53602   17400      0    1.21e+00    0    8.49e-01
2005 08 20  0455    53602   17700      0    1.21e+00    0    8.48e-01
2005 08 20  0500    53602   18000      0    1.22e+00    0    8.58e-01
2005 08 20  0505    53602   18300      0    1.21e+00    0    8.47e-01
2005 08 20  0510    53602   18600      0    1.19e+00    0    8.33e-01
2005 08 20  0515    53602   18900      0    1.21e+00    0    8.57e-01
2005 08 20  0520    53602   19200      0    1.22e+00    0    8.50e-01
2005 08 20  0525    53602   19500      0    1.20e+00    0    8.42e-01
2005 08 20  0530    53602   19800      0    1.21e+00    0    8.49e-01
2005 08 20  0535    53602   20100      0    1.21e+00    0    8.56e-01
2005 08 20  0540    53602   20400      0    1.23e+00    0    8.70e-01
2005 08 20  0545    53602   20700      0    1.19e+00    0    8.37e-01
2005 08 20  0550    53602   21000      0    1.22e+00    0    8.54e-01
2005 08 20  0555    53602   21300      0    1.19e+00    0    8.30e-01
2005 08 20  0600    53602   21600      0    1.19e+00    0    8.39e-01
2005 08 20  0605    53602   21900      0    1.20e+00    0    8.53e-01
2005 08 20  0610    53602   22200      0    1.21e+00    0    8.54e-01
2005 08 20  0615    53602   22500      0    1.21e+00    0    8.51e-01
2005 08 20  0620    53602   22800      0    1.18e+00    0    8.23e-01
2005 08 20  0625    53602   23100      0    1.22e+00    0    8.54e-01
2005 08 20  0630    53602   23400      0    1.21e+00    0    8.52e-01
2005 08 20  0635    53602   23700      0    1.20e+00    0    8.37e-01
2005 08 20  0640    53602   24000      0    1.22e+00    0    8.65e-01
2005 08 20  0645    53602   24300      0    1.22e+00    0    8.52e-01
2005 08 20  0650    53602   24600      0    1.20e+00    0    8.38e-01
2005 08 20  0655    53602   24900      0    1.21e+00    0    8.52e-01
2005 08 20  0700    53602   25200      0    1.22e+00    0    8.58e-01
2005 08 20  0705    53602   25500      0    1.18e+00    0    8.26e-01
2005 08 20  0710    53602   25800      0    1.19e+00    0    8.36e-01
2005 08 20  0715    53602   26100      0    1.19e+00    0    8.41e-01
2005 08 20  0720    53602   26400      0    1.22e+00    0    8.53e-01
2005 08 20  0725    53602   26700      0    1.21e+00    0    8.56e-01
2005 08 20  0730    53602   27000      0    1.25e+00    0    8.76e-01
2005 08 20  0735    53602   27300      0    1.20e+00    0    8.58e-01
2005 08 20  0740    53602   27600      0    1.19e+00    0    8.37e-01
2005 08 20  0745    53602   27900      0    1.22e+00    0    8.56e-01
2005 08 20  0750    53602   28200      0    1.23e+00    0    8.67e-01
2005 08 20  0755    53602   28500      0    1.20e+00    0    8.52e-01
2005 08 20  0800    53602   28800      0    1.20e+00    0    8.40e-01
2005 08 20  0805    53602   29100      0    1.19e+00    0    8.37e-01
2005 08 20  0810    53602   29400      0    1.20e+00    0    8.51e-01
2005 08 20  0815    53602   29700      0    1.19e+00    0    8.40e-01
2005 08 20  0820    53602   30000      0    1.18e+00    0    8.33e-01
2005 08 20  0825    53602   30300      0    1.20e+00    0    8.46e-01
2005 08 20  0830    53602   30600      0    1.23e+00    0    8.64e-01
2005 08 20  0835    53602   30900      0    1.20e+00    0    8.40e-01
2005 08 20  0840    53602   31200      0    1.22e+00    0    8.58e-01
2005 08 20  0845    53602   31500      0    1.23e+00    0    8.66e-01
2005 08 20  0850    53602   31800      0    1.21e+00    0    8.58e-01
2005 08 20  0855    53602   32100      0    1.22e+00    0    8.58e-01
2005 08 20  0900    53602   32400      0    1.20e+00    0    8.33e-01
2005 08 20  0905    53602   32700      0    1.23e+00    0    8.56e-01
2005 08 20  0910    53602   33000      0    1.21e+00    0    8.38e-01
2005 08 20  0915    53602   33300      0    1.23e+00    0    8.64e-01
2005 08 20  0920    53602   33600      0    1.20e+00    0    8.49e-01
2005 08 20  0925    53602   33900      0    1.23e+00    0    8.71e-01
2005 08 20  0930    53602   34200      0    1.18e+00    0    8.34e-01
2005 08 20  0935    53602   34500      0    1.20e+00    0    8.44e-01
2005 08 20  0940    53602   34800      0    1.22e+00    0    8.63e-01
2005 08 20  0945    53602   35100      0    1.22e+00    0    8.65e-01
2005 08 20  0950    53602   35400      0    1.18e+00    0    8.29e-01
2005 08 20  0955    53602   35700      0    1.21e+00    0    8.49e-01
2005 08 20  1000    53602   36000      0    1.21e+00    0    8.55e-01
2005 08 20  1005    53602   36300      0    1.22e+00    0    8.53e-01
2005 08 20  1010    53602   36600      0    1.24e+00    0    8.61e-01
2005 08 20  1015    53602   36900      0    1.22e+00    0    8.69e-01
2005 08 20  1020    53602   37200      0    1.22e+00    0    8.76e-01
2005 08 20  1025    53602   37500      0    1.22e+00    0    8.48e-01
2005 08 20  1030    53602   37800      0    1.21e+00    0    8.49e-01
2005 08 20  1035    53602   38100      0    1.19e+00    0    8.42e-01
2005 08 20  1040    53602   38400      0    1.19e+00    0    8.35e-01
2005 08 20  1045    53602   38700      0    1.22e+00    0    8.57e-01
2005 08 20  1050    53602   39000      0    1.21e+00    0    8.53e-01
2005 08 20  1055    53602   39300      0    1.21e+00    0    8.42e-01
2005 08 20  1100    53602   39600      0    1.19e+00    0    8.34e-01
2005 08 20  1105    53602   39900      0    1.20e+00    0    8.50e-01
2005 08 20  1110    53602   40200      0    1.25e+00    0    8.73e-01
2005 08 20  1115    53602   40500      0    1.21e+00    0    8.50e-01
2005 08 20  1120    53602   40800      0    1.21e+00    0    8.48e-01
2005 08 20  1125    53602   41100      0    1.22e+00    0    8.53e-01
2005 08 20  1130    53602   41400      0    1.21e+00    0    8.54e-01
2005 08 20  1135    53602   41700      0    1.23e+00    0    8.61e-01
2005 08 20  1140    53602   42000      0    1.23e+00    0    8.72e-01
2005 08 20  1145    53602   42300      0    1.19e+00    0    8.33e-01
2005 08 20  1150    53602   42600      0    1.20e+00    0    8.40e-01
2005 08 20  1155    53602   42900      0    1.20e+00    0    8.38e-01
2005 08 20  1200    53602   43200      0    1.22e+00    0    8.65e-01
2005 08 20  1205    53602   43500      0    1.22e+00    0    8.50e-01
2005 08 20  1210    53602   43800      0    1.23e+00    0    8.68e-01
2005 08 20  1215    53602   44100      0    1.21e+00    0    8.56e-01
2005 08 20  1220    53602   44400      0    1.22e+00    0    8.57e-01
2005 08 20  1225    53602   44700      0    1.20e+00    0    8.37e-01
2005 08 20  1230    53602   45000      0    1.21e+00    0    8.51e-01
2005 08 20  1235    53602   45300      0    1.20e+00    0    8.39e-01
2005 08 20  1240    53602   45600      0    1.20e+00    0    8.42e-01
2005 08 20  1245    53602   45900      0    1.19e+00    0    8.32e-01
2005 08 20  1250    53602   46200      0    1.23e+00    0    8.62e-01
2005 08 20  1255    53602   46500      0    1.21e+00    0    8.53e-01
2005 08 20  1300    53602   46800      0    1.21e+00    0    8.60e-01
2005 08 20  1305    53602   47100      0    1.21e+00    0    8.40e-01
2005 08 20  1310    53602   47400      0    1.21e+00    0    8.46e-01
2005 08 20  1315    53602   47700      0    1.24e+00    0    8.71e-01
2005 08 20  1320    53602   48000      0    1.17e+00    0    8.16e-01
2005 08 20  1325    53602   48300      0    1.21e+00    0    8.46e-01
2005 08 20  1330    53602   48600      0    1.19e+00    0    8.34e-01
2005 08 20  1335    53602   48900      0    1.21e+00    0    8.38e-01
2005 08 20  1340    53602   49200      0    1.21e+00    0    8.44e-01
2005 08 20  1345    53602   49500      0    1.22e+00    0    8.61e-01
2005 08 20  1350    53602   49800      0    1.22e+00    0    8.51e-01
2005 08 20  1355    53602   50100      0    1.24e+00    0    8.58e-01
2005 08 20  1400    53602   50400      0    1.21e+00    0    8.61e-01
2005 08 20  1405    53602   50700      0    1.23e+00    0    8.72e-01
2005 08 20  1410    53602   51000      0    1.23e+00    0    8.72e-01
2005 08 20  1415    53602   51300      0    1.21e+00    0    8.49e-01
2005 08 20  1420    53602   51600      0    1.19e+00    0    8.24e-01
2005 08 20  1425    53602   51900      0    1.23e+00    0    8.62e-01
2005 08 20  1430    53602   52200      0    1.23e+00    0    8.75e-01
2005 08 20  1435    53602   52500      0    1.18e+00    0    8.23e-01
2005 08 20  1440    53602   52800      0    1.22e+00    0    8.63e-01
2005 08 20  1445    53602   53100      0    1.24e+00    0    8.69e-01
2005 08 20  1450    53602   53400      0    1.18e+00    0    8.36e-01
2005 08 20  1455    53602   53700      0    1.24e+00    0    8.75e-01
2005 08 20  1500    53602   54000      0    1.22e+00    0    8.60e-01
2005 08 20  1505    53602   54300      0    1.21e+00    0    8.40e-01
2005 08 20  1510    53602   54600      0    1.19e+00    0    8.45e-01
2005 08 20  1515    53602   54900      0    1.22e+00    0    8.56e-01
2005 08 20  1520    53602   55200      0    1.17e+00    0    8.21e-01
2005 08 20  1525    53602   55500      0    1.23e+00    0    8.56e-01
2005 08 20  1530    53602   55800      0    1.22e+00    0    8.60e-01
2005 08 20  1535    53602   56100      0    1.21e+00    0    8.55e-01
2005 08 20  1540    53602   56400      0    1.21e+00    0    8.60e-01
2005 08 20  1545    53602   56700      0    1.22e+00    0    8.60e-01
2005 08 20  1550    53602   57000      0    1.21e+00    0    8.46e-01
2005 08 20  1555    53602   57300      0    1.22e+00    0    8.53e-01
2005 08 20  1600    53602   57600      0    1.21e+00    0    8.58e-01
2005 08 20  1605    53602   57900      0    1.22e+00    0    8.51e-01
2005 08 20  1610    53602   58200      0    1.19e+00    0    8.34e-01
2005 08 20  1615    53602   58500      0    1.22e+00    0    8.63e-01
2005 08 20  1620    53602   58800      0    1.23e+00    0    8.63e-01
2005 08 20  1625    53602   59100      0    1.25e+00    0    8.92e-01
2005 08 20  1630    53602   59400      0    1.20e+00    0    8.50e-01
2005 08 20  1635    53602   59700      0    1.21e+00    0    8.52e-01
2005 08 20  1640    53602   60000      0    1.23e+00    0    8.74e-01
2005 08 20  1645    53602   60300      0    1.22e+00    0    8.70e-01
2005 08 20  1650    53602   60600      0    1.21e+00    0    8.46e-01
2005 08 20  1655    53602   60900      0    1.21e+00    0    8.50e-01
2005 08 20  1700    53602   61200      0    1.19e+00    0    8.42e-01
2005 08 20  1705    53602   61500      0    1.23e+00    0    8.63e-01
2005 08 20  1710    53602   61800      0    1.21e+00    0    8.56e-01
2005 08 20  1715    53602   62100      0    1.18e+00    0    8.32e-01
2005 08 20  1720    53602   62400      0    1.23e+00    0    8.59e-01
2005 08 20  1725    53602   62700      0    1.22e+00    0    8.51e-01
2005 08 20  1730    53602   63000      0    1.19e+00    0    8.33e-01
2005 08 20  1735    53602   63300      0    1.25e+00    0    8.74e-01
2005 08 20  1740    53602   63600      0    1.23e+00    0    8.68e-01
2005 08 20  1745    53602   63900      0    1.20e+00    0    8.36e-01
2005 08 20  1750    53602   64200      0    1.22e+00    0    8.69e-01
2005 08 20  1755    53602   64500      0    1.21e+00    0    8.52e-01
2005 08 20  1800    53602   64800      0    1.21e+00    0    8.59e-01
2005 08 20  1805    53602   65100      0    1.22e+00    0    8.50e-01
2005 08 20  1810    53602   65400      0    1.21e+00    0    8.51e-01
2005 08 20  1815    53602   65700      0    1.23e+00    0    8.66e-01
2005 08 20  1820    53602   66000      0    1.20e+00    0    8.48e-01
2005 08 20  1825    53602   66300      0    1.22e+00    0    8.50e-01
2005 08 20  1830    53602   66600      0    1.21e+00    0    8.54e-01
2005 08 20  1835    53602   66900      0    1.20e+00    0    8.43e-01
2005 08 20  1840    53602   67200      0    1.21e+00    0    8.53e-01
2005 08 20  1845    53602   67500      0    1.25e+00    0    8.83e-01
2005 08 20  1850    53602   67800      0    1.23e+00    0    8.71e-01
2005 08 20  1855    53602   68100      0    1.22e+00    0    8.51e-01
2005 08 20  1900    53602   68400      0    1.20e+00    0    8.42e-01
2005 08 20  1905    53602   68700      0    1.21e+00    0    8.53e-01
2005 08 20  1910    53602   69000      0    1.23e+00    0    8.68e-01
2005 08 20  1915    53602   69300      0    1.23e+00    0    8.72e-01
2005 08 20  1920    53602   69600      0    1.22e+00    0    8.52e-01
2005 08 20  1925    53602   69900      0    1.22e+00    0    8.53e-01
2005 08 20  1930    53602   70200      0    1.21e+00    0    8.59e-01
2005 08 20  1935    53602   70500      0    1.23e+00    0    8.57e-01
2005 08 20  1940    53602   70800      0    1.21e+00    0    8.54e-01
2005 08 20  1945    53602   71100      0    1.18e+00    0    8.32e-01
2005 08 20  1950    53602   71400      0    1.22e+00    0    8.54e-01
2005 08 20  1955    53602   71700      0    1.23e+00    0    8.68e-01
2005 08 20  2000    53602   72000      0    1.21e+00    0    8.48e-01
2005 08 20  2005    53602   72300      0    1.20e+00    0    8.48e-01
2005 08 20  2010    53602   72600      0    1.20e+00    0    8.48e-01
2005 08 20  2015    53602   72900      0    1.22e+00    0    8.64e-01
2005 08 20  2020    53602   73200      0    1.23e+00    0    8.69e-01
2005 08 20  2025    53602   73500      0    1.21e+00    0    8.43e-01
2005 08 20  2030    53602   73800      0    1.22e+00    0    8.60e-01
2005 08 20  2035    53602   74100      0    1.25e+00    0    8.75e-01
2005 08 20  2040    53602   74400      9   -1.00e+05    9   -1.00e+05
2005 08 20  2045    53602   74700      0    1.21e+00    0    8.50e-01
2005 08 20  2050    53602   75000      0    1.23e+00    0    8.61e-01
2005 08 20  2055    53602   75300      0    1.20e+00    0    8.38e-01
2005 08 20  2100    53602   75600      0    1.21e+00    0    8.60e-01
2005 08 20  2105    53602   75900      0    1.23e+00    0    8.63e-01
2005 08 20  2110    53602   76200      0    1.22e+00    0    8.54e-01
2005 08 20  2115    53602   76500      0    1.20e+00    0    8.34e-01
2005 08 20  2120    53602   76800      0    1.23e+00    0    8.65e-01
2005 08 20  2125    53602   77100      0    1.24e+00    0    8.72e-01
2005 08 20  2130    53602   77400      0    1.22e+00    0    8.59e-01
2005 08 20  2135    53602   77700      0    1.19e+00    0    8.36e-01
2005 08 20  2140    53602   78000      0    1.20e+00    0    8.58e-01
2005 08 20  2145    53602   78300      0    1.22e+00    0    8.55e-01
2005 08 20  2150    53602   78600      0    1.16e+00    0    8.12e-01
2005 08 20  2155    53602   78900      0    1.21e+00    0    8.56e-01
2005 08 20  2200    53602   79200      0    1.19e+00    0    8.34e-01
2005 08 20  2205    53602   79500      0    1.23e+00    0    8.57e-01
2005 08 20  2210    53602   79800      0    1.19e+00    0    8.46e-01
2005 08 20  2215    53602   80100      0    1.23e+00    0    8.75e-01
2005 08 20  2220    53602   80400      0    1.21e+00    0    8.57e-01
2005 08 20  2225    53602   80700      0    1.20e+00    0    8.48e-01
2005 08 20  2230    53602   81000      0    1.23e+00    0    8.70e-01
2005 08 20  2235    53602   81300      0    1.21e+00    0    8.58e-01
2005 08 20  2240    53602   81600      0    1.23e+00    0    8.69e-01
2005 08 20  2245    53602   81900      0    1.24e+00    0    8.73e-01
2005 08 20  2250    53602   82200      0    1.22e+00    0    8.54e-01
2005 08 20  2255    53602   82500      0    1.21e+00    0    8.56e-01
2005 08 20  2300    53602   82800      0    1.24e+00    0    8.71e-01
2005 08 20  2305    53602   83100      0    1.21e+00    0    8.43e-01
2005 08 20  2310    53602   83400      0    1.22e+00    0    8.52e-01
2005 08 20  2315    53602   83700      0    1.18e+00    0    8.28e-01
2005 08 20  2320    53602   84000      0    1.22e+00    0    8.49e-01
2005 08 20  2325    53602   84300      0    1.21e+00    0    8.56e-01
2005 08 20  2330    53602   84600      0    1.20e+00    0    8.46e-01
2005 08 20  2335    53602   84900      0    1.20e+00    0    8.47e-01
2005 08 20  2340    53602   85200      0    1.23e+00    0    8.73e-01
2005 08 20  2345    53602   85500      0    1.19e+00    0    8.29e-01
2005 08 20  2350    53602   85800      0    1.20e+00    0    8.39e-01
2005 08 20  2355    53602   86100      0    1.22e+00    0    8.58e-01
