:Data_list: 20051110_ace_epam_5m.txt
:Created: 2005 Nov 11 0012 UT
# Prepared by the U.S. Dept. of Commerce, NOAA, Space Environment Center.
# Please send comments and suggestions to SEC.Webmaster@noaa.gov 
# 
# Units: Differential Flux particles/cm2-s-ster-MeV
# Units: Anisotropy Index 0.0 - 2.0
# Status(S): 0 = nominal, 4,6,7,8 = bad data, unable to process, 9 = no data
# Missing data values: -1.00e+05, index = -1.00
# Source: ACE Satellite - Electron, Proton, and Alpha Monitor
# 2004 Feb 04: see http://www.sec.noaa.gov/ftpdir/lists/ace/README for EPAM channel change notice.
#
#                      5-minute averaged Real-time Differential Electron and Proton Flux 
# 
#                Modified Seconds ---------------------------- Differential Flux --------------------------- 
# UT Date   Time  Julian  of the  ----- Electron -----   ------------------- Protons keV -------------------   Anis.
# YR MO DA  HHMM    Day    Day    S    38-53   175-315   S    47-68   115-195   310-580   761-1220 1060-1900   Ratio
#-------------------------------------------------------------------------------------------------------------------
2005 11 10  0000   53684       0  0  4.63e+02  1.81e+01  0  1.16e+03  2.11e+01  2.88e+00  9.53e-01  2.51e-01   0.34
2005 11 10  0005   53684     300  0  5.13e+02  1.65e+01  0  1.20e+03  1.83e+01  2.73e+00  9.34e-01  3.28e-01   0.38
2005 11 10  0010   53684     600  0  5.08e+02  1.79e+01  0  1.05e+03  1.61e+01  2.55e+00  8.77e-01  2.32e-01   0.07
2005 11 10  0015   53684     900  0  4.53e+02  1.93e+01  0  1.16e+03  1.77e+01  2.70e+00  1.01e+00  2.03e-01   0.38
2005 11 10  0020   53684    1200  0  4.22e+02  1.84e+01  0  1.18e+03  1.91e+01  2.79e+00  9.72e-01  2.70e-01   0.54
2005 11 10  0025   53684    1500  0  4.17e+02  1.52e+01  0  1.11e+03  1.82e+01  2.49e+00  8.77e-01  2.51e-01   0.36
2005 11 10  0030   53684    1800  0  5.18e+02  1.95e+01  0  1.15e+03  1.70e+01  3.25e+00  1.23e+00  3.27e-01   0.28
2005 11 10  0035   53684    2100  0  4.60e+02  1.65e+01  0  1.14e+03  1.75e+01  2.61e+00  1.03e+00  2.90e-01   0.17
2005 11 10  0040   53684    2400  0  4.58e+02  1.79e+01  0  1.17e+03  1.58e+01  2.82e+00  1.03e+00  2.90e-01   0.30
2005 11 10  0045   53684    2700  0  4.89e+02  1.99e+01  0  1.12e+03  1.60e+01  2.52e+00  1.12e+00  2.11e-01   0.52
2005 11 10  0050   53684    3000  0  4.46e+02  2.24e+01  0  1.16e+03  1.91e+01  3.33e+00  1.27e+00  2.85e-01   0.23
2005 11 10  0055   53684    3300  0  4.94e+02  1.79e+01  0  1.17e+03  1.67e+01  3.97e+00  1.14e+00  2.41e-01   0.42
2005 11 10  0100   53684    3600  0  4.53e+02  2.55e+01  0  1.06e+03  2.04e+01  2.59e+00  1.04e+00  2.84e-01   0.54
2005 11 10  0105   53684    3900  0  4.81e+02  1.95e+01  0  1.22e+03  1.58e+01  2.44e+00  9.67e-01  2.22e-01   0.40
2005 11 10  0110   53684    4200  0  4.35e+02  2.22e+01  0  1.13e+03  1.71e+01  3.28e+00  9.56e-01  1.37e-01   0.45
2005 11 10  0115   53684    4500  0  4.38e+02  2.03e+01  0  1.08e+03  1.67e+01  3.21e+00  9.56e-01  2.00e-01   0.32
2005 11 10  0120   53684    4800  0  5.25e+02  1.78e+01  0  1.16e+03  1.96e+01  2.39e+00  1.25e+00  2.05e-01   0.12
2005 11 10  0125   53684    5100  0  4.98e+02  2.03e+01  0  1.16e+03  1.77e+01  3.25e+00  1.31e+00  1.39e-01   0.27
2005 11 10  0130   53684    5400  0  4.38e+02  1.90e+01  0  1.16e+03  1.65e+01  3.05e+00  1.02e+00  2.14e-01   0.30
2005 11 10  0135   53684    5700  0  4.51e+02  2.37e+01  0  1.15e+03  1.76e+01  3.25e+00  1.07e+00  2.67e-01   0.26
2005 11 10  0140   53684    6000  0  4.90e+02  1.29e+01  0  1.18e+03  1.46e+01  2.29e+00  9.56e-01  2.11e-01   0.07
2005 11 10  0145   53684    6300  0  4.35e+02  1.86e+01  0  1.20e+03  1.74e+01  2.61e+00  1.04e+00  2.59e-01   0.37
2005 11 10  0150   53684    6600  0  4.91e+02  1.70e+01  0  1.06e+03  1.66e+01  3.87e+00  9.56e-01  2.11e-01   0.16
2005 11 10  0155   53684    6900  0  5.09e+02  1.86e+01  0  1.21e+03  1.75e+01  2.43e+00  9.77e-01  2.74e-01   0.31
2005 11 10  0200   53684    7200  0  4.24e+02  1.52e+01  0  1.10e+03  1.75e+01  2.91e+00  8.97e-01  3.21e-01   0.17
2005 11 10  0205   53684    7500  0  4.11e+02  1.82e+01  0  1.20e+03  1.87e+01  3.25e+00  8.73e-01  2.63e-01   0.34
2005 11 10  0210   53684    7800  0  5.04e+02  2.09e+01  0  1.14e+03  1.50e+01  2.94e+00  9.34e-01  2.61e-01   0.46
2005 11 10  0215   53684    8100  0  4.72e+02  1.52e+01  0  1.17e+03  1.99e+01  2.91e+00  9.15e-01  2.85e-01   0.14
2005 11 10  0220   53684    8400  0  4.98e+02  1.74e+01  0  1.13e+03  1.83e+01  3.70e+00  8.73e-01  2.95e-01   0.51
2005 11 10  0225   53684    8700  0  4.94e+02  1.82e+01  0  1.09e+03  2.03e+01  2.91e+00  1.12e+00  3.09e-01   0.19
2005 11 10  0230   53684    9000  0  6.37e+02  1.82e+01  0  1.18e+03  1.58e+01  3.43e+00  9.34e-01  2.80e-01   0.11
2005 11 10  0235   53684    9300  0  4.11e+02  1.72e+01  0  1.19e+03  1.80e+01  3.47e+00  7.90e-01  1.79e-01   0.57
2005 11 10  0240   53684    9600  0  4.35e+02  1.68e+01  0  1.12e+03  1.89e+01  3.61e+00  1.01e+00  2.41e-01   0.28
2005 11 10  0245   53684    9900  0  4.73e+02  1.91e+01  0  1.18e+03  1.98e+01  3.25e+00  7.43e-01  2.99e-01   0.12
2005 11 10  0250   53684   10200  0  4.35e+02  1.82e+01  0  1.19e+03  1.75e+01  2.73e+00  1.03e+00  2.99e-01   0.19
2005 11 10  0255   53684   10500  0  5.11e+02  2.23e+01  0  1.15e+03  1.63e+01  3.28e+00  9.15e-01  2.80e-01   0.21
2005 11 10  0300   53684   10800  0  4.00e+02  1.75e+01  0  1.12e+03  1.82e+01  3.70e+00  9.53e-01  3.19e-01   0.19
2005 11 10  0305   53684   11100  0  5.03e+02  1.72e+01  0  1.19e+03  1.89e+01  4.06e+00  9.53e-01  2.80e-01   0.21
2005 11 10  0310   53684   11400  0  4.50e+02  1.68e+01  0  1.14e+03  1.62e+01  3.41e+00  1.08e+00  2.95e-01   0.35
2005 11 10  0315   53684   11700  0  4.15e+02  1.93e+01  0  1.11e+03  1.82e+01  2.40e+00  9.72e-01  2.51e-01   0.39
2005 11 10  0320   53684   12000  0  4.66e+02  1.88e+01  0  1.15e+03  1.62e+01  2.73e+00  1.12e+00  3.28e-01   0.23
2005 11 10  0325   53684   12300  0  4.76e+02  1.60e+01  0  1.17e+03  1.86e+01  3.21e+00  1.16e+00  2.95e-01   0.25
2005 11 10  0330   53684   12600  0  4.17e+02  1.78e+01  0  1.16e+03  1.75e+01  2.94e+00  9.50e-01  1.78e-01   0.21
2005 11 10  0335   53684   12900  0  4.94e+02  1.74e+01  0  1.15e+03  1.55e+01  2.76e+00  9.91e-01  2.51e-01   0.15
2005 11 10  0340   53684   13200  0  5.30e+02  1.68e+01  0  1.19e+03  1.87e+01  2.56e+00  9.35e-01  2.00e-01   0.28
2005 11 10  0345   53684   13500  0  4.38e+02  1.96e+01  0  1.21e+03  1.76e+01  2.80e+00  9.15e-01  2.23e-01   0.24
2005 11 10  0350   53684   13800  0  4.78e+02  2.20e+01  0  1.06e+03  1.70e+01  2.92e+00  1.06e+00  1.58e-01   0.30
2005 11 10  0355   53684   14100  0  4.87e+02  1.43e+01  0  1.19e+03  1.95e+01  3.05e+00  8.73e-01  2.84e-01   0.27
2005 11 10  0400   53684   14400  0  4.87e+02  2.00e+01  0  1.21e+03  1.69e+01  3.05e+00  9.85e-01  2.41e-01   0.15
2005 11 10  0405   53684   14700  0  4.36e+02  1.68e+01  0  1.18e+03  1.69e+01  3.31e+00  1.23e+00  2.42e-01   0.40
2005 11 10  0410   53684   15000  0  5.98e+02  1.57e+01  0  1.17e+03  1.84e+01  3.33e+00  1.28e+00  3.39e-01   0.32
2005 11 10  0415   53684   15300  0  5.31e+02  1.59e+01  0  1.17e+03  1.49e+01  2.63e+00  8.09e-01  2.85e-01   0.05
2005 11 10  0420   53684   15600  0  5.63e+02  1.93e+01  0  1.16e+03  1.85e+01  3.08e+00  1.21e+00  3.16e-01   0.27
2005 11 10  0425   53684   15900  0  4.69e+02  1.98e+01  0  1.13e+03  1.75e+01  3.27e+00  1.04e+00  2.76e-01   0.13
2005 11 10  0430   53684   16200  0  4.76e+02  1.84e+01  0  1.21e+03  1.86e+01  3.47e+00  1.27e+00  2.11e-01   0.54
2005 11 10  0435   53684   16500  0  4.94e+02  2.13e+01  0  1.17e+03  1.84e+01  3.41e+00  1.12e+00  2.53e-01   0.42
2005 11 10  0440   53684   16800  0  4.59e+02  1.90e+01  0  1.16e+03  1.84e+01  3.66e+00  9.67e-01  2.50e-01   0.94
2005 11 10  0445   53684   17100  0  5.59e+02  1.91e+01  0  1.15e+03  1.78e+01  2.56e+00  1.04e+00  3.79e-01   0.57
2005 11 10  0450   53684   17400  0  4.33e+02  1.97e+01  0  1.14e+03  1.63e+01  3.06e+00  8.77e-01  2.90e-01   0.44
2005 11 10  0455   53684   17700  0  4.15e+02  1.65e+01  0  1.18e+03  1.59e+01  3.08e+00  1.21e+00  2.67e-01   0.34
2005 11 10  0500   53684   18000  0  4.67e+02  2.11e+01  0  1.08e+03  1.62e+01  2.52e+00  8.31e-01  2.21e-01   0.41
2005 11 10  0505   53684   18300  0  4.98e+02  1.93e+01  0  1.21e+03  1.84e+01  2.97e+00  9.15e-01  3.38e-01   0.45
2005 11 10  0510   53684   18600  0  4.73e+02  1.63e+01  0  1.20e+03  1.78e+01  2.91e+00  1.01e+00  2.70e-01   0.52
2005 11 10  0515   53684   18900  0  4.00e+02  1.76e+01  0  1.06e+03  1.95e+01  2.88e+00  1.06e+00  1.90e-01   0.29
2005 11 10  0520   53684   19200  0  4.89e+02  1.84e+01  0  1.18e+03  2.01e+01  3.55e+00  1.12e+00  2.41e-01   0.34
2005 11 10  0525   53684   19500  0  4.88e+02  1.77e+01  0  1.16e+03  1.90e+01  3.16e+00  6.86e-01  2.61e-01   0.15
2005 11 10  0530   53684   19800  0  4.71e+02  1.91e+01  0  1.15e+03  1.85e+01  3.03e+00  1.01e+00  2.61e-01   0.08
2005 11 10  0535   53684   20100  0  4.74e+02  1.97e+01  0  1.15e+03  1.67e+01  3.28e+00  8.00e-01  2.51e-01   0.49
2005 11 10  0540   53684   20400  0  4.61e+02  2.16e+01  0  1.22e+03  1.93e+01  3.31e+00  1.09e+00  2.32e-01   0.17
2005 11 10  0545   53684   20700  0  4.78e+02  1.82e+01  0  1.16e+03  1.79e+01  3.09e+00  1.24e+00  3.28e-01   0.12
2005 11 10  0550   53684   21000  0  5.46e+02  2.16e+01  0  1.11e+03  1.73e+01  3.31e+00  8.11e-01  2.53e-01   0.06
2005 11 10  0555   53684   21300  0  5.59e+02  1.95e+01  0  1.18e+03  1.81e+01  3.46e+00  1.24e+00  3.19e-01   0.23
2005 11 10  0600   53684   21600  0  4.70e+02  2.04e+01  0  1.19e+03  2.03e+01  3.09e+00  9.72e-01  2.03e-01   0.20
2005 11 10  0605   53684   21900  0  5.25e+02  1.55e+01  0  1.16e+03  1.65e+01  3.86e+00  1.03e+00  2.06e-01   0.18
2005 11 10  0610   53684   22200  0  4.96e+02  2.76e+01  0  1.14e+03  2.60e+01  6.73e+00  5.23e-01  1.33e-01   1.41
2005 11 10  0615   53684   22500  0  4.94e+02  2.25e+01  0  1.20e+03  2.02e+01  3.17e+00  8.47e-01  4.00e-01   0.04
2005 11 10  0620   53684   22800  0  4.80e+02  1.60e+01  0  1.20e+03  1.77e+01  3.11e+00  8.31e-01  3.06e-01   0.33
2005 11 10  0625   53684   23100  0  4.90e+02  1.80e+01  0  1.15e+03  1.83e+01  3.47e+00  1.00e+00  2.23e-01   0.11
2005 11 10  0630   53684   23400  0  5.34e+02  1.89e+01  0  1.20e+03  1.79e+01  3.80e+00  1.21e+00  2.95e-01   0.13
2005 11 10  0635   53684   23700  0  4.29e+02  1.78e+01  0  1.19e+03  2.10e+01  3.61e+00  8.31e-01  2.74e-01   0.68
2005 11 10  0640   53684   24000  0  5.19e+02  1.95e+01  0  1.10e+03  1.98e+01  3.36e+00  1.09e+00  3.83e-01   0.12
2005 11 10  0645   53684   24300  0  5.18e+02  2.06e+01  0  1.21e+03  1.77e+01  4.22e+00  1.29e+00  2.87e-01   0.07
2005 11 10  0650   53684   24600  0  4.49e+02  2.08e+01  0  1.19e+03  1.89e+01  3.05e+00  1.02e+00  2.76e-01   0.36
2005 11 10  0655   53684   24900  0  4.69e+02  1.91e+01  0  1.17e+03  1.70e+01  3.44e+00  9.50e-01  2.85e-01   0.27
2005 11 10  0700   53684   25200  0  4.98e+02  2.28e+01  0  1.15e+03  1.83e+01  3.21e+00  9.35e-01  2.53e-01   0.25
2005 11 10  0705   53684   25500  0  5.36e+02  1.78e+01  0  1.17e+03  1.76e+01  3.08e+00  1.04e+00  2.95e-01   0.21
2005 11 10  0710   53684   25800  0  4.83e+02  2.16e+01  0  1.16e+03  1.55e+01  3.41e+00  9.35e-01  3.16e-01   0.08
2005 11 10  0715   53684   26100  0  4.83e+02  1.68e+01  0  1.11e+03  1.84e+01  2.65e+00  7.69e-01  2.95e-01   0.31
2005 11 10  0720   53684   26400  0  4.94e+02  1.72e+01  0  1.21e+03  1.69e+01  3.33e+00  1.07e+00  3.12e-01   0.41
2005 11 10  0725   53684   26700  0  5.16e+02  1.82e+01  0  1.17e+03  1.73e+01  3.15e+00  1.33e+00  3.69e-01   0.38
2005 11 10  0730   53684   27000  0  4.38e+02  2.21e+01  0  1.18e+03  1.96e+01  3.55e+00  1.09e+00  2.80e-01   0.29
2005 11 10  0735   53684   27300  0  5.37e+02  1.85e+01  0  1.16e+03  1.95e+01  3.02e+00  8.97e-01  3.48e-01   0.53
2005 11 10  0740   53684   27600  0  4.78e+02  2.07e+01  0  1.20e+03  1.90e+01  2.52e+00  7.07e-01  2.95e-01   0.30
2005 11 10  0745   53684   27900  0  4.70e+02  2.07e+01  0  1.19e+03  1.86e+01  3.64e+00  8.95e-01  2.61e-01   0.44
2005 11 10  0750   53684   28200  0  6.00e+02  1.98e+01  0  1.12e+03  1.88e+01  2.91e+00  7.24e-01  2.61e-01   0.20
2005 11 10  0755   53684   28500  0  4.47e+02  1.89e+01  0  1.20e+03  2.02e+01  3.08e+00  7.69e-01  3.48e-01   0.21
2005 11 10  0800   53684   28800  0  4.76e+02  1.81e+01  0  1.16e+03  1.82e+01  3.09e+00  7.81e-01  1.93e-01   0.32
2005 11 10  0805   53684   29100  0  4.46e+02  1.95e+01  0  1.12e+03  1.88e+01  3.03e+00  8.96e-01  2.32e-01   0.56
2005 11 10  0810   53684   29400  0  4.83e+02  1.88e+01  0  1.17e+03  1.84e+01  3.12e+00  8.58e-01  2.99e-01   0.14
2005 11 10  0815   53684   29700  0  4.63e+02  2.16e+01  0  1.17e+03  1.76e+01  3.46e+00  1.18e+00  2.12e-01   0.32
2005 11 10  0820   53684   30000  0  4.93e+02  2.00e+01  0  1.23e+03  2.15e+01  3.37e+00  9.53e-01  2.22e-01   0.12
2005 11 10  0825   53684   30300  0  4.66e+02  2.36e+01  0  1.15e+03  1.94e+01  2.97e+00  9.15e-01  2.32e-01   0.49
2005 11 10  0830   53684   30600  0  4.87e+02  2.53e+01  0  1.15e+03  1.74e+01  3.47e+00  1.16e+00  2.63e-01   0.20
2005 11 10  0835   53684   30900  0  5.69e+02  2.16e+01  0  1.19e+03  1.74e+01  3.21e+00  8.00e-01  1.45e-01   0.31
2005 11 10  0840   53684   31200  0  4.10e+02  1.68e+01  0  1.14e+03  1.73e+01  3.06e+00  6.48e-01  3.09e-01   0.44
2005 11 10  0845   53684   31500  0  5.57e+02  1.86e+01  0  1.16e+03  1.96e+01  3.18e+00  8.11e-01  2.84e-01   0.41
2005 11 10  0850   53684   31800  0  5.03e+02  1.95e+01  0  1.21e+03  1.73e+01  2.83e+00  9.85e-01  2.85e-01   0.07
2005 11 10  0855   53684   32100  0  4.71e+02  1.72e+01  0  1.16e+03  1.83e+01  3.12e+00  9.53e-01  2.22e-01   0.11
2005 11 10  0900   53684   32400  0  4.87e+02  2.07e+01  0  1.17e+03  2.09e+01  3.54e+00  9.98e-01  2.74e-01   0.22
2005 11 10  0905   53684   32700  0  5.08e+02  2.14e+01  0  1.22e+03  1.94e+01  3.52e+00  8.44e-01  3.12e-01   0.41
2005 11 10  0910   53684   33000  0  4.82e+02  1.72e+01  0  1.19e+03  1.75e+01  3.41e+00  8.94e-01  3.16e-01   0.38
2005 11 10  0915   53684   33300  0  4.60e+02  1.91e+01  0  1.07e+03  2.10e+01  3.41e+00  9.77e-01  2.32e-01   0.39
2005 11 10  0920   53684   33600  0  5.43e+02  1.70e+01  0  1.18e+03  1.71e+01  3.05e+00  7.56e-01  3.21e-01   0.33
2005 11 10  0925   53684   33900  0  5.27e+02  1.89e+01  0  1.21e+03  1.89e+01  2.92e+00  1.14e+00  3.37e-01   0.16
2005 11 10  0930   53684   34200  0  4.99e+02  2.26e+01  0  1.15e+03  2.09e+01  2.58e+00  8.44e-01  2.05e-01   0.50
2005 11 10  0935   53684   34500  0  5.56e+02  2.09e+01  0  1.17e+03  1.80e+01  2.97e+00  9.14e-01  2.23e-01   0.19
2005 11 10  0940   53684   34800  0  4.96e+02  1.86e+01  0  1.20e+03  1.66e+01  3.28e+00  8.73e-01  2.53e-01   0.55
2005 11 10  0945   53684   35100  0  4.79e+02  1.78e+01  0  1.16e+03  1.64e+01  3.47e+00  6.86e-01  2.94e-01   0.23
2005 11 10  0950   53684   35400  0  4.65e+02  1.99e+01  0  1.12e+03  1.69e+01  3.57e+00  8.94e-01  2.42e-01   0.23
2005 11 10  0955   53684   35700  0  5.38e+02  1.93e+01  0  1.20e+03  1.85e+01  2.79e+00  7.90e-01  2.74e-01   0.10
2005 11 10  1000   53684   36000  0  4.45e+02  2.03e+01  0  1.24e+03  1.77e+01  3.30e+00  9.15e-01  3.12e-01   0.37
2005 11 10  1005   53684   36300  0  4.60e+02  1.72e+01  0  1.09e+03  1.79e+01  2.72e+00  9.77e-01  2.42e-01   0.24
2005 11 10  1010   53684   36600  0  5.67e+02  2.16e+01  0  1.16e+03  1.93e+01  2.73e+00  8.57e-01  3.28e-01   0.43
2005 11 10  1015   53684   36900  0  4.59e+02  2.04e+01  0  1.14e+03  1.93e+01  2.91e+00  7.74e-01  3.57e-01   0.21
2005 11 10  1020   53684   37200  0  4.67e+02  1.95e+01  0  1.25e+03  2.18e+01  3.34e+00  9.98e-01  3.37e-01   0.18
2005 11 10  1025   53684   37500  0  5.74e+02  2.39e+01  0  2.71e+03  2.84e+01  3.00e+00  1.01e+00  2.90e-01   0.10
2005 11 10  1030   53684   37800  0  5.12e+02  1.97e+01  0  3.23e+03  2.79e+01  3.49e+00  8.77e-01  2.80e-01   0.33
2005 11 10  1035   53684   38100  0  5.03e+02  2.13e+01  0  2.24e+03  3.48e+01  3.11e+00  9.35e-01  2.32e-01   0.34
2005 11 10  1040   53684   38400  0  4.71e+02  1.75e+01  0  1.32e+03  2.28e+01  3.00e+00  6.86e-01  2.90e-01   0.43
2005 11 10  1045   53684   38700  0  5.70e+02  1.97e+01  0  1.58e+03  2.09e+01  2.88e+00  1.01e+00  2.90e-01   0.36
2005 11 10  1050   53684   39000  0  5.18e+02  1.90e+01  0  1.69e+03  2.15e+01  3.37e+00  9.15e-01  2.70e-01   0.17
2005 11 10  1055   53684   39300  0  5.22e+02  1.97e+01  0  1.30e+03  1.71e+01  2.61e+00  6.67e-01  2.51e-01   0.72
2005 11 10  1100   53684   39600  0  4.99e+02  2.04e+01  0  1.24e+03  1.94e+01  3.25e+00  8.00e-01  2.51e-01   0.14
2005 11 10  1105   53684   39900  0  4.58e+02  1.68e+01  0  1.23e+03  1.90e+01  3.22e+00  1.14e+00  2.22e-01   0.40
2005 11 10  1110   53684   40200  0  4.27e+02  2.24e+01  0  1.19e+03  1.57e+01  3.02e+00  7.28e-01  1.69e-01   0.53
2005 11 10  1115   53684   40500  0  4.92e+02  1.98e+01  0  1.11e+03  1.59e+01  2.76e+00  8.77e-01  2.12e-01   0.17
2005 11 10  1120   53684   40800  0  4.96e+02  1.98e+01  0  1.24e+03  1.79e+01  2.94e+00  8.38e-01  3.86e-01   0.36
2005 11 10  1125   53684   41100  0  5.52e+02  1.97e+01  0  1.23e+03  1.91e+01  2.95e+00  1.16e+00  3.27e-01   0.25
2005 11 10  1130   53684   41400  0  4.84e+02  2.19e+01  0  1.14e+03  1.98e+01  2.88e+00  1.37e+00  2.41e-01   0.38
2005 11 10  1135   53684   41700  0  5.52e+02  1.93e+01  0  1.23e+03  1.81e+01  2.91e+00  1.01e+00  3.86e-01   0.15
2005 11 10  1140   53684   42000  0  5.38e+02  2.18e+01  0  1.16e+03  1.78e+01  2.85e+00  7.69e-01  2.74e-01   0.20
2005 11 10  1145   53684   42300  0  4.81e+02  1.46e+01  0  1.18e+03  1.84e+01  3.61e+00  9.50e-01  3.21e-01   0.30
2005 11 10  1150   53684   42600  0  5.41e+02  1.86e+01  0  1.13e+03  1.64e+01  3.38e+00  9.98e-01  2.11e-01   0.57
2005 11 10  1155   53684   42900  0  4.87e+02  1.74e+01  0  1.20e+03  1.94e+01  2.95e+00  7.90e-01  4.00e-01   0.67
2005 11 10  1200   53684   43200  0  4.55e+02  1.65e+01  0  1.19e+03  1.65e+01  2.75e+00  7.92e-01  1.87e-01   0.31
2005 11 10  1205   53684   43500  0  4.48e+02  1.91e+01  0  1.06e+03  1.88e+01  3.05e+00  9.36e-01  2.11e-01   0.47
2005 11 10  1210   53684   43800  0  5.32e+02  2.11e+01  0  1.18e+03  1.85e+01  2.85e+00  1.02e+00  1.58e-01   0.50
2005 11 10  1215   53684   44100  0  4.87e+02  1.52e+01  0  1.18e+03  1.78e+01  2.97e+00  1.19e+00  2.25e-01   0.22
2005 11 10  1220   53684   44400  0  4.55e+02  1.95e+01  0  1.11e+03  1.56e+01  3.95e+00  9.62e-01  3.34e-01   0.77
2005 11 10  1225   53684   44700  0  5.23e+02  2.11e+01  0  1.11e+03  1.88e+01  2.61e+00  9.77e-01  2.63e-01   0.09
2005 11 10  1230   53684   45000  0  4.87e+02  1.76e+01  0  1.21e+03  1.62e+01  3.57e+00  9.98e-01  2.84e-01   0.66
2005 11 10  1235   53684   45300  0  4.29e+02  2.01e+01  0  1.15e+03  1.70e+01  3.44e+00  8.31e-01  2.42e-01   0.73
2005 11 10  1240   53684   45600  0  4.37e+02  2.00e+01  0  1.10e+03  1.77e+01  3.36e+00  1.02e+00  2.41e-01   0.41
2005 11 10  1245   53684   45900  0  5.14e+02  2.11e+01  0  1.24e+03  1.86e+01  2.85e+00  9.77e-01  2.11e-01   0.26
2005 11 10  1250   53684   46200  0  4.33e+02  2.01e+01  0  1.17e+03  1.74e+01  3.11e+00  9.35e-01  2.53e-01   0.28
2005 11 10  1255   53684   46500  0  4.46e+02  1.86e+01  0  1.12e+03  1.95e+01  3.08e+00  1.06e+00  2.67e-01   0.25
2005 11 10  1300   53684   46800  0  5.12e+02  1.86e+01  0  1.16e+03  1.65e+01  2.75e+00  7.07e-01  3.27e-01   0.32
2005 11 10  1305   53684   47100  0  4.53e+02  2.13e+01  0  1.15e+03  1.57e+01  3.12e+00  9.53e-01  1.83e-01   0.69
2005 11 10  1310   53684   47400  0  4.50e+02  1.93e+01  0  1.15e+03  1.85e+01  3.49e+00  8.00e-01  2.32e-01   0.45
2005 11 10  1315   53684   47700  0  4.80e+02  1.64e+01  0  1.13e+03  1.52e+01  2.85e+00  1.06e+00  1.58e-01   0.40
2005 11 10  1320   53684   48000  0  5.67e+02  2.09e+01  0  1.20e+03  1.72e+01  2.85e+00  9.91e-01  1.93e-01   0.04
2005 11 10  1325   53684   48300  0  4.70e+02  1.74e+01  0  1.22e+03  1.95e+01  2.97e+00  7.62e-01  2.61e-01   0.66
2005 11 10  1330   53684   48600  0  5.16e+02  2.07e+01  0  1.07e+03  1.56e+01  2.66e+00  7.90e-01  1.90e-01   0.46
2005 11 10  1335   53684   48900  0  5.59e+02  1.79e+01  0  1.22e+03  1.62e+01  2.10e+00  1.26e+00  2.32e-01   0.31
2005 11 10  1340   53684   49200  0  4.75e+02  1.93e+01  0  1.13e+03  1.61e+01  2.49e+00  9.15e-01  1.83e-01   0.26
2005 11 10  1345   53684   49500  0  3.80e+02  1.68e+01  0  1.10e+03  1.81e+01  2.37e+00  8.96e-01  2.12e-01   0.64
2005 11 10  1350   53684   49800  0  4.47e+02  1.35e+01  0  1.12e+03  1.79e+01  2.95e+00  7.90e-01  2.53e-01   0.04
2005 11 10  1355   53684   50100  0  4.31e+02  1.70e+01  0  1.15e+03  1.75e+01  2.79e+00  1.12e+00  2.90e-01   0.48
2005 11 10  1400   53684   50400  0  4.10e+02  1.86e+01  0  1.08e+03  1.49e+01  2.55e+00  8.57e-01  1.55e-01   0.21
2005 11 10  1405   53684   50700  0  4.73e+02  1.47e+01  0  9.71e+02  1.83e+01  2.88e+00  1.08e+00  2.11e-01   0.41
2005 11 10  1410   53684   51000  0  5.00e+02  2.16e+01  0  1.08e+03  1.42e+01  2.43e+00  9.34e-01  2.03e-01   0.53
2005 11 10  1415   53684   51300  0  4.07e+02  1.84e+01  0  1.11e+03  1.61e+01  3.00e+00  8.19e-01  1.74e-01   0.54
2005 11 10  1420   53684   51600  0  4.02e+02  1.70e+01  0  1.07e+03  1.65e+01  2.49e+00  5.82e-01  1.79e-01   0.07
2005 11 10  1425   53684   51900  0  4.26e+02  1.62e+01  0  1.11e+03  1.83e+01  2.39e+00  9.15e-01  1.78e-01   0.09
2005 11 10  1430   53684   52200  0  4.11e+02  1.76e+01  0  1.09e+03  1.96e+01  2.88e+00  8.73e-01  2.11e-01   0.35
2005 11 10  1435   53684   52500  0  4.20e+02  1.35e+01  0  1.08e+03  1.47e+01  3.05e+00  8.73e-01  1.90e-01   0.02
2005 11 10  1440   53684   52800  0  4.18e+02  1.80e+01  0  1.03e+03  1.49e+01  2.83e+00  1.07e+00  1.34e-01   0.67
2005 11 10  1445   53684   53100  0  5.09e+02  1.68e+01  0  1.12e+03  1.79e+01  2.16e+00  1.08e+00  2.42e-01   0.38
2005 11 10  1450   53684   53400  0  4.49e+02  2.09e+01  0  1.09e+03  1.64e+01  2.23e+00  8.73e-01  1.90e-01   0.48
2005 11 10  1455   53684   53700  0  4.12e+02  1.98e+01  0  9.91e+02  1.65e+01  3.25e+00  1.00e+00  3.39e-01   0.75
2005 11 10  1500   53684   54000  0  4.27e+02  1.55e+01  0  1.11e+03  1.69e+01  2.62e+00  8.94e-01  1.48e-01   0.47
2005 11 10  1505   53684   54300  0  4.90e+02  1.80e+01  0  1.13e+03  1.82e+01  3.25e+00  9.67e-01  2.41e-01   0.33
2005 11 10  1510   53684   54600  0  3.75e+02  1.35e+01  0  1.14e+03  1.65e+01  2.95e+00  1.02e+00  1.79e-01   0.61
2005 11 10  1515   53684   54900  0  4.94e+02  1.68e+01  0  1.12e+03  1.46e+01  2.82e+00  1.06e+00  2.32e-01   0.26
2005 11 10  1520   53684   55200  0  4.91e+02  1.62e+01  0  1.10e+03  1.43e+01  2.94e+00  7.04e-01  2.32e-01   0.31
2005 11 10  1525   53684   55500  0  3.32e+02  1.87e+01  0  1.15e+03  1.57e+01  2.59e+00  7.48e-01  1.58e-01   1.02
2005 11 10  1530   53684   55800  0  4.96e+02  1.28e+01  0  1.08e+03  1.73e+01  2.82e+00  1.35e+00  3.48e-01   0.49
2005 11 10  1535   53684   56100  0  4.90e+02  1.91e+01  0  1.13e+03  1.74e+01  3.16e+00  9.85e-01  3.12e-01   0.19
2005 11 10  1540   53684   56400  0  4.46e+02  1.37e+01  0  1.18e+03  1.66e+01  3.11e+00  1.21e+00  3.37e-01   0.46
2005 11 10  1545   53684   56700  0  4.27e+02  1.40e+01  0  1.09e+03  1.87e+01  2.88e+00  7.24e-01  2.03e-01   0.89
2005 11 10  1550   53684   57000  0  4.68e+02  1.42e+01  0  1.13e+03  1.62e+01  2.74e+00  9.89e-01  2.74e-01   0.35
2005 11 10  1555   53684   57300  0  4.87e+02  1.64e+01  0  1.15e+03  1.47e+01  3.21e+00  1.12e+00  2.74e-01   0.12
2005 11 10  1600   53684   57600  0  3.36e+02  1.63e+01  0  1.12e+03  1.48e+01  3.18e+00  7.24e-01  1.74e-01   0.79
2005 11 10  1605   53684   57900  0  3.49e+02  1.54e+01  0  1.02e+03  1.82e+01  3.79e+00  8.77e-01  2.51e-01   0.28
2005 11 10  1610   53684   58200  0  5.68e+02  2.38e+01  0  1.12e+03  1.57e+01  3.44e+00  9.15e-01  4.21e-01   0.46
2005 11 10  1615   53684   58500  0  4.45e+02  1.58e+01  0  1.12e+03  1.73e+01  2.85e+00  8.96e-01  3.09e-01   0.84
2005 11 10  1620   53684   58800  0  5.21e+02  1.81e+01  0  1.10e+03  1.83e+01  3.03e+00  1.03e+00  3.96e-01   0.09
2005 11 10  1625   53684   59100  0  3.79e+02  1.54e+01  0  1.11e+03  1.73e+01  2.22e+00  6.86e-01  2.90e-01   0.66
2005 11 10  1630   53684   59400  0  4.04e+02  1.78e+01  0  1.12e+03  1.87e+01  2.85e+00  9.56e-01  2.42e-01   0.69
2005 11 10  1635   53684   59700  0  4.48e+02  2.04e+01  0  1.14e+03  1.74e+01  3.22e+00  6.48e-01  2.80e-01   0.45
2005 11 10  1640   53684   60000  0  4.45e+02  2.04e+01  0  1.08e+03  1.67e+01  2.97e+00  1.14e+00  2.12e-01   0.14
2005 11 10  1645   53684   60300  0  4.49e+02  1.86e+01  0  1.21e+03  1.68e+01  2.49e+00  8.52e-01  2.32e-01   0.30
2005 11 10  1650   53684   60600  0  4.28e+02  1.63e+01  0  1.10e+03  1.50e+01  2.16e+00  1.01e+00  1.64e-01   0.58
2005 11 10  1655   53684   60900  0  4.38e+02  1.74e+01  0  1.07e+03  1.60e+01  2.40e+00  6.86e-01  1.83e-01   0.43
2005 11 10  1700   53684   61200  0  5.21e+02  1.72e+01  0  1.15e+03  1.62e+01  2.43e+00  8.32e-01  2.21e-01   0.24
2005 11 10  1705   53684   61500  0  4.08e+02  1.73e+01  0  1.11e+03  1.41e+01  2.80e+00  1.11e+00  2.76e-01   0.14
2005 11 10  1710   53684   61800  0  4.76e+02  1.95e+01  0  1.15e+03  1.52e+01  2.33e+00  9.77e-01  2.42e-01   0.65
2005 11 10  1715   53684   62100  0  4.94e+02  1.57e+01  0  1.10e+03  1.86e+01  2.66e+00  6.86e-01  3.16e-01   0.57
2005 11 10  1720   53684   62400  0  4.06e+02  1.64e+01  0  1.12e+03  1.69e+01  2.05e+00  6.33e-01  1.78e-01   0.85
2005 11 10  1725   53684   62700  0  3.46e+02  1.87e+01  0  1.16e+03  2.00e+01  2.39e+00  8.52e-01  2.21e-01   0.29
2005 11 10  1730   53684   63000  0  3.61e+02  1.72e+01  0  1.05e+03  1.44e+01  2.92e+00  6.86e-01  2.42e-01   0.83
2005 11 10  1735   53684   63300  0  4.12e+02  1.55e+01  0  1.19e+03  1.60e+01  2.86e+00  8.09e-01  2.41e-01   0.66
2005 11 10  1740   53684   63600  0  4.66e+02  1.91e+01  0  1.16e+03  1.56e+01  2.46e+00  1.02e+00  3.16e-01   0.43
2005 11 10  1745   53684   63900  0  4.46e+02  1.98e+01  0  1.10e+03  1.43e+01  2.44e+00  7.21e-01  2.32e-01   0.61
2005 11 10  1750   53684   64200  0  5.30e+02  1.87e+01  0  1.17e+03  1.81e+01  3.18e+00  1.14e+00  3.37e-01   0.10
2005 11 10  1755   53684   64500  0  3.63e+02  1.35e+01  0  1.08e+03  1.53e+01  2.62e+00  5.20e-01  1.05e-01   0.37
2005 11 10  1800   53684   64800  0  4.49e+02  2.16e+01  0  1.15e+03  1.94e+01  3.16e+00  7.21e-01  3.12e-01   0.47
2005 11 10  1805   53684   65100  0  4.38e+02  2.01e+01  0  1.08e+03  1.71e+01  2.75e+00  7.28e-01  2.42e-01   0.53
2005 11 10  1810   53684   65400  0  4.89e+02  1.57e+01  0  1.20e+03  1.57e+01  2.82e+00  8.11e-01  2.11e-01   0.51
2005 11 10  1815   53684   65700  0  3.89e+02  1.80e+01  0  1.22e+03  1.37e+01  2.83e+00  7.91e-01  2.59e-01   0.74
2005 11 10  1820   53684   66000  0  3.89e+02  2.13e+01  0  1.08e+03  1.43e+01  2.62e+00  8.11e-01  2.53e-01   0.92
2005 11 10  1825   53684   66300  0  5.65e+02  2.09e+01  0  1.18e+03  1.74e+01  3.40e+00  8.00e-01  3.38e-01   0.21
2005 11 10  1830   53684   66600  0  3.36e+02  1.49e+01  0  1.18e+03  1.74e+01  2.58e+00  9.53e-01  2.03e-01   0.50
2005 11 10  1835   53684   66900  0  4.06e+02  1.95e+01  0  1.14e+03  1.97e+01  2.98e+00  7.69e-01  2.95e-01   0.36
2005 11 10  1840   53684   67200  0  4.40e+02  2.05e+01  0  1.17e+03  2.04e+01  2.76e+00  7.43e-01  2.03e-01   0.41
2005 11 10  1845   53684   67500  0  4.38e+02  1.90e+01  0  1.23e+03  2.01e+01  3.06e+00  7.24e-01  2.61e-01   0.40
2005 11 10  1850   53684   67800  0  4.62e+02  2.28e+01  0  1.20e+03  1.95e+01  2.72e+00  9.56e-01  3.06e-01   0.14
2005 11 10  1855   53684   68100  0  5.03e+02  2.07e+01  0  1.12e+03  1.91e+01  3.19e+00  8.19e-01  3.48e-01   0.49
2005 11 10  1900   53684   68400  0  3.81e+02  1.59e+01  0  1.27e+03  1.84e+01  3.25e+00  7.05e-01  2.12e-01   0.37
2005 11 10  1905   53684   68700  0  3.92e+02  2.25e+01  0  1.15e+03  1.67e+01  3.10e+00  7.05e-01  3.67e-01   0.09
2005 11 10  1910   53684   69000  0  4.96e+02  2.09e+01  0  1.17e+03  1.97e+01  3.11e+00  8.73e-01  3.48e-01   0.39
2005 11 10  1915   53684   69300  0  5.16e+02  2.30e+01  0  1.12e+03  1.65e+01  2.94e+00  9.15e-01  3.09e-01   0.34
2005 11 10  1920   53684   69600  0  4.38e+02  1.67e+01  0  1.17e+03  1.71e+01  3.03e+00  8.57e-01  2.41e-01   0.53
2005 11 10  1925   53684   69900  0  4.26e+02  2.13e+01  0  1.21e+03  1.56e+01  2.46e+00  1.02e+00  2.84e-01   0.37
2005 11 10  1930   53684   70200  0  4.46e+02  2.14e+01  0  1.08e+03  1.95e+01  2.73e+00  7.81e-01  2.70e-01   0.13
2005 11 10  1935   53684   70500  0  5.24e+02  2.09e+01  0  1.19e+03  1.77e+01  3.52e+00  9.53e-01  2.32e-01   0.29
2005 11 10  1940   53684   70800  0  4.36e+02  2.40e+01  0  1.20e+03  1.90e+01  3.15e+00  9.35e-01  1.90e-01   0.47
2005 11 10  1945   53684   71100  0  4.17e+02  1.65e+01  0  1.18e+03  1.71e+01  3.16e+00  6.51e-01  2.32e-01   0.54
2005 11 10  1950   53684   71400  0  4.51e+02  1.68e+01  0  1.22e+03  1.55e+01  3.21e+00  8.11e-01  1.58e-01   0.30
2005 11 10  1955   53684   71700  0  3.82e+02  1.93e+01  0  1.22e+03  1.80e+01  2.95e+00  6.86e-01  2.11e-01   0.34
2005 11 10  2000   53684   72000  0  4.18e+02  1.70e+01  0  1.12e+03  1.70e+01  3.52e+00  7.39e-01  2.67e-01   0.39
2005 11 10  2005   53684   72300  0  4.26e+02  1.68e+01  0  1.13e+03  1.84e+01  3.08e+00  7.90e-01  3.16e-01   0.72
2005 11 10  2010   53684   72600  0  4.41e+02  2.40e+01  0  1.21e+03  2.19e+01  3.70e+00  8.11e-01  2.74e-01   0.69
2005 11 10  2015   53684   72900  0  3.98e+02  1.82e+01  0  1.19e+03  1.83e+01  3.16e+00  9.67e-01  3.39e-01   0.27
2005 11 10  2020   53684   73200  0  3.93e+02  1.76e+01  0  1.10e+03  1.77e+01  4.16e+00  8.31e-01  4.00e-01   0.41
2005 11 10  2025   53684   73500  0  5.13e+02  1.95e+01  0  1.18e+03  1.86e+01  3.30e+00  4.75e-01  2.23e-01   0.38
2005 11 10  2030   53684   73800  0  4.04e+02  2.20e+01  0  1.22e+03  1.91e+01  2.95e+00  7.48e-01  2.00e-01   0.39
2005 11 10  2035   53684   74100  0  4.09e+02  1.80e+01  0  1.20e+03  1.86e+01  3.74e+00  9.77e-01  2.53e-01   0.90
2005 11 10  2040   53684   74400  0  5.04e+02  1.98e+01  0  1.15e+03  2.03e+01  2.30e+00  7.39e-01  2.32e-01   0.07
2005 11 10  2045   53684   74700  0  4.02e+02  1.99e+01  0  1.17e+03  1.90e+01  2.79e+00  7.28e-01  2.42e-01   0.38
2005 11 10  2050   53684   75000  0  4.92e+02  1.78e+01  0  1.23e+03  1.69e+01  2.13e+00  7.48e-01  1.26e-01   0.23
2005 11 10  2055   53684   75300  0  4.08e+02  1.78e+01  0  1.11e+03  1.89e+01  3.00e+00  8.27e-01  1.87e-01   0.61
2005 11 10  2100   53684   75600  0  6.13e+02  2.13e+01  0  1.22e+03  1.63e+01  3.05e+00  7.90e-01  2.84e-01   0.22
2005 11 10  2105   53684   75900  0  3.68e+02  1.74e+01  0  1.15e+03  1.83e+01  2.67e+00  6.10e-01  1.74e-01   0.16
2005 11 10  2110   53684   76200  0  4.08e+02  1.88e+01  0  1.11e+03  1.53e+01  2.28e+00  6.86e-01  2.03e-01   0.49
2005 11 10  2115   53684   76500  0  5.67e+02  2.34e+01  0  1.23e+03  1.77e+01  2.29e+00  7.28e-01  1.48e-01   0.42
2005 11 10  2120   53684   76800  0  3.97e+02  2.06e+01  0  1.22e+03  1.46e+01  2.67e+00  6.10e-01  2.03e-01   0.10
2005 11 10  2125   53684   77100  0  3.82e+02  1.84e+01  0  1.24e+03  1.60e+01  2.46e+00  8.19e-01  2.22e-01   0.66
2005 11 10  2130   53684   77400  0  4.00e+02  1.91e+01  0  1.16e+03  1.62e+01  2.16e+00  9.15e-01  1.79e-01   0.36
2005 11 10  2135   53684   77700  0  4.13e+02  1.77e+01  0  1.23e+03  1.59e+01  2.49e+00  8.38e-01  2.12e-01   0.80
2005 11 10  2140   53684   78000  0  3.49e+02  2.02e+01  0  1.24e+03  1.48e+01  2.73e+00  5.14e-01  2.51e-01   0.26
2005 11 10  2145   53684   78300  0  3.90e+02  2.07e+01  0  1.19e+03  1.64e+01  2.22e+00  8.58e-01  2.03e-01   0.28
2005 11 10  2150   53684   78600  0  4.87e+02  1.70e+01  0  1.21e+03  1.75e+01  2.82e+00  6.65e-01  2.32e-01   0.22
2005 11 10  2155   53684   78900  0  4.58e+02  2.07e+01  0  1.21e+03  1.43e+01  2.19e+00  7.24e-01  1.64e-01   0.09
2005 11 10  2200   53684   79200  0  4.53e+02  1.84e+01  0  1.21e+03  1.59e+01  2.55e+00  8.76e-01  1.16e-01   0.75
2005 11 10  2205   53684   79500  0  4.25e+02  2.22e+01  0  1.14e+03  1.55e+01  2.20e+00  7.90e-01  3.16e-01   0.31
2005 11 10  2210   53684   79800  0  4.51e+02  1.90e+01  0  1.23e+03  1.44e+01  2.67e+00  5.91e-01  1.55e-01   0.44
2005 11 10  2215   53684   80100  0  3.41e+02  1.98e+01  0  1.19e+03  1.56e+01  1.89e+00  5.53e-01  2.80e-01   0.46
2005 11 10  2220   53684   80400  0  4.44e+02  2.51e+01  0  1.14e+03  1.48e+01  2.00e+00  6.03e-01  1.16e-01   1.08
2005 11 10  2225   53684   80700  9 -1.00e+05 -1.00e+05  9 -1.00e+05 -1.00e+05 -1.00e+05 -1.00e+05 -1.00e+05  -1.00
2005 11 10  2230   53684   81000  0  4.86e+02  2.02e+01  0  1.23e+03  1.95e+01  1.31e+00  8.53e-01  3.09e-01   0.58
2005 11 10  2235   53684   81300  0  4.24e+02  2.03e+01  0  1.18e+03  1.34e+01  2.06e+00  9.15e-01  1.58e-01   0.12
2005 11 10  2240   53684   81600  0  4.88e+02  1.91e+01  0  1.19e+03  1.40e+01  1.91e+00  4.22e-01  1.43e-01   0.08
2005 11 10  2245   53684   81900  0  3.28e+02  1.66e+01  0  1.22e+03  1.62e+01  2.13e+00  7.28e-01  1.26e-01   0.03
2005 11 10  2250   53684   82200  0  3.45e+02  2.03e+01  0  1.19e+03  1.63e+01  1.80e+00  7.69e-01  1.58e-01   0.21
2005 11 10  2255   53684   82500  0  3.67e+02  2.09e+01  0  1.11e+03  1.57e+01  2.33e+00  7.92e-01  1.16e-01   0.03
2005 11 10  2300   53684   82800  0  4.23e+02  1.97e+01  0  1.22e+03  1.49e+01  1.90e+00  5.20e-01  2.32e-01   0.84
2005 11 10  2305   53684   83100  0  4.04e+02  2.01e+01  0  1.27e+03  1.50e+01  2.00e+00  5.98e-01  2.05e-01   0.13
2005 11 10  2310   53684   83400  0  3.81e+02  2.16e+01  0  1.10e+03  1.44e+01  2.16e+00  6.03e-01  1.69e-01   0.30
2005 11 10  2315   53684   83700  0  5.04e+02  1.72e+01  0  1.23e+03  1.55e+01  2.20e+00  5.20e-01  1.48e-01   0.74
2005 11 10  2320   53684   84000  0  3.82e+02  1.85e+01  0  1.20e+03  1.62e+01  2.25e+00  6.33e-01  1.25e-01   0.49
2005 11 10  2325   53684   84300  0  3.66e+02  2.20e+01  0  1.25e+03  1.36e+01  2.26e+00  4.57e-01  1.79e-01   0.34
2005 11 10  2330   53684   84600  0  3.50e+02  1.74e+01  0  1.17e+03  1.34e+01  2.56e+00  8.31e-01  1.47e-01   0.52
2005 11 10  2335   53684   84900  0  4.50e+02  2.00e+01  0  1.18e+03  1.48e+01  2.11e+00  3.87e-01  1.78e-01   0.59
2005 11 10  2340   53684   85200  0  3.17e+02  2.16e+01  0  1.25e+03  1.19e+01  1.80e+00  5.20e-01  1.48e-01   0.20
2005 11 10  2345   53684   85500  0  3.77e+02  1.68e+01  0  1.12e+03  1.47e+01  1.83e+00  5.72e-01  1.26e-01   0.63
2005 11 10  2350   53684   85800  0  5.06e+02  1.81e+01  0  1.19e+03  1.56e+01  2.07e+00  5.14e-01  1.64e-01   0.17
2005 11 10  2355   53684   86100  0  3.66e+02  1.39e+01  0  1.18e+03  1.46e+01  1.84e+00  8.31e-01  1.48e-01   0.45
