:Data_list: 20050425_ace_epam_5m.txt
:Created: 2005 Apr 26 0012 UT
# Prepared by the U.S. Dept. of Commerce, NOAA, Space Environment Center.
# Please send comments and suggestions to SEC.Webmaster@noaa.gov 
# 
# Units: Differential Flux particles/cm2-s-ster-MeV
# Units: Anisotropy Index 0.0 - 2.0
# Status(S): 0 = nominal, 4,6,7,8 = bad data, unable to process, 9 = no data
# Missing data values: -1.00e+05, index = -1.00
# Source: ACE Satellite - Electron, Proton, and Alpha Monitor
# 2004 Feb 04: see http://www.sec.noaa.gov/ftpdir/lists/ace/README for EPAM channel change notice.
#
#                      5-minute averaged Real-time Differential Electron and Proton Flux 
# 
#                Modified Seconds ---------------------------- Differential Flux --------------------------- 
# UT Date   Time  Julian  of the  ----- Electron -----   ------------------- Protons keV -------------------   Anis.
# YR MO DA  HHMM    Day    Day    S    38-53   175-315   S    47-68   115-195   310-580   761-1220 1060-1900   Ratio
#-------------------------------------------------------------------------------------------------------------------
2005 04 25  0000   53485       0  0  2.08e+02  1.61e+01  0  6.65e+02  1.20e+01  1.92e+00  3.62e-01  1.16e-01   0.41
2005 04 25  0005   53485     300  0  2.20e+02  1.76e+01  0  6.09e+02  1.41e+01  2.10e+00  3.66e-01  9.27e-02   0.22
2005 04 25  0010   53485     600  0  3.48e+02  1.74e+01  0  6.90e+02  1.38e+01  1.53e+00  3.05e-01  1.55e-01   0.75
2005 04 25  0015   53485     900  0  2.35e+02  1.95e+01  0  6.74e+02  1.23e+01  1.29e+00  3.12e-01  5.79e-02   0.38
2005 04 25  0020   53485    1200  0  2.60e+02  1.78e+01  0  6.03e+02  1.24e+01  1.74e+00  4.16e-01  4.35e-02   0.32
2005 04 25  0025   53485    1500  0  2.62e+02  1.90e+01  0  7.09e+02  1.24e+01  1.55e+00  4.22e-01  6.95e-02   0.26
2005 04 25  0030   53485    1800  0  2.04e+02  1.62e+01  0  6.79e+02  1.43e+01  1.31e+00  4.37e-01  8.43e-02   0.30
2005 04 25  0035   53485    2100  0  2.25e+02  1.57e+01  0  6.63e+02  1.34e+01  1.41e+00  2.49e-01  1.26e-01   0.71
2005 04 25  0040   53485    2400  0  2.70e+02  1.82e+01  0  6.95e+02  1.24e+01  1.72e+00  4.22e-01  1.07e-01   0.15
2005 04 25  0045   53485    2700  0  2.18e+02  1.82e+01  0  6.82e+02  1.32e+01  1.84e+00  4.57e-01  7.38e-02   0.21
2005 04 25  0050   53485    3000  0  2.27e+02  2.01e+01  0  6.65e+02  1.22e+01  2.07e+00  3.74e-01  7.73e-02   0.24
2005 04 25  0055   53485    3300  0  2.51e+02  1.64e+01  0  6.49e+02  1.31e+01  1.78e+00  4.05e-01  7.73e-02   0.20
2005 04 25  0100   53485    3600  0  2.65e+02  1.72e+01  0  6.91e+02  1.31e+01  1.51e+00  3.95e-01  1.04e-01   0.20
2005 04 25  0105   53485    3900  0  2.33e+02  1.72e+01  0  6.98e+02  1.29e+01  1.61e+00  4.57e-01  1.34e-01   0.73
2005 04 25  0110   53485    4200  0  2.53e+02  1.66e+01  0  5.91e+02  1.25e+01  1.05e+00  4.99e-01  5.27e-02   0.38
2005 04 25  0115   53485    4500  0  2.71e+02  2.07e+01  0  6.79e+02  1.49e+01  1.48e+00  4.78e-01  9.27e-02   0.72
2005 04 25  0120   53485    4800  0  2.42e+02  1.62e+01  0  6.56e+02  1.26e+01  1.58e+00  3.69e-01  7.73e-02   0.58
2005 04 25  0125   53485    5100  0  2.18e+02  1.70e+01  0  6.76e+02  1.34e+01  1.44e+00  5.40e-01  8.43e-02   0.60
2005 04 25  0130   53485    5400  0  2.72e+02  2.22e+01  0  6.32e+02  1.23e+01  1.28e+00  3.53e-01  4.64e-02   0.29
2005 04 25  0135   53485    5700  0  2.52e+02  1.73e+01  0  6.83e+02  1.43e+01  1.33e+00  3.17e-01  1.07e-01   0.24
2005 04 25  0140   53485    6000  0  1.68e+02  2.18e+01  0  6.55e+02  1.19e+01  2.07e+00  4.78e-01  1.58e-01   0.27
2005 04 25  0145   53485    6300  0  2.27e+02  1.38e+01  0  6.29e+02  1.33e+01  1.56e+00  4.00e-01  1.16e-01   1.02
2005 04 25  0150   53485    6600  0  2.41e+02  1.79e+01  0  6.69e+02  1.37e+01  1.71e+00  5.14e-01  6.76e-02   0.64
2005 04 25  0155   53485    6900  0  2.31e+02  1.78e+01  0  6.79e+02  1.40e+01  1.38e+00  3.95e-01  1.16e-01   0.52
2005 04 25  0200   53485    7200  0  2.24e+02  1.75e+01  0  6.63e+02  1.24e+01  1.47e+00  4.57e-01  1.06e-01   0.30
2005 04 25  0205   53485    7500  0  2.43e+02  1.97e+01  0  6.61e+02  1.35e+01  1.65e+00  2.67e-01  9.66e-02   1.07
2005 04 25  0210   53485    7800  0  2.21e+02  2.03e+01  0  6.95e+02  1.56e+01  1.67e+00  3.95e-01  1.16e-01   0.08
2005 04 25  0215   53485    8100  0  2.40e+02  1.42e+01  0  6.87e+02  1.44e+01  1.47e+00  4.19e-01  8.11e-02   0.57
2005 04 25  0220   53485    8400  0  2.16e+02  1.84e+01  0  6.48e+02  1.32e+01  1.62e+00  5.14e-01  9.66e-02   1.00
2005 04 25  0225   53485    8700  0  2.40e+02  1.84e+01  0  6.94e+02  1.54e+01  1.68e+00  4.95e-01  1.35e-01   0.45
2005 04 25  0230   53485    9000  0  2.24e+02  1.76e+01  0  6.70e+02  1.27e+01  1.61e+00  4.16e-01  7.38e-02   0.43
2005 04 25  0235   53485    9300  0  2.51e+02  1.82e+01  0  5.88e+02  1.35e+01  1.26e+00  6.67e-01  9.66e-02   0.25
2005 04 25  0240   53485    9600  0  2.60e+02  1.77e+01  0  6.90e+02  1.19e+01  1.53e+00  3.43e-01  6.76e-02   0.46
2005 04 25  0245   53485    9900  0  2.89e+02  1.64e+01  0  6.64e+02  1.31e+01  1.64e+00  4.57e-01  9.01e-02   0.87
2005 04 25  0250   53485   10200  0  2.38e+02  1.84e+01  0  6.57e+02  1.24e+01  1.44e+00  6.10e-01  7.73e-02   0.26
2005 04 25  0255   53485   10500  0  2.89e+02  1.75e+01  0  6.33e+02  1.10e+01  1.95e+00  3.24e-01  9.66e-02   0.47
2005 04 25  0300   53485   10800  0  2.11e+02  1.93e+01  0  6.58e+02  1.23e+01  1.51e+00  4.78e-01  1.79e-01   0.38
2005 04 25  0305   53485   11100  0  2.64e+02  1.64e+01  0  6.89e+02  1.21e+01  1.55e+00  4.05e-01  1.34e-01   0.30
2005 04 25  0310   53485   11400  0  2.20e+02  1.80e+01  0  5.94e+02  1.33e+01  1.25e+00  4.34e-01  1.26e-01   0.49
2005 04 25  0315   53485   11700  0  2.18e+02  1.86e+01  0  6.15e+02  1.21e+01  1.48e+00  3.74e-01  8.43e-02   0.62
2005 04 25  0320   53485   12000  0  2.16e+02  1.32e+01  0  6.69e+02  1.22e+01  1.94e+00  4.75e-01  1.60e-01   0.31
2005 04 25  0325   53485   12300  0  2.18e+02  1.58e+01  0  6.58e+02  1.22e+01  1.34e+00  4.16e-01  7.38e-02   0.88
2005 04 25  0330   53485   12600  0  2.91e+02  1.86e+01  0  6.72e+02  1.42e+01  1.41e+00  3.74e-01  4.64e-02   0.24
2005 04 25  0335   53485   12900  0  1.87e+02  1.75e+01  0  6.70e+02  1.35e+01  1.47e+00  4.75e-01  8.91e-02   0.51
2005 04 25  0340   53485   13200  0  2.06e+02  1.86e+01  0  6.65e+02  1.13e+01  1.61e+00  3.33e-01  1.37e-01   0.41
2005 04 25  0345   53485   13500  0  2.18e+02  1.80e+01  0  6.07e+02  1.24e+01  1.28e+00  2.99e-01  1.25e-01   0.83
2005 04 25  0350   53485   13800  0  2.72e+02  1.80e+01  0  7.27e+02  1.23e+01  1.31e+00  5.61e-01  9.48e-02   0.20
2005 04 25  0355   53485   14100  0  2.24e+02  1.87e+01  0  6.77e+02  1.44e+01  1.93e+00  3.20e-01  1.05e-01   0.80
2005 04 25  0400   53485   14400  0  2.23e+02  1.85e+01  0  6.62e+02  1.27e+01  1.78e+00  4.05e-01  1.26e-01   0.83
2005 04 25  0405   53485   14700  0  2.51e+02  1.78e+01  0  6.63e+02  1.27e+01  1.64e+00  4.99e-01  8.43e-02   1.05
2005 04 25  0410   53485   15000  0  2.07e+02  1.24e+01  0  6.38e+02  1.06e+01  1.74e+00  3.95e-01  1.26e-01   1.08
2005 04 25  0415   53485   15300  0  2.08e+02  1.72e+01  0  6.35e+02  1.14e+01  1.50e+00  4.57e-01  1.07e-01   0.34
2005 04 25  0420   53485   15600  0  2.18e+02  1.58e+01  0  6.48e+02  1.13e+01  1.28e+00  3.53e-01  1.04e-01   0.44
2005 04 25  0425   53485   15900  0  2.58e+02  2.07e+01  0  6.98e+02  1.30e+01  1.50e+00  4.00e-01  3.86e-02   0.37
2005 04 25  0430   53485   16200  0  2.22e+02  1.49e+01  0  6.59e+02  1.21e+01  1.68e+00  4.76e-01  7.38e-02   0.36
2005 04 25  0435   53485   16500  0  2.24e+02  2.07e+01  0  6.10e+02  1.26e+01  1.54e+00  3.53e-01  1.05e-01   0.59
2005 04 25  0440   53485   16800  0  2.40e+02  1.77e+01  0  6.34e+02  1.16e+01  1.35e+00  3.05e-01  1.06e-01   0.24
2005 04 25  0445   53485   17100  0  2.30e+02  1.75e+01  0  6.42e+02  1.27e+01  1.98e+00  4.19e-01  1.35e-01   0.60
2005 04 25  0450   53485   17400  0  2.47e+02  1.57e+01  0  6.78e+02  1.23e+01  1.31e+00  3.95e-01  1.26e-01   1.20
2005 04 25  0455   53485   17700  0  2.43e+02  1.56e+01  0  6.34e+02  1.36e+01  1.17e+00  4.95e-01  5.80e-02   0.47
2005 04 25  0500   53485   18000  0  2.71e+02  1.79e+01  0  6.81e+02  1.14e+01  1.35e+00  3.62e-01  8.43e-02   0.74
2005 04 25  0505   53485   18300  0  2.58e+02  2.00e+01  0  6.78e+02  1.24e+01  1.44e+00  5.53e-01  8.11e-02   0.14
2005 04 25  0510   53485   18600  0  2.27e+02  1.66e+01  0  6.14e+02  1.27e+01  1.38e+00  4.78e-01  1.04e-01   0.23
2005 04 25  0515   53485   18900  0  2.78e+02  1.86e+01  0  6.72e+02  1.37e+01  1.50e+00  5.91e-01  6.95e-02   0.11
2005 04 25  0520   53485   19200  0  2.07e+02  1.65e+01  0  6.81e+02  1.24e+01  1.50e+00  3.81e-01  5.27e-02   0.75
2005 04 25  0525   53485   19500  0  1.93e+02  1.49e+01  0  6.25e+02  1.41e+01  1.70e+00  3.33e-01  8.43e-02   0.47
2005 04 25  0530   53485   19800  0  3.07e+02  1.52e+01  0  7.06e+02  1.25e+01  1.62e+00  5.34e-01  1.45e-01   0.29
2005 04 25  0535   53485   20100  0  2.60e+02  1.52e+01  0  7.86e+02  1.70e+01  1.56e+00  3.43e-01  9.66e-02   0.41
2005 04 25  0540   53485   20400  0  2.68e+02  1.94e+01  0  7.35e+02  1.35e+01  1.55e+00  4.00e-01  4.97e-02   0.26
2005 04 25  0545   53485   20700  0  2.13e+02  1.70e+01  0  6.85e+02  1.45e+01  1.78e+00  4.05e-01  9.66e-02   0.47
2005 04 25  0550   53485   21000  0  2.54e+02  1.28e+01  0  6.26e+02  1.36e+01  1.80e+00  2.91e-01  8.11e-02   0.15
2005 04 25  0555   53485   21300  0  2.11e+02  1.49e+01  0  6.68e+02  1.36e+01  1.51e+00  1.78e-01  8.43e-02   0.89
2005 04 25  0600   53485   21600  0  2.43e+02  1.42e+01  0  6.22e+02  1.32e+01  1.47e+00  3.05e-01  3.86e-02   0.80
2005 04 25  0605   53485   21900  0  2.66e+02  2.11e+01  0  7.05e+02  1.17e+01  1.61e+00  4.78e-01  9.48e-02   0.76
2005 04 25  0610   53485   22200  0  2.20e+02  1.84e+01  0  6.78e+02  1.35e+01  1.57e+00  4.37e-01  9.48e-02   0.39
2005 04 25  0615   53485   22500  0  2.18e+02  2.01e+01  0  6.78e+02  1.15e+01  1.39e+00  4.57e-01  8.91e-02   0.72
2005 04 25  0620   53485   22800  0  2.43e+02  1.44e+01  0  6.89e+02  1.23e+01  1.93e+00  5.12e-01  6.29e-02   0.22
2005 04 25  0625   53485   23100  0  2.44e+02  1.64e+01  0  6.61e+02  1.26e+01  1.30e+00  2.48e-01  7.37e-02   0.33
2005 04 25  0630   53485   23400  0  2.20e+02  1.93e+01  0  7.47e+02  1.66e+01  1.61e+00  5.61e-01  6.95e-02   0.75
2005 04 25  0635   53485   23700  0  2.58e+02  1.68e+01  0  1.33e+03  3.00e+01  1.80e+00  4.57e-01  5.15e-02   0.14
2005 04 25  0640   53485   24000  0  2.98e+02  1.77e+01  0  8.38e+02  1.79e+01  1.55e+00  3.34e-01  7.73e-02   0.27
2005 04 25  0645   53485   24300  0  2.78e+02  1.80e+01  0  7.37e+02  1.40e+01  1.34e+00  4.78e-01  1.05e-01   0.18
2005 04 25  0650   53485   24600  0  2.09e+02  1.84e+01  0  6.73e+02  1.27e+01  1.80e+00  4.78e-01  9.48e-02   0.59
2005 04 25  0655   53485   24900  0  2.93e+02  1.78e+01  0  7.11e+02  1.27e+01  1.36e+00  3.52e-01  1.07e-01   0.67
2005 04 25  0700   53485   25200  0  2.69e+02  1.78e+01  0  6.99e+02  1.53e+01  1.11e+00  4.37e-01  5.27e-02   0.84
2005 04 25  0705   53485   25500  0  2.56e+02  1.88e+01  0  6.27e+02  1.18e+01  1.56e+00  3.74e-01  5.80e-02   0.31
2005 04 25  0710   53485   25800  0  2.36e+02  1.56e+01  0  6.14e+02  1.33e+01  1.47e+00  4.00e-01  9.66e-02   0.58
2005 04 25  0715   53485   26100  0  2.26e+02  1.86e+01  0  6.74e+02  1.33e+01  1.57e+00  3.74e-01  1.04e-01   0.79
2005 04 25  0720   53485   26400  0  2.24e+02  1.87e+01  0  6.48e+02  1.43e+01  1.79e+00  3.82e-01  1.02e-01   0.51
2005 04 25  0725   53485   26700  0  2.16e+02  1.67e+01  0  6.77e+02  1.17e+01  1.29e+00  4.95e-01  1.26e-01   0.47
2005 04 25  0730   53485   27000  0  2.58e+02  1.70e+01  0  6.91e+02  1.23e+01  1.57e+00  5.20e-01  2.58e-02   0.81
2005 04 25  0735   53485   27300  0  2.32e+02  1.67e+01  0  6.43e+02  1.24e+01  1.53e+00  3.43e-01  8.43e-02   0.35
2005 04 25  0740   53485   27600  0  2.36e+02  2.02e+01  0  6.75e+02  1.25e+01  1.44e+00  4.57e-01  9.66e-02   0.00
2005 04 25  0745   53485   27900  0  2.23e+02  1.81e+01  0  6.49e+02  1.21e+01  1.65e+00  3.81e-01  6.32e-02   0.29
2005 04 25  0750   53485   28200  0  2.13e+02  1.64e+01  0  6.72e+02  1.38e+01  1.15e+00  3.53e-01  1.37e-01   0.42
2005 04 25  0755   53485   28500  0  1.91e+02  1.86e+01  0  6.64e+02  1.20e+01  1.47e+00  4.19e-01  8.69e-02   0.59
2005 04 25  0800   53485   28800  0  2.43e+02  1.81e+01  0  6.25e+02  1.45e+01  1.77e+00  2.86e-01  1.26e-01   0.27
2005 04 25  0805   53485   29100  0  2.65e+02  1.68e+01  0  6.94e+02  1.15e+01  1.74e+00  3.95e-01  9.48e-02   0.49
2005 04 25  0810   53485   29400  0  2.45e+02  1.88e+01  0  6.74e+02  1.59e+01  1.50e+00  3.24e-01  1.55e-01   0.93
2005 04 25  0815   53485   29700  0  2.28e+02  1.84e+01  0  7.12e+02  1.28e+01  1.62e+00  4.19e-01  1.35e-01   0.79
2005 04 25  0820   53485   30000  0  2.09e+02  2.07e+01  0  6.71e+02  1.31e+01  1.51e+00  3.12e-01  9.48e-02   0.65
2005 04 25  0825   53485   30300  0  2.07e+02  1.68e+01  0  7.08e+02  1.26e+01  1.14e+00  4.92e-01  8.02e-02   0.41
2005 04 25  0830   53485   30600  0  2.47e+02  1.41e+01  0  6.62e+02  1.24e+01  1.54e+00  2.29e-01  9.27e-02   0.43
2005 04 25  0835   53485   30900  0  1.90e+02  2.03e+01  0  6.66e+02  1.29e+01  1.54e+00  3.95e-01  1.16e-01   0.75
2005 04 25  0840   53485   31200  0  2.42e+02  1.46e+01  0  6.68e+02  1.28e+01  1.94e+00  3.17e-01  1.43e-01   1.06
2005 04 25  0845   53485   31500  0  2.29e+02  1.68e+01  0  8.56e+02  1.49e+01  1.25e+00  3.95e-01  6.44e-02   0.44
2005 04 25  0850   53485   31800  0  2.38e+02  1.82e+01  0  1.17e+03  1.96e+01  1.57e+00  4.37e-01  3.48e-02   0.35
2005 04 25  0855   53485   32100  0  2.61e+02  1.80e+01  0  7.84e+02  1.24e+01  1.58e+00  5.28e-01  1.01e-01   0.13
2005 04 25  0900   53485   32400  0  1.98e+02  1.82e+01  0  6.71e+02  1.16e+01  1.48e+00  3.53e-01  1.05e-01   0.72
2005 04 25  0905   53485   32700  0  2.23e+02  1.65e+01  0  6.51e+02  1.34e+01  1.41e+00  4.40e-01  1.34e-01   0.32
2005 04 25  0910   53485   33000  0  2.34e+02  1.97e+01  0  6.33e+02  1.42e+01  1.77e+00  3.53e-01  9.01e-02   0.18
2005 04 25  0915   53485   33300  0  2.72e+02  1.78e+01  0  6.97e+02  1.56e+01  1.90e+00  2.91e-01  1.37e-01   0.23
2005 04 25  0920   53485   33600  0  2.40e+02  1.91e+01  0  7.30e+02  1.44e+01  1.33e+00  3.52e-01  1.34e-01   0.96
2005 04 25  0925   53485   33900  0  2.09e+02  1.58e+01  0  6.37e+02  1.27e+01  1.51e+00  3.95e-01  1.26e-01   1.03
2005 04 25  0930   53485   34200  0  2.70e+02  1.72e+01  0  6.97e+02  1.05e+01  1.25e+00  5.20e-01  1.58e-01   0.16
2005 04 25  0935   53485   34500  0  1.97e+02  2.01e+01  0  6.82e+02  1.25e+01  1.80e+00  4.75e-01  9.81e-02   0.55
2005 04 25  0940   53485   34800  0  2.38e+02  1.74e+01  0  8.97e+02  1.76e+01  1.34e+00  4.37e-01  8.43e-02   0.57
2005 04 25  0945   53485   35100  0  2.15e+02  1.58e+01  0  7.20e+02  1.59e+01  1.59e+00  5.72e-01  7.73e-02   0.24
2005 04 25  0950   53485   35400  0  2.70e+02  1.49e+01  0  7.75e+02  1.59e+01  1.50e+00  4.19e-01  6.76e-02   0.40
2005 04 25  0955   53485   35700  0  2.58e+02  1.64e+01  0  8.62e+02  1.58e+01  1.64e+00  2.08e-01  4.21e-02   0.49
2005 04 25  1000   53485   36000  0  2.38e+02  1.58e+01  0  8.07e+02  1.60e+01  1.17e+00  3.81e-01  5.15e-02   0.23
2005 04 25  1005   53485   36300  0  2.80e+02  1.97e+01  0  8.67e+02  1.38e+01  1.68e+00  4.38e-01  8.69e-02   0.23
2005 04 25  1010   53485   36600  0  2.36e+02  1.47e+01  0  6.95e+02  1.23e+01  1.74e+00  3.74e-01  1.69e-01   0.64
2005 04 25  1015   53485   36900  0  2.41e+02  1.77e+01  0  7.81e+02  1.71e+01  1.62e+00  5.33e-01  1.64e-01   0.29
2005 04 25  1020   53485   37200  0  3.02e+02  1.97e+01  0  7.73e+02  1.47e+01  1.29e+00  6.10e-01  1.26e-01   1.09
2005 04 25  1025   53485   37500  0  2.16e+02  2.02e+01  0  6.92e+02  1.37e+01  1.44e+00  4.00e-01  5.80e-02   0.62
2005 04 25  1030   53485   37800  0  2.18e+02  1.64e+01  0  8.05e+02  1.66e+01  1.57e+00  3.95e-01  1.16e-01   0.33
2005 04 25  1035   53485   38100  0  2.31e+02  1.42e+01  0  8.02e+02  1.79e+01  1.77e+00  5.53e-01  9.66e-02   0.40
2005 04 25  1040   53485   38400  0  2.43e+02  1.97e+01  0  7.52e+02  1.52e+01  1.53e+00  3.05e-01  1.06e-01   0.71
2005 04 25  1045   53485   38700  0  2.42e+02  1.80e+01  0  7.71e+02  1.52e+01  1.84e+00  3.12e-01  1.26e-01   0.91
2005 04 25  1050   53485   39000  0  2.25e+02  1.65e+01  0  7.19e+02  1.29e+01  1.59e+00  4.57e-01  1.37e-01   0.18
2005 04 25  1055   53485   39300  0  2.38e+02  1.91e+01  0  7.42e+02  1.33e+01  1.68e+00  4.57e-01  8.69e-02   0.33
2005 04 25  1100   53485   39600  0  2.53e+02  1.84e+01  0  7.67e+02  1.41e+01  1.64e+00  5.20e-01  1.05e-01   0.24
2005 04 25  1105   53485   39900  0  2.27e+02  1.73e+01  0  7.50e+02  1.19e+01  1.89e+00  5.10e-01  8.92e-02   0.10
2005 04 25  1110   53485   40200  0  2.90e+02  1.58e+01  0  7.24e+02  1.31e+01  1.48e+00  5.40e-01  1.58e-01   0.42
2005 04 25  1115   53485   40500  0  2.84e+02  1.66e+01  0  7.03e+02  1.49e+01  1.28e+00  4.99e-01  6.32e-02   0.42
2005 04 25  1120   53485   40800  0  2.23e+02  1.42e+01  0  6.73e+02  1.24e+01  1.75e+00  3.87e-01  8.02e-02   0.38
2005 04 25  1125   53485   41100  0  2.31e+02  1.87e+01  0  6.25e+02  1.27e+01  1.67e+00  2.70e-01  1.37e-01   0.79
2005 04 25  1130   53485   41400  0  3.31e+02  1.58e+01  0  7.00e+02  1.32e+01  1.80e+00  4.37e-01  1.05e-01   0.46
2005 04 25  1135   53485   41700  0  2.15e+02  1.52e+01  0  7.25e+02  1.21e+01  1.80e+00  3.17e-01  9.81e-02   0.55
2005 04 25  1140   53485   42000  0  2.50e+02  1.55e+01  0  6.49e+02  1.39e+01  1.48e+00  4.78e-01  7.73e-02   0.71
2005 04 25  1145   53485   42300  0  2.74e+02  1.42e+01  0  6.86e+02  1.33e+01  1.61e+00  3.52e-01  8.02e-02   1.02
2005 04 25  1150   53485   42600  0  2.16e+02  1.91e+01  0  7.05e+02  1.39e+01  1.80e+00  3.53e-01  1.26e-01   0.69
2005 04 25  1155   53485   42900  0  2.10e+02  1.45e+01  0  6.55e+02  9.85e+00  1.51e+00  3.74e-01  8.11e-02   0.81
2005 04 25  1200   53485   43200  0  2.07e+02  1.41e+01  0  6.29e+02  1.38e+01  1.66e+00  2.99e-01  1.25e-01   0.08
2005 04 25  1205   53485   43500  0  2.74e+02  1.60e+01  0  6.73e+02  1.41e+01  1.15e+00  3.74e-01  1.05e-01   0.41
2005 04 25  1210   53485   43800  0  2.36e+02  1.72e+01  0  6.37e+02  1.40e+01  1.90e+00  4.99e-01  9.48e-02   0.36
2005 04 25  1215   53485   44100  0  2.16e+02  1.85e+01  0  6.39e+02  1.27e+01  2.02e+00  4.22e-01  6.76e-02   0.27
2005 04 25  1220   53485   44400  0  2.87e+02  1.89e+01  0  7.10e+02  1.25e+01  1.64e+00  3.95e-01  1.05e-01   0.13
2005 04 25  1225   53485   44700  0  2.12e+02  1.93e+01  0  6.67e+02  1.33e+01  1.41e+00  4.19e-01  1.16e-01   0.38
2005 04 25  1230   53485   45000  0  2.27e+02  1.51e+01  0  6.28e+02  1.27e+01  1.74e+00  4.00e-01  6.76e-02   0.82
2005 04 25  1235   53485   45300  0  2.33e+02  1.68e+01  0  6.58e+02  1.31e+01  1.54e+00  3.12e-01  1.48e-01   0.31
2005 04 25  1240   53485   45600  0  2.47e+02  1.68e+01  0  6.64e+02  1.27e+01  1.95e+00  4.19e-01  1.06e-01   0.86
2005 04 25  1245   53485   45900  0  2.38e+02  1.90e+01  0  6.96e+02  1.36e+01  9.62e-01  3.05e-01  7.73e-02   0.45
2005 04 25  1250   53485   46200  0  2.62e+02  1.82e+01  0  6.31e+02  1.13e+01  1.54e+00  4.37e-01  1.79e-01   0.61
2005 04 25  1255   53485   46500  0  2.93e+02  1.74e+01  0  6.62e+02  1.33e+01  1.53e+00  3.62e-01  1.26e-01   0.39
2005 04 25  1300   53485   46800  0  2.25e+02  1.58e+01  0  7.16e+02  1.42e+01  1.47e+00  3.34e-01  9.51e-02   0.69
2005 04 25  1305   53485   47100  0  2.32e+02  1.58e+01  0  6.58e+02  1.28e+01  1.80e+00  2.91e-01  1.05e-01   0.43
2005 04 25  1310   53485   47400  0  2.51e+02  1.90e+01  0  6.48e+02  1.54e+01  1.59e+00  3.43e-01  1.16e-01   0.15
2005 04 25  1315   53485   47700  0  2.63e+02  1.86e+01  0  7.13e+02  1.28e+01  1.68e+00  3.62e-01  1.64e-01   1.17
2005 04 25  1320   53485   48000  0  2.04e+02  1.58e+01  0  6.43e+02  1.03e+01  1.32e+00  6.10e-01  1.16e-01   0.36
2005 04 25  1325   53485   48300  0  2.11e+02  1.45e+01  0  6.79e+02  1.34e+01  1.87e+00  3.12e-01  9.48e-02   0.68
2005 04 25  1330   53485   48600  0  2.25e+02  1.82e+01  0  6.70e+02  1.52e+01  1.56e+00  4.57e-01  7.73e-02   0.23
2005 04 25  1335   53485   48900  0  2.61e+02  1.81e+01  0  6.71e+02  1.41e+01  1.65e+00  2.86e-01  1.16e-01   0.44
2005 04 25  1340   53485   49200  0  2.42e+02  2.15e+01  0  6.40e+02  1.32e+01  1.67e+00  5.82e-01  1.37e-01   0.45
2005 04 25  1345   53485   49500  0  2.76e+02  1.77e+01  0  6.65e+02  1.29e+01  1.80e+00  3.62e-01  6.76e-02   0.79
2005 04 25  1350   53485   49800  0  2.36e+02  1.42e+01  0  6.75e+02  1.34e+01  1.83e+00  4.00e-01  1.45e-01   1.28
2005 04 25  1355   53485   50100  0  2.56e+02  1.86e+01  0  6.68e+02  1.32e+01  1.51e+00  4.16e-01  8.43e-02   0.27
2005 04 25  1400   53485   50400  0  2.74e+02  1.75e+01  0  6.35e+02  1.33e+01  1.64e+00  5.80e-01  9.81e-02   0.54
2005 04 25  1405   53485   50700  0  2.34e+02  1.57e+01  0  6.81e+02  1.49e+01  1.31e+00  6.03e-01  7.37e-02   0.26
2005 04 25  1410   53485   51000  0  2.27e+02  2.07e+01  0  6.81e+02  1.33e+01  1.51e+00  4.57e-01  1.26e-01   0.30
2005 04 25  1415   53485   51300  0  2.17e+02  1.70e+01  0  5.94e+02  1.45e+01  1.44e+00  4.40e-01  6.76e-02   0.19
2005 04 25  1420   53485   51600  0  2.92e+02  1.76e+01  0  7.15e+02  1.40e+01  1.60e+00  5.05e-01  1.53e-01   1.04
2005 04 25  1425   53485   51900  0  2.11e+02  1.87e+01  0  6.73e+02  1.34e+01  1.51e+00  5.20e-01  7.38e-02   0.18
2005 04 25  1430   53485   52200  0  2.67e+02  1.85e+01  0  6.55e+02  1.30e+01  1.46e+00  2.89e-01  7.02e-02   0.49
2005 04 25  1435   53485   52500  0  1.91e+02  1.83e+01  0  6.13e+02  1.28e+01  1.64e+00  5.51e-01  1.58e-01   0.14
2005 04 25  1440   53485   52800  0  2.43e+02  1.86e+01  0  7.12e+02  1.22e+01  1.55e+00  4.22e-01  1.25e-01   0.15
2005 04 25  1445   53485   53100  0  2.12e+02  1.70e+01  0  6.94e+02  1.21e+01  1.77e+00  4.78e-01  6.32e-02   0.58
2005 04 25  1450   53485   53400  0  2.31e+02  1.80e+01  0  6.20e+02  1.26e+01  1.74e+00  4.78e-01  4.21e-02   0.53
2005 04 25  1455   53485   53700  0  2.87e+02  1.72e+01  0  6.85e+02  1.57e+01  1.41e+00  4.22e-01  3.16e-02   0.48
2005 04 25  1500   53485   54000  0  1.79e+02  1.74e+01  0  7.00e+02  1.27e+01  1.54e+00  3.66e-01  2.58e-02   1.01
2005 04 25  1505   53485   54300  0  1.79e+02  1.60e+01  0  6.50e+02  1.37e+01  1.51e+00  3.95e-01  8.11e-02   0.34
2005 04 25  1510   53485   54600  0  2.78e+02  1.85e+01  0  6.58e+02  1.58e+01  1.36e+00  4.22e-01  7.73e-02   0.28
2005 04 25  1515   53485   54900  0  2.42e+02  1.82e+01  0  6.88e+02  1.37e+01  1.80e+00  3.74e-01  6.95e-02   0.23
2005 04 25  1520   53485   55200  0  2.28e+02  1.35e+01  0  6.97e+02  1.54e+01  1.02e+00  4.00e-01  5.80e-02   0.42
2005 04 25  1525   53485   55500  0  2.27e+02  1.68e+01  0  6.14e+02  1.44e+01  1.47e+00  3.43e-01  1.55e-01   1.03
2005 04 25  1530   53485   55800  0  2.92e+02  2.05e+01  0  6.71e+02  1.31e+01  1.34e+00  3.74e-01  1.26e-01   0.57
2005 04 25  1535   53485   56100  0  2.46e+02  1.70e+01  0  6.77e+02  1.06e+01  1.53e+00  2.29e-01  9.66e-02   1.14
2005 04 25  1540   53485   56400  0  2.27e+02  1.81e+01  0  6.49e+02  1.27e+01  1.50e+00  2.91e-01  5.15e-02   0.47
2005 04 25  1545   53485   56700  0  2.49e+02  1.70e+01  0  6.80e+02  1.36e+01  1.51e+00  5.61e-01  8.11e-02   0.20
2005 04 25  1550   53485   57000  0  2.45e+02  1.77e+01  0  6.77e+02  1.19e+01  1.56e+00  4.00e-01  7.73e-02   0.23
2005 04 25  1555   53485   57300  0  2.17e+02  1.84e+01  0  6.62e+02  1.26e+01  1.38e+00  4.19e-01  5.80e-02   1.11
2005 04 25  1600   53485   57600  0  2.66e+02  1.81e+01  0  6.40e+02  1.17e+01  1.11e+00  4.38e-01  8.69e-02   0.24
2005 04 25  1605   53485   57900  0  2.22e+02  1.72e+01  0  6.86e+02  1.34e+01  1.80e+00  5.20e-01  1.16e-01   0.56
2005 04 25  1610   53485   58200  0  2.16e+02  1.49e+01  0  6.79e+02  1.25e+01  1.98e+00  5.34e-01  6.32e-02   0.49
2005 04 25  1615   53485   58500  0  2.48e+02  1.97e+01  0  6.47e+02  1.39e+01  1.41e+00  3.62e-01  8.69e-02   0.31
2005 04 25  1620   53485   58800  0  2.78e+02  1.66e+01  0  9.68e+02  1.58e+01  1.70e+00  4.78e-01  9.48e-02   0.64
2005 04 25  1625   53485   59100  0  2.36e+02  1.61e+01  0  1.04e+03  1.74e+01  2.10e+00  4.00e-01  1.83e-01   0.63
2005 04 25  1630   53485   59400  0  1.98e+02  2.09e+01  0  1.01e+03  1.65e+01  1.53e+00  4.95e-01  1.16e-01   0.37
2005 04 25  1635   53485   59700  0  2.24e+02  2.03e+01  0  1.00e+03  1.56e+01  1.93e+00  2.70e-01  6.32e-02   0.54
2005 04 25  1640   53485   60000  0  2.81e+02  1.70e+01  0  7.39e+02  1.49e+01  1.41e+00  4.40e-01  7.13e-02   0.91
2005 04 25  1645   53485   60300  0  2.47e+02  1.74e+01  0  7.66e+02  1.25e+01  1.67e+00  2.49e-01  1.16e-01   0.80
2005 04 25  1650   53485   60600  0  2.34e+02  1.64e+01  0  6.01e+02  1.47e+01  1.51e+00  6.03e-01  9.48e-02   0.78
2005 04 25  1655   53485   60900  0  3.04e+02  1.73e+01  0  6.83e+02  1.50e+01  1.53e+00  4.92e-01  8.91e-02   0.38
2005 04 25  1700   53485   61200  0  2.11e+02  2.01e+01  0  6.71e+02  1.52e+01  1.51e+00  3.53e-01  9.48e-02   0.59
2005 04 25  1705   53485   61500  0  2.16e+02  1.57e+01  0  6.48e+02  1.70e+01  2.03e+00  4.57e-01  8.43e-02   0.33
2005 04 25  1710   53485   61800  0  2.71e+02  1.67e+01  0  9.33e+02  2.04e+01  2.36e+00  3.69e-01  7.13e-02   0.56
2005 04 25  1715   53485   62100  0  1.80e+02  1.91e+01  0  1.57e+03  2.17e+01  1.25e+00  3.74e-01  5.27e-02   0.90
2005 04 25  1720   53485   62400  0  2.38e+02  2.02e+01  0  1.10e+03  2.48e+01  1.78e+00  3.73e-01  8.10e-02   0.47
2005 04 25  1725   53485   62700  0  2.51e+02  1.55e+01  0  1.02e+03  1.83e+01  1.18e+00  3.53e-01  1.58e-01   0.91
2005 04 25  1730   53485   63000  0  3.10e+02  1.72e+01  0  9.88e+02  1.66e+01  1.84e+00  3.12e-01  3.48e-02   0.70
2005 04 25  1735   53485   63300  0  2.47e+02  1.67e+01  0  1.39e+03  2.96e+01  1.50e+00  4.22e-01  7.73e-02   0.28
2005 04 25  1740   53485   63600  0  2.47e+02  1.70e+01  0  6.08e+02  1.26e+01  1.67e+00  3.95e-01  5.27e-02   0.34
2005 04 25  1745   53485   63900  0  2.50e+02  1.74e+01  0  6.97e+02  1.34e+01  2.20e+00  5.20e-01  7.38e-02   0.41
2005 04 25  1750   53485   64200  0  1.92e+02  1.65e+01  0  6.98e+02  1.36e+01  1.55e+00  4.86e-01  1.52e-01   0.67
2005 04 25  1755   53485   64500  0  2.15e+02  1.62e+01  0  6.70e+02  1.26e+01  1.51e+00  4.99e-01  7.38e-02   0.46
2005 04 25  1800   53485   64800  0  2.30e+02  1.98e+01  0  6.73e+02  1.19e+01  1.50e+00  5.72e-01  1.16e-01   0.48
2005 04 25  1805   53485   65100  0  2.41e+02  1.81e+01  0  6.91e+02  1.43e+01  1.35e+00  4.19e-01  1.06e-01   0.36
2005 04 25  1810   53485   65400  0  1.96e+02  1.41e+01  0  7.11e+02  1.26e+01  1.44e+00  2.91e-01  1.37e-01   0.71
2005 04 25  1815   53485   65700  0  2.09e+02  1.90e+01  0  7.35e+02  1.20e+01  1.77e+00  4.57e-01  1.16e-01   0.11
2005 04 25  1820   53485   66000  0  3.29e+02  1.84e+01  0  6.68e+02  1.27e+01  1.47e+00  3.62e-01  1.35e-01   0.75
2005 04 25  1825   53485   66300  0  2.76e+02  1.49e+01  0  6.73e+02  1.37e+01  1.61e+00  3.33e-01  5.27e-02   0.42
2005 04 25  1830   53485   66600  0  2.68e+02  1.98e+01  0  6.72e+02  1.29e+01  1.44e+00  4.38e-01  6.76e-02   0.81
2005 04 25  1835   53485   66900  0  3.05e+02  1.59e+01  0  6.64e+02  1.40e+01  1.44e+00  4.57e-01  5.15e-02   0.46
2005 04 25  1840   53485   67200  0  1.98e+02  1.79e+01  0  6.95e+02  1.18e+01  1.71e+00  2.86e-01  1.06e-01   0.86
2005 04 25  1845   53485   67500  0  2.31e+02  1.78e+01  0  7.21e+02  1.23e+01  1.28e+00  3.53e-01  6.95e-02   0.31
2005 04 25  1850   53485   67800  0  2.51e+02  1.81e+01  0  6.83e+02  1.44e+01  1.23e+00  4.19e-01  8.43e-02   1.33
2005 04 25  1855   53485   68100  0  2.83e+02  1.84e+01  0  6.93e+02  1.38e+01  1.38e+00  2.86e-01  1.16e-01   0.45
2005 04 25  1900   53485   68400  0  2.60e+02  1.95e+01  0  6.62e+02  1.24e+01  1.31e+00  3.74e-01  5.27e-02   0.34
2005 04 25  1905   53485   68700  0  2.08e+02  1.58e+01  0  6.21e+02  1.49e+01  1.62e+00  4.38e-01  7.73e-02   0.20
2005 04 25  1910   53485   69000  0  3.06e+02  1.52e+01  0  6.45e+02  1.45e+01  1.53e+00  3.81e-01  3.86e-02   0.52
2005 04 25  1915   53485   69300  0  2.24e+02  1.64e+01  0  6.81e+02  1.08e+01  1.93e+00  3.33e-01  1.90e-01   0.31
2005 04 25  1920   53485   69600  0  2.41e+02  1.44e+01  0  6.69e+02  1.36e+01  1.64e+00  4.40e-01  3.57e-02   0.58
2005 04 25  1925   53485   69900  0  2.84e+02  1.95e+01  0  6.68e+02  1.58e+01  1.61e+00  3.53e-01  5.80e-02   0.44
2005 04 25  1930   53485   70200  0  2.40e+02  1.64e+01  0  2.21e+03  1.94e+01  1.67e+00  2.52e-01  8.43e-02   0.71
2005 04 25  1935   53485   70500  0  2.32e+02  1.60e+01  0  1.65e+03  2.29e+01  1.44e+00  2.99e-01  8.02e-02   0.47
2005 04 25  1940   53485   70800  0  2.54e+02  1.51e+01  0  1.88e+03  4.47e+01  1.61e+00  5.40e-01  1.26e-01   0.40
2005 04 25  1945   53485   71100  0  2.94e+02  1.60e+01  0  7.19e+02  1.69e+01  1.61e+00  3.95e-01  6.32e-02   0.31
2005 04 25  1950   53485   71400  0  2.03e+02  1.98e+01  0  7.14e+02  1.46e+01  1.64e+00  3.87e-01  1.52e-01   0.38
2005 04 25  1955   53485   71700  0  2.11e+02  1.45e+01  0  6.81e+02  1.38e+01  1.67e+00  4.78e-01  1.05e-01   0.28
2005 04 25  2000   53485   72000  0  2.76e+02  1.88e+01  0  7.43e+02  1.52e+01  1.39e+00  4.22e-01  1.34e-01   0.57
2005 04 25  2005   53485   72300  0  2.27e+02  2.15e+01  0  7.51e+02  1.54e+01  2.06e+00  2.70e-01  8.43e-02   0.28
2005 04 25  2010   53485   72600  0  2.06e+02  1.64e+01  0  7.11e+02  1.45e+01  1.48e+00  3.53e-01  1.05e-01   0.53
2005 04 25  2015   53485   72900  0  2.68e+02  1.78e+01  0  6.86e+02  1.66e+01  1.44e+00  3.87e-01  1.16e-01   0.55
2005 04 25  2020   53485   73200  0  3.08e+02  1.64e+01  0  6.60e+02  1.33e+01  1.64e+00  6.44e-01  8.43e-02   0.48
2005 04 25  2025   53485   73500  0  2.38e+02  1.72e+01  0  6.95e+02  1.22e+01  1.77e+00  3.33e-01  6.32e-02   0.50
2005 04 25  2030   53485   73800  0  2.20e+02  1.75e+01  0  6.49e+02  1.45e+01  1.47e+00  4.57e-01  9.66e-02   0.19
2005 04 25  2035   53485   74100  0  2.88e+02  1.66e+01  0  6.60e+02  1.58e+01  1.74e+00  3.53e-01  9.48e-02   0.76
2005 04 25  2040   53485   74400  0  2.26e+02  1.61e+01  0  6.55e+02  1.30e+01  1.47e+00  3.81e-01  1.26e-01   0.55
2005 04 25  2045   53485   74700  0  2.15e+02  1.74e+01  0  6.73e+02  1.36e+01  1.92e+00  4.00e-01  1.45e-01   0.40
2005 04 25  2050   53485   75000  0  2.48e+02  1.84e+01  0  6.36e+02  1.21e+01  1.38e+00  3.74e-01  7.38e-02   0.41
2005 04 25  2055   53485   75300  0  2.73e+02  2.02e+01  0  7.11e+02  1.22e+01  1.95e+00  4.38e-01  1.35e-01   0.58
2005 04 25  2100   53485   75600  0  2.48e+02  1.68e+01  0  1.41e+03  1.89e+01  1.80e+00  5.14e-01  5.80e-02   0.91
2005 04 25  2105   53485   75900  0  2.14e+02  1.87e+01  0  2.32e+03  4.75e+01  2.33e+00  4.99e-01  1.16e-01   0.67
2005 04 25  2110   53485   76200  0  2.46e+02  1.68e+01  0  3.36e+03  5.70e+01  2.25e+00  4.19e-01  1.26e-01   0.33
2005 04 25  2115   53485   76500  0  1.98e+02  1.98e+01  0  3.78e+03  6.36e+01  2.70e+00  3.05e-01  4.83e-02   1.14
2005 04 25  2120   53485   76800  0  2.78e+02  1.56e+01  0  1.66e+03  3.77e+01  2.46e+00  4.95e-01  1.45e-01   0.05
2005 04 25  2125   53485   77100  0  2.67e+02  1.49e+01  0  2.05e+03  4.72e+01  1.97e+00  4.36e-01  1.26e-01   0.57
2005 04 25  2130   53485   77400  0  2.16e+02  1.68e+01  0  2.74e+03  4.38e+01  2.13e+00  4.00e-01  1.84e-01   0.48
2005 04 25  2135   53485   77700  0  2.25e+02  1.86e+01  0  3.10e+03  5.60e+01  1.74e+00  3.05e-01  5.80e-02   1.03
2005 04 25  2140   53485   78000  0  2.13e+02  1.70e+01  0  2.29e+03  6.83e+01  2.29e+00  3.95e-01  1.26e-01   0.44
2005 04 25  2145   53485   78300  0  2.60e+02  1.75e+01  0  2.20e+03  2.75e+01  1.74e+00  2.67e-01  8.69e-02   1.07
2005 04 25  2150   53485   78600  0  3.43e+02  1.67e+01  0  9.35e+03  5.64e+01  2.46e+00  4.19e-01  8.11e-02   0.49
2005 04 25  2155   53485   78900  0  2.27e+02  1.74e+01  0  9.13e+03  1.15e+02  2.56e+00  2.70e-01  1.05e-01   0.42
2005 04 25  2200   53485   79200  0  2.70e+02  1.88e+01  0  8.35e+03  5.78e+01  1.91e+00  3.52e-01  5.80e-02   0.45
2005 04 25  2205   53485   79500  0  2.00e+02  1.86e+01  0  5.53e+03  5.24e+01  2.10e+00  2.70e-01  1.05e-01   0.93
2005 04 25  2210   53485   79800  0  2.75e+02  1.64e+01  0  7.41e+03  8.65e+01  2.06e+00  3.33e-01  4.35e-02   0.79
2005 04 25  2215   53485   80100  0  2.12e+02  1.55e+01  0  9.10e+02  2.53e+01  1.78e+00  4.92e-01  8.02e-02   0.91
2005 04 25  2220   53485   80400  0  2.81e+02  1.86e+01  0  7.74e+03  7.01e+01  2.13e+00  4.57e-01  1.26e-01   0.68
2005 04 25  2225   53485   80700  0  2.33e+02  1.95e+01  0  1.73e+03  3.99e+01  1.70e+00  4.99e-01  1.26e-01   0.37
2005 04 25  2230   53485   81000  0  2.32e+02  1.55e+01  0  9.69e+02  2.98e+01  1.50e+00  4.05e-01  8.02e-02   0.74
2005 04 25  2235   53485   81300  0  2.70e+02  1.39e+01  0  1.25e+03  3.95e+01  1.77e+00  4.16e-01  6.32e-02   0.45
2005 04 25  2240   53485   81600  0  2.17e+02  1.75e+01  0  1.51e+03  2.98e+01  2.41e+00  4.05e-01  3.86e-02   0.05
2005 04 25  2245   53485   81900  0  2.47e+02  2.01e+01  0  2.33e+03  4.82e+01  1.77e+00  5.40e-01  7.38e-02   0.30
2005 04 25  2250   53485   82200  0  2.88e+02  1.86e+01  0  1.58e+03  2.05e+01  2.07e+00  4.37e-01  1.51e-01   0.19
2005 04 25  2255   53485   82500  0  2.21e+02  1.60e+01  0  5.10e+03  2.71e+01  1.58e+00  4.40e-01  1.43e-01   0.65
2005 04 25  2300   53485   82800  0  2.40e+02  1.64e+01  0  7.53e+02  1.68e+01  1.77e+00  2.49e-01  5.80e-02   0.49
2005 04 25  2305   53485   83100  0  1.98e+02  1.51e+01  0  9.89e+02  1.78e+01  1.38e+00  5.40e-01  1.27e-01   0.43
2005 04 25  2310   53485   83400  0  2.31e+02  1.68e+01  0  8.04e+02  1.48e+01  1.39e+00  4.05e-01  8.92e-02   0.25
2005 04 25  2315   53485   83700  0  2.07e+02  1.62e+01  0  9.07e+02  1.77e+01  2.07e+00  4.99e-01  7.38e-02   0.73
2005 04 25  2320   53485   84000  0  2.13e+02  1.88e+01  0  9.80e+02  1.97e+01  1.83e+00  3.05e-01  1.06e-01   1.32
2005 04 25  2325   53485   84300  0  2.03e+02  1.68e+01  0  1.15e+03  4.75e+01  2.43e+00  6.10e-01  1.06e-01   0.76
2005 04 25  2330   53485   84600  0  2.23e+02  1.78e+01  0  2.15e+03  9.22e+01  3.02e+00  6.65e-01  1.16e-01   0.16
2005 04 25  2335   53485   84900  0  2.13e+02  1.52e+01  0  1.95e+03  9.01e+01  3.46e+00  4.19e-01  7.73e-02   0.95
2005 04 25  2340   53485   85200  0  2.15e+02  1.70e+01  0  2.16e+03  6.75e+01  3.00e+00  2.29e-01  1.45e-01   0.51
2005 04 25  2345   53485   85500  0  2.47e+02  1.33e+01  0  1.42e+03  3.32e+01  2.16e+00  4.16e-01  6.44e-02   0.39
2005 04 25  2350   53485   85800  0  2.53e+02  1.72e+01  0  1.11e+03  1.92e+01  1.86e+00  3.43e-01  5.27e-02   0.62
2005 04 25  2355   53485   86100  0  2.27e+02  1.91e+01  0  6.13e+02  1.34e+01  2.16e+00  3.74e-01  1.45e-01   0.47
