:Data_list: 20050419_ace_epam_5m.txt
:Created: 2005 Apr 20 0012 UT
# Prepared by the U.S. Dept. of Commerce, NOAA, Space Environment Center.
# Please send comments and suggestions to SEC.Webmaster@noaa.gov 
# 
# Units: Differential Flux particles/cm2-s-ster-MeV
# Units: Anisotropy Index 0.0 - 2.0
# Status(S): 0 = nominal, 4,6,7,8 = bad data, unable to process, 9 = no data
# Missing data values: -1.00e+05, index = -1.00
# Source: ACE Satellite - Electron, Proton, and Alpha Monitor
# 2004 Feb 04: see http://www.sec.noaa.gov/ftpdir/lists/ace/README for EPAM channel change notice.
#
#                      5-minute averaged Real-time Differential Electron and Proton Flux 
# 
#                Modified Seconds ---------------------------- Differential Flux --------------------------- 
# UT Date   Time  Julian  of the  ----- Electron -----   ------------------- Protons keV -------------------   Anis.
# YR MO DA  HHMM    Day    Day    S    38-53   175-315   S    47-68   115-195   310-580   761-1220 1060-1900   Ratio
#-------------------------------------------------------------------------------------------------------------------
2005 04 19  0000   53479       0  0  2.85e+02  1.74e+01  0  7.54e+02  1.69e+01  1.98e+00  4.95e-01  1.26e-01   0.37
2005 04 19  0005   53479     300  0  3.07e+02  2.01e+01  0  7.31e+02  1.60e+01  2.16e+00  6.65e-01  8.43e-02   0.27
2005 04 19  0010   53479     600  0  3.64e+02  1.81e+01  0  7.52e+02  1.65e+01  2.37e+00  5.34e-01  6.44e-02   0.39
2005 04 19  0015   53479     900  0  2.67e+02  1.74e+01  0  7.74e+02  1.56e+01  2.07e+00  5.14e-01  7.38e-02   0.53
2005 04 19  0020   53479    1200  0  2.65e+02  1.49e+01  0  7.46e+02  1.64e+01  1.87e+00  4.57e-01  1.69e-01   0.63
2005 04 19  0025   53479    1500  0  2.76e+02  1.78e+01  0  7.41e+02  1.42e+01  1.78e+00  3.52e-01  8.02e-02   0.64
2005 04 19  0030   53479    1800  0  3.12e+02  1.74e+01  0  7.78e+02  1.57e+01  2.07e+00  3.95e-01  7.38e-02   0.59
2005 04 19  0035   53479    2100  0  2.58e+02  1.72e+01  0  7.79e+02  1.59e+01  2.29e+00  3.95e-01  1.90e-01   0.43
2005 04 19  0040   53479    2400  0  3.14e+02  1.60e+01  0  7.03e+02  1.61e+01  1.75e+00  3.69e-01  1.60e-01   0.59
2005 04 19  0045   53479    2700  0  4.00e+02  1.99e+01  0  8.15e+02  1.44e+01  1.90e+00  6.86e-01  1.05e-01   0.38
2005 04 19  0050   53479    3000  0  2.91e+02  1.95e+01  0  7.54e+02  1.88e+01  2.29e+00  3.74e-01  1.03e-01   0.43
2005 04 19  0055   53479    3300  0  3.07e+02  1.85e+01  0  7.04e+02  1.62e+01  1.97e+00  6.33e-01  1.25e-01   0.12
2005 04 19  0100   53479    3600  0  3.34e+02  1.70e+01  0  7.43e+02  1.83e+01  2.06e+00  3.74e-01  1.26e-01   0.97
2005 04 19  0105   53479    3900  0  2.99e+02  1.65e+01  0  7.51e+02  1.83e+01  1.78e+00  3.52e-01  1.69e-01   0.74
2005 04 19  0110   53479    4200  0  2.72e+02  1.84e+01  0  7.74e+02  1.65e+01  1.77e+00  4.78e-01  1.16e-01   0.17
2005 04 19  0115   53479    4500  0  2.82e+02  1.74e+01  0  7.13e+02  1.57e+01  1.77e+00  5.40e-01  1.16e-01   0.33
2005 04 19  0120   53479    4800  0  3.42e+02  1.67e+01  0  7.43e+02  1.69e+01  2.25e+00  3.69e-01  1.43e-01   0.39
2005 04 19  0125   53479    5100  0  2.90e+02  1.57e+01  0  7.43e+02  1.53e+01  2.03e+00  6.86e-01  8.43e-02   0.27
2005 04 19  0130   53479    5400  0  3.15e+02  2.01e+01  0  7.78e+02  1.50e+01  1.87e+00  5.40e-01  1.16e-01   0.31
2005 04 19  0135   53479    5700  0  3.25e+02  2.19e+01  0  7.50e+02  1.68e+01  1.83e+00  4.57e-01  8.02e-02   0.26
2005 04 19  0140   53479    6000  0  3.55e+02  1.91e+01  0  7.07e+02  1.70e+01  1.90e+00  5.82e-01  7.24e-02   0.38
2005 04 19  0145   53479    6300  0  2.83e+02  1.81e+01  0  7.66e+02  1.40e+01  1.29e+00  5.72e-01  6.32e-02   0.17
2005 04 19  0150   53479    6600  0  2.70e+02  1.82e+01  0  7.13e+02  1.91e+01  1.86e+00  4.38e-01  1.55e-01   0.63
2005 04 19  0155   53479    6900  0  3.10e+02  1.89e+01  0  7.22e+02  1.50e+01  2.56e+00  3.74e-01  1.48e-01   0.47
2005 04 19  0200   53479    7200  0  2.41e+02  1.88e+01  0  7.58e+02  1.60e+01  2.04e+00  3.81e-01  1.26e-01   0.30
2005 04 19  0205   53479    7500  0  3.24e+02  1.91e+01  0  6.93e+02  1.68e+01  1.77e+00  6.67e-01  1.55e-01   0.33
2005 04 19  0210   53479    7800  0  2.81e+02  1.84e+01  0  7.30e+02  1.48e+01  2.29e+00  5.40e-01  1.48e-01   0.50
2005 04 19  0215   53479    8100  0  3.46e+02  1.63e+01  0  7.13e+02  1.55e+01  2.61e+00  4.76e-01  9.66e-02   0.27
2005 04 19  0220   53479    8400  0  2.83e+02  1.90e+01  0  7.09e+02  1.48e+01  2.10e+00  4.38e-01  7.38e-02   0.34
2005 04 19  0225   53479    8700  0  2.30e+02  1.86e+01  0  6.78e+02  1.85e+01  1.74e+00  5.14e-01  9.66e-02   0.42
2005 04 19  0230   53479    9000  0  3.23e+02  1.68e+01  0  7.29e+02  1.64e+01  2.36e+00  4.37e-01  1.37e-01   0.47
2005 04 19  0235   53479    9300  0  2.70e+02  2.05e+01  0  7.63e+02  1.66e+01  1.80e+00  5.34e-01  1.35e-01   0.44
2005 04 19  0240   53479    9600  0  3.14e+02  1.84e+01  0  6.46e+02  1.47e+01  2.16e+00  4.57e-01  9.66e-02   0.37
2005 04 19  0245   53479    9900  0  2.94e+02  2.03e+01  0  7.27e+02  1.45e+01  2.06e+00  5.82e-01  1.79e-01   0.18
2005 04 19  0250   53479   10200  0  3.08e+02  1.70e+01  0  6.68e+02  1.83e+01  2.01e+00  4.19e-01  1.06e-01   0.38
2005 04 19  0255   53479   10500  0  2.96e+02  1.67e+01  0  7.55e+02  1.77e+01  2.37e+00  3.81e-01  1.26e-01   0.15
2005 04 19  0300   53479   10800  0  2.60e+02  2.03e+01  0  7.16e+02  1.58e+01  1.87e+00  6.03e-01  1.69e-01   0.29
2005 04 19  0305   53479   11100  0  2.78e+02  1.82e+01  0  7.57e+02  1.45e+01  2.16e+00  5.28e-01  9.66e-02   0.16
2005 04 19  0310   53479   11400  0  2.52e+02  1.41e+01  0  7.32e+02  1.68e+01  1.87e+00  5.82e-01  9.27e-02   0.23
2005 04 19  0315   53479   11700  0  2.72e+02  1.82e+01  0  6.60e+02  1.57e+01  2.56e+00  4.36e-01  1.05e-01   0.84
2005 04 19  0320   53479   12000  0  2.84e+02  1.68e+01  0  7.01e+02  1.56e+01  1.80e+00  4.57e-01  6.24e-02   0.70
2005 04 19  0325   53479   12300  0  2.92e+02  1.41e+01  0  7.16e+02  1.63e+01  1.93e+00  4.16e-01  1.26e-01   0.33
2005 04 19  0330   53479   12600  0  2.53e+02  1.51e+01  0  7.28e+02  1.88e+01  2.03e+00  5.82e-01  1.05e-01   0.35
2005 04 19  0335   53479   12900  0  3.47e+02  1.78e+01  0  7.10e+02  1.67e+01  2.02e+00  4.92e-01  1.26e-01   0.19
2005 04 19  0340   53479   13200  0  2.88e+02  1.51e+01  0  7.53e+02  1.45e+01  2.07e+00  4.16e-01  1.16e-01   0.17
2005 04 19  0345   53479   13500  0  2.55e+02  1.49e+01  0  7.20e+02  1.54e+01  2.05e+00  4.40e-01  1.16e-01   0.38
2005 04 19  0350   53479   13800  0  2.83e+02  2.09e+01  0  6.94e+02  1.92e+01  2.10e+00  4.78e-01  1.37e-01   0.72
2005 04 19  0355   53479   14100  0  3.14e+02  2.09e+01  0  7.22e+02  1.70e+01  2.46e+00  5.82e-01  1.69e-01   0.29
2005 04 19  0400   53479   14400  0  2.70e+02  2.01e+01  0  7.30e+02  1.75e+01  2.39e+00  5.63e-01  1.16e-01   0.15
2005 04 19  0405   53479   14700  0  2.67e+02  1.80e+01  0  6.62e+02  1.57e+01  2.26e+00  5.82e-01  1.58e-01   0.80
2005 04 19  0410   53479   15000  0  3.12e+02  1.80e+01  0  7.06e+02  1.34e+01  2.10e+00  2.49e-01  1.90e-01   0.19
2005 04 19  0415   53479   15300  0  2.90e+02  1.82e+01  0  7.10e+02  1.60e+01  1.84e+00  3.80e-01  1.24e-01   0.31
2005 04 19  0420   53479   15600  0  3.09e+02  1.64e+01  0  6.96e+02  1.43e+01  1.97e+00  3.89e-01  1.16e-01   0.41
2005 04 19  0425   53479   15900  0  2.60e+02  1.86e+01  0  7.04e+02  1.76e+01  2.28e+00  5.72e-01  1.26e-01   0.32
2005 04 19  0430   53479   16200  0  3.87e+02  1.58e+01  0  7.69e+02  1.47e+01  2.31e+00  5.34e-01  1.55e-01   0.44
2005 04 19  0435   53479   16500  0  2.38e+02  1.64e+01  0  7.29e+02  1.71e+01  2.23e+00  3.95e-01  1.69e-01   1.15
2005 04 19  0440   53479   16800  0  2.81e+02  1.98e+01  0  6.88e+02  1.95e+01  1.89e+00  5.14e-01  1.06e-01   0.32
2005 04 19  0445   53479   17100  0  2.79e+02  1.97e+01  0  7.12e+02  1.60e+01  1.89e+00  5.53e-01  1.16e-01   0.73
2005 04 19  0450   53479   17400  0  2.60e+02  1.62e+01  0  7.46e+02  1.88e+01  2.13e+00  6.03e-01  1.58e-01   0.79
2005 04 19  0455   53479   17700  0  2.79e+02  1.86e+01  0  7.01e+02  1.61e+01  2.43e+00  5.34e-01  1.35e-01   0.41
2005 04 19  0500   53479   18000  0  3.04e+02  1.65e+01  0  7.38e+02  1.44e+01  2.61e+00  4.38e-01  1.45e-01   0.88
2005 04 19  0505   53479   18300  0  2.93e+02  1.59e+01  0  7.22e+02  1.68e+01  1.44e+00  4.57e-01  1.26e-01   0.33
2005 04 19  0510   53479   18600  0  2.86e+02  1.86e+01  0  7.51e+02  1.78e+01  1.90e+00  3.53e-01  8.43e-02   0.79
2005 04 19  0515   53479   18900  0  2.60e+02  1.86e+01  0  6.73e+02  1.66e+01  1.86e+00  5.34e-01  7.73e-02   0.14
2005 04 19  0520   53479   19200  0  3.85e+02  1.77e+01  0  7.91e+02  1.86e+01  2.04e+00  4.57e-01  1.55e-01   0.54
2005 04 19  0525   53479   19500  0  2.40e+02  1.78e+01  0  7.22e+02  1.56e+01  2.29e+00  4.57e-01  1.48e-01   0.57
2005 04 19  0530   53479   19800  0  2.58e+02  1.59e+01  0  7.00e+02  1.65e+01  2.49e+00  6.10e-01  1.16e-01   0.95
2005 04 19  0535   53479   20100  0  3.57e+02  1.93e+01  0  7.16e+02  1.61e+01  2.46e+00  4.76e-01  9.66e-02   0.35
2005 04 19  0540   53479   20400  0  3.05e+02  2.05e+01  0  7.51e+02  1.70e+01  2.20e+00  5.61e-01  1.48e-01   0.56
2005 04 19  0545   53479   20700  0  2.44e+02  1.98e+01  0  7.19e+02  1.73e+01  1.83e+00  4.92e-01  8.02e-02   0.59
2005 04 19  0550   53479   21000  0  3.21e+02  1.80e+01  0  6.88e+02  1.86e+01  2.43e+00  4.78e-01  9.48e-02   0.13
2005 04 19  0555   53479   21300  0  3.09e+02  1.63e+01  0  7.35e+02  1.78e+01  2.28e+00  4.07e-01  1.67e-01   0.57
2005 04 19  0600   53479   21600  0  2.54e+02  1.93e+01  0  7.23e+02  1.70e+01  2.43e+00  6.62e-01  5.21e-02   0.37
2005 04 19  0605   53479   21900  0  2.76e+02  1.78e+01  0  6.91e+02  1.57e+01  2.72e+00  5.20e-01  1.79e-01   0.59
2005 04 19  0610   53479   22200  0  2.85e+02  1.82e+01  0  7.53e+02  1.99e+01  2.10e+00  4.57e-01  1.16e-01   0.19
2005 04 19  0615   53479   22500  0  2.70e+02  1.88e+01  0  7.52e+02  1.97e+01  2.39e+00  4.40e-01  1.34e-01   0.75
2005 04 19  0620   53479   22800  0  2.83e+02  2.03e+01  0  7.34e+02  1.88e+01  2.20e+00  3.95e-01  9.48e-02   0.39
2005 04 19  0625   53479   23100  0  3.22e+02  1.83e+01  0  7.80e+02  1.71e+01  2.11e+00  5.10e-01  1.07e-01   0.17
2005 04 19  0630   53479   23400  0  2.56e+02  2.01e+01  0  7.16e+02  1.88e+01  2.03e+00  5.82e-01  1.16e-01   0.10
2005 04 19  0635   53479   23700  0  3.51e+02  2.09e+01  0  7.51e+02  1.67e+01  2.16e+00  4.78e-01  2.21e-01   0.57
2005 04 19  0640   53479   24000  0  2.48e+02  1.96e+01  0  6.68e+02  1.70e+01  2.27e+00  4.05e-01  1.25e-01   0.21
2005 04 19  0645   53479   24300  0  2.54e+02  1.57e+01  0  7.30e+02  1.79e+01  2.43e+00  4.78e-01  9.48e-02   0.21
2005 04 19  0650   53479   24600  0  2.70e+02  1.72e+01  0  7.34e+02  1.69e+01  2.59e+00  3.53e-01  1.79e-01   0.62
2005 04 19  0655   53479   24900  0  2.50e+02  1.90e+01  0  7.39e+02  1.67e+01  2.39e+00  4.75e-01  1.43e-01   0.43
2005 04 19  0700   53479   25200  0  3.16e+02  1.84e+01  0  7.17e+02  2.10e+01  2.23e+00  4.78e-01  1.90e-01   0.33
2005 04 19  0705   53479   25500  0  2.78e+02  1.52e+01  0  7.16e+02  1.68e+01  2.01e+00  5.72e-01  1.26e-01   0.18
2005 04 19  0710   53479   25800  0  3.27e+02  2.16e+01  0  7.48e+02  1.77e+01  2.01e+00  5.34e-01  7.73e-02   0.45
2005 04 19  0715   53479   26100  0  2.90e+02  2.03e+01  0  7.57e+02  1.74e+01  2.06e+00  7.69e-01  1.16e-01   0.20
2005 04 19  0720   53479   26400  0  3.43e+02  2.00e+01  0  7.49e+02  1.98e+01  2.31e+00  5.53e-01  1.06e-01   0.50
2005 04 19  0725   53479   26700  0  2.65e+02  1.98e+01  0  8.44e+02  3.88e+01  2.49e+00  6.10e-01  1.69e-01   0.26
2005 04 19  0730   53479   27000  0  2.92e+02  1.80e+01  0  7.06e+02  2.05e+01  2.36e+00  5.40e-01  1.79e-01   0.40
2005 04 19  0735   53479   27300  0  3.06e+02  1.77e+01  0  7.51e+02  1.78e+01  2.01e+00  6.29e-01  1.16e-01   0.50
2005 04 19  0740   53479   27600  0  2.53e+02  1.88e+01  0  7.22e+02  1.86e+01  2.04e+00  5.53e-01  1.06e-01   0.43
2005 04 19  0745   53479   27900  0  2.94e+02  1.42e+01  0  9.97e+02  2.49e+01  2.28e+00  6.10e-01  1.84e-01   0.18
2005 04 19  0750   53479   28200  0  2.53e+02  1.58e+01  0  9.91e+02  1.95e+01  2.36e+00  5.20e-01  1.26e-01   0.51
2005 04 19  0755   53479   28500  0  2.96e+02  1.90e+01  0  8.48e+02  1.58e+01  2.13e+00  6.67e-01  8.69e-02   0.40
2005 04 19  0800   53479   28800  0  3.16e+02  1.81e+01  0  7.53e+02  1.84e+01  2.64e+00  4.76e-01  1.35e-01   0.69
2005 04 19  0805   53479   29100  0  3.06e+02  1.57e+01  0  7.11e+02  1.60e+01  1.77e+00  5.61e-01  1.37e-01   0.45
2005 04 19  0810   53479   29400  0  2.96e+02  1.70e+01  0  7.41e+02  1.73e+01  2.40e+00  4.19e-01  1.16e-01   0.50
2005 04 19  0815   53479   29700  0  2.99e+02  1.56e+01  0  7.40e+02  1.78e+01  2.13e+00  5.14e-01  7.38e-02   0.56
2005 04 19  0820   53479   30000  0  2.65e+02  1.62e+01  0  7.28e+02  1.75e+01  2.16e+00  3.12e-01  9.27e-02   0.41
2005 04 19  0825   53479   30300  0  4.25e+02  1.77e+01  0  7.30e+02  1.84e+01  2.75e+00  7.04e-01  1.64e-01   0.15
2005 04 19  0830   53479   30600  0  2.54e+02  2.09e+01  0  7.00e+02  1.73e+01  1.93e+00  5.20e-01  1.05e-01   0.54
2005 04 19  0835   53479   30900  0  2.27e+02  1.99e+01  0  7.02e+02  1.74e+01  2.03e+00  4.16e-01  9.01e-02   0.23
2005 04 19  0840   53479   31200  0  3.08e+02  1.93e+01  0  7.00e+02  1.65e+01  2.55e+00  5.45e-01  8.92e-02   0.67
2005 04 19  0845   53479   31500  0  2.83e+02  1.93e+01  0  7.45e+02  1.70e+01  1.90e+00  6.44e-01  1.16e-01   0.24
2005 04 19  0850   53479   31800  0  2.74e+02  1.74e+01  0  7.51e+02  1.60e+01  1.57e+00  7.07e-01  1.90e-01   0.31
2005 04 19  0855   53479   32100  0  2.74e+02  1.91e+01  0  7.15e+02  1.83e+01  2.39e+00  4.40e-01  1.34e-01   0.93
2005 04 19  0900   53479   32400  0  4.48e+02  1.80e+01  0  7.50e+02  1.77e+01  2.23e+00  6.86e-01  7.38e-02   0.31
2005 04 19  0905   53479   32700  0  2.82e+02  1.88e+01  0  7.65e+02  1.82e+01  2.05e+00  4.93e-01  1.34e-01   0.33
2005 04 19  0910   53479   33000  0  2.60e+02  1.51e+01  0  7.48e+02  1.87e+01  2.62e+00  3.53e-01  1.85e-01   0.66
2005 04 19  0915   53479   33300  0  2.71e+02  1.86e+01  0  7.22e+02  1.92e+01  2.36e+00  5.20e-01  1.05e-01   0.62
2005 04 19  0920   53479   33600  0  3.46e+02  1.93e+01  0  8.24e+02  1.66e+01  1.97e+00  3.34e-01  8.02e-02   0.79
2005 04 19  0925   53479   33900  0  2.60e+02  1.74e+01  0  7.46e+02  1.75e+01  2.59e+00  6.03e-01  1.58e-01   0.06
2005 04 19  0930   53479   34200  0  3.21e+02  1.72e+01  0  7.00e+02  1.74e+01  2.29e+00  6.65e-01  8.43e-02   0.17
2005 04 19  0935   53479   34500  0  3.85e+02  1.49e+01  0  7.78e+02  1.68e+01  1.69e+00  5.63e-01  1.52e-01   0.98
2005 04 19  0940   53479   34800  0  2.76e+02  1.55e+01  0  8.19e+02  1.75e+01  2.59e+00  2.91e-01  1.37e-01   0.22
2005 04 19  0945   53479   35100  0  3.01e+02  2.04e+01  0  7.60e+02  1.65e+01  2.31e+00  3.62e-01  1.06e-01   0.31
2005 04 19  0950   53479   35400  0  3.72e+02  1.93e+01  0  7.92e+02  2.08e+01  2.46e+00  4.95e-01  9.66e-02   0.20
2005 04 19  0955   53479   35700  0  2.66e+02  2.03e+01  0  8.04e+02  1.69e+01  2.43e+00  7.28e-01  9.27e-02   0.13
2005 04 19  1000   53479   36000  0  3.11e+02  1.65e+01  0  7.93e+02  1.74e+01  2.10e+00  5.91e-01  1.35e-01   0.25
2005 04 19  1005   53479   36300  0  2.88e+02  1.68e+01  0  7.32e+02  1.72e+01  2.01e+00  4.95e-01  1.45e-01   0.26
2005 04 19  1010   53479   36600  0  3.52e+02  2.03e+01  0  8.09e+02  1.77e+01  2.75e+00  3.95e-01  9.48e-02   0.52
2005 04 19  1015   53479   36900  0  2.62e+02  1.72e+01  0  7.60e+02  1.65e+01  2.34e+00  5.72e-01  8.43e-02   0.48
2005 04 19  1020   53479   37200  0  3.01e+02  1.77e+01  0  7.46e+02  1.88e+01  2.34e+00  4.95e-01  1.45e-01   0.37
2005 04 19  1025   53479   37500  0  4.22e+02  1.72e+01  0  8.00e+02  1.89e+01  2.46e+00  4.19e-01  1.35e-01   0.40
2005 04 19  1030   53479   37800  0  2.94e+02  1.99e+01  0  7.75e+02  1.63e+01  2.13e+00  6.03e-01  8.11e-02   0.57
2005 04 19  1035   53479   38100  0  2.50e+02  2.07e+01  0  8.02e+02  1.90e+01  2.40e+00  5.72e-01  1.16e-01   0.37
2005 04 19  1040   53479   38400  0  3.36e+02  1.61e+01  0  7.46e+02  1.59e+01  2.28e+00  4.38e-01  1.05e-01   0.20
2005 04 19  1045   53479   38700  0  2.91e+02  1.74e+01  0  7.75e+02  1.59e+01  2.00e+00  4.78e-01  1.48e-01   0.29
2005 04 19  1050   53479   39000  0  2.81e+02  1.68e+01  0  7.37e+02  1.74e+01  1.95e+00  6.29e-01  1.06e-01   0.19
2005 04 19  1055   53479   39300  0  2.74e+02  1.74e+01  0  6.83e+02  1.68e+01  2.10e+00  4.38e-01  6.76e-02   0.76
2005 04 19  1100   53479   39600  0  3.29e+02  1.39e+01  0  8.00e+02  1.67e+01  2.29e+00  4.99e-01  1.51e-01   0.69
2005 04 19  1105   53479   39900  0  2.64e+02  2.03e+01  0  7.34e+02  1.72e+01  1.86e+00  3.52e-01  9.81e-02   0.20
2005 04 19  1110   53479   40200  0  2.68e+02  1.64e+01  0  7.25e+02  1.68e+01  2.16e+00  5.20e-01  8.43e-02   0.21
2005 04 19  1115   53479   40500  0  2.78e+02  1.93e+01  0  7.15e+02  1.67e+01  1.90e+00  2.91e-01  1.05e-01   0.52
2005 04 19  1120   53479   40800  0  2.94e+02  1.95e+01  0  7.72e+02  1.83e+01  2.50e+00  2.48e-01  1.16e-01   1.17
2005 04 19  1125   53479   41100  0  2.56e+02  1.87e+01  0  7.39e+02  1.99e+01  2.03e+00  5.40e-01  4.64e-02   0.48
2005 04 19  1130   53479   41400  0  2.49e+02  1.84e+01  0  6.77e+02  1.65e+01  1.84e+00  5.20e-01  1.16e-01   0.16
2005 04 19  1135   53479   41700  0  3.29e+02  1.90e+01  0  7.50e+02  1.67e+01  2.14e+00  3.69e-01  6.62e-02   0.66
2005 04 19  1140   53479   42000  0  2.60e+02  1.95e+01  0  7.12e+02  1.86e+01  1.90e+00  4.99e-01  1.04e-01   0.23
2005 04 19  1145   53479   42300  0  2.78e+02  1.57e+01  0  7.31e+02  1.57e+01  2.11e+00  4.75e-01  7.13e-02   0.98
2005 04 19  1150   53479   42600  0  3.14e+02  2.16e+01  0  7.53e+02  1.57e+01  2.56e+00  4.57e-01  1.58e-01   0.46
2005 04 19  1155   53479   42900  0  2.63e+02  1.66e+01  0  7.29e+02  1.92e+01  1.67e+00  6.86e-01  1.37e-01   0.43
2005 04 19  1200   53479   43200  0  2.76e+02  1.82e+01  0  7.26e+02  1.73e+01  2.47e+00  4.57e-01  2.14e-01   0.18
2005 04 19  1205   53479   43500  0  2.47e+02  1.95e+01  0  6.85e+02  1.79e+01  2.23e+00  4.16e-01  7.38e-02   0.57
2005 04 19  1210   53479   43800  0  3.25e+02  1.91e+01  0  8.04e+02  1.80e+01  2.26e+00  4.99e-01  1.26e-01   0.48
2005 04 19  1215   53479   44100  0  2.84e+02  2.13e+01  0  7.42e+02  1.68e+01  2.11e+00  3.69e-01  1.52e-01   0.50
2005 04 19  1220   53479   44400  0  2.60e+02  1.57e+01  0  6.83e+02  1.62e+01  2.03e+00  4.78e-01  1.37e-01   0.40
2005 04 19  1225   53479   44700  0  2.86e+02  1.63e+01  0  7.21e+02  1.89e+01  1.80e+00  6.48e-01  1.35e-01   0.25
2005 04 19  1230   53479   45000  0  2.45e+02  1.47e+01  0  7.44e+02  1.57e+01  1.86e+00  4.38e-01  7.73e-02   0.51
2005 04 19  1235   53479   45300  0  2.43e+02  1.57e+01  0  7.46e+02  1.54e+01  1.70e+00  5.20e-01  8.43e-02   0.54
2005 04 19  1240   53479   45600  0  2.60e+02  1.90e+01  0  6.93e+02  1.33e+01  2.01e+00  5.53e-01  8.11e-02   0.00
2005 04 19  1245   53479   45900  0  2.76e+02  1.86e+01  0  7.58e+02  1.42e+01  1.65e+00  4.19e-01  1.16e-02   0.57
2005 04 19  1250   53479   46200  0  2.45e+02  1.78e+01  0  7.19e+02  1.56e+01  2.10e+00  6.65e-01  1.16e-01   0.30
2005 04 19  1255   53479   46500  0  2.83e+02  1.84e+01  0  6.82e+02  1.59e+01  2.16e+00  5.34e-01  1.55e-01   0.14
2005 04 19  1300   53479   46800  0  3.06e+02  1.82e+01  0  7.17e+02  1.62e+01  2.25e+00  6.67e-01  1.55e-01   0.63
2005 04 19  1305   53479   47100  0  2.61e+02  1.97e+01  0  7.51e+02  1.59e+01  1.92e+00  3.62e-01  8.69e-02   0.64
2005 04 19  1310   53479   47400  0  2.38e+02  1.31e+01  0  6.83e+02  1.71e+01  1.28e+00  4.37e-01  1.16e-01   0.38
2005 04 19  1315   53479   47700  0  2.81e+02  1.93e+01  0  7.46e+02  1.46e+01  2.19e+00  4.76e-01  1.35e-01   0.27
2005 04 19  1320   53479   48000  0  2.24e+02  1.70e+01  0  7.45e+02  1.17e+01  1.68e+00  5.34e-01  1.06e-01   0.11
2005 04 19  1325   53479   48300  0  2.28e+02  1.76e+01  0  7.07e+02  1.58e+01  1.70e+00  4.99e-01  6.95e-02   0.23
2005 04 19  1330   53479   48600  0  2.66e+02  1.81e+01  0  6.80e+02  1.49e+01  1.62e+00  4.76e-01  8.69e-02   0.10
2005 04 19  1335   53479   48900  0  2.76e+02  1.86e+01  0  7.34e+02  1.33e+01  1.65e+00  3.62e-01  1.93e-01   0.54
2005 04 19  1340   53479   49200  0  2.76e+02  1.99e+01  0  7.46e+02  1.50e+01  2.10e+00  4.16e-01  1.26e-01   1.12
2005 04 19  1345   53479   49500  0  2.94e+02  2.16e+01  0  6.90e+02  1.48e+01  2.14e+00  5.98e-01  1.60e-01   0.50
2005 04 19  1350   53479   49800  0  3.26e+02  1.89e+01  0  7.19e+02  1.62e+01  1.90e+00  3.95e-01  8.43e-02   0.50
2005 04 19  1355   53479   50100  0  2.38e+02  1.70e+01  0  7.62e+02  1.25e+01  1.67e+00  4.36e-01  1.26e-01   0.59
2005 04 19  1400   53479   50400  0  2.76e+02  1.93e+01  0  7.49e+02  1.48e+01  1.87e+00  3.64e-01  1.28e-01   1.14
2005 04 19  1405   53479   50700  0  2.98e+02  1.91e+01  0  7.14e+02  1.58e+01  1.71e+00  4.38e-01  1.45e-01   0.15
2005 04 19  1410   53479   51000  0  3.06e+02  1.70e+01  0  7.57e+02  1.29e+01  1.70e+00  4.78e-01  1.16e-01   0.74
2005 04 19  1415   53479   51300  0  2.53e+02  1.91e+01  0  7.22e+02  1.43e+01  1.64e+00  5.10e-01  1.60e-01   0.41
2005 04 19  1420   53479   51600  0  2.53e+02  1.72e+01  0  7.38e+02  1.47e+01  2.13e+00  4.16e-01  1.37e-01   0.36
2005 04 19  1425   53479   51900  0  3.01e+02  1.58e+01  0  6.95e+02  1.48e+01  1.90e+00  2.49e-01  1.58e-01   0.62
2005 04 19  1430   53479   52200  0  2.71e+02  1.99e+01  0  7.46e+02  1.49e+01  1.80e+00  4.40e-01  1.16e-01   0.55
2005 04 19  1435   53479   52500  0  2.66e+02  1.55e+01  0  7.64e+02  1.52e+01  2.20e+00  6.86e-01  9.48e-02   0.31
2005 04 19  1440   53479   52800  0  2.60e+02  2.01e+01  0  7.65e+02  1.48e+01  1.84e+00  4.37e-01  7.38e-02   0.40
2005 04 19  1445   53479   53100  0  2.63e+02  1.88e+01  0  7.48e+02  1.43e+01  2.02e+00  4.57e-01  1.34e-01   0.17
2005 04 19  1450   53479   53400  0  2.27e+02  1.87e+01  0  7.45e+02  1.53e+01  1.70e+00  4.57e-01  1.37e-01   0.52
2005 04 19  1455   53479   53700  0  2.36e+02  1.70e+01  0  6.40e+02  1.39e+01  1.91e+00  4.40e-01  1.69e-01   0.46
2005 04 19  1500   53479   54000  0  3.35e+02  1.39e+01  0  7.17e+02  1.43e+01  1.87e+00  3.95e-01  1.48e-01   0.78
2005 04 19  1505   53479   54300  0  2.32e+02  1.87e+01  0  7.33e+02  1.45e+01  1.80e+00  5.61e-01  1.16e-01   0.32
2005 04 19  1510   53479   54600  0  2.44e+02  1.88e+01  0  6.93e+02  1.34e+01  1.72e+00  3.69e-01  1.25e-01   0.83
2005 04 19  1515   53479   54900  0  3.31e+02  1.77e+01  0  7.51e+02  1.34e+01  2.05e+00  4.76e-01  7.02e-02   0.48
2005 04 19  1520   53479   55200  0  2.56e+02  1.91e+01  0  7.56e+02  1.39e+01  2.01e+00  3.77e-01  7.96e-02   0.54
2005 04 19  1525   53479   55500  0  2.28e+02  1.91e+01  0  7.01e+02  1.24e+01  1.80e+00  6.51e-01  8.69e-02   0.11
2005 04 19  1530   53479   55800  0  3.02e+02  1.78e+01  0  7.03e+02  1.68e+01  1.48e+00  5.82e-01  1.16e-01   0.32
2005 04 19  1535   53479   56100  0  3.36e+02  1.82e+01  0  7.37e+02  1.74e+01  1.95e+00  4.76e-01  1.26e-01   0.54
2005 04 19  1540   53479   56400  0  2.60e+02  1.40e+01  0  7.56e+02  1.66e+01  1.80e+00  5.14e-01  1.35e-01   1.01
2005 04 19  1545   53479   56700  0  2.31e+02  1.72e+01  0  7.24e+02  1.53e+01  1.70e+00  3.74e-01  8.43e-02   0.60
2005 04 19  1550   53479   57000  0  2.66e+02  1.81e+01  0  7.29e+02  1.64e+01  1.95e+00  2.70e-01  1.26e-01   0.57
2005 04 19  1555   53479   57300  0  2.53e+02  2.21e+01  0  7.32e+02  1.53e+01  1.50e+00  5.72e-01  1.55e-01   0.74
2005 04 19  1600   53479   57600  0  2.52e+02  1.80e+01  0  7.80e+02  1.52e+01  1.80e+00  5.82e-01  8.43e-02   0.24
2005 04 19  1605   53479   57900  0  2.45e+02  1.52e+01  0  6.61e+02  1.47e+01  2.01e+00  5.14e-01  6.44e-02   0.52
2005 04 19  1610   53479   58200  0  2.89e+02  1.68e+01  0  7.44e+02  1.22e+01  1.92e+00  5.53e-01  4.83e-02   0.67
2005 04 19  1615   53479   58500  0  2.34e+02  1.68e+01  0  6.85e+02  1.36e+01  1.98e+00  4.19e-01  4.64e-02   0.52
2005 04 19  1620   53479   58800  0  2.36e+02  1.53e+01  0  7.13e+02  1.55e+01  2.03e+00  6.24e-01  2.90e-02   0.48
2005 04 19  1625   53479   59100  0  2.84e+02  1.95e+01  0  7.20e+02  1.42e+01  1.62e+00  4.38e-01  2.90e-02   0.97
2005 04 19  1630   53479   59400  0  2.55e+02  1.45e+01  0  7.73e+02  1.26e+01  1.62e+00  3.81e-01  1.80e-01   0.53
2005 04 19  1635   53479   59700  0  2.81e+02  1.80e+01  0  7.06e+02  1.29e+01  1.77e+00  2.49e-01  1.37e-01   0.17
2005 04 19  1640   53479   60000  0  2.98e+02  2.09e+01  0  7.63e+02  1.28e+01  2.28e+00  4.57e-01  6.76e-02   0.54
2005 04 19  1645   53479   60300  0  2.46e+02  1.52e+01  0  7.37e+02  1.33e+01  2.19e+00  4.38e-01  1.55e-01   0.28
2005 04 19  1650   53479   60600  0  2.72e+02  1.39e+01  0  7.00e+02  1.17e+01  1.25e+00  5.61e-01  1.26e-01   0.60
2005 04 19  1655   53479   60900  0  2.87e+02  1.73e+01  0  6.72e+02  1.32e+01  1.58e+00  4.75e-01  1.43e-01   0.27
2005 04 19  1700   53479   61200  0  3.77e+02  1.62e+01  0  7.89e+02  1.53e+01  1.48e+00  4.37e-01  8.43e-02   0.44
2005 04 19  1705   53479   61500  0  2.65e+02  1.57e+01  0  7.43e+02  1.25e+01  2.13e+00  4.57e-01  5.27e-02   0.47
2005 04 19  1710   53479   61800  0  2.78e+02  1.46e+01  0  6.58e+02  1.39e+01  1.86e+00  5.80e-01  8.92e-02   0.34
2005 04 19  1715   53479   62100  0  2.82e+02  2.20e+01  0  7.33e+02  1.48e+01  1.54e+00  5.20e-01  5.80e-02   0.13
2005 04 19  1720   53479   62400  0  3.00e+02  1.76e+01  0  7.46e+02  1.48e+01  1.93e+00  3.12e-01  1.37e-01   0.42
2005 04 19  1725   53479   62700  0  2.98e+02  1.80e+01  0  7.10e+02  1.65e+01  2.00e+00  3.34e-01  7.13e-02   0.74
2005 04 19  1730   53479   63000  0  2.28e+02  1.82e+01  0  6.67e+02  1.49e+01  1.57e+00  4.78e-01  8.11e-02   0.57
2005 04 19  1735   53479   63300  0  2.60e+02  1.75e+01  0  7.30e+02  1.32e+01  1.72e+00  4.22e-01  1.43e-01   0.51
2005 04 19  1740   53479   63600  0  2.54e+02  1.66e+01  0  7.24e+02  1.29e+01  2.00e+00  6.65e-01  7.38e-02   0.14
2005 04 19  1745   53479   63900  0  3.14e+02  1.78e+01  0  7.05e+02  1.50e+01  1.67e+00  4.78e-01  9.48e-02   0.19
2005 04 19  1750   53479   64200  0  3.09e+02  2.09e+01  0  7.49e+02  1.35e+01  1.11e+00  4.22e-01  1.07e-01   0.97
2005 04 19  1755   53479   64500  0  3.21e+02  1.80e+01  0  7.48e+02  1.29e+01  1.51e+00  5.20e-01  1.16e-01   0.39
2005 04 19  1800   53479   64800  0  2.13e+02  1.62e+01  0  7.46e+02  1.43e+01  1.67e+00  5.82e-01  1.79e-01   0.57
2005 04 19  1805   53479   65100  0  2.75e+02  1.95e+01  0  7.60e+02  1.43e+01  1.86e+00  3.17e-01  1.25e-01   0.52
2005 04 19  1810   53479   65400  0  2.78e+02  1.84e+01  0  6.86e+02  1.45e+01  1.48e+00  3.53e-01  9.48e-02   0.37
2005 04 19  1815   53479   65700  0  4.07e+02  2.07e+01  0  7.26e+02  1.45e+01  1.74e+00  4.95e-01  5.80e-02   0.52
2005 04 19  1820   53479   66000  0  2.75e+02  1.86e+01  0  6.70e+02  1.32e+01  1.65e+00  2.86e-01  6.76e-02   1.01
2005 04 19  1825   53479   66300  0  3.60e+02  1.72e+01  0  7.41e+02  1.47e+01  1.84e+00  5.20e-01  1.37e-01   0.57
2005 04 19  1830   53479   66600  0  2.44e+02  2.00e+01  0  7.41e+02  1.35e+01  1.53e+00  5.53e-01  1.26e-01   0.33
2005 04 19  1835   53479   66900  0  2.46e+02  1.68e+01  0  6.91e+02  1.25e+01  2.04e+00  4.57e-01  1.55e-01   0.56
2005 04 19  1840   53479   67200  0  2.78e+02  1.53e+01  0  7.34e+02  1.52e+01  1.21e+00  4.57e-01  1.79e-01   0.46
2005 04 19  1845   53479   67500  0  2.61e+02  1.70e+01  0  7.19e+02  1.42e+01  1.78e+00  2.89e-01  1.46e-01   0.61
2005 04 19  1850   53479   67800  0  2.73e+02  1.65e+01  0  7.19e+02  1.45e+01  1.59e+00  4.00e-01  9.66e-02   0.67
2005 04 19  1855   53479   68100  0  2.56e+02  1.88e+01  0  7.42e+02  1.39e+01  1.71e+00  4.57e-01  1.55e-01   0.46
2005 04 19  1900   53479   68400  0  3.12e+02  1.47e+01  0  7.60e+02  1.54e+01  1.97e+00  4.99e-01  1.26e-01   0.31
2005 04 19  1905   53479   68700  0  2.74e+02  1.59e+01  0  7.53e+02  1.59e+01  2.04e+00  5.14e-01  1.06e-01   0.50
2005 04 19  1910   53479   69000  0  2.68e+02  1.84e+01  0  6.58e+02  1.17e+01  1.83e+00  5.72e-01  7.73e-02   0.55
2005 04 19  1915   53479   69300  0  3.35e+02  1.84e+01  0  7.56e+02  1.42e+01  1.67e+00  3.95e-01  1.16e-01   0.55
2005 04 19  1920   53479   69600  0  2.45e+02  2.11e+01  0  7.03e+02  1.40e+01  1.53e+00  5.14e-01  1.55e-01   0.82
2005 04 19  1925   53479   69900  0  2.84e+02  1.79e+01  0  7.27e+02  1.36e+01  1.50e+00  4.19e-01  9.66e-02   0.30
2005 04 19  1930   53479   70200  0  2.70e+02  1.82e+01  0  7.05e+02  1.42e+01  1.70e+00  4.16e-01  1.16e-01   0.62
2005 04 19  1935   53479   70500  0  2.67e+02  1.42e+01  0  7.41e+02  1.48e+01  1.53e+00  4.22e-01  1.07e-01   0.62
2005 04 19  1940   53479   70800  0  2.58e+02  1.86e+01  0  7.18e+02  1.45e+01  1.80e+00  4.37e-01  4.64e-02   0.85
2005 04 19  1945   53479   71100  0  2.96e+02  1.70e+01  0  6.88e+02  1.24e+01  1.80e+00  3.74e-01  1.37e-01   0.63
2005 04 19  1950   53479   71400  0  2.60e+02  1.91e+01  0  7.17e+02  1.27e+01  1.94e+00  2.99e-01  1.25e-01   0.52
2005 04 19  1955   53479   71700  0  2.40e+02  2.05e+01  0  7.94e+02  1.31e+01  1.48e+00  4.78e-01  7.38e-02   0.64
2005 04 19  2000   53479   72000  0  2.52e+02  1.89e+01  0  6.96e+02  1.45e+01  1.64e+00  5.61e-01  6.95e-02   0.44
2005 04 19  2005   53479   72300  0  2.92e+02  1.72e+01  0  7.04e+02  1.50e+01  1.72e+00  3.69e-01  8.02e-02   0.27
2005 04 19  2010   53479   72600  0  2.72e+02  1.68e+01  0  7.31e+02  1.18e+01  2.00e+00  3.12e-01  6.95e-02   0.59
2005 04 19  2015   53479   72900  0  2.96e+02  1.73e+01  0  7.00e+02  1.30e+01  1.44e+00  4.57e-01  7.73e-02   0.12
2005 04 19  2020   53479   73200  0  3.02e+02  2.05e+01  0  6.83e+02  1.52e+01  1.57e+00  5.61e-01  5.80e-02   0.27
2005 04 19  2025   53479   73500  0  3.64e+02  1.74e+01  0  7.31e+02  1.46e+01  2.33e+00  4.16e-01  1.26e-01   0.43
2005 04 19  2030   53479   73800  0  2.92e+02  2.09e+01  0  7.55e+02  1.43e+01  2.36e+00  4.75e-01  1.07e-01   0.56
2005 04 19  2035   53479   74100  0  2.52e+02  1.55e+01  0  6.83e+02  1.35e+01  1.77e+00  6.03e-01  6.95e-02   0.66
2005 04 19  2040   53479   74400  0  3.26e+02  1.62e+01  0  7.44e+02  1.36e+01  1.41e+00  3.12e-01  5.15e-02   1.23
2005 04 19  2045   53479   74700  0  2.81e+02  1.62e+01  0  7.13e+02  1.31e+01  1.78e+00  4.75e-01  6.76e-02   0.59
2005 04 19  2050   53479   75000  0  3.02e+02  1.62e+01  0  7.78e+02  1.49e+01  1.90e+00  5.40e-01  1.62e-01   0.17
2005 04 19  2055   53479   75300  0  2.94e+02  1.65e+01  0  6.94e+02  1.41e+01  2.34e+00  3.33e-01  8.69e-02   0.03
2005 04 19  2100   53479   75600  0  3.12e+02  1.86e+01  0  7.45e+02  1.43e+01  1.65e+00  3.43e-01  7.38e-02   0.41
2005 04 19  2105   53479   75900  0  3.43e+02  1.86e+01  0  7.44e+02  1.43e+01  1.70e+00  6.03e-01  8.43e-02   0.34
2005 04 19  2110   53479   76200  0  2.45e+02  1.59e+01  0  6.51e+02  1.38e+01  1.83e+00  4.76e-01  1.05e-01   0.60
2005 04 19  2115   53479   76500  0  2.61e+02  1.95e+01  0  7.64e+02  1.43e+01  2.01e+00  4.95e-01  1.16e-01   0.59
2005 04 19  2120   53479   76800  0  3.01e+02  1.74e+01  0  7.43e+02  1.64e+01  2.03e+00  3.53e-01  1.26e-01   0.33
2005 04 19  2125   53479   77100  0  2.83e+02  1.74e+01  0  7.37e+02  1.59e+01  1.95e+00  3.62e-01  1.06e-01   0.05
2005 04 19  2130   53479   77400  0  3.08e+02  1.54e+01  0  7.07e+02  1.56e+01  1.71e+00  3.81e-01  1.26e-01   0.74
2005 04 19  2135   53479   77700  0  2.38e+02  1.84e+01  0  7.32e+02  1.49e+01  1.95e+00  3.62e-01  1.06e-01   0.66
2005 04 19  2140   53479   78000  0  2.24e+02  1.41e+01  0  7.19e+02  1.38e+01  1.84e+00  4.57e-01  1.16e-01   0.60
2005 04 19  2145   53479   78300  0  3.31e+02  1.84e+01  0  6.80e+02  1.40e+01  2.01e+00  6.29e-01  1.26e-01   0.63
2005 04 19  2150   53479   78600  0  3.34e+02  2.46e+01  0  8.20e+02  1.39e+01  2.13e+00  4.57e-01  7.73e-02   0.51
2005 04 19  2155   53479   78900  0  2.82e+02  1.78e+01  0  7.07e+02  1.60e+01  1.80e+00  4.99e-01  9.27e-02   0.24
2005 04 19  2200   53479   79200  0  3.17e+02  1.81e+01  0  7.02e+02  1.26e+01  2.34e+00  4.95e-01  1.06e-01   0.43
2005 04 19  2205   53479   79500  0  2.68e+02  1.70e+01  0  7.66e+02  1.56e+01  1.74e+00  5.91e-01  3.48e-02   0.34
2005 04 19  2210   53479   79800  0  2.78e+02  1.68e+01  0  7.57e+02  1.26e+01  1.97e+00  6.24e-01  2.90e-02   0.46
2005 04 19  2215   53479   80100  0  2.24e+02  1.41e+01  0  7.28e+02  1.51e+01  1.83e+00  2.99e-01  5.80e-02   0.19
2005 04 19  2220   53479   80400  0  2.47e+02  1.72e+01  0  7.05e+02  1.34e+01  2.00e+00  5.20e-01  1.16e-01   0.28
2005 04 19  2225   53479   80700  0  2.89e+02  1.80e+01  0  7.39e+02  1.67e+01  1.70e+00  4.99e-01  6.32e-02   0.06
2005 04 19  2230   53479   81000  0  2.40e+02  2.13e+01  0  7.55e+02  1.43e+01  1.30e+00  4.93e-01  9.66e-02   0.36
2005 04 19  2235   53479   81300  0  3.03e+02  2.36e+01  0  6.60e+02  1.37e+01  2.23e+00  4.57e-01  1.48e-01   0.67
2005 04 19  2240   53479   81600  0  2.62e+02  1.99e+01  0  7.52e+02  1.46e+01  1.61e+00  4.57e-01  5.15e-02   0.79
2005 04 19  2245   53479   81900  0  2.92e+02  2.03e+01  0  7.50e+02  1.19e+01  1.53e+00  5.63e-01  1.34e-01   0.18
2005 04 19  2250   53479   82200  0  2.92e+02  1.89e+01  0  6.87e+02  1.36e+01  1.90e+00  2.70e-01  1.16e-01   0.15
2005 04 19  2255   53479   82500  0  3.52e+02  2.09e+01  0  7.22e+02  1.40e+01  1.97e+00  4.40e-01  9.81e-02   0.33
2005 04 19  2300   53479   82800  0  2.68e+02  1.78e+01  0  7.55e+02  1.33e+01  1.67e+00  3.74e-01  9.48e-02   0.46
2005 04 19  2305   53479   83100  0  2.26e+02  2.07e+01  0  7.72e+02  1.35e+01  1.80e+00  4.78e-01  8.43e-02   0.34
2005 04 19  2310   53479   83400  0  2.81e+02  2.13e+01  0  6.61e+02  1.51e+01  1.75e+00  3.52e-01  8.02e-02   0.61
2005 04 19  2315   53479   83700  0  2.78e+02  1.72e+01  0  7.08e+02  1.31e+01  1.74e+00  4.78e-01  7.38e-02   0.32
2005 04 19  2320   53479   84000  0  2.60e+02  1.70e+01  0  7.36e+02  1.33e+01  1.57e+00  5.20e-01  1.37e-01   0.16
2005 04 19  2325   53479   84300  0  2.62e+02  1.73e+01  0  7.06e+02  1.35e+01  1.91e+00  3.69e-01  1.34e-01   0.88
2005 04 19  2330   53479   84600  0  3.49e+02  1.74e+01  0  7.94e+02  1.31e+01  1.84e+00  5.20e-01  1.37e-01   0.29
2005 04 19  2335   53479   84900  0  2.90e+02  1.81e+01  0  7.60e+02  1.46e+01  2.01e+00  2.86e-01  3.16e-02   0.41
2005 04 19  2340   53479   85200  0  2.88e+02  2.09e+01  0  7.24e+02  1.27e+01  1.50e+00  4.95e-01  1.55e-01   0.36
2005 04 19  2345   53479   85500  0  2.93e+02  1.68e+01  0  7.15e+02  1.52e+01  1.48e+00  5.40e-01  1.05e-01   0.33
2005 04 19  2350   53479   85800  0  3.02e+02  1.84e+01  0  7.51e+02  1.42e+01  1.89e+00  4.76e-01  1.83e-01   0.20
2005 04 19  2355   53479   86100  0  2.64e+02  1.68e+01  0  7.61e+02  1.61e+01  1.56e+00  3.12e-01  1.64e-01   0.59
