:Data_list: 20060313_ace_sis_5m.txt
:Created: 2006 Mar 14 0011 UT
# Prepared by the U.S. Dept. of Commerce, NOAA, Space Environment Center.
# Please send comments and suggestions to SEC.Webmaster@noaa.gov 
# 
# Units: proton flux p/cs2-sec-ster
# Status(S): 0 = nominal data, 1 to 8 = bad data record, 9 = no data
# Missing data values: -1.00e+05
# Source: ACE Satellite - Solar Isotope Spectrometer
#
# 5-minute averaged Real-time Integral Flux of High-energy Solar Protons
# 
#                 Modified Seconds
# UT Date   Time   Julian  of the      ---- Integral Proton Flux ----
# YR MO DA  HHMM     Day     Day       S    > 10 MeV    S    > 30 MeV
#--------------------------------------------------------------------
2006 03 13  0000    53807       0      0    1.54e+00    0    1.08e+00
2006 03 13  0005    53807     300      0    1.52e+00    0    1.07e+00
2006 03 13  0010    53807     600      0    1.55e+00    0    1.08e+00
2006 03 13  0015    53807     900      0    1.53e+00    0    1.07e+00
2006 03 13  0020    53807    1200      0    1.54e+00    0    1.08e+00
2006 03 13  0025    53807    1500      0    1.55e+00    0    1.08e+00
2006 03 13  0030    53807    1800      0    1.54e+00    0    1.09e+00
2006 03 13  0035    53807    2100      0    1.44e+00    0    1.02e+00
2006 03 13  0040    53807    2400      0    1.55e+00    0    1.09e+00
2006 03 13  0045    53807    2700      0    1.54e+00    0    1.09e+00
2006 03 13  0050    53807    3000      0    1.52e+00    0    1.07e+00
2006 03 13  0055    53807    3300      0    1.55e+00    0    1.09e+00
2006 03 13  0100    53807    3600      0    1.51e+00    0    1.05e+00
2006 03 13  0105    53807    3900      0    1.53e+00    0    1.07e+00
2006 03 13  0110    53807    4200      0    1.54e+00    0    1.07e+00
2006 03 13  0115    53807    4500      0    1.55e+00    0    1.08e+00
2006 03 13  0120    53807    4800      0    1.56e+00    0    1.10e+00
2006 03 13  0125    53807    5100      0    1.52e+00    0    1.07e+00
2006 03 13  0130    53807    5400      0    1.54e+00    0    1.09e+00
2006 03 13  0135    53807    5700      0    1.51e+00    0    1.05e+00
2006 03 13  0140    53807    6000      0    1.48e+00    0    1.04e+00
2006 03 13  0145    53807    6300      0    1.55e+00    0    1.08e+00
2006 03 13  0150    53807    6600      0    1.52e+00    0    1.05e+00
2006 03 13  0155    53807    6900      0    1.50e+00    0    1.06e+00
2006 03 13  0200    53807    7200      0    1.54e+00    0    1.08e+00
2006 03 13  0205    53807    7500      0    1.50e+00    0    1.05e+00
2006 03 13  0210    53807    7800      0    1.52e+00    0    1.08e+00
2006 03 13  0215    53807    8100      0    1.54e+00    0    1.08e+00
2006 03 13  0220    53807    8400      0    1.52e+00    0    1.07e+00
2006 03 13  0225    53807    8700      0    1.56e+00    0    1.10e+00
2006 03 13  0230    53807    9000      0    1.56e+00    0    1.09e+00
2006 03 13  0235    53807    9300      0    1.54e+00    0    1.08e+00
2006 03 13  0240    53807    9600      0    1.51e+00    0    1.05e+00
2006 03 13  0245    53807    9900      0    1.55e+00    0    1.08e+00
2006 03 13  0250    53807   10200      0    1.56e+00    0    1.09e+00
2006 03 13  0255    53807   10500      0    1.51e+00    0    1.05e+00
2006 03 13  0300    53807   10800      0    1.50e+00    0    1.05e+00
2006 03 13  0305    53807   11100      0    1.50e+00    0    1.06e+00
2006 03 13  0310    53807   11400      0    1.52e+00    0    1.06e+00
2006 03 13  0315    53807   11700      0    1.55e+00    0    1.09e+00
2006 03 13  0320    53807   12000      0    1.55e+00    0    1.08e+00
2006 03 13  0325    53807   12300      0    1.51e+00    0    1.05e+00
2006 03 13  0330    53807   12600      0    1.53e+00    0    1.08e+00
2006 03 13  0335    53807   12900      0    1.54e+00    0    1.10e+00
2006 03 13  0340    53807   13200      0    1.55e+00    0    1.09e+00
2006 03 13  0345    53807   13500      0    1.56e+00    0    1.09e+00
2006 03 13  0350    53807   13800      0    1.57e+00    0    1.11e+00
2006 03 13  0355    53807   14100      0    1.56e+00    0    1.09e+00
2006 03 13  0400    53807   14400      0    1.49e+00    0    1.04e+00
2006 03 13  0405    53807   14700      0    1.50e+00    0    1.05e+00
2006 03 13  0410    53807   15000      0    1.56e+00    0    1.09e+00
2006 03 13  0415    53807   15300      0    1.55e+00    0    1.09e+00
2006 03 13  0420    53807   15600      0    1.55e+00    0    1.09e+00
2006 03 13  0425    53807   15900      0    1.54e+00    0    1.07e+00
2006 03 13  0430    53807   16200      0    1.51e+00    0    1.05e+00
2006 03 13  0435    53807   16500      0    1.56e+00    0    1.09e+00
2006 03 13  0440    53807   16800      0    1.56e+00    0    1.12e+00
2006 03 13  0445    53807   17100      0    1.54e+00    0    1.08e+00
2006 03 13  0450    53807   17400      0    1.52e+00    0    1.07e+00
2006 03 13  0455    53807   17700      0    1.56e+00    0    1.10e+00
2006 03 13  0500    53807   18000      0    1.55e+00    0    1.09e+00
2006 03 13  0505    53807   18300      0    1.50e+00    0    1.06e+00
2006 03 13  0510    53807   18600      0    1.47e+00    0    1.03e+00
2006 03 13  0515    53807   18900      0    1.51e+00    0    1.05e+00
2006 03 13  0520    53807   19200      0    1.55e+00    0    1.08e+00
2006 03 13  0525    53807   19500      0    1.53e+00    0    1.07e+00
2006 03 13  0530    53807   19800      0    1.50e+00    0    1.04e+00
2006 03 13  0535    53807   20100      0    1.54e+00    0    1.08e+00
2006 03 13  0540    53807   20400      0    1.51e+00    0    1.06e+00
2006 03 13  0545    53807   20700      0    1.52e+00    0    1.07e+00
2006 03 13  0550    53807   21000      0    1.52e+00    0    1.08e+00
2006 03 13  0555    53807   21300      0    1.53e+00    0    1.07e+00
2006 03 13  0600    53807   21600      0    1.52e+00    0    1.06e+00
2006 03 13  0605    53807   21900      0    1.54e+00    0    1.09e+00
2006 03 13  0610    53807   22200      0    1.53e+00    0    1.07e+00
2006 03 13  0615    53807   22500      0    1.56e+00    0    1.08e+00
2006 03 13  0620    53807   22800      0    1.50e+00    0    1.04e+00
2006 03 13  0625    53807   23100      0    1.54e+00    0    1.08e+00
2006 03 13  0630    53807   23400      0    1.53e+00    0    1.07e+00
2006 03 13  0635    53807   23700      0    1.53e+00    0    1.07e+00
2006 03 13  0640    53807   24000      0    1.50e+00    0    1.06e+00
2006 03 13  0645    53807   24300      0    1.51e+00    0    1.06e+00
2006 03 13  0650    53807   24600      0    1.54e+00    0    1.09e+00
2006 03 13  0655    53807   24900      0    1.54e+00    0    1.07e+00
2006 03 13  0700    53807   25200      0    1.55e+00    0    1.09e+00
2006 03 13  0705    53807   25500      0    1.49e+00    0    1.06e+00
2006 03 13  0710    53807   25800      0    1.51e+00    0    1.06e+00
2006 03 13  0715    53807   26100      0    1.52e+00    0    1.06e+00
2006 03 13  0720    53807   26400      0    1.56e+00    0    1.09e+00
2006 03 13  0725    53807   26700      0    1.49e+00    0    1.05e+00
2006 03 13  0730    53807   27000      0    1.54e+00    0    1.08e+00
2006 03 13  0735    53807   27300      0    1.52e+00    0    1.07e+00
2006 03 13  0740    53807   27600      0    1.56e+00    0    1.10e+00
2006 03 13  0745    53807   27900      0    1.51e+00    0    1.06e+00
2006 03 13  0750    53807   28200      0    1.53e+00    0    1.08e+00
2006 03 13  0755    53807   28500      0    1.50e+00    0    1.04e+00
2006 03 13  0800    53807   28800      0    1.53e+00    0    1.06e+00
2006 03 13  0805    53807   29100      0    1.51e+00    0    1.07e+00
2006 03 13  0810    53807   29400      0    1.53e+00    0    1.07e+00
2006 03 13  0815    53807   29700      0    1.54e+00    0    1.08e+00
2006 03 13  0820    53807   30000      0    1.55e+00    0    1.09e+00
2006 03 13  0825    53807   30300      0    1.55e+00    0    1.09e+00
2006 03 13  0830    53807   30600      0    1.53e+00    0    1.07e+00
2006 03 13  0835    53807   30900      0    1.51e+00    0    1.06e+00
2006 03 13  0840    53807   31200      0    1.57e+00    0    1.11e+00
2006 03 13  0845    53807   31500      0    1.51e+00    0    1.07e+00
2006 03 13  0850    53807   31800      0    1.54e+00    0    1.08e+00
2006 03 13  0855    53807   32100      0    1.48e+00    0    1.04e+00
2006 03 13  0900    53807   32400      0    1.54e+00    0    1.10e+00
2006 03 13  0905    53807   32700      0    1.53e+00    0    1.07e+00
2006 03 13  0910    53807   33000      0    1.53e+00    0    1.08e+00
2006 03 13  0915    53807   33300      0    1.53e+00    0    1.08e+00
2006 03 13  0920    53807   33600      0    1.56e+00    0    1.09e+00
2006 03 13  0925    53807   33900      0    1.51e+00    0    1.06e+00
2006 03 13  0930    53807   34200      0    1.55e+00    0    1.08e+00
2006 03 13  0935    53807   34500      0    1.53e+00    0    1.08e+00
2006 03 13  0940    53807   34800      0    1.54e+00    0    1.07e+00
2006 03 13  0945    53807   35100      0    1.53e+00    0    1.08e+00
2006 03 13  0950    53807   35400      0    1.53e+00    0    1.06e+00
2006 03 13  0955    53807   35700      0    1.52e+00    0    1.06e+00
2006 03 13  1000    53807   36000      0    1.50e+00    0    1.06e+00
2006 03 13  1005    53807   36300      0    1.54e+00    0    1.09e+00
2006 03 13  1010    53807   36600      0    1.53e+00    0    1.08e+00
2006 03 13  1015    53807   36900      0    1.52e+00    0    1.08e+00
2006 03 13  1020    53807   37200      0    1.53e+00    0    1.06e+00
2006 03 13  1025    53807   37500      0    1.54e+00    0    1.08e+00
2006 03 13  1030    53807   37800      0    1.53e+00    0    1.07e+00
2006 03 13  1035    53807   38100      0    1.54e+00    0    1.08e+00
2006 03 13  1040    53807   38400      0    1.53e+00    0    1.08e+00
2006 03 13  1045    53807   38700      0    1.52e+00    0    1.07e+00
2006 03 13  1050    53807   39000      0    1.54e+00    0    1.09e+00
2006 03 13  1055    53807   39300      0    1.56e+00    0    1.09e+00
2006 03 13  1100    53807   39600      0    1.57e+00    0    1.11e+00
2006 03 13  1105    53807   39900      0    1.53e+00    0    1.08e+00
2006 03 13  1110    53807   40200      0    1.54e+00    0    1.08e+00
2006 03 13  1115    53807   40500      0    1.53e+00    0    1.07e+00
2006 03 13  1120    53807   40800      0    1.56e+00    0    1.09e+00
2006 03 13  1125    53807   41100      0    1.51e+00    0    1.06e+00
2006 03 13  1130    53807   41400      0    1.55e+00    0    1.09e+00
2006 03 13  1135    53807   41700      0    1.54e+00    0    1.08e+00
2006 03 13  1140    53807   42000      0    1.52e+00    0    1.07e+00
2006 03 13  1145    53807   42300      0    1.54e+00    0    1.08e+00
2006 03 13  1150    53807   42600      0    1.53e+00    0    1.08e+00
2006 03 13  1155    53807   42900      0    1.58e+00    0    1.11e+00
2006 03 13  1200    53807   43200      0    1.56e+00    0    1.08e+00
2006 03 13  1205    53807   43500      0    1.53e+00    0    1.08e+00
2006 03 13  1210    53807   43800      0    1.56e+00    0    1.09e+00
2006 03 13  1215    53807   44100      0    1.61e+00    0    1.14e+00
2006 03 13  1220    53807   44400      0    1.55e+00    0    1.09e+00
2006 03 13  1225    53807   44700      0    1.54e+00    0    1.07e+00
2006 03 13  1230    53807   45000      0    1.55e+00    0    1.10e+00
2006 03 13  1235    53807   45300      0    1.54e+00    0    1.07e+00
2006 03 13  1240    53807   45600      0    1.54e+00    0    1.07e+00
2006 03 13  1245    53807   45900      0    1.54e+00    0    1.08e+00
2006 03 13  1250    53807   46200      0    1.57e+00    0    1.11e+00
2006 03 13  1255    53807   46500      0    1.52e+00    0    1.07e+00
2006 03 13  1300    53807   46800      0    1.55e+00    0    1.09e+00
2006 03 13  1305    53807   47100      0    1.55e+00    0    1.09e+00
2006 03 13  1310    53807   47400      0    1.50e+00    0    1.05e+00
2006 03 13  1315    53807   47700      0    1.55e+00    0    1.08e+00
2006 03 13  1320    53807   48000      0    1.56e+00    0    1.09e+00
2006 03 13  1325    53807   48300      0    1.52e+00    0    1.06e+00
2006 03 13  1330    53807   48600      0    1.57e+00    0    1.11e+00
2006 03 13  1335    53807   48900      0    1.56e+00    0    1.09e+00
2006 03 13  1340    53807   49200      0    1.54e+00    0    1.08e+00
2006 03 13  1345    53807   49500      0    1.57e+00    0    1.10e+00
2006 03 13  1350    53807   49800      0    1.57e+00    0    1.09e+00
2006 03 13  1355    53807   50100      0    1.55e+00    0    1.10e+00
2006 03 13  1400    53807   50400      0    1.55e+00    0    1.09e+00
2006 03 13  1405    53807   50700      0    1.57e+00    0    1.11e+00
2006 03 13  1410    53807   51000      0    1.54e+00    0    1.09e+00
2006 03 13  1415    53807   51300      0    1.56e+00    0    1.11e+00
2006 03 13  1420    53807   51600      0    1.52e+00    0    1.07e+00
2006 03 13  1425    53807   51900      0    1.59e+00    0    1.10e+00
2006 03 13  1430    53807   52200      0    1.54e+00    0    1.07e+00
2006 03 13  1435    53807   52500      0    1.54e+00    0    1.08e+00
2006 03 13  1440    53807   52800      0    1.58e+00    0    1.10e+00
2006 03 13  1445    53807   53100      0    1.54e+00    0    1.09e+00
2006 03 13  1450    53807   53400      0    1.54e+00    0    1.08e+00
2006 03 13  1455    53807   53700      0    1.54e+00    0    1.09e+00
2006 03 13  1500    53807   54000      0    1.52e+00    0    1.06e+00
2006 03 13  1505    53807   54300      0    1.55e+00    0    1.08e+00
2006 03 13  1510    53807   54600      0    1.58e+00    0    1.11e+00
2006 03 13  1515    53807   54900      0    1.54e+00    0    1.08e+00
2006 03 13  1520    53807   55200      0    1.54e+00    0    1.09e+00
2006 03 13  1525    53807   55500      0    1.58e+00    0    1.12e+00
2006 03 13  1530    53807   55800      0    1.52e+00    0    1.06e+00
2006 03 13  1535    53807   56100      0    1.54e+00    0    1.09e+00
2006 03 13  1540    53807   56400      0    1.53e+00    0    1.07e+00
2006 03 13  1545    53807   56700      0    1.54e+00    0    1.08e+00
2006 03 13  1550    53807   57000      0    1.55e+00    0    1.08e+00
2006 03 13  1555    53807   57300      0    1.52e+00    0    1.07e+00
2006 03 13  1600    53807   57600      0    1.57e+00    0    1.09e+00
2006 03 13  1605    53807   57900      0    1.54e+00    0    1.08e+00
2006 03 13  1610    53807   58200      0    1.55e+00    0    1.09e+00
2006 03 13  1615    53807   58500      0    1.56e+00    0    1.09e+00
2006 03 13  1620    53807   58800      0    1.55e+00    0    1.11e+00
2006 03 13  1625    53807   59100      0    1.52e+00    0    1.06e+00
2006 03 13  1630    53807   59400      0    1.55e+00    0    1.09e+00
2006 03 13  1635    53807   59700      0    1.54e+00    0    1.07e+00
2006 03 13  1640    53807   60000      0    1.59e+00    0    1.12e+00
2006 03 13  1645    53807   60300      0    1.57e+00    0    1.10e+00
2006 03 13  1650    53807   60600      0    1.57e+00    0    1.10e+00
2006 03 13  1655    53807   60900      0    1.54e+00    0    1.09e+00
2006 03 13  1700    53807   61200      0    1.54e+00    0    1.09e+00
2006 03 13  1705    53807   61500      0    1.54e+00    0    1.08e+00
2006 03 13  1710    53807   61800      0    1.55e+00    0    1.09e+00
2006 03 13  1715    53807   62100      0    1.54e+00    0    1.07e+00
2006 03 13  1720    53807   62400      0    1.55e+00    0    1.09e+00
2006 03 13  1725    53807   62700      0    1.54e+00    0    1.09e+00
2006 03 13  1730    53807   63000      0    1.55e+00    0    1.09e+00
2006 03 13  1735    53807   63300      0    1.55e+00    0    1.11e+00
2006 03 13  1740    53807   63600      0    1.57e+00    0    1.11e+00
2006 03 13  1745    53807   63900      0    1.56e+00    0    1.10e+00
2006 03 13  1750    53807   64200      0    1.55e+00    0    1.07e+00
2006 03 13  1755    53807   64500      0    1.53e+00    0    1.07e+00
2006 03 13  1800    53807   64800      0    1.55e+00    0    1.10e+00
2006 03 13  1805    53807   65100      0    1.55e+00    0    1.08e+00
2006 03 13  1810    53807   65400      0    1.57e+00    0    1.10e+00
2006 03 13  1815    53807   65700      0    1.51e+00    0    1.05e+00
2006 03 13  1820    53807   66000      0    1.53e+00    0    1.08e+00
2006 03 13  1825    53807   66300      0    1.53e+00    0    1.07e+00
2006 03 13  1830    53807   66600      0    1.55e+00    0    1.08e+00
2006 03 13  1835    53807   66900      0    1.56e+00    0    1.09e+00
2006 03 13  1840    53807   67200      0    1.57e+00    0    1.11e+00
2006 03 13  1845    53807   67500      0    1.52e+00    0    1.07e+00
2006 03 13  1850    53807   67800      0    1.55e+00    0    1.09e+00
2006 03 13  1855    53807   68100      0    1.58e+00    0    1.12e+00
2006 03 13  1900    53807   68400      0    1.48e+00    0    1.03e+00
2006 03 13  1905    53807   68700      0    1.54e+00    0    1.07e+00
2006 03 13  1910    53807   69000      0    1.55e+00    0    1.10e+00
2006 03 13  1915    53807   69300      0    1.53e+00    0    1.08e+00
2006 03 13  1920    53807   69600      0    1.53e+00    0    1.07e+00
2006 03 13  1925    53807   69900      0    1.54e+00    0    1.08e+00
2006 03 13  1930    53807   70200      0    1.58e+00    0    1.12e+00
2006 03 13  1935    53807   70500      0    1.56e+00    0    1.09e+00
2006 03 13  1940    53807   70800      0    1.56e+00    0    1.08e+00
2006 03 13  1945    53807   71100      0    1.54e+00    0    1.08e+00
2006 03 13  1950    53807   71400      0    1.56e+00    0    1.09e+00
2006 03 13  1955    53807   71700      0    1.54e+00    0    1.08e+00
2006 03 13  2000    53807   72000      0    1.54e+00    0    1.07e+00
2006 03 13  2005    53807   72300      0    1.59e+00    0    1.12e+00
2006 03 13  2010    53807   72600      0    1.56e+00    0    1.10e+00
2006 03 13  2015    53807   72900      0    1.53e+00    0    1.07e+00
2006 03 13  2020    53807   73200      0    1.58e+00    0    1.10e+00
2006 03 13  2025    53807   73500      0    1.46e+00    0    1.02e+00
2006 03 13  2030    53807   73800      0    1.54e+00    0    1.08e+00
2006 03 13  2035    53807   74100      0    1.59e+00    0    1.10e+00
2006 03 13  2040    53807   74400      0    1.58e+00    0    1.11e+00
2006 03 13  2045    53807   74700      0    1.55e+00    0    1.11e+00
2006 03 13  2050    53807   75000      0    1.54e+00    0    1.10e+00
2006 03 13  2055    53807   75300      0    1.55e+00    0    1.09e+00
2006 03 13  2100    53807   75600      0    1.55e+00    0    1.09e+00
2006 03 13  2105    53807   75900      0    1.54e+00    0    1.10e+00
2006 03 13  2110    53807   76200      0    1.56e+00    0    1.09e+00
2006 03 13  2115    53807   76500      0    1.54e+00    0    1.08e+00
2006 03 13  2120    53807   76800      0    1.56e+00    0    1.10e+00
2006 03 13  2125    53807   77100      0    1.58e+00    0    1.10e+00
2006 03 13  2130    53807   77400      0    1.52e+00    0    1.06e+00
2006 03 13  2135    53807   77700      0    1.57e+00    0    1.09e+00
2006 03 13  2140    53807   78000      0    1.55e+00    0    1.10e+00
2006 03 13  2145    53807   78300      0    1.57e+00    0    1.10e+00
2006 03 13  2150    53807   78600      0    1.54e+00    0    1.07e+00
2006 03 13  2155    53807   78900      0    1.55e+00    0    1.08e+00
2006 03 13  2200    53807   79200      0    1.54e+00    0    1.08e+00
2006 03 13  2205    53807   79500      0    1.56e+00    0    1.10e+00
2006 03 13  2210    53807   79800      0    1.57e+00    0    1.10e+00
2006 03 13  2215    53807   80100      0    1.53e+00    0    1.08e+00
2006 03 13  2220    53807   80400      0    1.54e+00    0    1.08e+00
2006 03 13  2225    53807   80700      0    1.56e+00    0    1.09e+00
2006 03 13  2230    53807   81000      0    1.59e+00    0    1.12e+00
2006 03 13  2235    53807   81300      0    1.54e+00    0    1.08e+00
2006 03 13  2240    53807   81600      0    1.56e+00    0    1.09e+00
2006 03 13  2245    53807   81900      0    1.57e+00    0    1.10e+00
2006 03 13  2250    53807   82200      0    1.56e+00    0    1.09e+00
2006 03 13  2255    53807   82500      0    1.57e+00    0    1.11e+00
2006 03 13  2300    53807   82800      0    1.57e+00    0    1.09e+00
2006 03 13  2305    53807   83100      0    1.55e+00    0    1.08e+00
2006 03 13  2310    53807   83400      0    1.53e+00    0    1.08e+00
2006 03 13  2315    53807   83700      0    1.55e+00    0    1.09e+00
2006 03 13  2320    53807   84000      0    1.60e+00    0    1.12e+00
2006 03 13  2325    53807   84300      0    1.55e+00    0    1.08e+00
2006 03 13  2330    53807   84600      0    1.54e+00    0    1.09e+00
2006 03 13  2335    53807   84900      0    1.56e+00    0    1.09e+00
2006 03 13  2340    53807   85200      0    1.55e+00    0    1.09e+00
2006 03 13  2345    53807   85500      0    1.54e+00    0    1.08e+00
2006 03 13  2350    53807   85800      0    1.52e+00    0    1.06e+00
2006 03 13  2355    53807   86100      0    1.57e+00    0    1.11e+00
