:Data_list: 20060104_ace_sis_5m.txt
:Created: 2006 Jan 05 0011 UT
# Prepared by the U.S. Dept. of Commerce, NOAA, Space Environment Center.
# Please send comments and suggestions to SEC.Webmaster@noaa.gov 
# 
# Units: proton flux p/cs2-sec-ster
# Status(S): 0 = nominal data, 1 to 8 = bad data record, 9 = no data
# Missing data values: -1.00e+05
# Source: ACE Satellite - Solar Isotope Spectrometer
#
# 5-minute averaged Real-time Integral Flux of High-energy Solar Protons
# 
#                 Modified Seconds
# UT Date   Time   Julian  of the      ---- Integral Proton Flux ----
# YR MO DA  HHMM     Day     Day       S    > 10 MeV    S    > 30 MeV
#--------------------------------------------------------------------
2006 01 04  0000    53739       0      0    1.38e+00    0    9.73e-01
2006 01 04  0005    53739     300      0    1.38e+00    0    9.70e-01
2006 01 04  0010    53739     600      0    1.42e+00    0    9.94e-01
2006 01 04  0015    53739     900      0    1.40e+00    0    9.68e-01
2006 01 04  0020    53739    1200      0    1.40e+00    0    9.81e-01
2006 01 04  0025    53739    1500      0    1.41e+00    0    9.93e-01
2006 01 04  0030    53739    1800      0    1.43e+00    0    1.01e+00
2006 01 04  0035    53739    2100      0    1.40e+00    0    9.73e-01
2006 01 04  0040    53739    2400      0    1.42e+00    0    1.00e+00
2006 01 04  0045    53739    2700      0    1.41e+00    0    9.87e-01
2006 01 04  0050    53739    3000      0    1.38e+00    0    9.71e-01
2006 01 04  0055    53739    3300      0    1.38e+00    0    9.57e-01
2006 01 04  0100    53739    3600      0    1.43e+00    0    1.01e+00
2006 01 04  0105    53739    3900      0    1.43e+00    0    1.01e+00
2006 01 04  0110    53739    4200      0    1.40e+00    0    9.73e-01
2006 01 04  0115    53739    4500      0    1.38e+00    0    9.70e-01
2006 01 04  0120    53739    4800      0    1.42e+00    0    9.96e-01
2006 01 04  0125    53739    5100      0    1.42e+00    0    1.00e+00
2006 01 04  0130    53739    5400      0    1.44e+00    0    1.01e+00
2006 01 04  0135    53739    5700      0    1.41e+00    0    9.84e-01
2006 01 04  0140    53739    6000      0    1.44e+00    0    1.01e+00
2006 01 04  0145    53739    6300      0    1.44e+00    0    1.01e+00
2006 01 04  0150    53739    6600      0    1.42e+00    0    1.00e+00
2006 01 04  0155    53739    6900      0    1.40e+00    0    9.92e-01
2006 01 04  0200    53739    7200      0    1.39e+00    0    9.80e-01
2006 01 04  0205    53739    7500      0    1.39e+00    0    9.70e-01
2006 01 04  0210    53739    7800      0    1.41e+00    0    9.77e-01
2006 01 04  0215    53739    8100      0    1.39e+00    0    9.64e-01
2006 01 04  0220    53739    8400      0    1.41e+00    0    9.86e-01
2006 01 04  0225    53739    8700      0    1.41e+00    0    9.89e-01
2006 01 04  0230    53739    9000      0    1.41e+00    0    9.90e-01
2006 01 04  0235    53739    9300      0    1.40e+00    0    9.79e-01
2006 01 04  0240    53739    9600      0    1.42e+00    0    1.01e+00
2006 01 04  0245    53739    9900      0    1.41e+00    0    9.96e-01
2006 01 04  0250    53739   10200      0    1.42e+00    0    9.94e-01
2006 01 04  0255    53739   10500      0    1.39e+00    0    9.74e-01
2006 01 04  0300    53739   10800      0    1.42e+00    0    1.01e+00
2006 01 04  0305    53739   11100      0    1.35e+00    0    9.46e-01
2006 01 04  0310    53739   11400      0    1.39e+00    0    9.76e-01
2006 01 04  0315    53739   11700      0    1.39e+00    0    9.73e-01
2006 01 04  0320    53739   12000      0    1.37e+00    0    9.63e-01
2006 01 04  0325    53739   12300      0    1.36e+00    0    9.66e-01
2006 01 04  0330    53739   12600      0    1.40e+00    0    9.88e-01
2006 01 04  0335    53739   12900      0    1.40e+00    0    9.81e-01
2006 01 04  0340    53739   13200      0    1.40e+00    0    9.71e-01
2006 01 04  0345    53739   13500      0    1.40e+00    0    9.89e-01
2006 01 04  0350    53739   13800      0    1.39e+00    0    9.79e-01
2006 01 04  0355    53739   14100      0    1.38e+00    0    9.68e-01
2006 01 04  0400    53739   14400      0    1.41e+00    0    9.93e-01
2006 01 04  0405    53739   14700      0    1.42e+00    0    9.88e-01
2006 01 04  0410    53739   15000      0    1.38e+00    0    9.70e-01
2006 01 04  0415    53739   15300      0    1.38e+00    0    9.78e-01
2006 01 04  0420    53739   15600      0    1.37e+00    0    9.64e-01
2006 01 04  0425    53739   15900      0    1.39e+00    0    9.74e-01
2006 01 04  0430    53739   16200      0    1.38e+00    0    9.63e-01
2006 01 04  0435    53739   16500      0    1.37e+00    0    9.63e-01
2006 01 04  0440    53739   16800      0    1.45e+00    0    1.03e+00
2006 01 04  0445    53739   17100      0    1.39e+00    0    9.76e-01
2006 01 04  0450    53739   17400      0    1.41e+00    0    9.97e-01
2006 01 04  0455    53739   17700      0    1.40e+00    0    9.90e-01
2006 01 04  0500    53739   18000      0    1.40e+00    0    9.82e-01
2006 01 04  0505    53739   18300      0    1.41e+00    0    9.81e-01
2006 01 04  0510    53739   18600      0    1.42e+00    0    9.93e-01
2006 01 04  0515    53739   18900      0    1.40e+00    0    9.90e-01
2006 01 04  0520    53739   19200      0    1.41e+00    0    9.96e-01
2006 01 04  0525    53739   19500      0    1.42e+00    0    1.01e+00
2006 01 04  0530    53739   19800      0    1.34e+00    0    9.39e-01
2006 01 04  0535    53739   20100      0    1.38e+00    0    9.79e-01
2006 01 04  0540    53739   20400      0    1.40e+00    0    9.91e-01
2006 01 04  0545    53739   20700      0    1.42e+00    0    1.00e+00
2006 01 04  0550    53739   21000      0    1.36e+00    0    9.57e-01
2006 01 04  0555    53739   21300      0    1.42e+00    0    9.85e-01
2006 01 04  0600    53739   21600      0    1.39e+00    0    9.67e-01
2006 01 04  0605    53739   21900      0    1.42e+00    0    9.93e-01
2006 01 04  0610    53739   22200      0    1.42e+00    0    1.00e+00
2006 01 04  0615    53739   22500      0    1.40e+00    0    9.82e-01
2006 01 04  0620    53739   22800      0    1.40e+00    0    9.80e-01
2006 01 04  0625    53739   23100      0    1.36e+00    0    9.42e-01
2006 01 04  0630    53739   23400      0    1.43e+00    0    1.01e+00
2006 01 04  0635    53739   23700      0    1.38e+00    0    9.65e-01
2006 01 04  0640    53739   24000      0    1.41e+00    0    9.88e-01
2006 01 04  0645    53739   24300      0    1.37e+00    0    9.62e-01
2006 01 04  0650    53739   24600      0    1.41e+00    0    9.94e-01
2006 01 04  0655    53739   24900      0    1.39e+00    0    9.73e-01
2006 01 04  0700    53739   25200      0    1.40e+00    0    9.91e-01
2006 01 04  0705    53739   25500      0    1.38e+00    0    9.72e-01
2006 01 04  0710    53739   25800      0    1.41e+00    0    9.88e-01
2006 01 04  0715    53739   26100      0    1.40e+00    0    9.83e-01
2006 01 04  0720    53739   26400      0    1.38e+00    0    9.71e-01
2006 01 04  0725    53739   26700      0    1.40e+00    0    9.85e-01
2006 01 04  0730    53739   27000      0    1.42e+00    0    9.97e-01
2006 01 04  0735    53739   27300      0    1.40e+00    0    9.93e-01
2006 01 04  0740    53739   27600      0    1.38e+00    0    9.69e-01
2006 01 04  0745    53739   27900      0    1.43e+00    0    1.00e+00
2006 01 04  0750    53739   28200      0    1.40e+00    0    9.83e-01
2006 01 04  0755    53739   28500      0    1.45e+00    0    1.01e+00
2006 01 04  0800    53739   28800      0    1.43e+00    0    9.93e-01
2006 01 04  0805    53739   29100      0    1.37e+00    0    9.58e-01
2006 01 04  0810    53739   29400      0    1.39e+00    0    9.78e-01
2006 01 04  0815    53739   29700      0    1.38e+00    0    9.76e-01
2006 01 04  0820    53739   30000      0    1.38e+00    0    9.58e-01
2006 01 04  0825    53739   30300      0    1.40e+00    0    9.74e-01
2006 01 04  0830    53739   30600      0    1.40e+00    0    9.83e-01
2006 01 04  0835    53739   30900      0    1.38e+00    0    9.60e-01
2006 01 04  0840    53739   31200      0    1.42e+00    0    9.96e-01
2006 01 04  0845    53739   31500      0    1.39e+00    0    9.81e-01
2006 01 04  0850    53739   31800      0    1.40e+00    0    9.89e-01
2006 01 04  0855    53739   32100      0    1.40e+00    0    9.88e-01
2006 01 04  0900    53739   32400      0    1.38e+00    0    9.67e-01
2006 01 04  0905    53739   32700      0    1.40e+00    0    9.89e-01
2006 01 04  0910    53739   33000      0    1.39e+00    0    9.93e-01
2006 01 04  0915    53739   33300      0    1.39e+00    0    9.86e-01
2006 01 04  0920    53739   33600      0    1.40e+00    0    9.88e-01
2006 01 04  0925    53739   33900      0    1.39e+00    0    9.88e-01
2006 01 04  0930    53739   34200      0    1.40e+00    0    9.84e-01
2006 01 04  0935    53739   34500      0    1.39e+00    0    9.72e-01
2006 01 04  0940    53739   34800      0    1.40e+00    0    9.81e-01
2006 01 04  0945    53739   35100      0    1.38e+00    0    9.64e-01
2006 01 04  0950    53739   35400      0    1.39e+00    0    9.77e-01
2006 01 04  0955    53739   35700      0    1.37e+00    0    9.69e-01
2006 01 04  1000    53739   36000      0    1.43e+00    0    1.01e+00
2006 01 04  1005    53739   36300      0    1.37e+00    0    9.57e-01
2006 01 04  1010    53739   36600      0    1.37e+00    0    9.71e-01
2006 01 04  1015    53739   36900      0    1.38e+00    0    9.67e-01
2006 01 04  1020    53739   37200      0    1.37e+00    0    9.68e-01
2006 01 04  1025    53739   37500      0    1.39e+00    0    9.72e-01
2006 01 04  1030    53739   37800      0    1.41e+00    0    9.99e-01
2006 01 04  1035    53739   38100      0    1.40e+00    0    9.92e-01
2006 01 04  1040    53739   38400      0    1.37e+00    0    9.60e-01
2006 01 04  1045    53739   38700      0    1.40e+00    0    9.74e-01
2006 01 04  1050    53739   39000      0    1.41e+00    0    9.88e-01
2006 01 04  1055    53739   39300      0    1.38e+00    0    9.62e-01
2006 01 04  1100    53739   39600      0    1.39e+00    0    9.81e-01
2006 01 04  1105    53739   39900      0    1.34e+00    0    9.37e-01
2006 01 04  1110    53739   40200      0    1.41e+00    0    9.87e-01
2006 01 04  1115    53739   40500      0    1.39e+00    0    9.74e-01
2006 01 04  1120    53739   40800      0    1.39e+00    0    9.89e-01
2006 01 04  1125    53739   41100      0    1.44e+00    0    1.01e+00
2006 01 04  1130    53739   41400      0    1.39e+00    0    9.71e-01
2006 01 04  1135    53739   41700      0    1.41e+00    0    9.87e-01
2006 01 04  1140    53739   42000      0    1.40e+00    0    9.76e-01
2006 01 04  1145    53739   42300      0    1.39e+00    0    9.71e-01
2006 01 04  1150    53739   42600      0    1.34e+00    0    9.32e-01
2006 01 04  1155    53739   42900      0    1.41e+00    0    9.93e-01
2006 01 04  1200    53739   43200      0    1.37e+00    0    9.53e-01
2006 01 04  1205    53739   43500      0    1.41e+00    0    9.83e-01
2006 01 04  1210    53739   43800      0    1.39e+00    0    9.76e-01
2006 01 04  1215    53739   44100      0    1.40e+00    0    9.84e-01
2006 01 04  1220    53739   44400      0    1.41e+00    0    9.95e-01
2006 01 04  1225    53739   44700      0    1.37e+00    0    9.68e-01
2006 01 04  1230    53739   45000      0    1.39e+00    0    9.78e-01
2006 01 04  1235    53739   45300      0    1.40e+00    0    9.84e-01
2006 01 04  1240    53739   45600      0    1.39e+00    0    9.79e-01
2006 01 04  1245    53739   45900      0    1.39e+00    0    9.78e-01
2006 01 04  1250    53739   46200      0    1.42e+00    0    9.88e-01
2006 01 04  1255    53739   46500      0    1.43e+00    0    9.93e-01
2006 01 04  1300    53739   46800      0    1.37e+00    0    9.62e-01
2006 01 04  1305    53739   47100      0    1.41e+00    0    9.84e-01
2006 01 04  1310    53739   47400      0    1.39e+00    0    9.68e-01
2006 01 04  1315    53739   47700      0    1.43e+00    0    1.01e+00
2006 01 04  1320    53739   48000      0    1.38e+00    0    9.72e-01
2006 01 04  1325    53739   48300      0    1.40e+00    0    9.91e-01
2006 01 04  1330    53739   48600      0    1.40e+00    0    9.83e-01
2006 01 04  1335    53739   48900      0    1.41e+00    0    9.87e-01
2006 01 04  1340    53739   49200      0    1.36e+00    0    9.49e-01
2006 01 04  1345    53739   49500      0    1.40e+00    0    9.77e-01
2006 01 04  1350    53739   49800      0    1.42e+00    0    9.96e-01
2006 01 04  1355    53739   50100      0    1.41e+00    0    9.83e-01
2006 01 04  1400    53739   50400      0    1.38e+00    0    9.72e-01
2006 01 04  1405    53739   50700      0    1.38e+00    0    9.79e-01
2006 01 04  1410    53739   51000      0    1.38e+00    0    9.54e-01
2006 01 04  1415    53739   51300      0    1.41e+00    0    9.83e-01
2006 01 04  1420    53739   51600      0    1.41e+00    0    9.99e-01
2006 01 04  1425    53739   51900      0    1.40e+00    0    9.86e-01
2006 01 04  1430    53739   52200      0    1.39e+00    0    9.69e-01
2006 01 04  1435    53739   52500      0    1.39e+00    0    9.80e-01
2006 01 04  1440    53739   52800      0    1.41e+00    0    9.81e-01
2006 01 04  1445    53739   53100      0    1.36e+00    0    9.45e-01
2006 01 04  1450    53739   53400      0    1.39e+00    0    9.76e-01
2006 01 04  1455    53739   53700      0    1.38e+00    0    9.66e-01
2006 01 04  1500    53739   54000      0    1.40e+00    0    9.83e-01
2006 01 04  1505    53739   54300      0    1.39e+00    0    9.70e-01
2006 01 04  1510    53739   54600      0    1.40e+00    0    9.81e-01
2006 01 04  1515    53739   54900      0    1.40e+00    0    9.96e-01
2006 01 04  1520    53739   55200      0    1.40e+00    0    9.94e-01
2006 01 04  1525    53739   55500      0    1.41e+00    0    9.94e-01
2006 01 04  1530    53739   55800      0    1.41e+00    0    9.90e-01
2006 01 04  1535    53739   56100      0    1.42e+00    0    1.00e+00
2006 01 04  1540    53739   56400      0    1.42e+00    0    9.97e-01
2006 01 04  1545    53739   56700      0    1.36e+00    0    9.61e-01
2006 01 04  1550    53739   57000      0    1.41e+00    0    9.98e-01
2006 01 04  1555    53739   57300      0    1.38e+00    0    9.71e-01
2006 01 04  1600    53739   57600      0    1.39e+00    0    9.68e-01
2006 01 04  1605    53739   57900      0    1.41e+00    0    9.83e-01
2006 01 04  1610    53739   58200      0    1.40e+00    0    9.76e-01
2006 01 04  1615    53739   58500      0    1.37e+00    0    9.60e-01
2006 01 04  1620    53739   58800      0    1.41e+00    0    9.84e-01
2006 01 04  1625    53739   59100      0    1.42e+00    0    9.98e-01
2006 01 04  1630    53739   59400      0    1.40e+00    0    9.83e-01
2006 01 04  1635    53739   59700      0    1.38e+00    0    9.57e-01
2006 01 04  1640    53739   60000      0    1.41e+00    0    1.00e+00
2006 01 04  1645    53739   60300      0    1.38e+00    0    9.60e-01
2006 01 04  1650    53739   60600      0    1.39e+00    0    9.71e-01
2006 01 04  1655    53739   60900      0    1.40e+00    0    9.78e-01
2006 01 04  1700    53739   61200      0    1.38e+00    0    9.76e-01
2006 01 04  1705    53739   61500      0    1.40e+00    0    9.88e-01
2006 01 04  1710    53739   61800      0    1.40e+00    0    9.91e-01
2006 01 04  1715    53739   62100      0    1.42e+00    0    9.88e-01
2006 01 04  1720    53739   62400      0    1.43e+00    0    1.00e+00
2006 01 04  1725    53739   62700      0    1.42e+00    0    9.97e-01
2006 01 04  1730    53739   63000      0    1.39e+00    0    9.80e-01
2006 01 04  1735    53739   63300      0    1.40e+00    0    9.82e-01
2006 01 04  1740    53739   63600      0    1.39e+00    0    9.67e-01
2006 01 04  1745    53739   63900      0    1.43e+00    0    9.94e-01
2006 01 04  1750    53739   64200      0    1.37e+00    0    9.53e-01
2006 01 04  1755    53739   64500      0    1.39e+00    0    9.80e-01
2006 01 04  1800    53739   64800      0    1.39e+00    0    9.72e-01
2006 01 04  1805    53739   65100      0    1.40e+00    0    9.81e-01
2006 01 04  1810    53739   65400      0    1.41e+00    0    1.00e+00
2006 01 04  1815    53739   65700      0    1.39e+00    0    9.77e-01
2006 01 04  1820    53739   66000      0    1.40e+00    0    9.77e-01
2006 01 04  1825    53739   66300      0    1.37e+00    0    9.52e-01
2006 01 04  1830    53739   66600      0    1.44e+00    0    1.01e+00
2006 01 04  1835    53739   66900      0    1.42e+00    0    9.93e-01
2006 01 04  1840    53739   67200      0    1.41e+00    0    9.90e-01
2006 01 04  1845    53739   67500      0    1.42e+00    0    9.87e-01
2006 01 04  1850    53739   67800      0    1.42e+00    0    9.97e-01
2006 01 04  1855    53739   68100      0    1.43e+00    0    1.01e+00
2006 01 04  1900    53739   68400      0    1.43e+00    0    1.01e+00
2006 01 04  1905    53739   68700      0    1.42e+00    0    9.96e-01
2006 01 04  1910    53739   69000      0    1.43e+00    0    1.00e+00
2006 01 04  1915    53739   69300      0    1.40e+00    0    9.67e-01
2006 01 04  1920    53739   69600      0    1.35e+00    0    9.42e-01
2006 01 04  1925    53739   69900      0    1.44e+00    0    1.01e+00
2006 01 04  1930    53739   70200      0    1.42e+00    0    1.01e+00
2006 01 04  1935    53739   70500      0    1.41e+00    0    9.94e-01
2006 01 04  1940    53739   70800      0    1.45e+00    0    1.00e+00
2006 01 04  1945    53739   71100      0    1.43e+00    0    1.00e+00
2006 01 04  1950    53739   71400      0    1.40e+00    0    9.81e-01
2006 01 04  1955    53739   71700      0    1.42e+00    0    1.00e+00
2006 01 04  2000    53739   72000      0    1.41e+00    0    9.81e-01
2006 01 04  2005    53739   72300      0    1.40e+00    0    9.75e-01
2006 01 04  2010    53739   72600      0    1.40e+00    0    9.87e-01
2006 01 04  2015    53739   72900      0    1.38e+00    0    9.68e-01
2006 01 04  2020    53739   73200      0    1.41e+00    0    9.98e-01
2006 01 04  2025    53739   73500      0    1.40e+00    0    9.92e-01
2006 01 04  2030    53739   73800      0    1.42e+00    0    9.96e-01
2006 01 04  2035    53739   74100      0    1.36e+00    0    9.51e-01
2006 01 04  2040    53739   74400      0    1.41e+00    0    9.79e-01
2006 01 04  2045    53739   74700      0    1.36e+00    0    9.58e-01
2006 01 04  2050    53739   75000      0    1.40e+00    0    9.78e-01
2006 01 04  2055    53739   75300      0    1.39e+00    0    9.80e-01
2006 01 04  2100    53739   75600      0    1.39e+00    0    9.90e-01
2006 01 04  2105    53739   75900      0    1.39e+00    0    9.80e-01
2006 01 04  2110    53739   76200      0    1.38e+00    0    9.78e-01
2006 01 04  2115    53739   76500      0    1.39e+00    0    9.74e-01
2006 01 04  2120    53739   76800      0    1.42e+00    0    9.97e-01
2006 01 04  2125    53739   77100      0    1.41e+00    0    9.97e-01
2006 01 04  2130    53739   77400      0    1.39e+00    0    9.74e-01
2006 01 04  2135    53739   77700      0    1.42e+00    0    1.02e+00
2006 01 04  2140    53739   78000      0    1.36e+00    0    9.64e-01
2006 01 04  2145    53739   78300      0    1.38e+00    0    9.78e-01
2006 01 04  2150    53739   78600      0    1.37e+00    0    9.57e-01
2006 01 04  2155    53739   78900      0    1.38e+00    0    9.67e-01
2006 01 04  2200    53739   79200      0    1.39e+00    0    9.81e-01
2006 01 04  2205    53739   79500      0    1.43e+00    0    1.00e+00
2006 01 04  2210    53739   79800      0    1.38e+00    0    9.73e-01
2006 01 04  2215    53739   80100      0    1.38e+00    0    9.64e-01
2006 01 04  2220    53739   80400      0    1.41e+00    0    9.93e-01
2006 01 04  2225    53739   80700      0    1.39e+00    0    9.72e-01
2006 01 04  2230    53739   81000      0    1.40e+00    0    9.88e-01
2006 01 04  2235    53739   81300      0    1.40e+00    0    9.82e-01
2006 01 04  2240    53739   81600      0    1.40e+00    0    9.83e-01
2006 01 04  2245    53739   81900      0    1.40e+00    0    9.74e-01
2006 01 04  2250    53739   82200      0    1.38e+00    0    9.74e-01
2006 01 04  2255    53739   82500      0    1.37e+00    0    9.52e-01
2006 01 04  2300    53739   82800      0    1.39e+00    0    9.82e-01
2006 01 04  2305    53739   83100      0    1.44e+00    0    1.01e+00
2006 01 04  2310    53739   83400      0    1.40e+00    0    9.87e-01
2006 01 04  2315    53739   83700      0    1.42e+00    0    1.02e+00
2006 01 04  2320    53739   84000      0    1.38e+00    0    9.76e-01
2006 01 04  2325    53739   84300      0    1.41e+00    0    9.89e-01
2006 01 04  2330    53739   84600      0    1.38e+00    0    9.74e-01
2006 01 04  2335    53739   84900      0    1.38e+00    0    9.82e-01
2006 01 04  2340    53739   85200      0    1.38e+00    0    9.87e-01
2006 01 04  2345    53739   85500      0    1.37e+00    0    9.69e-01
2006 01 04  2350    53739   85800      0    1.40e+00    0    9.82e-01
2006 01 04  2355    53739   86100      0    1.39e+00    0    9.78e-01
