:Data_list: 20060805_ace_sis_5m.txt
:Created: 2006 Aug 06 0011 UT
# Prepared by the U.S. Dept. of Commerce, NOAA, Space Environment Center.
# Please send comments and suggestions to SEC.Webmaster@noaa.gov 
# 
# Units: proton flux p/cs2-sec-ster
# Status(S): 0 = nominal data, 1 to 8 = bad data record, 9 = no data
# Missing data values: -1.00e+05
# Source: ACE Satellite - Solar Isotope Spectrometer
#
# 5-minute averaged Real-time Integral Flux of High-energy Solar Protons
# 
#                 Modified Seconds
# UT Date   Time   Julian  of the      ---- Integral Proton Flux ----
# YR MO DA  HHMM     Day     Day       S    > 10 MeV    S    > 30 MeV
#--------------------------------------------------------------------
2006 08 05  0000    53952       0      0    1.64e+00    0    1.15e+00
2006 08 05  0005    53952     300      0    1.65e+00    0    1.15e+00
2006 08 05  0010    53952     600      0    1.63e+00    0    1.14e+00
2006 08 05  0015    53952     900      0    1.66e+00    0    1.15e+00
2006 08 05  0020    53952    1200      0    1.62e+00    0    1.14e+00
2006 08 05  0025    53952    1500      0    1.65e+00    0    1.15e+00
2006 08 05  0030    53952    1800      0    1.63e+00    0    1.14e+00
2006 08 05  0035    53952    2100      0    1.66e+00    0    1.17e+00
2006 08 05  0040    53952    2400      9   -1.00e+05    9   -1.00e+05
2006 08 05  0045    53952    2700      0    1.65e+00    0    1.16e+00
2006 08 05  0050    53952    3000      0    1.65e+00    0    1.15e+00
2006 08 05  0055    53952    3300      0    1.64e+00    0    1.15e+00
2006 08 05  0100    53952    3600      0    1.63e+00    0    1.14e+00
2006 08 05  0105    53952    3900      0    1.66e+00    0    1.16e+00
2006 08 05  0110    53952    4200      0    1.62e+00    0    1.13e+00
2006 08 05  0115    53952    4500      0    1.67e+00    0    1.18e+00
2006 08 05  0120    53952    4800      0    1.67e+00    0    1.18e+00
2006 08 05  0125    53952    5100      0    1.66e+00    0    1.16e+00
2006 08 05  0130    53952    5400      0    1.66e+00    0    1.17e+00
2006 08 05  0135    53952    5700      0    1.68e+00    0    1.18e+00
2006 08 05  0140    53952    6000      0    1.63e+00    0    1.14e+00
2006 08 05  0145    53952    6300      0    1.67e+00    0    1.17e+00
2006 08 05  0150    53952    6600      0    1.65e+00    0    1.17e+00
2006 08 05  0155    53952    6900      0    1.65e+00    0    1.17e+00
2006 08 05  0200    53952    7200      0    1.68e+00    0    1.18e+00
2006 08 05  0205    53952    7500      0    1.65e+00    0    1.16e+00
2006 08 05  0210    53952    7800      0    1.65e+00    0    1.15e+00
2006 08 05  0215    53952    8100      0    1.67e+00    0    1.17e+00
2006 08 05  0220    53952    8400      0    1.67e+00    0    1.17e+00
2006 08 05  0225    53952    8700      0    1.65e+00    0    1.15e+00
2006 08 05  0230    53952    9000      0    1.66e+00    0    1.17e+00
2006 08 05  0235    53952    9300      0    1.68e+00    0    1.19e+00
2006 08 05  0240    53952    9600      0    1.70e+00    0    1.20e+00
2006 08 05  0245    53952    9900      0    1.66e+00    0    1.16e+00
2006 08 05  0250    53952   10200      0    1.70e+00    0    1.19e+00
2006 08 05  0255    53952   10500      0    1.71e+00    0    1.20e+00
2006 08 05  0300    53952   10800      0    1.63e+00    0    1.15e+00
2006 08 05  0305    53952   11100      0    1.64e+00    0    1.14e+00
2006 08 05  0310    53952   11400      0    1.61e+00    0    1.14e+00
2006 08 05  0315    53952   11700      0    1.60e+00    0    1.13e+00
2006 08 05  0320    53952   12000      0    1.68e+00    0    1.17e+00
2006 08 05  0325    53952   12300      0    1.67e+00    0    1.18e+00
2006 08 05  0330    53952   12600      0    1.65e+00    0    1.16e+00
2006 08 05  0335    53952   12900      0    1.68e+00    0    1.17e+00
2006 08 05  0340    53952   13200      0    1.68e+00    0    1.17e+00
2006 08 05  0345    53952   13500      0    1.66e+00    0    1.15e+00
2006 08 05  0350    53952   13800      0    1.62e+00    0    1.13e+00
2006 08 05  0355    53952   14100      0    1.64e+00    0    1.15e+00
2006 08 05  0400    53952   14400      0    1.57e+00    0    1.11e+00
2006 08 05  0405    53952   14700      0    1.65e+00    0    1.15e+00
2006 08 05  0410    53952   15000      0    1.65e+00    0    1.15e+00
2006 08 05  0415    53952   15300      0    1.66e+00    0    1.17e+00
2006 08 05  0420    53952   15600      0    1.67e+00    0    1.18e+00
2006 08 05  0425    53952   15900      0    1.64e+00    0    1.14e+00
2006 08 05  0430    53952   16200      0    1.68e+00    0    1.18e+00
2006 08 05  0435    53952   16500      0    1.70e+00    0    1.20e+00
2006 08 05  0440    53952   16800      0    1.64e+00    0    1.15e+00
2006 08 05  0445    53952   17100      0    1.70e+00    0    1.19e+00
2006 08 05  0450    53952   17400      0    1.69e+00    0    1.18e+00
2006 08 05  0455    53952   17700      0    1.68e+00    0    1.19e+00
2006 08 05  0500    53952   18000      0    1.68e+00    0    1.18e+00
2006 08 05  0505    53952   18300      0    1.65e+00    0    1.18e+00
2006 08 05  0510    53952   18600      0    1.66e+00    0    1.17e+00
2006 08 05  0515    53952   18900      0    1.63e+00    0    1.15e+00
2006 08 05  0520    53952   19200      0    1.68e+00    0    1.19e+00
2006 08 05  0525    53952   19500      0    1.67e+00    0    1.16e+00
2006 08 05  0530    53952   19800      0    1.66e+00    0    1.16e+00
2006 08 05  0535    53952   20100      0    1.67e+00    0    1.19e+00
2006 08 05  0540    53952   20400      0    1.69e+00    0    1.17e+00
2006 08 05  0545    53952   20700      0    1.68e+00    0    1.18e+00
2006 08 05  0550    53952   21000      0    1.64e+00    0    1.15e+00
2006 08 05  0555    53952   21300      0    1.66e+00    0    1.16e+00
2006 08 05  0600    53952   21600      0    1.66e+00    0    1.16e+00
2006 08 05  0605    53952   21900      0    1.67e+00    0    1.18e+00
2006 08 05  0610    53952   22200      0    1.64e+00    0    1.15e+00
2006 08 05  0615    53952   22500      0    1.67e+00    0    1.16e+00
2006 08 05  0620    53952   22800      0    1.65e+00    0    1.16e+00
2006 08 05  0625    53952   23100      0    1.73e+00    0    1.20e+00
2006 08 05  0630    53952   23400      0    1.68e+00    0    1.18e+00
2006 08 05  0635    53952   23700      0    1.66e+00    0    1.16e+00
2006 08 05  0640    53952   24000      0    1.68e+00    0    1.18e+00
2006 08 05  0645    53952   24300      0    1.67e+00    0    1.17e+00
2006 08 05  0650    53952   24600      0    1.64e+00    0    1.15e+00
2006 08 05  0655    53952   24900      0    1.65e+00    0    1.15e+00
2006 08 05  0700    53952   25200      0    1.69e+00    0    1.19e+00
2006 08 05  0705    53952   25500      0    1.73e+00    0    1.22e+00
2006 08 05  0710    53952   25800      0    1.69e+00    0    1.16e+00
2006 08 05  0715    53952   26100      0    1.69e+00    0    1.18e+00
2006 08 05  0720    53952   26400      0    1.68e+00    0    1.19e+00
2006 08 05  0725    53952   26700      0    1.67e+00    0    1.18e+00
2006 08 05  0730    53952   27000      0    1.67e+00    0    1.17e+00
2006 08 05  0735    53952   27300      0    1.66e+00    0    1.16e+00
2006 08 05  0740    53952   27600      0    1.69e+00    0    1.18e+00
2006 08 05  0745    53952   27900      0    1.66e+00    0    1.16e+00
2006 08 05  0750    53952   28200      0    1.67e+00    0    1.17e+00
2006 08 05  0755    53952   28500      0    1.68e+00    0    1.17e+00
2006 08 05  0800    53952   28800      0    1.68e+00    0    1.17e+00
2006 08 05  0805    53952   29100      0    1.69e+00    0    1.19e+00
2006 08 05  0810    53952   29400      0    1.66e+00    0    1.17e+00
2006 08 05  0815    53952   29700      0    1.67e+00    0    1.19e+00
2006 08 05  0820    53952   30000      0    1.70e+00    0    1.17e+00
2006 08 05  0825    53952   30300      0    1.67e+00    0    1.16e+00
2006 08 05  0830    53952   30600      0    1.69e+00    0    1.19e+00
2006 08 05  0835    53952   30900      0    1.68e+00    0    1.18e+00
2006 08 05  0840    53952   31200      0    1.69e+00    0    1.17e+00
2006 08 05  0845    53952   31500      0    1.63e+00    0    1.14e+00
2006 08 05  0850    53952   31800      0    1.68e+00    0    1.18e+00
2006 08 05  0855    53952   32100      0    1.68e+00    0    1.17e+00
2006 08 05  0900    53952   32400      0    1.63e+00    0    1.15e+00
2006 08 05  0905    53952   32700      0    1.69e+00    0    1.19e+00
2006 08 05  0910    53952   33000      0    1.68e+00    0    1.18e+00
2006 08 05  0915    53952   33300      0    1.69e+00    0    1.18e+00
2006 08 05  0920    53952   33600      0    1.66e+00    0    1.17e+00
2006 08 05  0925    53952   33900      0    1.67e+00    0    1.16e+00
2006 08 05  0930    53952   34200      0    1.68e+00    0    1.17e+00
2006 08 05  0935    53952   34500      0    1.70e+00    0    1.20e+00
2006 08 05  0940    53952   34800      0    1.65e+00    0    1.16e+00
2006 08 05  0945    53952   35100      0    1.70e+00    0    1.20e+00
2006 08 05  0950    53952   35400      0    1.66e+00    0    1.16e+00
2006 08 05  0955    53952   35700      0    1.67e+00    0    1.17e+00
2006 08 05  1000    53952   36000      0    1.69e+00    0    1.19e+00
2006 08 05  1005    53952   36300      0    1.69e+00    0    1.20e+00
2006 08 05  1010    53952   36600      0    1.67e+00    0    1.18e+00
2006 08 05  1015    53952   36900      0    1.64e+00    0    1.14e+00
2006 08 05  1020    53952   37200      0    1.66e+00    0    1.16e+00
2006 08 05  1025    53952   37500      0    1.66e+00    0    1.16e+00
2006 08 05  1030    53952   37800      0    1.67e+00    0    1.18e+00
2006 08 05  1035    53952   38100      0    1.66e+00    0    1.17e+00
2006 08 05  1040    53952   38400      0    1.66e+00    0    1.16e+00
2006 08 05  1045    53952   38700      0    1.68e+00    0    1.16e+00
2006 08 05  1050    53952   39000      0    1.65e+00    0    1.15e+00
2006 08 05  1055    53952   39300      0    1.68e+00    0    1.18e+00
2006 08 05  1100    53952   39600      0    1.72e+00    0    1.20e+00
2006 08 05  1105    53952   39900      0    1.68e+00    0    1.18e+00
2006 08 05  1110    53952   40200      0    1.69e+00    0    1.19e+00
2006 08 05  1115    53952   40500      0    1.67e+00    0    1.17e+00
2006 08 05  1120    53952   40800      0    1.69e+00    0    1.18e+00
2006 08 05  1125    53952   41100      0    1.72e+00    0    1.20e+00
2006 08 05  1130    53952   41400      0    1.64e+00    0    1.15e+00
2006 08 05  1135    53952   41700      0    1.65e+00    0    1.15e+00
2006 08 05  1140    53952   42000      0    1.66e+00    0    1.17e+00
2006 08 05  1145    53952   42300      0    1.72e+00    0    1.22e+00
2006 08 05  1150    53952   42600      0    1.66e+00    0    1.16e+00
2006 08 05  1155    53952   42900      0    1.67e+00    0    1.17e+00
2006 08 05  1200    53952   43200      0    1.68e+00    0    1.18e+00
2006 08 05  1205    53952   43500      0    1.67e+00    0    1.17e+00
2006 08 05  1210    53952   43800      0    1.70e+00    0    1.20e+00
2006 08 05  1215    53952   44100      0    1.68e+00    0    1.16e+00
2006 08 05  1220    53952   44400      0    1.68e+00    0    1.18e+00
2006 08 05  1225    53952   44700      0    1.67e+00    0    1.16e+00
2006 08 05  1230    53952   45000      0    1.61e+00    0    1.14e+00
2006 08 05  1235    53952   45300      0    1.68e+00    0    1.18e+00
2006 08 05  1240    53952   45600      0    1.67e+00    0    1.18e+00
2006 08 05  1245    53952   45900      0    1.70e+00    0    1.20e+00
2006 08 05  1250    53952   46200      0    1.69e+00    0    1.17e+00
2006 08 05  1255    53952   46500      0    1.66e+00    0    1.15e+00
2006 08 05  1300    53952   46800      0    1.69e+00    0    1.19e+00
2006 08 05  1305    53952   47100      0    1.70e+00    0    1.20e+00
2006 08 05  1310    53952   47400      0    1.70e+00    0    1.19e+00
2006 08 05  1315    53952   47700      0    1.64e+00    0    1.14e+00
2006 08 05  1320    53952   48000      0    1.68e+00    0    1.18e+00
2006 08 05  1325    53952   48300      0    1.67e+00    0    1.18e+00
2006 08 05  1330    53952   48600      0    1.68e+00    0    1.18e+00
2006 08 05  1335    53952   48900      0    1.66e+00    0    1.17e+00
2006 08 05  1340    53952   49200      0    1.71e+00    0    1.19e+00
2006 08 05  1345    53952   49500      0    1.69e+00    0    1.18e+00
2006 08 05  1350    53952   49800      0    1.68e+00    0    1.16e+00
2006 08 05  1355    53952   50100      0    1.68e+00    0    1.18e+00
2006 08 05  1400    53952   50400      0    1.70e+00    0    1.20e+00
2006 08 05  1405    53952   50700      0    1.76e+00    0    1.22e+00
2006 08 05  1410    53952   51000      0    1.67e+00    0    1.16e+00
2006 08 05  1415    53952   51300      0    1.63e+00    0    1.15e+00
2006 08 05  1420    53952   51600      0    1.66e+00    0    1.17e+00
2006 08 05  1425    53952   51900      0    1.66e+00    0    1.17e+00
2006 08 05  1430    53952   52200      0    1.69e+00    0    1.18e+00
2006 08 05  1435    53952   52500      0    1.70e+00    0    1.20e+00
2006 08 05  1440    53952   52800      0    1.70e+00    0    1.19e+00
2006 08 05  1445    53952   53100      0    1.70e+00    0    1.19e+00
2006 08 05  1450    53952   53400      0    1.71e+00    0    1.20e+00
2006 08 05  1455    53952   53700      0    1.72e+00    0    1.20e+00
2006 08 05  1500    53952   54000      0    1.69e+00    0    1.19e+00
2006 08 05  1505    53952   54300      0    1.68e+00    0    1.20e+00
2006 08 05  1510    53952   54600      0    1.66e+00    0    1.16e+00
2006 08 05  1515    53952   54900      0    1.63e+00    0    1.14e+00
2006 08 05  1520    53952   55200      0    1.65e+00    0    1.15e+00
2006 08 05  1525    53952   55500      0    1.69e+00    0    1.19e+00
2006 08 05  1530    53952   55800      0    1.67e+00    0    1.17e+00
2006 08 05  1535    53952   56100      0    1.70e+00    0    1.20e+00
2006 08 05  1540    53952   56400      0    1.69e+00    0    1.18e+00
2006 08 05  1545    53952   56700      0    1.68e+00    0    1.16e+00
2006 08 05  1550    53952   57000      0    1.69e+00    0    1.18e+00
2006 08 05  1555    53952   57300      0    1.68e+00    0    1.18e+00
2006 08 05  1600    53952   57600      0    1.74e+00    0    1.23e+00
2006 08 05  1605    53952   57900      0    1.71e+00    0    1.21e+00
2006 08 05  1610    53952   58200      0    1.69e+00    0    1.18e+00
2006 08 05  1615    53952   58500      0    1.69e+00    0    1.19e+00
2006 08 05  1620    53952   58800      0    1.68e+00    0    1.18e+00
2006 08 05  1625    53952   59100      0    1.67e+00    0    1.17e+00
2006 08 05  1630    53952   59400      0    1.68e+00    0    1.16e+00
2006 08 05  1635    53952   59700      0    1.67e+00    0    1.16e+00
2006 08 05  1640    53952   60000      0    1.68e+00    0    1.19e+00
2006 08 05  1645    53952   60300      0    1.68e+00    0    1.18e+00
2006 08 05  1650    53952   60600      0    1.69e+00    0    1.19e+00
2006 08 05  1655    53952   60900      0    1.67e+00    0    1.16e+00
2006 08 05  1700    53952   61200      0    1.71e+00    0    1.21e+00
2006 08 05  1705    53952   61500      0    1.68e+00    0    1.17e+00
2006 08 05  1710    53952   61800      0    1.66e+00    0    1.15e+00
2006 08 05  1715    53952   62100      0    1.67e+00    0    1.17e+00
2006 08 05  1720    53952   62400      0    1.69e+00    0    1.19e+00
2006 08 05  1725    53952   62700      0    1.69e+00    0    1.19e+00
2006 08 05  1730    53952   63000      0    1.68e+00    0    1.18e+00
2006 08 05  1735    53952   63300      0    1.69e+00    0    1.18e+00
2006 08 05  1740    53952   63600      0    1.66e+00    0    1.17e+00
2006 08 05  1745    53952   63900      0    1.68e+00    0    1.19e+00
2006 08 05  1750    53952   64200      0    1.69e+00    0    1.18e+00
2006 08 05  1755    53952   64500      0    1.69e+00    0    1.18e+00
2006 08 05  1800    53952   64800      0    1.64e+00    0    1.14e+00
2006 08 05  1805    53952   65100      0    1.66e+00    0    1.17e+00
2006 08 05  1810    53952   65400      0    1.68e+00    0    1.18e+00
2006 08 05  1815    53952   65700      0    1.63e+00    0    1.14e+00
2006 08 05  1820    53952   66000      0    1.71e+00    0    1.21e+00
2006 08 05  1825    53952   66300      0    1.68e+00    0    1.19e+00
2006 08 05  1830    53952   66600      0    1.73e+00    0    1.22e+00
2006 08 05  1835    53952   66900      0    1.67e+00    0    1.18e+00
2006 08 05  1840    53952   67200      0    1.69e+00    0    1.20e+00
2006 08 05  1845    53952   67500      0    1.68e+00    0    1.18e+00
2006 08 05  1850    53952   67800      0    1.70e+00    0    1.19e+00
2006 08 05  1855    53952   68100      0    1.67e+00    0    1.16e+00
2006 08 05  1900    53952   68400      0    1.67e+00    0    1.17e+00
2006 08 05  1905    53952   68700      0    1.67e+00    0    1.17e+00
2006 08 05  1910    53952   69000      0    1.69e+00    0    1.19e+00
2006 08 05  1915    53952   69300      0    1.68e+00    0    1.19e+00
2006 08 05  1920    53952   69600      0    1.66e+00    0    1.16e+00
2006 08 05  1925    53952   69900      0    1.69e+00    0    1.19e+00
2006 08 05  1930    53952   70200      0    1.66e+00    0    1.16e+00
2006 08 05  1935    53952   70500      0    1.64e+00    0    1.15e+00
2006 08 05  1940    53952   70800      0    1.70e+00    0    1.19e+00
2006 08 05  1945    53952   71100      0    1.67e+00    0    1.16e+00
2006 08 05  1950    53952   71400      0    1.67e+00    0    1.17e+00
2006 08 05  1955    53952   71700      0    1.70e+00    0    1.20e+00
2006 08 05  2000    53952   72000      0    1.69e+00    0    1.17e+00
2006 08 05  2005    53952   72300      0    1.68e+00    0    1.17e+00
2006 08 05  2010    53952   72600      0    1.65e+00    0    1.16e+00
2006 08 05  2015    53952   72900      0    1.69e+00    0    1.18e+00
2006 08 05  2020    53952   73200      0    1.69e+00    0    1.19e+00
2006 08 05  2025    53952   73500      0    1.73e+00    0    1.22e+00
2006 08 05  2030    53952   73800      0    1.70e+00    0    1.20e+00
2006 08 05  2035    53952   74100      0    1.67e+00    0    1.17e+00
2006 08 05  2040    53952   74400      0    1.69e+00    0    1.19e+00
2006 08 05  2045    53952   74700      0    1.70e+00    0    1.18e+00
2006 08 05  2050    53952   75000      0    1.70e+00    0    1.20e+00
2006 08 05  2055    53952   75300      0    1.66e+00    0    1.17e+00
2006 08 05  2100    53952   75600      0    1.67e+00    0    1.18e+00
2006 08 05  2105    53952   75900      0    1.66e+00    0    1.16e+00
2006 08 05  2110    53952   76200      0    1.71e+00    0    1.20e+00
2006 08 05  2115    53952   76500      0    1.69e+00    0    1.18e+00
2006 08 05  2120    53952   76800      0    1.69e+00    0    1.19e+00
2006 08 05  2125    53952   77100      0    1.71e+00    0    1.21e+00
2006 08 05  2130    53952   77400      0    1.64e+00    0    1.15e+00
2006 08 05  2135    53952   77700      0    1.70e+00    0    1.19e+00
2006 08 05  2140    53952   78000      0    1.67e+00    0    1.17e+00
2006 08 05  2145    53952   78300      0    1.68e+00    0    1.18e+00
2006 08 05  2150    53952   78600      0    1.70e+00    0    1.20e+00
2006 08 05  2155    53952   78900      0    1.68e+00    0    1.17e+00
2006 08 05  2200    53952   79200      0    1.69e+00    0    1.19e+00
2006 08 05  2205    53952   79500      0    1.70e+00    0    1.20e+00
2006 08 05  2210    53952   79800      0    1.68e+00    0    1.18e+00
2006 08 05  2215    53952   80100      0    1.70e+00    0    1.19e+00
2006 08 05  2220    53952   80400      0    1.67e+00    0    1.17e+00
2006 08 05  2225    53952   80700      0    1.70e+00    0    1.19e+00
2006 08 05  2230    53952   81000      0    1.69e+00    0    1.17e+00
2006 08 05  2235    53952   81300      0    1.69e+00    0    1.18e+00
2006 08 05  2240    53952   81600      0    1.66e+00    0    1.16e+00
2006 08 05  2245    53952   81900      0    1.68e+00    0    1.16e+00
2006 08 05  2250    53952   82200      0    1.68e+00    0    1.18e+00
2006 08 05  2255    53952   82500      0    1.65e+00    0    1.14e+00
2006 08 05  2300    53952   82800      0    1.68e+00    0    1.17e+00
2006 08 05  2305    53952   83100      0    1.66e+00    0    1.16e+00
2006 08 05  2310    53952   83400      0    1.64e+00    0    1.15e+00
2006 08 05  2315    53952   83700      0    1.70e+00    0    1.19e+00
2006 08 05  2320    53952   84000      0    1.67e+00    0    1.17e+00
2006 08 05  2325    53952   84300      0    1.71e+00    0    1.20e+00
2006 08 05  2330    53952   84600      0    1.66e+00    0    1.17e+00
2006 08 05  2335    53952   84900      0    1.67e+00    0    1.18e+00
2006 08 05  2340    53952   85200      0    1.67e+00    0    1.17e+00
2006 08 05  2345    53952   85500      0    1.68e+00    0    1.17e+00
2006 08 05  2350    53952   85800      0    1.70e+00    0    1.18e+00
2006 08 05  2355    53952   86100      0    1.67e+00    0    1.17e+00
