:Data_list: 20060113_ace_epam_5m.txt
:Created: 2006 Jan 14 0012 UT
# Prepared by the U.S. Dept. of Commerce, NOAA, Space Environment Center.
# Please send comments and suggestions to SEC.Webmaster@noaa.gov 
# 
# Units: Differential Flux particles/cm2-s-ster-MeV
# Units: Anisotropy Index 0.0 - 2.0
# Status(S): 0 = nominal, 4,6,7,8 = bad data, unable to process, 9 = no data
# Missing data values: -1.00e+05, index = -1.00
# Source: ACE Satellite - Electron, Proton, and Alpha Monitor
# 2004 Feb 04: see http://www.sec.noaa.gov/ftpdir/lists/ace/README for EPAM channel change notice.
#
#                      5-minute averaged Real-time Differential Electron and Proton Flux 
# 
#                Modified Seconds ---------------------------- Differential Flux --------------------------- 
# UT Date   Time  Julian  of the  ----- Electron -----   ------------------- Protons keV -------------------   Anis.
# YR MO DA  HHMM    Day    Day    S    38-53   175-315   S    47-68   115-195   310-580   761-1220 1060-1900   Ratio
#-------------------------------------------------------------------------------------------------------------------
2006 01 13  0000   53748       0  0  3.86e+02  2.01e+01  0  1.37e+03  2.28e+01  2.49e+00  9.56e-01  2.11e-01   0.20
2006 01 13  0005   53748     300  0  3.93e+02  1.86e+01  0  1.35e+03  2.11e+01  3.28e+00  6.29e-01  2.90e-01   0.77
2006 01 13  0010   53748     600  0  4.58e+02  2.20e+01  0  1.29e+03  1.82e+01  3.34e+00  6.10e-01  1.16e-01   0.10
2006 01 13  0015   53748     900  0  3.82e+02  1.58e+01  0  1.42e+03  1.96e+01  2.82e+00  8.11e-01  2.11e-01   0.48
2006 01 13  0020   53748    1200  0  3.74e+02  1.67e+01  0  1.36e+03  2.00e+01  2.66e+00  7.91e-01  1.96e-01   0.12
2006 01 13  0025   53748    1500  0  4.22e+02  1.80e+01  0  1.31e+03  1.53e+01  2.43e+00  9.56e-01  1.90e-01   0.18
2006 01 13  0030   53748    1800  0  3.83e+02  1.22e+01  0  1.33e+03  2.12e+01  2.92e+00  9.35e-01  8.11e-02   0.48
2006 01 13  0035   53748    2100  0  4.54e+02  2.26e+01  0  1.39e+03  1.90e+01  3.32e+00  1.14e+00  1.97e-01   0.52
2006 01 13  0040   53748    2400  0  3.66e+02  1.80e+01  0  1.42e+03  1.95e+01  2.66e+00  8.31e-01  1.48e-01   0.46
2006 01 13  0045   53748    2700  0  4.51e+02  1.95e+01  0  1.38e+03  2.10e+01  3.24e+00  9.35e-01  1.90e-01   0.28
2006 01 13  0050   53748    3000  0  5.22e+02  1.98e+01  0  1.41e+03  2.13e+01  2.77e+00  1.21e+00  2.23e-01   0.79
2006 01 13  0055   53748    3300  0  4.37e+02  1.76e+01  0  1.37e+03  1.90e+01  2.56e+00  8.73e-01  1.90e-01   0.34
2006 01 13  0100   53748    3600  0  4.69e+02  2.09e+01  0  1.22e+03  2.13e+01  3.30e+00  9.50e-01  2.14e-01   0.05
2006 01 13  0105   53748    3900  0  4.67e+02  2.01e+01  0  1.40e+03  1.97e+01  2.82e+00  9.98e-01  1.69e-01   0.59
2006 01 13  0110   53748    4200  0  4.15e+02  1.89e+01  0  1.41e+03  1.85e+01  2.95e+00  9.98e-01  2.95e-01   0.40
2006 01 13  0115   53748    4500  0  4.14e+02  1.68e+01  0  1.31e+03  1.96e+01  3.08e+00  8.27e-01  1.25e-01   0.20
2006 01 13  0120   53748    4800  0  5.78e+02  1.70e+01  0  1.41e+03  1.70e+01  3.18e+00  6.03e-01  2.20e-01   0.18
2006 01 13  0125   53748    5100  0  3.91e+02  1.74e+01  0  1.36e+03  2.28e+01  3.02e+00  9.15e-01  1.90e-01   0.36
2006 01 13  0130   53748    5400  0  4.10e+02  1.90e+01  0  1.36e+03  1.93e+01  2.94e+00  1.07e+00  2.76e-01   0.37
2006 01 13  0135   53748    5700  0  4.52e+02  2.24e+01  0  1.32e+03  2.01e+01  3.31e+00  1.21e+00  1.48e-01   0.15
2006 01 13  0140   53748    6000  0  5.21e+02  2.06e+01  0  1.42e+03  2.07e+01  3.31e+00  1.35e+00  1.74e-01   0.53
2006 01 13  0145   53748    6300  0  4.20e+02  1.98e+01  0  1.38e+03  2.15e+01  3.00e+00  1.05e+00  8.69e-02   0.16
2006 01 13  0150   53748    6600  0  3.97e+02  1.55e+01  0  1.27e+03  1.84e+01  2.92e+00  1.16e+00  2.42e-01   0.40
2006 01 13  0155   53748    6900  0  4.84e+02  2.36e+01  0  1.43e+03  2.08e+01  3.00e+00  1.14e+00  1.45e-01   0.44
2006 01 13  0200   53748    7200  0  4.78e+02  1.47e+01  0  1.36e+03  1.99e+01  2.76e+00  1.26e+00  2.11e-01   0.25
2006 01 13  0205   53748    7500  0  4.04e+02  1.93e+01  0  1.42e+03  1.91e+01  2.82e+00  1.33e+00  2.32e-01   0.30
2006 01 13  0210   53748    7800  0  4.12e+02  1.65e+01  0  1.36e+03  2.21e+01  2.40e+00  1.28e+00  2.80e-01   0.28
2006 01 13  0215   53748    8100  0  5.29e+02  2.44e+01  0  1.43e+03  2.07e+01  3.28e+00  1.18e+00  2.61e-01   0.18
2006 01 13  0220   53748    8400  0  3.95e+02  2.04e+01  0  1.35e+03  1.85e+01  3.21e+00  1.12e+00  2.90e-01   0.49
2006 01 13  0225   53748    8700  0  4.40e+02  1.39e+01  0  1.24e+03  1.97e+01  2.69e+00  1.23e+00  2.32e-01   0.11
2006 01 13  0230   53748    9000  0  4.68e+02  1.90e+01  0  1.41e+03  2.11e+01  3.00e+00  7.43e-01  1.74e-01   0.60
2006 01 13  0235   53748    9300  0  4.05e+02  1.86e+01  0  1.44e+03  2.04e+01  2.67e+00  8.96e-01  1.93e-01   0.75
2006 01 13  0240   53748    9600  0  4.44e+02  1.60e+01  0  1.36e+03  1.95e+01  3.28e+00  8.31e-01  1.79e-01   0.10
2006 01 13  0245   53748    9900  0  4.33e+02  1.82e+01  0  1.38e+03  2.09e+01  2.91e+00  7.62e-01  2.70e-01   0.47
2006 01 13  0250   53748   10200  0  4.32e+02  2.18e+01  0  1.38e+03  2.29e+01  3.31e+00  8.76e-01  1.83e-01   0.04
2006 01 13  0255   53748   10500  0  4.53e+02  2.34e+01  0  1.40e+03  2.02e+01  2.88e+00  9.15e-01  1.58e-01   0.63
2006 01 13  0300   53748   10800  0  4.96e+02  1.77e+01  0  1.28e+03  2.27e+01  3.33e+00  1.02e+00  1.78e-01   0.18
2006 01 13  0305   53748   11100  0  4.76e+02  2.34e+01  0  1.42e+03  2.06e+01  3.51e+00  9.56e-01  2.21e-01   0.55
2006 01 13  0310   53748   11400  0  4.19e+02  2.13e+01  0  1.44e+03  1.86e+01  3.28e+00  1.29e+00  2.84e-01   0.38
2006 01 13  0315   53748   11700  0  4.61e+02  2.13e+01  0  1.34e+03  2.02e+01  3.08e+00  1.23e+00  2.50e-01   0.19
2006 01 13  0320   53748   12000  0  4.83e+02  2.07e+01  0  1.40e+03  1.88e+01  3.34e+00  9.15e-01  2.11e-01   0.23
2006 01 13  0325   53748   12300  0  4.17e+02  1.87e+01  0  1.44e+03  2.15e+01  3.11e+00  1.04e+00  3.06e-01   0.55
2006 01 13  0330   53748   12600  0  4.23e+02  2.26e+01  0  1.38e+03  1.88e+01  2.88e+00  9.32e-01  2.23e-01   0.40
2006 01 13  0335   53748   12900  0  4.84e+02  1.93e+01  0  1.35e+03  1.89e+01  3.28e+00  7.69e-01  1.16e-01   0.38
2006 01 13  0340   53748   13200  0  4.09e+02  2.04e+01  0  1.43e+03  2.20e+01  3.13e+00  1.00e+00  2.14e-01   0.32
2006 01 13  0345   53748   13500  0  4.55e+02  2.09e+01  0  1.41e+03  1.94e+01  3.02e+00  8.11e-01  2.32e-01   0.52
2006 01 13  0350   53748   13800  0  4.46e+02  2.07e+01  0  1.33e+03  2.10e+01  2.92e+00  8.94e-01  2.53e-01   0.12
2006 01 13  0355   53748   14100  0  5.25e+02  1.98e+01  0  1.40e+03  2.23e+01  3.38e+00  9.32e-01  2.05e-01   0.31
2006 01 13  0400   53748   14400  0  4.27e+02  1.76e+01  0  1.44e+03  1.92e+01  3.61e+00  1.02e+00  2.42e-01   0.39
2006 01 13  0405   53748   14700  0  4.22e+02  2.13e+01  0  1.32e+03  1.99e+01  2.62e+00  8.11e-01  2.42e-01   0.35
2006 01 13  0410   53748   15000  0  5.42e+02  1.83e+01  0  1.36e+03  1.82e+01  3.25e+00  1.18e+00  2.32e-01   0.30
2006 01 13  0415   53748   15300  0  4.44e+02  2.05e+01  0  1.43e+03  2.12e+01  3.08e+00  1.04e+00  2.42e-01   0.36
2006 01 13  0420   53748   15600  0  4.40e+02  1.91e+01  0  1.34e+03  2.01e+01  3.40e+00  1.03e+00  2.03e-01   0.15
2006 01 13  0425   53748   15900  0  4.50e+02  2.48e+01  0  1.28e+03  2.16e+01  3.37e+00  1.09e+00  2.61e-01   0.36
2006 01 13  0430   53748   16200  0  5.79e+02  1.95e+01  0  1.45e+03  1.91e+01  2.82e+00  1.14e+00  2.95e-01   0.36
2006 01 13  0435   53748   16500  0  4.53e+02  1.88e+01  0  1.44e+03  1.98e+01  2.91e+00  1.24e+00  2.41e-01   0.08
2006 01 13  0440   53748   16800  0  4.76e+02  2.20e+01  0  1.34e+03  2.08e+01  2.79e+00  8.38e-01  2.51e-01   0.21
2006 01 13  0445   53748   17100  0  5.68e+02  1.72e+01  0  1.44e+03  2.15e+01  3.47e+00  1.64e+00  1.58e-01   0.20
2006 01 13  0450   53748   17400  0  4.23e+02  1.95e+01  0  1.35e+03  2.11e+01  3.19e+00  9.15e-01  1.55e-01   0.13
2006 01 13  0455   53748   17700  0  4.22e+02  2.18e+01  0  1.39e+03  2.25e+01  3.15e+00  1.16e+00  3.48e-01   0.42
2006 01 13  0500   53748   18000  0  4.78e+02  1.61e+01  0  1.33e+03  2.14e+01  3.06e+00  9.72e-01  2.41e-01   0.43
2006 01 13  0505   53748   18300  0  4.64e+02  1.95e+01  0  1.43e+03  2.28e+01  3.41e+00  1.27e+00  2.63e-01   0.27
2006 01 13  0510   53748   18600  0  4.98e+02  1.98e+01  0  1.42e+03  2.28e+01  3.03e+00  1.03e+00  2.51e-01   0.24
2006 01 13  0515   53748   18900  0  4.78e+02  2.07e+01  0  1.35e+03  2.28e+01  3.70e+00  1.09e+00  3.67e-01   0.16
2006 01 13  0520   53748   19200  0  4.80e+02  2.15e+01  0  1.40e+03  2.35e+01  3.38e+00  1.06e+00  2.53e-01   0.59
2006 01 13  0525   53748   19500  0  5.26e+02  1.77e+01  0  1.37e+03  1.83e+01  3.28e+00  1.11e+00  2.03e-01   0.14
2006 01 13  0530   53748   19800  0  5.14e+02  1.98e+01  0  1.38e+03  2.36e+01  3.25e+00  9.72e-01  2.51e-01   0.36
2006 01 13  0535   53748   20100  0  4.78e+02  2.14e+01  0  1.31e+03  2.01e+01  2.98e+00  1.29e+00  2.21e-01   0.05
2006 01 13  0540   53748   20400  0  4.87e+02  1.93e+01  0  1.42e+03  1.99e+01  3.86e+00  1.21e+00  2.59e-01   0.17
2006 01 13  0545   53748   20700  0  4.55e+02  2.09e+01  0  1.42e+03  2.27e+01  3.97e+00  1.29e+00  2.95e-01   0.46
2006 01 13  0550   53748   21000  0  4.53e+02  1.91e+01  0  1.27e+03  2.16e+01  3.34e+00  1.33e+00  2.53e-01   0.35
2006 01 13  0555   53748   21300  0  5.49e+02  1.86e+01  0  1.39e+03  2.11e+01  3.80e+00  1.20e+00  3.83e-01   0.15
2006 01 13  0600   53748   21600  0  5.05e+02  2.13e+01  0  1.40e+03  2.29e+01  4.23e+00  1.54e+00  3.27e-01   0.32
2006 01 13  0605   53748   21900  0  4.47e+02  1.97e+01  0  1.34e+03  1.99e+01  3.18e+00  1.43e+00  3.27e-01   0.21
2006 01 13  0610   53748   22200  0  6.06e+02  2.03e+01  0  1.43e+03  2.23e+01  3.77e+00  1.13e+00  3.12e-01   0.40
2006 01 13  0615   53748   22500  0  5.14e+02  1.82e+01  0  1.42e+03  2.16e+01  3.21e+00  1.62e+00  2.53e-01   0.23
2006 01 13  0620   53748   22800  0  4.75e+02  1.60e+01  0  1.35e+03  2.17e+01  4.13e+00  1.41e+00  3.83e-01   0.30
2006 01 13  0625   53748   23100  0  4.55e+02  1.68e+01  0  1.29e+03  2.27e+01  4.43e+00  1.79e+00  3.90e-01   0.07
2006 01 13  0630   53748   23400  0  5.41e+02  1.70e+01  0  1.39e+03  2.15e+01  4.26e+00  1.64e+00  3.90e-01   0.08
2006 01 13  0635   53748   23700  0  4.62e+02  1.77e+01  0  1.42e+03  2.75e+01  4.94e+00  1.72e+00  4.72e-01   0.06
2006 01 13  0640   53748   24000  0  4.78e+02  2.07e+01  0  1.37e+03  3.14e+01  5.57e+00  2.06e+00  4.43e-01   0.28
2006 01 13  0645   53748   24300  0  5.75e+02  2.01e+01  0  1.42e+03  2.99e+01  5.44e+00  2.16e+00  5.06e-01   0.13
2006 01 13  0650   53748   24600  0  4.76e+02  2.16e+01  0  1.35e+03  3.45e+01  7.04e+00  1.75e+00  5.34e-01   0.21
2006 01 13  0655   53748   24900  0  5.38e+02  1.80e+01  0  1.36e+03  3.09e+01  6.20e+00  2.00e+00  5.58e-01   0.34
2006 01 13  0700   53748   25200  0  5.75e+02  1.81e+01  0  1.40e+03  3.25e+01  7.36e+00  1.79e+00  5.22e-01   0.47
2006 01 13  0705   53748   25500  0  5.52e+02  1.82e+01  0  1.39e+03  3.04e+01  6.97e+00  2.08e+00  3.48e-01   0.33
2006 01 13  0710   53748   25800  0  4.87e+02  1.70e+01  0  1.34e+03  3.68e+01  6.75e+00  1.66e+00  5.37e-01   0.42
2006 01 13  0715   53748   26100  0  4.96e+02  2.04e+01  0  1.32e+03  3.48e+01  7.00e+00  1.83e+00  4.73e-01   0.32
2006 01 13  0720   53748   26400  0  5.69e+02  1.54e+01  0  1.38e+03  3.17e+01  6.40e+00  1.79e+00  4.44e-01   0.22
2006 01 13  0725   53748   26700  0  5.30e+02  1.62e+01  0  1.41e+03  3.34e+01  6.62e+00  1.83e+00  6.11e-01   0.24
2006 01 13  0730   53748   27000  0  5.97e+02  2.02e+01  0  1.37e+03  2.95e+01  6.49e+00  1.64e+00  6.37e-01   0.05
2006 01 13  0735   53748   27300  0  6.08e+02  2.00e+01  0  1.41e+03  2.62e+01  6.10e+00  1.70e+00  5.02e-01   0.11
2006 01 13  0740   53748   27600  0  4.26e+02  2.00e+01  0  1.36e+03  2.81e+01  5.77e+00  1.92e+00  5.60e-01   0.10
2006 01 13  0745   53748   27900  0  5.52e+02  1.87e+01  0  1.40e+03  2.84e+01  5.61e+00  1.73e+00  4.00e-01   0.08
2006 01 13  0750   53748   28200  0  4.76e+02  1.90e+01  0  1.33e+03  2.68e+01  5.74e+00  1.91e+00  4.83e-01   0.22
2006 01 13  0755   53748   28500  0  5.79e+02  2.09e+01  0  1.44e+03  2.85e+01  5.89e+00  1.70e+00  4.44e-01   0.12
2006 01 13  0800   53748   28800  0  5.00e+02  2.11e+01  0  1.39e+03  2.80e+01  6.29e+00  2.12e+00  4.43e-01   0.49
2006 01 13  0805   53748   29100  0  4.70e+02  2.09e+01  0  1.41e+03  3.21e+01  6.34e+00  2.08e+00  4.06e-01   0.07
2006 01 13  0810   53748   29400  0  5.87e+02  2.20e+01  0  1.39e+03  2.95e+01  6.88e+00  1.68e+00  4.06e-01   0.43
2006 01 13  0815   53748   29700  0  4.49e+02  2.05e+01  0  1.44e+03  2.72e+01  5.97e+00  1.75e+00  4.43e-01   0.04
2006 01 13  0820   53748   30000  0  5.11e+02  1.59e+01  0  1.38e+03  2.71e+01  6.66e+00  1.92e+00  5.17e-01   0.28
2006 01 13  0825   53748   30300  0  5.41e+02  1.72e+01  0  1.40e+03  3.14e+01  6.92e+00  1.73e+00  5.69e-01   0.24
2006 01 13  0830   53748   30600  0  4.92e+02  2.09e+01  0  1.39e+03  3.30e+01  7.38e+00  1.77e+00  5.06e-01   0.27
2006 01 13  0835   53748   30900  0  4.88e+02  2.03e+01  0  1.40e+03  3.25e+01  6.63e+00  1.94e+00  5.53e-01   0.09
2006 01 13  0840   53748   31200  0  5.25e+02  2.18e+01  0  1.31e+03  3.30e+01  7.64e+00  1.64e+00  6.53e-01   0.42
2006 01 13  0845   53748   31500  0  6.06e+02  1.82e+01  0  1.43e+03  3.24e+01  7.83e+00  1.87e+00  7.90e-01   0.64
2006 01 13  0850   53748   31800  0  4.65e+02  2.14e+01  0  1.45e+03  3.69e+01  7.66e+00  1.62e+00  5.26e-01   0.18
2006 01 13  0855   53748   32100  0  4.50e+02  2.06e+01  0  1.41e+03  3.34e+01  8.65e+00  1.74e+00  5.91e-01   0.13
2006 01 13  0900   53748   32400  0  5.34e+02  2.11e+01  0  1.31e+03  3.00e+01  6.38e+00  1.50e+00  5.08e-01   0.01
2006 01 13  0905   53748   32700  0  4.64e+02  1.97e+01  0  1.40e+03  3.60e+01  7.11e+00  2.12e+00  6.01e-01   0.24
2006 01 13  0910   53748   33000  0  4.35e+02  2.18e+01  0  1.38e+03  3.39e+01  6.33e+00  1.91e+00  5.37e-01   0.25
2006 01 13  0915   53748   33300  0  4.75e+02  2.13e+01  0  1.36e+03  3.03e+01  6.52e+00  2.08e+00  5.35e-01   0.33
2006 01 13  0920   53748   33600  0  5.54e+02  1.99e+01  0  1.43e+03  3.15e+01  6.72e+00  1.41e+00  4.64e-01   0.14
2006 01 13  0925   53748   33900  0  4.56e+02  1.72e+01  0  1.41e+03  3.18e+01  7.11e+00  1.77e+00  6.01e-01   0.05
2006 01 13  0930   53748   34200  0  4.73e+02  2.01e+01  0  1.36e+03  2.90e+01  6.30e+00  1.62e+00  4.81e-01   0.12
2006 01 13  0935   53748   34500  0  5.16e+02  1.87e+01  0  1.41e+03  3.06e+01  5.93e+00  1.66e+00  5.27e-01   0.22
2006 01 13  0940   53748   34800  0  4.27e+02  1.74e+01  0  1.43e+03  2.76e+01  5.59e+00  1.64e+00  4.06e-01   0.21
2006 01 13  0945   53748   35100  0  4.76e+02  2.14e+01  0  1.39e+03  2.43e+01  4.33e+00  1.60e+00  5.60e-01   0.34
2006 01 13  0950   53748   35400  0  4.62e+02  1.93e+01  0  1.34e+03  2.47e+01  4.52e+00  1.41e+00  3.16e-01   0.31
2006 01 13  0955   53748   35700  0  4.79e+02  1.84e+01  0  1.41e+03  2.33e+01  4.63e+00  1.62e+00  4.25e-01   0.27
2006 01 13  1000   53748   36000  0  4.41e+02  1.68e+01  0  1.40e+03  2.84e+01  6.64e+00  1.37e+00  4.83e-01   0.38
2006 01 13  1005   53748   36300  0  4.56e+02  1.82e+01  0  1.30e+03  3.41e+01  6.69e+00  2.08e+00  4.95e-01   0.16
2006 01 13  1010   53748   36600  0  5.22e+02  2.48e+01  0  1.43e+03  3.17e+01  6.25e+00  1.87e+00  4.44e-01   0.23
2006 01 13  1015   53748   36900  0  4.56e+02  2.16e+01  0  1.38e+03  3.07e+01  7.03e+00  1.56e+00  5.12e-01   0.20
2006 01 13  1020   53748   37200  0  5.19e+02  1.98e+01  0  1.41e+03  2.76e+01  5.98e+00  2.02e+00  5.31e-01   0.30
2006 01 13  1025   53748   37500  0  5.05e+02  1.78e+01  0  1.40e+03  2.85e+01  6.29e+00  1.87e+00  5.48e-01   0.19
2006 01 13  1030   53748   37800  0  4.60e+02  2.02e+01  0  1.44e+03  3.19e+01  7.00e+00  1.73e+00  5.51e-01   0.37
2006 01 13  1035   53748   38100  0  4.78e+02  1.81e+01  0  1.38e+03  3.39e+01  8.32e+00  1.87e+00  6.66e-01   0.16
2006 01 13  1040   53748   38400  0  5.01e+02  2.55e+01  0  1.33e+03  3.11e+01  6.62e+00  1.75e+00  4.95e-01   0.32
2006 01 13  1045   53748   38700  0  5.08e+02  1.72e+01  0  1.39e+03  3.25e+01  7.30e+00  1.70e+00  5.99e-01   0.34
2006 01 13  1050   53748   39000  0  5.03e+02  1.81e+01  0  1.41e+03  2.79e+01  5.98e+00  1.81e+00  4.44e-01   0.25
2006 01 13  1055   53748   39300  0  4.67e+02  1.45e+01  0  1.37e+03  2.58e+01  4.98e+00  1.14e+00  2.95e-01   0.21
2006 01 13  1100   53748   39600  0  5.49e+02  2.09e+01  0  1.40e+03  2.60e+01  4.24e+00  1.46e+00  4.28e-01   0.10
2006 01 13  1105   53748   39900  0  4.27e+02  2.09e+01  0  1.35e+03  2.49e+01  4.43e+00  1.58e+00  5.58e-01   0.15
2006 01 13  1110   53748   40200  0  3.91e+02  1.58e+01  0  1.36e+03  2.46e+01  4.16e+00  1.83e+00  4.43e-01   0.20
2006 01 13  1115   53748   40500  0  5.08e+02  1.85e+01  0  1.35e+03  2.89e+01  6.32e+00  1.79e+00  4.01e-01   0.11
2006 01 13  1120   53748   40800  0  5.57e+02  1.84e+01  0  1.41e+03  3.46e+01  6.79e+00  1.58e+00  4.95e-01   0.40
2006 01 13  1125   53748   41100  0  4.67e+02  2.11e+01  0  1.39e+03  2.99e+01  6.29e+00  1.54e+00  6.53e-01   0.30
2006 01 13  1130   53748   41400  0  4.93e+02  1.67e+01  0  1.34e+03  3.05e+01  6.41e+00  1.78e+00  5.08e-01   0.15
2006 01 13  1135   53748   41700  0  5.77e+02  2.09e+01  0  1.42e+03  3.18e+01  5.51e+00  2.10e+00  4.64e-01   0.18
2006 01 13  1140   53748   42000  0  5.59e+02  1.86e+01  0  1.35e+03  2.69e+01  6.18e+00  1.74e+00  5.53e-01   0.17
2006 01 13  1145   53748   42300  0  4.56e+02  2.18e+01  0  1.42e+03  2.94e+01  5.54e+00  1.91e+00  5.69e-01   0.42
2006 01 13  1150   53748   42600  0  5.48e+02  1.97e+01  0  1.36e+03  2.68e+01  5.31e+00  1.64e+00  5.69e-01   0.11
2006 01 13  1155   53748   42900  0  5.01e+02  1.91e+01  0  1.42e+03  3.23e+01  5.94e+00  1.76e+00  6.15e-01   0.26
2006 01 13  1200   53748   43200  0  5.75e+02  1.74e+01  0  1.42e+03  3.27e+01  6.13e+00  1.75e+00  4.74e-01   0.11
2006 01 13  1205   53748   43500  0  5.21e+02  2.16e+01  0  1.31e+03  2.87e+01  5.47e+00  1.70e+00  6.43e-01   0.37
2006 01 13  1210   53748   43800  0  5.27e+02  1.93e+01  0  1.44e+03  2.84e+01  5.71e+00  1.99e+00  6.33e-01   0.10
2006 01 13  1215   53748   44100  0  4.44e+02  1.84e+01  0  1.42e+03  3.02e+01  6.98e+00  1.60e+00  6.43e-01   0.33
2006 01 13  1220   53748   44400  0  4.75e+02  1.81e+01  0  1.38e+03  2.91e+01  5.80e+00  1.79e+00  5.02e-01   0.36
2006 01 13  1225   53748   44700  0  5.26e+02  1.59e+01  0  1.36e+03  3.00e+01  6.55e+00  1.83e+00  5.22e-01   0.04
2006 01 13  1230   53748   45000  0  4.33e+02  1.87e+01  0  1.42e+03  2.95e+01  6.62e+00  1.87e+00  6.85e-01   0.17
2006 01 13  1235   53748   45300  0  4.70e+02  2.13e+01  0  1.38e+03  3.39e+01  7.36e+00  1.64e+00  5.89e-01   0.18
2006 01 13  1240   53748   45600  0  4.55e+02  1.77e+01  0  1.31e+03  3.01e+01  6.91e+00  1.96e+00  6.37e-01   0.20
2006 01 13  1245   53748   45900  0  6.11e+02  1.66e+01  0  1.47e+03  2.57e+01  6.72e+00  1.91e+00  6.32e-01   0.20
2006 01 13  1250   53748   46200  0  4.63e+02  2.21e+01  0  1.39e+03  3.27e+01  5.95e+00  1.66e+00  4.83e-01   0.28
2006 01 13  1255   53748   46500  0  5.03e+02  2.07e+01  0  1.31e+03  2.92e+01  5.44e+00  1.81e+00  4.54e-01   0.32
2006 01 13  1300   53748   46800  0  5.65e+02  1.66e+01  0  1.40e+03  2.49e+01  4.59e+00  2.31e+00  5.06e-01   0.17
2006 01 13  1305   53748   47100  0  4.73e+02  1.79e+01  0  1.43e+03  2.71e+01  5.80e+00  1.68e+00  5.22e-01   0.07
2006 01 13  1310   53748   47400  0  4.61e+02  1.59e+01  0  1.34e+03  3.03e+01  5.17e+00  1.66e+00  5.79e-01   0.27
2006 01 13  1315   53748   47700  0  4.61e+02  1.95e+01  0  1.34e+03  2.91e+01  5.47e+00  1.92e+00  5.60e-01   0.17
2006 01 13  1320   53748   48000  0  5.30e+02  2.16e+01  0  1.44e+03  2.53e+01  6.10e+00  1.60e+00  3.69e-01   0.08
2006 01 13  1325   53748   48300  0  4.03e+02  2.06e+01  0  1.43e+03  3.10e+01  6.07e+00  1.87e+00  3.38e-01   0.15
2006 01 13  1330   53748   48600  0  4.61e+02  2.14e+01  0  1.31e+03  2.84e+01  6.10e+00  1.47e+00  4.83e-01   0.11
2006 01 13  1335   53748   48900  0  5.48e+02  1.93e+01  0  1.40e+03  2.51e+01  6.13e+00  2.02e+00  4.74e-01   0.11
2006 01 13  1340   53748   49200  0  4.63e+02  2.23e+01  0  1.35e+03  3.00e+01  6.01e+00  1.73e+00  6.28e-01   0.11
2006 01 13  1345   53748   49500  0  4.36e+02  1.86e+01  0  1.43e+03  3.11e+01  6.40e+00  1.73e+00  4.06e-01   0.08
2006 01 13  1350   53748   49800  0  5.25e+02  2.11e+01  0  1.38e+03  3.01e+01  6.00e+00  2.29e+00  4.95e-01   0.20
2006 01 13  1355   53748   50100  0  4.87e+02  1.72e+01  0  1.43e+03  3.01e+01  5.57e+00  1.64e+00  5.53e-01   0.39
2006 01 13  1400   53748   50400  0  4.53e+02  1.87e+01  0  1.37e+03  2.99e+01  6.03e+00  1.56e+00  5.58e-01   0.19
2006 01 13  1405   53748   50700  0  4.91e+02  2.13e+01  0  1.35e+03  2.63e+01  6.52e+00  2.10e+00  4.64e-01   0.16
2006 01 13  1410   53748   51000  0  5.33e+02  1.91e+01  0  1.42e+03  2.70e+01  6.38e+00  1.81e+00  5.17e-01   0.27
2006 01 13  1415   53748   51300  0  4.49e+02  2.09e+01  0  1.44e+03  2.81e+01  6.62e+00  1.83e+00  4.21e-01   0.04
2006 01 13  1420   53748   51600  0  4.15e+02  2.15e+01  0  1.37e+03  2.88e+01  5.77e+00  1.77e+00  5.16e-01   0.24
2006 01 13  1425   53748   51900  0  4.95e+02  2.01e+01  0  1.35e+03  2.67e+01  6.07e+00  1.79e+00  5.44e-01   0.26
2006 01 13  1430   53748   52200  0  4.87e+02  2.11e+01  0  1.38e+03  3.29e+01  5.74e+00  2.27e+00  4.11e-01   0.04
2006 01 13  1435   53748   52500  0  4.84e+02  1.95e+01  0  1.38e+03  2.26e+01  5.73e+00  1.79e+00  4.42e-01   0.07
2006 01 13  1440   53748   52800  0  4.90e+02  1.75e+01  0  1.32e+03  2.59e+01  6.17e+00  2.19e+00  5.03e-01   0.02
2006 01 13  1445   53748   53100  0  4.89e+02  2.09e+01  0  1.43e+03  2.96e+01  5.77e+00  1.89e+00  5.27e-01   0.04
2006 01 13  1450   53748   53400  0  4.84e+02  1.67e+01  0  1.42e+03  2.60e+01  5.66e+00  1.85e+00  4.73e-01   0.26
2006 01 13  1455   53748   53700  0  4.49e+02  2.16e+01  0  1.29e+03  2.53e+01  6.00e+00  1.89e+00  3.79e-01   0.19
2006 01 13  1500   53748   54000  0  5.09e+02  1.91e+01  0  1.40e+03  2.48e+01  5.47e+00  2.06e+00  4.74e-01   0.33
2006 01 13  1505   53748   54300  0  4.66e+02  1.88e+01  0  1.38e+03  2.58e+01  4.94e+00  1.88e+00  3.21e-01   0.22
2006 01 13  1510   53748   54600  0  4.56e+02  1.99e+01  0  1.40e+03  2.46e+01  6.03e+00  1.85e+00  3.69e-01   0.13
2006 01 13  1515   53748   54900  0  5.14e+02  2.30e+01  0  1.35e+03  2.21e+01  5.29e+00  1.81e+00  5.41e-01   0.34
2006 01 13  1520   53748   55200  0  4.35e+02  2.13e+01  0  1.43e+03  2.37e+01  5.65e+00  2.10e+00  4.93e-01   0.21
2006 01 13  1525   53748   55500  0  5.16e+02  1.82e+01  0  1.43e+03  2.56e+01  4.75e+00  1.70e+00  3.69e-01   0.41
2006 01 13  1530   53748   55800  0  4.20e+02  1.91e+01  0  1.29e+03  2.57e+01  4.96e+00  1.68e+00  3.86e-01   0.29
2006 01 13  1535   53748   56100  0  5.44e+02  2.07e+01  0  1.43e+03  2.34e+01  4.81e+00  1.71e+00  3.57e-01   0.41
2006 01 13  1540   53748   56400  0  4.38e+02  1.87e+01  0  1.39e+03  2.79e+01  4.88e+00  1.70e+00  3.90e-01   0.23
2006 01 13  1545   53748   56700  0  4.46e+02  2.06e+01  0  1.33e+03  2.59e+01  5.53e+00  1.89e+00  4.44e-01   0.17
2006 01 13  1550   53748   57000  0  5.27e+02  1.90e+01  0  1.38e+03  2.58e+01  5.23e+00  2.02e+00  5.79e-01   0.46
2006 01 13  1555   53748   57300  0  4.89e+02  1.91e+01  0  1.41e+03  2.75e+01  5.83e+00  1.77e+00  3.77e-01   0.50
2006 01 13  1600   53748   57600  0  4.85e+02  1.99e+01  0  1.45e+03  2.83e+01  5.47e+00  1.77e+00  4.95e-01   0.34
2006 01 13  1605   53748   57900  0  4.98e+02  2.18e+01  0  1.31e+03  2.67e+01  5.59e+00  2.10e+00  6.08e-01   0.25
2006 01 13  1610   53748   58200  0  5.18e+02  2.04e+01  0  1.51e+03  2.43e+01  6.13e+00  1.87e+00  5.02e-01   0.15
2006 01 13  1615   53748   58500  0  4.64e+02  1.78e+01  0  1.39e+03  2.92e+01  6.03e+00  1.70e+00  6.22e-01   0.29
2006 01 13  1620   53748   58800  0  4.56e+02  1.93e+01  0  1.33e+03  2.54e+01  5.35e+00  2.17e+00  4.06e-01   0.21
2006 01 13  1625   53748   59100  0  5.32e+02  1.98e+01  0  1.37e+03  2.31e+01  6.07e+00  1.77e+00  4.83e-01   0.38
2006 01 13  1630   53748   59400  0  4.26e+02  1.66e+01  0  1.38e+03  2.96e+01  5.41e+00  1.48e+00  4.21e-01   0.26
2006 01 13  1635   53748   59700  0  4.58e+02  1.96e+01  0  1.41e+03  3.03e+01  5.80e+00  1.79e+00  4.73e-01   0.07
2006 01 13  1640   53748   60000  0  4.29e+02  1.68e+01  0  1.34e+03  2.25e+01  5.24e+00  1.79e+00  3.27e-01   0.21
2006 01 13  1645   53748   60300  0  4.80e+02  2.15e+01  0  1.36e+03  2.33e+01  4.16e+00  1.60e+00  3.90e-01   0.27
2006 01 13  1650   53748   60600  0  5.07e+02  2.00e+01  0  1.39e+03  2.24e+01  3.74e+00  1.42e+00  4.19e-01   0.14
2006 01 13  1655   53748   60900  0  4.67e+02  1.99e+01  0  1.31e+03  2.25e+01  4.13e+00  1.83e+00  3.58e-01   0.23
2006 01 13  1700   53748   61200  0  6.02e+02  2.05e+01  0  1.39e+03  2.49e+01  4.33e+00  1.79e+00  2.95e-01   0.11
2006 01 13  1705   53748   61500  0  4.67e+02  1.77e+01  0  1.41e+03  2.15e+01  4.52e+00  1.67e+00  3.30e-01   0.32
2006 01 13  1710   53748   61800  0  4.33e+02  1.74e+01  0  1.41e+03  2.16e+01  3.54e+00  1.33e+00  2.84e-01   0.35
2006 01 13  1715   53748   62100  0  5.13e+02  1.96e+01  0  1.38e+03  1.86e+01  3.52e+00  1.06e+00  2.50e-01   0.34
2006 01 13  1720   53748   62400  0  4.65e+02  1.91e+01  0  1.39e+03  2.27e+01  4.13e+00  1.29e+00  2.42e-01   0.09
2006 01 13  1725   53748   62700  0  4.09e+02  2.03e+01  0  1.34e+03  1.98e+01  3.08e+00  9.77e-01  2.42e-01   0.17
2006 01 13  1730   53748   63000  0  3.85e+02  2.13e+01  0  1.29e+03  1.92e+01  3.25e+00  1.06e+00  3.48e-01   0.23
2006 01 13  1735   53748   63300  0  4.49e+02  2.03e+01  0  1.44e+03  2.11e+01  3.25e+00  1.08e+00  2.74e-01   0.37
2006 01 13  1740   53748   63600  0  4.51e+02  2.07e+01  0  1.41e+03  1.84e+01  3.51e+00  9.56e-01  2.63e-01   0.34
2006 01 13  1745   53748   63900  0  4.49e+02  1.83e+01  0  1.33e+03  1.83e+01  3.52e+00  1.00e+00  2.59e-01   0.67
2006 01 13  1750   53748   64200  0  5.21e+02  2.38e+01  0  1.35e+03  2.02e+01  3.93e+00  9.56e-01  2.21e-01   0.18
2006 01 13  1755   53748   64500  0  3.89e+02  2.21e+01  0  1.35e+03  1.78e+01  3.19e+00  7.81e-01  2.12e-01   0.17
2006 01 13  1800   53748   64800  0  4.07e+02  1.93e+01  0  1.35e+03  1.91e+01  3.37e+00  8.58e-01  2.90e-01   0.06
2006 01 13  1805   53748   65100  0  5.72e+02  1.95e+01  0  1.34e+03  1.78e+01  3.44e+00  7.27e-01  2.53e-01   0.25
2006 01 13  1810   53748   65400  0  4.48e+02  1.75e+01  0  1.41e+03  2.25e+01  3.82e+00  9.53e-01  2.99e-01   0.20
2006 01 13  1815   53748   65700  0  4.68e+02  2.00e+01  0  1.43e+03  2.08e+01  3.58e+00  8.76e-01  3.09e-01   0.22
2006 01 13  1820   53748   66000  0  4.17e+02  1.87e+01  0  1.29e+03  2.51e+01  3.25e+00  8.52e-01  1.79e-01   0.18
2006 01 13  1825   53748   66300  0  4.81e+02  1.97e+01  0  1.37e+03  2.08e+01  3.52e+00  9.53e-01  2.22e-01   0.58
2006 01 13  1830   53748   66600  0  4.33e+02  2.16e+01  0  1.40e+03  2.20e+01  2.91e+00  8.57e-01  2.99e-01   0.60
2006 01 13  1835   53748   66900  0  4.51e+02  2.09e+01  0  1.37e+03  2.19e+01  3.15e+00  7.81e-01  2.80e-01   0.13
2006 01 13  1840   53748   67200  0  4.06e+02  2.40e+01  0  1.39e+03  2.17e+01  3.41e+00  9.98e-01  2.42e-01   0.55
2006 01 13  1845   53748   67500  0  4.84e+02  1.63e+01  0  1.39e+03  1.89e+01  2.94e+00  9.53e-01  2.70e-01   0.22
2006 01 13  1850   53748   67800  0  4.07e+02  2.02e+01  0  1.39e+03  2.02e+01  3.85e+00  1.30e+00  1.93e-01   0.16
2006 01 13  1855   53748   68100  0  4.86e+02  1.80e+01  0  1.24e+03  2.08e+01  3.79e+00  1.03e+00  3.65e-01   0.15
2006 01 13  1900   53748   68400  0  5.13e+02  1.91e+01  0  1.39e+03  2.29e+01  3.97e+00  1.09e+00  2.90e-01   0.17
2006 01 13  1905   53748   68700  0  4.33e+02  2.04e+01  0  1.42e+03  2.06e+01  4.03e+00  1.24e+00  2.32e-01   0.11
2006 01 13  1910   53748   69000  0  4.92e+02  1.68e+01  0  1.31e+03  1.90e+01  3.51e+00  1.10e+00  2.32e-01   0.34
2006 01 13  1915   53748   69300  0  4.88e+02  1.99e+01  0  1.35e+03  2.07e+01  4.60e+00  1.04e+00  3.12e-01   0.30
2006 01 13  1920   53748   69600  0  4.22e+02  2.44e+01  0  1.40e+03  1.94e+01  4.03e+00  1.10e+00  3.06e-01   0.13
2006 01 13  1925   53748   69900  0  4.29e+02  1.43e+01  0  1.37e+03  2.27e+01  4.23e+00  1.25e+00  3.90e-01   0.47
2006 01 13  1930   53748   70200  0  5.36e+02  1.80e+01  0  1.29e+03  2.40e+01  4.80e+00  1.35e+00  3.12e-01   0.47
2006 01 13  1935   53748   70500  0  5.88e+02  2.03e+01  0  1.43e+03  2.19e+01  4.23e+00  1.12e+00  3.90e-01   0.24
2006 01 13  1940   53748   70800  0  5.16e+02  2.01e+01  0  1.41e+03  2.25e+01  3.77e+00  1.25e+00  4.53e-01   0.31
2006 01 13  1945   53748   71100  0  4.15e+02  2.04e+01  0  1.30e+03  2.51e+01  3.94e+00  1.20e+00  4.28e-01   0.16
2006 01 13  1950   53748   71400  0  5.48e+02  2.38e+01  0  1.36e+03  2.61e+01  4.39e+00  1.19e+00  3.79e-01   0.07
2006 01 13  1955   53748   71700  0  4.87e+02  1.75e+01  0  1.44e+03  2.27e+01  4.35e+00  1.48e+00  3.92e-01   0.13
2006 01 13  2000   53748   72000  0  4.98e+02  2.03e+01  0  1.38e+03  2.09e+01  4.20e+00  8.11e-01  2.74e-01   0.02
2006 01 13  2005   53748   72300  0  4.98e+02  2.07e+01  0  1.41e+03  2.23e+01  3.67e+00  1.02e+00  4.11e-01   0.29
2006 01 13  2010   53748   72600  0  5.39e+02  1.83e+01  0  1.46e+03  2.32e+01  4.41e+00  1.18e+00  3.83e-01   0.47
2006 01 13  2015   53748   72900  0  5.00e+02  1.87e+01  0  1.40e+03  2.15e+01  4.29e+00  1.21e+00  4.21e-01   0.10
2006 01 13  2020   53748   73200  0  5.18e+02  1.80e+01  0  1.35e+03  2.64e+01  5.08e+00  1.21e+00  3.48e-01   0.10
2006 01 13  2025   53748   73500  0  5.86e+02  2.26e+01  0  1.39e+03  2.19e+01  4.66e+00  1.18e+00  3.57e-01   0.08
2006 01 13  2030   53748   73800  0  5.32e+02  1.72e+01  0  1.43e+03  2.41e+01  4.03e+00  1.43e+00  2.95e-01   0.45
2006 01 13  2035   53748   74100  0  4.98e+02  1.79e+01  0  1.37e+03  2.38e+01  3.79e+00  1.31e+00  4.83e-01   0.33
2006 01 13  2040   53748   74400  0  5.42e+02  1.98e+01  0  1.39e+03  2.22e+01  3.88e+00  1.22e+00  4.44e-01   0.33
2006 01 13  2045   53748   74700  0  4.51e+02  2.67e+01  0  1.38e+03  2.12e+01  4.10e+00  8.94e-01  4.64e-01   0.47
2006 01 13  2050   53748   75000  0  4.78e+02  1.79e+01  0  1.37e+03  2.22e+01  4.30e+00  1.14e+00  3.38e-01   0.20
2006 01 13  2055   53748   75300  0  4.48e+02  1.79e+01  0  1.29e+03  2.29e+01  4.12e+00  1.09e+00  2.61e-01   0.49
2006 01 13  2100   53748   75600  0  5.69e+02  1.58e+01  0  1.50e+03  2.33e+01  3.84e+00  1.33e+00  2.11e-01   0.49
2006 01 13  2105   53748   75900  0  4.73e+02  2.21e+01  0  1.43e+03  2.43e+01  4.84e+00  1.28e+00  4.06e-01   0.31
2006 01 13  2110   53748   76200  0  4.58e+02  1.47e+01  0  1.29e+03  2.29e+01  4.36e+00  1.12e+00  3.96e-01   0.35
2006 01 13  2115   53748   76500  0  4.75e+02  2.25e+01  0  1.36e+03  2.81e+01  5.08e+00  1.22e+00  2.99e-01   0.21
2006 01 13  2120   53748   76800  0  3.75e+02  2.20e+01  0  1.40e+03  2.18e+01  3.64e+00  9.77e-01  3.58e-01   0.37
2006 01 13  2125   53748   77100  0  3.99e+02  1.61e+01  0  1.39e+03  2.54e+01  4.48e+00  9.72e-01  2.80e-01   0.54
2006 01 13  2130   53748   77400  0  4.60e+02  1.56e+01  0  1.31e+03  2.20e+01  4.06e+00  8.77e-01  1.83e-01   0.23
2006 01 13  2135   53748   77700  0  4.62e+02  2.05e+01  0  1.43e+03  2.47e+01  3.21e+00  8.52e-01  2.11e-01   0.43
2006 01 13  2140   53748   78000  0  4.50e+02  1.84e+01  0  1.45e+03  2.01e+01  3.37e+00  7.81e-01  2.51e-01   0.25
2006 01 13  2145   53748   78300  0  4.71e+02  1.59e+01  0  1.29e+03  2.26e+01  3.79e+00  1.03e+00  1.74e-01   0.42
2006 01 13  2150   53748   78600  0  5.75e+02  1.86e+01  0  1.38e+03  2.08e+01  3.80e+00  9.35e-01  2.74e-01   0.35
2006 01 13  2155   53748   78900  0  4.91e+02  1.98e+01  0  1.38e+03  2.35e+01  3.52e+00  1.09e+00  3.66e-01   0.17
2006 01 13  2200   53748   79200  0  4.52e+02  2.05e+01  0  1.40e+03  2.12e+01  3.34e+00  1.08e+00  2.63e-01   0.36
2006 01 13  2205   53748   79500  0  5.99e+02  2.13e+01  0  1.37e+03  2.25e+01  3.18e+00  1.31e+00  1.69e-01   0.39
2006 01 13  2210   53748   79800  0  5.30e+02  2.03e+01  0  1.41e+03  2.32e+01  3.47e+00  9.67e-01  3.21e-01   0.60
2006 01 13  2215   53748   80100  0  4.85e+02  1.84e+01  0  1.45e+03  2.31e+01  3.83e+00  1.04e+00  2.21e-01   0.07
2006 01 13  2220   53748   80400  0  4.76e+02  1.70e+01  0  1.33e+03  2.07e+01  3.74e+00  9.77e-01  2.32e-01   0.11
2006 01 13  2225   53748   80700  0  5.78e+02  2.13e+01  0  1.40e+03  1.91e+01  3.36e+00  8.97e-01  2.23e-01   0.08
2006 01 13  2230   53748   81000  0  4.98e+02  1.97e+01  0  1.41e+03  1.89e+01  3.41e+00  9.35e-01  2.53e-01   0.23
2006 01 13  2235   53748   81300  0  4.52e+02  2.03e+01  0  1.33e+03  2.06e+01  3.33e+00  7.56e-01  2.76e-01   0.18
2006 01 13  2240   53748   81600  0  5.79e+02  1.66e+01  0  1.42e+03  2.14e+01  3.11e+00  9.77e-01  1.90e-01   0.18
2006 01 13  2245   53748   81900  0  4.56e+02  1.82e+01  0  1.41e+03  1.90e+01  3.25e+00  8.94e-01  2.95e-01   0.18
2006 01 13  2250   53748   82200  0  5.16e+02  2.24e+01  0  1.38e+03  1.91e+01  3.38e+00  7.92e-01  2.50e-01   0.29
2006 01 13  2255   53748   82500  0  4.96e+02  2.40e+01  0  1.37e+03  2.21e+01  3.41e+00  7.69e-01  2.95e-01   0.35
2006 01 13  2300   53748   82800  0  6.11e+02  1.74e+01  0  1.40e+03  2.11e+01  3.38e+00  7.69e-01  3.58e-01   0.05
2006 01 13  2305   53748   83100  0  4.99e+02  1.93e+01  0  1.41e+03  2.40e+01  3.19e+00  1.06e+00  3.03e-01   0.16
2006 01 13  2310   53748   83400  0  4.58e+02  2.05e+01  0  1.29e+03  2.05e+01  2.82e+00  5.82e-01  2.84e-01   0.32
2006 01 13  2315   53748   83700  0  5.16e+02  2.00e+01  0  1.38e+03  2.20e+01  3.64e+00  8.76e-01  2.41e-01   0.24
2006 01 13  2320   53748   84000  0  5.62e+02  1.65e+01  0  1.41e+03  2.04e+01  3.25e+00  8.38e-01  3.38e-01   0.39
2006 01 13  2325   53748   84300  0  5.01e+02  1.78e+01  0  1.40e+03  1.92e+01  3.54e+00  5.61e-01  2.63e-01   0.60
2006 01 13  2330   53748   84600  0  5.39e+02  2.04e+01  0  1.36e+03  1.92e+01  3.03e+00  9.34e-01  2.90e-01   0.14
2006 01 13  2335   53748   84900  0  4.71e+02  1.84e+01  0  1.42e+03  1.94e+01  2.82e+00  9.53e-01  3.09e-01   0.23
2006 01 13  2340   53748   85200  0  4.73e+02  1.91e+01  0  1.39e+03  1.85e+01  2.49e+00  8.31e-01  2.53e-01   0.41
2006 01 13  2345   53748   85500  0  4.71e+02  1.98e+01  0  1.31e+03  1.88e+01  3.46e+00  7.05e-01  2.41e-01   0.41
2006 01 13  2350   53748   85800  0  5.69e+02  1.86e+01  0  1.45e+03  2.11e+01  2.61e+00  9.53e-01  2.22e-01   0.13
2006 01 13  2355   53748   86100  0  4.84e+02  1.90e+01  0  1.43e+03  2.09e+01  3.04e+00  8.77e-01  2.32e-01   0.13
