:Data_list: 20061231_ace_epam_5m.txt
:Created: 2007 Jan 01 0012 UT
# Prepared by the U.S. Dept. of Commerce, NOAA, Space Environment Center.
# Please send comments and suggestions to SEC.Webmaster@noaa.gov 
# 
# Units: Differential Flux particles/cm2-s-ster-MeV
# Units: Anisotropy Index 0.0 - 2.0
# Status(S): 0 = nominal, 4,6,7,8 = bad data, unable to process, 9 = no data
# Missing data values: -1.00e+05, index = -1.00
# Source: ACE Satellite - Electron, Proton, and Alpha Monitor
# 2004 Feb 04: see http://www.sec.noaa.gov/ftpdir/lists/ace/README for EPAM channel change notice.
#
#                      5-minute averaged Real-time Differential Electron and Proton Flux 
# 
#                Modified Seconds ---------------------------- Differential Flux --------------------------- 
# UT Date   Time  Julian  of the  ----- Electron -----   ------------------- Protons keV -------------------   Anis.
# YR MO DA  HHMM    Day    Day    S    38-53   175-315   S    47-68   115-195   310-580   761-1220 1060-1900   Ratio
#-------------------------------------------------------------------------------------------------------------------
2006 12 31  0000   54100       0  0  4.73e+02  2.34e+01  0  1.45e+03  2.04e+01  2.01e+00  6.86e-01  7.38e-02   0.60
2006 12 31  0005   54100     300  0  5.00e+02  2.30e+01  0  1.51e+03  1.75e+01  2.28e+00  4.57e-01  1.79e-01   0.84
2006 12 31  0010   54100     600  0  6.12e+02  2.78e+01  0  1.51e+03  1.71e+01  2.92e+00  2.91e-01  1.79e-01   0.58
2006 12 31  0015   54100     900  0  6.07e+02  2.76e+01  0  1.54e+03  1.78e+01  2.97e+00  6.48e-01  1.26e-01   0.36
2006 12 31  0020   54100    1200  0  5.85e+02  2.91e+01  0  1.49e+03  1.99e+01  1.86e+00  7.43e-01  2.80e-01   0.42
2006 12 31  0025   54100    1500  0  5.74e+02  2.78e+01  0  1.45e+03  1.75e+01  2.13e+00  6.86e-01  1.48e-01   0.20
2006 12 31  0030   54100    1800  0  5.77e+02  2.55e+01  0  1.57e+03  1.98e+01  2.33e+00  6.16e-01  1.43e-01   0.46
2006 12 31  0035   54100    2100  0  6.26e+02  2.42e+01  0  1.56e+03  1.90e+01  1.90e+00  5.20e-01  1.58e-01   0.44
2006 12 31  0040   54100    2400  0  4.83e+02  2.13e+01  0  1.55e+03  1.65e+01  1.80e+00  3.95e-01  1.37e-01   0.83
2006 12 31  0045   54100    2700  0  6.50e+02  2.94e+01  0  1.51e+03  1.87e+01  2.19e+00  5.28e-01  2.05e-01   0.85
2006 12 31  0050   54100    3000  0  5.00e+02  2.78e+01  0  1.51e+03  1.81e+01  1.97e+00  6.24e-01  6.95e-02   0.29
2006 12 31  0055   54100    3300  0  5.50e+02  2.80e+01  0  1.50e+03  2.02e+01  2.26e+00  6.03e-01  1.37e-01   0.45
2006 12 31  0100   54100    3600  0  5.27e+02  2.62e+01  0  1.46e+03  2.01e+01  2.39e+00  5.45e-01  1.43e-01   0.14
2006 12 31  0105   54100    3900  0  5.88e+02  2.55e+01  0  1.56e+03  2.00e+01  2.26e+00  7.48e-01  1.90e-01   0.48
2006 12 31  0110   54100    4200  0  4.65e+02  2.80e+01  0  1.56e+03  2.01e+01  2.27e+00  4.92e-01  2.23e-01   0.27
2006 12 31  0115   54100    4500  0  4.65e+02  2.40e+01  0  1.41e+03  1.74e+01  2.49e+00  7.07e-01  1.05e-01   0.63
2006 12 31  0120   54100    4800  0  6.17e+02  2.22e+01  0  1.57e+03  1.91e+01  2.36e+00  7.07e-01  1.26e-01   0.14
2006 12 31  0125   54100    5100  0  5.11e+02  2.40e+01  0  1.51e+03  1.93e+01  2.41e+00  6.68e-01  8.91e-02   0.17
2006 12 31  0130   54100    5400  0  5.86e+02  2.67e+01  0  1.54e+03  1.73e+01  1.93e+00  8.31e-01  1.26e-01   0.12
2006 12 31  0135   54100    5700  0  5.29e+02  2.51e+01  0  1.49e+03  1.91e+01  2.29e+00  6.44e-01  1.58e-01   0.47
2006 12 31  0140   54100    6000  0  6.15e+02  2.55e+01  0  1.54e+03  1.80e+01  1.77e+00  6.16e-01  1.96e-01   0.29
2006 12 31  0145   54100    6300  0  4.59e+02  2.67e+01  0  1.54e+03  2.06e+01  1.84e+00  6.44e-01  1.79e-01   0.52
2006 12 31  0150   54100    6600  0  5.89e+02  2.64e+01  0  1.40e+03  2.17e+01  2.55e+00  5.72e-01  4.64e-02   0.06
2006 12 31  0155   54100    6900  0  6.23e+02  2.46e+01  0  1.60e+03  1.87e+01  2.37e+00  5.14e-01  1.45e-01   1.62
2006 12 31  0200   54100    7200  0  6.22e+02  2.53e+01  0  1.54e+03  1.67e+01  1.90e+00  6.86e-01  2.00e-01   0.32
2006 12 31  0205   54100    7500  0  4.91e+02  2.50e+01  0  1.49e+03  1.92e+01  2.10e+00  6.48e-01  6.76e-02   0.24
2006 12 31  0210   54100    7800  0  5.69e+02  2.21e+01  0  1.53e+03  2.21e+01  2.04e+00  4.76e-01  9.48e-02   0.31
2006 12 31  0215   54100    8100  0  5.14e+02  2.40e+01  0  1.55e+03  1.81e+01  2.33e+00  5.20e-01  1.16e-01   0.27
2006 12 31  0220   54100    8400  0  4.50e+02  2.69e+01  0  1.52e+03  1.90e+01  2.73e+00  6.67e-01  1.06e-01   0.93
2006 12 31  0225   54100    8700  0  4.80e+02  2.39e+01  0  1.40e+03  1.84e+01  1.95e+00  5.34e-01  1.16e-01   0.64
2006 12 31  0230   54100    9000  0  6.39e+02  2.23e+01  0  1.63e+03  1.93e+01  2.13e+00  5.34e-01  1.16e-01   0.52
2006 12 31  0235   54100    9300  0  4.85e+02  2.88e+01  0  1.54e+03  2.00e+01  2.10e+00  6.65e-01  1.58e-01   0.38
2006 12 31  0240   54100    9600  0  5.41e+02  2.66e+01  0  1.47e+03  1.71e+01  1.95e+00  4.76e-01  6.32e-02   0.60
2006 12 31  0245   54100    9900  0  5.95e+02  1.97e+01  0  1.59e+03  2.00e+01  2.10e+00  5.34e-01  9.66e-02   0.41
2006 12 31  0250   54100   10200  0  5.90e+02  2.80e+01  0  1.53e+03  1.54e+01  1.64e+00  6.03e-01  8.28e-02   1.19
2006 12 31  0255   54100   10500  0  6.37e+02  2.80e+01  0  1.51e+03  1.76e+01  2.31e+00  7.62e-01  1.26e-01   0.34
2006 12 31  0300   54100   10800  0  5.75e+02  2.82e+01  0  1.48e+03  1.88e+01  2.64e+00  6.29e-01  1.55e-01   0.53
2006 12 31  0305   54100   11100  0  7.19e+02  2.63e+01  0  1.54e+03  1.80e+01  1.97e+00  4.37e-01  1.26e-01   0.66
2006 12 31  0310   54100   11400  0  4.87e+02  2.40e+01  0  1.57e+03  1.48e+01  1.78e+00  7.04e-01  1.78e-01   0.39
2006 12 31  0315   54100   11700  0  5.16e+02  2.32e+01  0  1.41e+03  1.81e+01  2.06e+00  4.78e-01  9.48e-02   0.11
2006 12 31  0320   54100   12000  0  6.13e+02  2.32e+01  0  1.60e+03  2.04e+01  1.93e+00  5.61e-01  1.26e-01   0.64
2006 12 31  0325   54100   12300  0  5.45e+02  2.16e+01  0  1.50e+03  1.49e+01  2.00e+00  7.39e-01  1.52e-01   0.57
2006 12 31  0330   54100   12600  0  5.19e+02  2.45e+01  0  1.54e+03  1.86e+01  1.97e+00  3.33e-01  1.90e-01   0.34
2006 12 31  0335   54100   12900  0  5.89e+02  2.26e+01  0  1.50e+03  1.85e+01  2.13e+00  6.86e-01  1.05e-01   0.43
2006 12 31  0340   54100   13200  0  6.91e+02  2.32e+01  0  1.56e+03  2.12e+01  2.05e+00  7.21e-01  1.78e-01   0.43
2006 12 31  0345   54100   13500  0  6.06e+02  2.13e+01  0  1.51e+03  1.95e+01  2.10e+00  5.61e-01  1.16e-01   0.06
2006 12 31  0350   54100   13800  0  5.10e+02  2.63e+01  0  1.40e+03  2.01e+01  2.25e+00  4.40e-01  1.07e-01   0.31
2006 12 31  0355   54100   14100  0  5.56e+02  2.72e+01  0  1.55e+03  1.81e+01  2.20e+00  5.20e-01  1.69e-01   0.56
2006 12 31  0400   54100   14400  0  5.81e+02  2.45e+01  0  1.53e+03  1.93e+01  2.56e+00  5.82e-01  1.90e-01   0.30
2006 12 31  0405   54100   14700  0  5.36e+02  2.45e+01  0  1.41e+03  1.76e+01  2.11e+00  6.68e-01  1.34e-01   0.32
2006 12 31  0410   54100   15000  0  5.45e+02  2.51e+01  0  1.54e+03  1.85e+01  2.29e+00  6.86e-01  1.79e-01   0.74
2006 12 31  0415   54100   15300  0  3.68e+02  2.16e+01  0  1.52e+03  1.83e+01  1.93e+00  6.24e-01  1.69e-01   0.27
2006 12 31  0420   54100   15600  0  4.87e+02  2.76e+01  0  1.51e+03  1.79e+01  2.27e+00  5.10e-01  1.69e-01   0.67
2006 12 31  0425   54100   15900  0  4.96e+02  2.13e+01  0  1.45e+03  1.66e+01  1.48e+00  5.20e-01  2.32e-01   0.21
2006 12 31  0430   54100   16200  0  5.83e+02  2.34e+01  0  1.58e+03  2.01e+01  2.31e+00  5.34e-01  1.45e-01   0.82
2006 12 31  0435   54100   16500  0  5.21e+02  2.62e+01  0  1.63e+03  1.99e+01  2.49e+00  4.57e-01  1.16e-01   0.06
2006 12 31  0440   54100   16800  0  5.18e+02  2.09e+01  0  1.44e+03  2.21e+01  2.20e+00  3.95e-01  1.16e-01   0.37
2006 12 31  0445   54100   17100  0  6.64e+02  2.62e+01  0  1.53e+03  1.69e+01  2.13e+00  5.14e-01  1.16e-01   0.39
2006 12 31  0450   54100   17400  0  5.49e+02  2.30e+01  0  1.50e+03  1.58e+01  2.04e+00  7.24e-01  1.45e-01   0.45
2006 12 31  0455   54100   17700  0  5.45e+02  2.78e+01  0  1.51e+03  1.87e+01  2.43e+00  6.03e-01  8.43e-02   0.36
2006 12 31  0500   54100   18000  0  5.59e+02  2.50e+01  0  1.54e+03  1.93e+01  1.92e+00  5.91e-01  1.26e-01   0.27
2006 12 31  0505   54100   18300  0  5.18e+02  3.05e+01  0  1.60e+03  2.01e+01  2.19e+00  6.10e-01  1.35e-01   0.07
2006 12 31  0510   54100   18600  0  4.56e+02  2.30e+01  0  1.50e+03  1.73e+01  2.70e+00  3.62e-01  1.35e-01   0.60
2006 12 31  0515   54100   18900  0  5.47e+02  2.49e+01  0  1.42e+03  2.26e+01  1.97e+00  4.78e-01  1.16e-01   0.35
2006 12 31  0520   54100   19200  0  6.18e+02  2.23e+01  0  1.57e+03  1.83e+01  1.92e+00  5.72e-01  8.69e-02   0.56
2006 12 31  0525   54100   19500  0  4.66e+02  1.98e+01  0  1.57e+03  1.76e+01  1.71e+00  5.53e-01  9.27e-02   0.40
2006 12 31  0530   54100   19800  0  5.86e+02  2.76e+01  0  1.54e+03  1.99e+01  2.33e+00  9.35e-01  8.43e-02   0.18
2006 12 31  0535   54100   20100  0  6.43e+02  2.98e+01  0  1.54e+03  1.88e+01  2.31e+00  8.00e-01  1.64e-01   0.44
2006 12 31  0540   54100   20400  0  5.31e+02  2.69e+01  0  1.60e+03  1.82e+01  1.71e+00  6.10e-01  1.06e-01   0.72
2006 12 31  0545   54100   20700  0  4.39e+02  2.20e+01  0  1.57e+03  2.07e+01  2.43e+00  4.16e-01  9.27e-02   0.51
2006 12 31  0550   54100   21000  0  5.00e+02  2.44e+01  0  1.47e+03  2.14e+01  2.11e+00  6.16e-01  1.96e-01   0.64
2006 12 31  0555   54100   21300  0  5.85e+02  2.84e+01  0  1.65e+03  1.95e+01  2.23e+00  9.15e-01  1.90e-01   0.25
2006 12 31  0600   54100   21600  0  5.48e+02  2.51e+01  0  1.50e+03  1.73e+01  2.20e+00  5.40e-01  1.26e-01   0.57
2006 12 31  0605   54100   21900  0  5.60e+02  2.31e+01  0  1.47e+03  1.79e+01  2.61e+00  6.51e-01  1.52e-01   0.21
2006 12 31  0610   54100   22200  0  7.32e+02  2.65e+01  0  1.58e+03  2.00e+01  2.03e+00  4.16e-01  1.90e-01   0.18
2006 12 31  0615   54100   22500  0  4.64e+02  2.53e+01  0  1.52e+03  1.76e+01  2.69e+00  5.20e-01  1.69e-01   0.79
2006 12 31  0620   54100   22800  0  4.96e+02  2.88e+01  0  1.51e+03  2.06e+01  2.00e+00  3.69e-01  1.07e-01   0.64
2006 12 31  0625   54100   23100  0  5.95e+02  2.72e+01  0  1.54e+03  2.29e+01  2.13e+00  7.48e-01  1.26e-01   0.40
2006 12 31  0630   54100   23400  0  5.91e+02  2.67e+01  0  1.59e+03  2.11e+01  2.52e+00  7.21e-01  1.34e-01   0.22
2006 12 31  0635   54100   23700  0  7.00e+02  3.54e+01  0  1.54e+03  2.23e+01  2.43e+00  6.86e-01  1.04e-01   0.33
2006 12 31  0640   54100   24000  0  5.70e+02  3.13e+01  0  1.47e+03  2.05e+01  2.26e+00  5.20e-01  1.90e-01   0.38
2006 12 31  0645   54100   24300  0  5.75e+02  2.26e+01  0  1.56e+03  2.25e+01  1.91e+00  4.75e-01  1.78e-01   0.42
2006 12 31  0650   54100   24600  0  5.69e+02  2.86e+01  0  1.52e+03  2.07e+01  2.00e+00  4.57e-01  1.79e-01   0.29
2006 12 31  0655   54100   24900  0  5.61e+02  2.42e+01  0  1.55e+03  1.84e+01  1.61e+00  5.61e-01  1.58e-01   0.80
2006 12 31  0700   54100   25200  0  4.74e+02  1.96e+01  0  1.54e+03  1.95e+01  2.30e+00  5.28e-01  8.92e-02   0.31
2006 12 31  0705   54100   25500  0  4.46e+02  2.40e+01  0  1.52e+03  1.92e+01  2.59e+00  4.99e-01  1.79e-01   1.18
2006 12 31  0710   54100   25800  0  5.59e+02  2.78e+01  0  1.57e+03  2.02e+01  2.25e+00  7.43e-01  1.64e-01   0.39
2006 12 31  0715   54100   26100  0  5.16e+02  3.06e+01  0  1.41e+03  1.78e+01  2.10e+00  5.91e-01  1.45e-01   0.30
2006 12 31  0720   54100   26400  0  7.36e+02  2.45e+01  0  1.57e+03  2.19e+01  2.46e+00  4.99e-01  1.69e-01   0.20
2006 12 31  0725   54100   26700  0  4.88e+02  2.99e+01  0  1.50e+03  1.73e+01  2.22e+00  5.72e-01  1.84e-01   0.63
2006 12 31  0730   54100   27000  0  6.18e+02  2.55e+01  0  1.46e+03  2.08e+01  2.64e+00  6.86e-01  1.16e-01   0.65
2006 12 31  0735   54100   27300  0  5.88e+02  2.78e+01  0  1.50e+03  1.94e+01  2.62e+00  5.61e-01  1.79e-01   0.52
2006 12 31  0740   54100   27600  0  4.78e+02  1.86e+01  0  1.50e+03  1.95e+01  2.25e+00  2.86e-01  1.45e-01   1.09
2006 12 31  0745   54100   27900  0  4.63e+02  2.23e+01  0  1.57e+03  1.89e+01  2.34e+00  5.14e-01  1.45e-01   0.19
2006 12 31  0750   54100   28200  0  5.14e+02  2.60e+01  0  1.47e+03  1.64e+01  2.82e+00  5.91e-01  1.55e-01   0.50
2006 12 31  0755   54100   28500  0  5.89e+02  2.09e+01  0  1.61e+03  2.27e+01  2.36e+00  6.44e-01  1.37e-01   0.29
2006 12 31  0800   54100   28800  0  5.09e+02  2.27e+01  0  1.56e+03  2.06e+01  1.98e+00  6.48e-01  1.74e-01   0.13
2006 12 31  0805   54100   29100  0  5.21e+02  2.60e+01  0  1.49e+03  2.26e+01  2.43e+00  5.72e-01  1.64e-01   0.48
2006 12 31  0810   54100   29400  0  5.77e+02  1.93e+01  0  1.54e+03  1.77e+01  2.00e+00  4.57e-01  7.38e-02   0.49
2006 12 31  0815   54100   29700  0  6.15e+02  2.52e+01  0  1.51e+03  2.01e+01  2.16e+00  5.34e-01  1.55e-01   0.94
2006 12 31  0820   54100   30000  0  5.34e+02  2.34e+01  0  1.50e+03  2.20e+01  2.04e+00  5.53e-01  6.76e-02   0.24
2006 12 31  0825   54100   30300  0  6.02e+02  2.20e+01  0  1.51e+03  2.10e+01  2.49e+00  6.86e-01  6.44e-02   0.58
2006 12 31  0830   54100   30600  0  5.54e+02  2.47e+01  0  1.55e+03  1.93e+01  1.97e+00  4.75e-01  1.37e-01   0.50
2006 12 31  0835   54100   30900  0  5.99e+02  2.18e+01  0  1.58e+03  2.05e+01  2.06e+00  6.24e-01  8.43e-02   0.55
2006 12 31  0840   54100   31200  0  5.00e+02  2.47e+01  0  1.47e+03  2.12e+01  2.07e+00  7.07e-01  1.05e-01   0.52
2006 12 31  0845   54100   31500  0  6.32e+02  2.42e+01  0  1.54e+03  2.05e+01  2.36e+00  5.45e-01  1.43e-01   0.61
2006 12 31  0850   54100   31800  0  4.85e+02  2.36e+01  0  1.55e+03  1.94e+01  2.39e+00  5.20e-01  1.37e-01   0.48
2006 12 31  0855   54100   32100  0  4.83e+02  2.71e+01  0  1.49e+03  1.84e+01  1.90e+00  5.61e-01  7.38e-02   0.68
2006 12 31  0900   54100   32400  0  6.80e+02  2.60e+01  0  1.57e+03  2.06e+01  2.66e+00  5.45e-01  1.05e-01   0.63
2006 12 31  0905   54100   32700  0  5.00e+02  3.09e+01  0  1.51e+03  2.27e+01  2.33e+00  9.35e-01  9.48e-02   0.18
2006 12 31  0910   54100   33000  0  5.16e+02  2.37e+01  0  1.48e+03  2.03e+01  2.41e+00  5.45e-01  1.06e-01   0.45
2006 12 31  0915   54100   33300  0  5.42e+02  2.53e+01  0  1.42e+03  2.19e+01  2.36e+00  5.20e-01  2.53e-01   0.29
2006 12 31  0920   54100   33600  0  5.44e+02  1.97e+01  0  1.51e+03  1.90e+01  2.43e+00  6.44e-01  2.63e-01   0.41
2006 12 31  0925   54100   33900  0  4.81e+02  2.85e+01  0  1.47e+03  1.74e+01  2.08e+00  5.45e-01  8.02e-02   0.60
2006 12 31  0930   54100   34200  0  4.68e+02  2.47e+01  0  1.45e+03  2.07e+01  1.77e+00  5.20e-01  1.62e-01   0.56
2006 12 31  0935   54100   34500  0  5.88e+02  2.78e+01  0  1.53e+03  1.95e+01  2.10e+00  6.24e-01  1.69e-01   0.22
2006 12 31  0940   54100   34800  0  5.54e+02  2.16e+01  0  1.52e+03  2.10e+01  2.52e+00  7.91e-01  2.23e-01   0.61
2006 12 31  0945   54100   35100  0  4.80e+02  2.71e+01  0  1.52e+03  1.98e+01  2.85e+00  5.20e-01  2.32e-01   0.16
2006 12 31  0950   54100   35400  0  5.82e+02  2.11e+01  0  1.50e+03  1.77e+01  2.13e+00  6.10e-01  1.06e-01   0.45
2006 12 31  0955   54100   35700  0  5.37e+02  2.60e+01  0  1.59e+03  1.95e+01  2.64e+00  6.29e-01  1.74e-01   0.19
2006 12 31  1000   54100   36000  0  4.73e+02  2.32e+01  0  1.56e+03  1.88e+01  2.59e+00  5.61e-01  1.37e-01   0.22
2006 12 31  1005   54100   36300  0  4.99e+02  1.90e+01  0  1.43e+03  1.85e+01  2.73e+00  5.72e-01  2.41e-01   0.59
2006 12 31  1010   54100   36600  0  5.95e+02  2.53e+01  0  1.53e+03  2.07e+01  2.19e+00  3.81e-01  8.69e-02   1.11
2006 12 31  1015   54100   36900  0  5.32e+02  2.96e+01  0  1.57e+03  1.78e+01  2.23e+00  6.86e-01  1.04e-01   0.17
2006 12 31  1020   54100   37200  0  5.06e+02  2.11e+01  0  1.52e+03  1.96e+01  2.64e+00  5.91e-01  1.55e-01   0.39
2006 12 31  1025   54100   37500  0  6.10e+02  2.66e+01  0  1.49e+03  1.84e+01  2.43e+00  6.29e-01  1.64e-01   0.21
2006 12 31  1030   54100   37800  0  6.30e+02  2.78e+01  0  1.49e+03  2.14e+01  2.52e+00  5.72e-01  1.84e-01   0.49
2006 12 31  1035   54100   38100  0  4.73e+02  2.72e+01  0  1.43e+03  1.75e+01  2.33e+00  4.99e-01  2.00e-01   0.24
2006 12 31  1040   54100   38400  0  4.91e+02  2.76e+01  0  1.42e+03  1.97e+01  2.55e+00  5.14e-01  1.83e-01   0.52
2006 12 31  1045   54100   38700  0  5.39e+02  3.31e+01  0  1.65e+03  1.77e+01  2.10e+00  4.00e-01  2.22e-01   0.19
2006 12 31  1050   54100   39000  0  4.98e+02  2.24e+01  0  1.54e+03  1.89e+01  2.62e+00  2.49e-01  1.69e-01   0.77
2006 12 31  1055   54100   39300  0  5.51e+02  2.04e+01  0  1.42e+03  2.24e+01  2.58e+00  5.14e-01  1.16e-01   0.38
2006 12 31  1100   54100   39600  0  4.91e+02  2.07e+01  0  1.53e+03  1.93e+01  2.55e+00  5.14e-01  6.76e-02   0.78
2006 12 31  1105   54100   39900  0  4.80e+02  2.32e+01  0  1.53e+03  2.25e+01  2.33e+00  8.73e-01  1.58e-01   0.54
2006 12 31  1110   54100   40200  0  5.07e+02  2.81e+01  0  1.59e+03  2.81e+01  2.22e+00  7.56e-01  1.25e-01   0.28
2006 12 31  1115   54100   40500  0  5.74e+02  2.71e+01  0  1.52e+03  2.44e+01  2.29e+00  4.57e-01  1.37e-01   0.64
2006 12 31  1120   54100   40800  0  7.63e+02  2.65e+01  0  1.62e+03  1.92e+01  1.97e+00  5.20e-01  1.79e-01   1.14
2006 12 31  1125   54100   41100  0  4.76e+02  3.01e+01  0  1.59e+03  1.85e+01  1.97e+00  4.75e-01  3.03e-01   0.12
2006 12 31  1130   54100   41400  0  5.83e+02  3.17e+01  0  1.44e+03  1.76e+01  2.56e+00  6.65e-01  1.37e-01   0.52
2006 12 31  1135   54100   41700  0  6.02e+02  2.32e+01  0  1.63e+03  2.02e+01  2.59e+00  4.37e-01  8.43e-02   0.36
2006 12 31  1140   54100   42000  0  5.51e+02  2.76e+01  0  1.55e+03  1.96e+01  2.50e+00  7.04e-01  1.35e-01   0.16
2006 12 31  1145   54100   42300  0  5.12e+02  2.88e+01  0  1.48e+03  1.96e+01  1.93e+00  6.03e-01  1.37e-01   0.34
2006 12 31  1150   54100   42600  0  5.31e+02  2.63e+01  0  1.57e+03  1.86e+01  2.16e+00  4.40e-01  1.52e-01   0.75
2006 12 31  1155   54100   42900  0  5.48e+02  2.45e+01  0  1.61e+03  2.14e+01  2.29e+00  6.86e-01  1.90e-01   0.56
2006 12 31  1200   54100   43200  0  4.89e+02  2.24e+01  0  1.64e+03  1.85e+01  2.49e+00  4.78e-01  1.90e-01   0.09
2006 12 31  1205   54100   43500  0  4.23e+02  2.29e+01  0  1.45e+03  2.16e+01  2.30e+00  5.98e-01  1.25e-01   0.12
2006 12 31  1210   54100   43800  0  5.63e+02  2.05e+01  0  1.62e+03  2.15e+01  2.85e+00  3.53e-01  1.16e-01   0.49
2006 12 31  1215   54100   44100  0  5.49e+02  2.74e+01  0  1.54e+03  2.20e+01  2.49e+00  5.82e-01  1.16e-01   0.57
2006 12 31  1220   54100   44400  0  5.72e+02  3.06e+01  0  1.52e+03  2.02e+01  2.27e+00  7.39e-01  1.87e-01   0.21
2006 12 31  1225   54100   44700  0  6.10e+02  2.42e+01  0  1.66e+03  2.40e+01  2.69e+00  4.37e-01  1.26e-01   0.05
2006 12 31  1230   54100   45000  0  4.98e+02  2.52e+01  0  1.58e+03  2.20e+01  2.19e+00  4.57e-01  1.45e-01   0.70
2006 12 31  1235   54100   45300  0  4.91e+02  2.57e+01  0  1.56e+03  2.07e+01  2.16e+00  4.57e-01  1.83e-01   0.11
2006 12 31  1240   54100   45600  0  5.29e+02  2.73e+01  0  1.55e+03  2.05e+01  2.33e+00  7.48e-01  1.90e-01   0.40
2006 12 31  1245   54100   45900  0  6.15e+02  2.91e+01  0  1.61e+03  2.14e+01  2.04e+00  4.19e-01  1.45e-01   0.18
2006 12 31  1250   54100   46200  0  5.36e+02  2.69e+01  0  1.63e+03  2.02e+01  2.37e+00  7.43e-01  1.45e-01   0.22
2006 12 31  1255   54100   46500  0  4.89e+02  3.46e+01  0  1.45e+03  2.00e+01  2.26e+00  9.15e-01  1.26e-01   0.34
2006 12 31  1300   54100   46800  0  4.92e+02  2.30e+01  0  1.66e+03  2.05e+01  2.25e+00  3.62e-01  1.16e-01   0.11
2006 12 31  1305   54100   47100  0  4.71e+02  2.55e+01  0  1.55e+03  2.48e+01  2.22e+00  5.28e-01  9.66e-02   0.31
2006 12 31  1310   54100   47400  0  5.48e+02  2.75e+01  0  1.58e+03  2.19e+01  2.73e+00  4.95e-01  4.64e-02   0.78
2006 12 31  1315   54100   47700  0  6.86e+02  2.63e+01  0  1.56e+03  2.44e+01  2.00e+00  5.20e-01  1.37e-01   0.54
2006 12 31  1320   54100   48000  0  6.07e+02  2.44e+01  0  1.63e+03  2.18e+01  2.58e+00  6.33e-01  1.69e-01   0.26
2006 12 31  1325   54100   48300  0  6.46e+02  3.11e+01  0  1.58e+03  2.35e+01  2.56e+00  4.99e-01  1.79e-01   0.27
2006 12 31  1330   54100   48600  0  5.00e+02  2.55e+01  0  1.49e+03  2.25e+01  2.33e+00  6.24e-01  1.69e-01   0.39
2006 12 31  1335   54100   48900  0  5.52e+02  2.44e+01  0  1.52e+03  2.24e+01  2.91e+00  4.05e-01  1.69e-01   0.50
2006 12 31  1340   54100   49200  0  4.31e+02  2.20e+01  0  1.63e+03  2.30e+01  2.26e+00  3.20e-01  1.26e-01   0.57
2006 12 31  1345   54100   49500  0  4.86e+02  2.19e+01  0  1.54e+03  2.27e+01  2.16e+00  4.40e-01  1.06e-01   0.38
2006 12 31  1350   54100   49800  0  5.53e+02  2.27e+01  0  1.57e+03  2.38e+01  2.33e+00  5.98e-01  1.96e-01   0.47
2006 12 31  1355   54100   50100  0  6.04e+02  2.67e+01  0  1.62e+03  2.15e+01  2.39e+00  5.82e-01  1.16e-01   0.32
2006 12 31  1400   54100   50400  0  4.55e+02  2.27e+01  0  1.51e+03  2.30e+01  2.36e+00  4.92e-01  1.52e-01   0.29
2006 12 31  1405   54100   50700  0  5.90e+02  2.71e+01  0  1.49e+03  2.18e+01  2.56e+00  5.82e-01  1.69e-01   0.50
2006 12 31  1410   54100   51000  0  4.44e+02  2.09e+01  0  1.66e+03  2.08e+01  2.82e+00  5.82e-01  1.26e-01   0.36
2006 12 31  1415   54100   51300  0  5.33e+02  1.93e+01  0  1.62e+03  2.27e+01  3.02e+00  4.57e-01  1.16e-01   0.50
2006 12 31  1420   54100   51600  0  5.43e+02  2.20e+01  0  1.47e+03  1.94e+01  2.43e+00  8.11e-01  1.16e-01   0.38
2006 12 31  1425   54100   51900  0  6.05e+02  2.43e+01  0  1.59e+03  2.61e+01  2.67e+00  4.38e-01  9.48e-02   0.59
2006 12 31  1430   54100   52200  0  4.44e+02  2.27e+01  0  1.56e+03  2.41e+01  2.44e+00  7.39e-01  1.07e-01   0.48
2006 12 31  1435   54100   52500  0  5.08e+02  2.63e+01  0  1.52e+03  1.92e+01  2.29e+00  8.11e-01  2.63e-01   0.38
2006 12 31  1440   54100   52800  0  4.84e+02  2.83e+01  0  1.57e+03  2.27e+01  3.10e+00  6.10e-01  2.41e-01   0.45
2006 12 31  1445   54100   53100  0  5.74e+02  2.60e+01  0  1.61e+03  2.05e+01  2.10e+00  6.29e-01  2.51e-01   0.31
2006 12 31  1450   54100   53400  0  6.79e+02  2.60e+01  0  1.54e+03  2.32e+01  2.06e+00  5.68e-01  2.29e-01   0.37
2006 12 31  1455   54100   53700  0  6.15e+02  2.76e+01  0  1.44e+03  2.15e+01  2.19e+00  3.12e-01  1.26e-01   0.48
2006 12 31  1500   54100   54000  0  5.41e+02  2.23e+01  0  1.60e+03  2.64e+01  2.34e+00  7.81e-01  1.26e-01   0.60
2006 12 31  1505   54100   54300  0  5.27e+02  2.67e+01  0  1.51e+03  2.34e+01  1.89e+00  6.67e-01  2.00e-01   0.13
2006 12 31  1510   54100   54600  0  4.70e+02  2.46e+01  0  1.47e+03  2.10e+01  1.98e+00  7.43e-01  1.16e-01   0.36
2006 12 31  1515   54100   54900  0  6.33e+02  2.39e+01  0  1.63e+03  2.28e+01  2.31e+00  8.38e-01  1.51e-01   0.34
2006 12 31  1520   54100   55200  0  4.83e+02  2.53e+01  0  1.55e+03  2.31e+01  2.43e+00  4.76e-01  2.61e-01   0.57
2006 12 31  1525   54100   55500  0  5.47e+02  2.63e+01  0  1.60e+03  2.25e+01  2.29e+00  5.82e-01  1.79e-01   0.72
2006 12 31  1530   54100   55800  0  4.88e+02  2.13e+01  0  1.44e+03  2.12e+01  2.37e+00  5.53e-01  1.26e-01   0.39
2006 12 31  1535   54100   56100  0  5.97e+02  2.05e+01  0  1.63e+03  2.32e+01  2.01e+00  3.81e-01  1.35e-01   0.11
2006 12 31  1540   54100   56400  0  5.39e+02  2.74e+01  0  1.57e+03  2.13e+01  2.55e+00  6.31e-01  1.81e-01   0.24
2006 12 31  1545   54100   56700  0  5.05e+02  2.53e+01  0  1.49e+03  2.27e+01  2.39e+00  5.28e-01  1.60e-01   0.35
2006 12 31  1550   54100   57000  0  5.47e+02  2.32e+01  0  1.57e+03  2.22e+01  2.19e+00  6.86e-01  1.83e-01   0.50
2006 12 31  1555   54100   57300  0  4.92e+02  2.94e+01  0  1.55e+03  2.04e+01  2.75e+00  7.07e-01  1.26e-01   0.17
2006 12 31  1600   54100   57600  0  4.37e+02  2.63e+01  0  1.54e+03  2.28e+01  2.77e+00  7.56e-01  1.16e-01   0.51
2006 12 31  1605   54100   57900  0  4.38e+02  2.42e+01  0  1.53e+03  2.14e+01  2.69e+00  6.65e-01  1.48e-01   0.34
2006 12 31  1610   54100   58200  0  5.97e+02  2.59e+01  0  1.56e+03  2.17e+01  2.52e+00  4.78e-01  2.00e-01   0.70
2006 12 31  1615   54100   58500  0  5.36e+02  2.42e+01  0  1.62e+03  2.37e+01  2.39e+00  4.76e-01  1.78e-01   0.05
2006 12 31  1620   54100   58800  0  5.09e+02  2.51e+01  0  1.49e+03  2.44e+01  2.56e+00  6.44e-01  1.90e-01   0.42
2006 12 31  1625   54100   59100  0  6.27e+02  2.80e+01  0  1.59e+03  2.37e+01  3.02e+00  5.10e-01  1.25e-01   0.51
2006 12 31  1630   54100   59400  0  5.54e+02  2.35e+01  0  1.66e+03  2.41e+01  2.80e+00  7.04e-01  1.55e-01   0.76
2006 12 31  1635   54100   59700  0  5.43e+02  2.80e+01  0  1.57e+03  2.46e+01  2.88e+00  8.52e-01  1.69e-01   0.69
2006 12 31  1640   54100   60000  0  5.77e+02  2.52e+01  0  1.55e+03  2.49e+01  2.61e+00  6.51e-01  1.34e-01   0.33
2006 12 31  1645   54100   60300  0  5.73e+02  2.49e+01  0  1.59e+03  2.68e+01  2.56e+00  5.20e-01  2.53e-01   0.17
2006 12 31  1650   54100   60600  0  5.88e+02  2.90e+01  0  1.57e+03  2.71e+01  2.06e+00  6.03e-01  1.90e-01   0.87
2006 12 31  1655   54100   60900  0  5.12e+02  2.09e+01  0  1.56e+03  2.25e+01  2.08e+00  8.09e-01  4.21e-02   0.20
2006 12 31  1700   54100   61200  0  6.43e+02  3.11e+01  0  1.65e+03  2.85e+01  2.33e+00  8.94e-01  1.74e-01   0.26
2006 12 31  1705   54100   61500  0  4.98e+02  2.94e+01  0  1.64e+03  2.41e+01  2.37e+00  6.67e-01  3.16e-02   0.21
2006 12 31  1710   54100   61800  0  5.25e+02  2.93e+01  0  1.56e+03  2.78e+01  2.16e+00  5.98e-01  1.87e-01   0.61
2006 12 31  1715   54100   62100  0  6.96e+02  2.49e+01  0  1.66e+03  2.57e+01  2.33e+00  5.82e-01  1.69e-01   0.44
2006 12 31  1720   54100   62400  0  4.61e+02  2.36e+01  0  1.59e+03  2.57e+01  2.73e+00  5.91e-01  1.26e-01   0.24
2006 12 31  1725   54100   62700  0  4.47e+02  2.62e+01  0  1.60e+03  2.51e+01  2.22e+00  7.43e-01  1.35e-01   0.69
2006 12 31  1730   54100   63000  0  4.59e+02  2.30e+01  0  1.52e+03  2.76e+01  2.33e+00  3.53e-01  1.48e-01   0.71
2006 12 31  1735   54100   63300  0  5.88e+02  2.55e+01  0  1.55e+03  2.34e+01  2.07e+00  6.10e-01  1.06e-01   0.28
2006 12 31  1740   54100   63600  0  4.81e+02  3.26e+01  0  1.63e+03  2.14e+01  2.16e+00  3.62e-01  1.74e-01   0.31
2006 12 31  1745   54100   63900  0  5.44e+02  2.32e+01  0  1.50e+03  2.29e+01  2.22e+00  4.57e-01  1.74e-01   0.59
2006 12 31  1750   54100   64200  0  5.22e+02  2.36e+01  0  1.65e+03  2.45e+01  2.55e+00  6.48e-01  1.55e-01   1.05
2006 12 31  1755   54100   64500  0  4.86e+02  2.46e+01  0  1.55e+03  2.62e+01  2.64e+00  4.95e-01  2.51e-01   0.19
2006 12 31  1800   54100   64800  0  5.56e+02  2.36e+01  0  1.59e+03  2.59e+01  2.16e+00  8.00e-01  1.83e-01   0.32
2006 12 31  1805   54100   65100  0  4.44e+02  2.20e+01  0  1.57e+03  2.53e+01  3.25e+00  6.03e-01  1.16e-01   0.52
2006 12 31  1810   54100   65400  0  5.59e+02  2.36e+01  0  1.64e+03  2.62e+01  2.64e+00  5.75e-01  2.54e-01   0.52
2006 12 31  1815   54100   65700  0  5.49e+02  2.78e+01  0  1.64e+03  2.90e+01  2.13e+00  5.14e-01  1.74e-01   0.50
2006 12 31  1820   54100   66000  0  4.65e+02  2.94e+01  0  1.55e+03  2.68e+01  3.02e+00  6.24e-01  1.48e-01   0.83
2006 12 31  1825   54100   66300  0  6.27e+02  2.75e+01  0  1.70e+03  3.00e+01  3.33e+00  7.56e-01  2.32e-01   0.53
2006 12 31  1830   54100   66600  0  5.13e+02  2.41e+01  0  1.71e+03  2.72e+01  2.73e+00  7.05e-01  1.64e-01   0.30
2006 12 31  1835   54100   66900  0  4.52e+02  2.55e+01  0  1.52e+03  2.71e+01  2.92e+00  5.61e-01  1.90e-01   0.11
2006 12 31  1840   54100   67200  0  6.39e+02  2.37e+01  0  1.62e+03  2.40e+01  2.55e+00  6.33e-01  6.95e-02   0.08
2006 12 31  1845   54100   67500  0  4.91e+02  2.65e+01  0  1.60e+03  2.50e+01  2.23e+00  6.44e-01  1.48e-01   0.61
2006 12 31  1850   54100   67800  0  4.35e+02  2.24e+01  0  1.59e+03  2.27e+01  2.62e+00  5.82e-01  1.90e-01   0.16
2006 12 31  1855   54100   68100  0  5.36e+02  2.47e+01  0  1.55e+03  2.46e+01  2.22e+00  4.40e-01  2.94e-01   0.74
2006 12 31  1900   54100   68400  0  6.22e+02  2.82e+01  0  1.67e+03  2.33e+01  2.39e+00  6.65e-01  2.11e-01   0.30
2006 12 31  1905   54100   68700  0  4.99e+02  2.39e+01  0  1.59e+03  2.64e+01  2.47e+00  5.80e-01  2.23e-01   0.52
2006 12 31  1910   54100   69000  0  5.08e+02  2.49e+01  0  1.46e+03  2.62e+01  2.58e+00  5.45e-01  1.16e-01   0.67
2006 12 31  1915   54100   69300  0  7.97e+02  3.29e+01  0  1.60e+03  2.46e+01  2.56e+00  6.65e-01  1.48e-01   0.57
2006 12 31  1920   54100   69600  0  5.03e+02  2.57e+01  0  1.52e+03  2.66e+01  2.61e+00  6.51e-01  1.60e-01   0.08
2006 12 31  1925   54100   69900  0  5.57e+02  3.00e+01  0  1.60e+03  2.87e+01  2.75e+00  6.86e-01  1.16e-01   0.17
2006 12 31  1930   54100   70200  0  4.83e+02  2.44e+01  0  1.50e+03  2.70e+01  3.05e+00  5.82e-01  2.11e-01   0.29
2006 12 31  1935   54100   70500  0  4.98e+02  2.26e+01  0  1.55e+03  2.41e+01  2.66e+00  7.39e-01  6.76e-02   0.74
2006 12 31  1940   54100   70800  0  5.89e+02  2.44e+01  0  1.58e+03  2.68e+01  3.08e+00  9.98e-01  1.58e-01   0.51
2006 12 31  1945   54100   71100  0  4.91e+02  2.55e+01  0  1.50e+03  2.75e+01  2.73e+00  7.05e-01  1.35e-01   0.35
2006 12 31  1950   54100   71400  0  5.80e+02  2.50e+01  0  1.57e+03  2.70e+01  2.63e+00  8.97e-01  1.87e-01   0.25
2006 12 31  1955   54100   71700  0  5.63e+02  2.20e+01  0  1.66e+03  2.27e+01  3.15e+00  6.24e-01  1.69e-01   0.69
2006 12 31  2000   54100   72000  0  4.60e+02  2.59e+01  0  1.59e+03  2.67e+01  2.97e+00  6.67e-01  2.03e-01   0.61
2006 12 31  2005   54100   72300  0  7.31e+02  2.99e+01  0  1.56e+03  2.70e+01  2.58e+00  5.72e-01  1.74e-01   0.16
2006 12 31  2010   54100   72600  0  5.02e+02  2.69e+01  0  1.55e+03  2.48e+01  2.75e+00  5.82e-01  1.39e-01   0.29
2006 12 31  2015   54100   72900  0  5.83e+02  2.46e+01  0  1.53e+03  2.33e+01  2.88e+00  9.15e-01  2.03e-01   0.72
2006 12 31  2020   54100   73200  0  4.50e+02  2.18e+01  0  1.53e+03  2.99e+01  3.31e+00  5.34e-01  2.03e-01   0.47
2006 12 31  2025   54100   73500  0  5.77e+02  2.20e+01  0  1.65e+03  2.65e+01  2.97e+00  6.67e-01  1.55e-01   0.65
2006 12 31  2030   54100   73800  0  6.22e+02  2.23e+01  0  1.64e+03  3.79e+01  3.40e+00  5.91e-01  2.12e-01   0.73
2006 12 31  2035   54100   74100  0  5.75e+02  3.45e+01  0  1.50e+03  3.51e+01  3.06e+00  6.67e-01  3.09e-01   0.29
2006 12 31  2040   54100   74400  0  5.82e+02  2.76e+01  0  1.59e+03  3.11e+01  4.09e+00  7.24e-01  3.09e-01   0.68
2006 12 31  2045   54100   74700  0  4.76e+02  2.47e+01  0  1.62e+03  3.71e+01  4.88e+00  7.28e-01  2.00e-01   0.29
2006 12 31  2050   54100   75000  0  5.49e+02  2.69e+01  0  1.61e+03  3.40e+01  4.03e+00  7.62e-01  2.41e-01   0.38
2006 12 31  2055   54100   75300  0  6.00e+02  2.18e+01  0  1.66e+03  4.20e+01  4.15e+00  7.62e-01  2.12e-01   0.68
2006 12 31  2100   54100   75600  0  6.00e+02  2.81e+01  0  1.72e+03  3.71e+01  4.25e+00  8.92e-01  2.20e-01   0.15
2006 12 31  2105   54100   75900  9 -1.00e+05 -1.00e+05  9 -1.00e+05 -1.00e+05 -1.00e+05 -1.00e+05 -1.00e+05  -1.00
2006 12 31  2110   54100   76200  9 -1.00e+05 -1.00e+05  9 -1.00e+05 -1.00e+05 -1.00e+05 -1.00e+05 -1.00e+05  -1.00
2006 12 31  2115   54100   76500  9 -1.00e+05 -1.00e+05  9 -1.00e+05 -1.00e+05 -1.00e+05 -1.00e+05 -1.00e+05  -1.00
2006 12 31  2120   54100   76800  0  6.42e+02  2.20e+01  0  1.77e+03  5.34e+01  4.63e+00  5.84e-01  2.96e-01   0.72
2006 12 31  2125   54100   77100  0  5.92e+02  2.59e+01  0  1.79e+03  5.82e+01  5.44e+00  1.04e+00  3.48e-01   0.89
2006 12 31  2130   54100   77400  0  5.38e+02  2.11e+01  0  1.72e+03  5.69e+01  5.41e+00  8.94e-01  2.21e-01   0.31
2006 12 31  2135   54100   77700  0  6.01e+02  2.62e+01  0  1.74e+03  4.79e+01  6.13e+00  1.16e+00  2.85e-01   0.49
2006 12 31  2140   54100   78000  0  5.85e+02  2.18e+01  0  1.77e+03  4.81e+01  5.64e+00  9.56e-01  2.21e-01   0.72
2006 12 31  2145   54100   78300  0  5.93e+02  2.75e+01  0  1.74e+03  5.03e+01  5.52e+00  1.06e+00  3.12e-01   0.57
2006 12 31  2150   54100   78600  0  6.78e+02  3.04e+01  0  1.90e+03  5.20e+01  6.52e+00  1.58e+00  3.03e-01   0.40
2006 12 31  2155   54100   78900  0  5.90e+02  2.71e+01  0  2.09e+03  6.25e+01  5.31e+00  1.46e+00  2.53e-01   0.29
2006 12 31  2200   54100   79200  0  5.62e+02  2.29e+01  0  2.14e+03  5.81e+01  4.33e+00  9.32e-01  2.23e-01   0.26
2006 12 31  2205   54100   79500  0  6.22e+02  2.63e+01  0  2.09e+03  5.61e+01  3.25e+00  8.52e-01  2.63e-01   0.34
2006 12 31  2210   54100   79800  0  4.44e+02  2.03e+01  0  2.16e+03  5.61e+01  3.31e+00  7.27e-01  2.42e-01   0.15
2006 12 31  2215   54100   80100  0  6.96e+02  3.07e+01  0  2.10e+03  5.36e+01  3.61e+00  7.39e-01  1.16e-01   0.20
2006 12 31  2220   54100   80400  0  5.59e+02  2.55e+01  0  2.04e+03  5.97e+01  3.74e+00  1.04e+00  2.84e-01   0.39
2006 12 31  2225   54100   80700  0  5.74e+02  2.29e+01  0  2.28e+03  6.30e+01  3.73e+00  7.81e-01  2.12e-01   0.43
2006 12 31  2230   54100   81000  0  5.82e+02  2.21e+01  0  2.34e+03  6.28e+01  3.11e+00  7.21e-01  1.60e-01   0.35
2006 12 31  2235   54100   81300  0  4.68e+02  2.34e+01  0  2.17e+03  5.64e+01  3.64e+00  5.61e-01  9.48e-02   0.06
2006 12 31  2240   54100   81600  0  6.56e+02  2.46e+01  0  2.22e+03  5.39e+01  2.76e+00  8.19e-01  1.55e-01   0.41
2006 12 31  2245   54100   81900  0  5.18e+02  2.73e+01  0  2.24e+03  5.65e+01  2.94e+00  7.43e-01  2.03e-01   0.49
2006 12 31  2250   54100   82200  0  5.54e+02  2.71e+01  0  2.20e+03  6.07e+01  2.65e+00  5.20e-01  1.58e-01   0.35
2006 12 31  2255   54100   82500  0  5.69e+02  2.39e+01  0  2.28e+03  6.88e+01  3.37e+00  6.10e-01  2.03e-01   0.15
2006 12 31  2300   54100   82800  0  5.83e+02  2.39e+01  0  2.35e+03  6.33e+01  3.37e+00  7.62e-01  8.43e-02   0.17
2006 12 31  2305   54100   83100  0  5.31e+02  2.36e+01  0  2.27e+03  6.49e+01  3.64e+00  6.10e-01  9.66e-02   0.43
2006 12 31  2310   54100   83400  0  5.24e+02  2.92e+01  0  2.20e+03  6.06e+01  3.09e+00  7.05e-01  2.51e-01   0.28
2006 12 31  2315   54100   83700  0  5.41e+02  2.18e+01  0  2.34e+03  7.10e+01  2.94e+00  6.67e-01  2.12e-01   0.32
2006 12 31  2320   54100   84000  0  6.61e+02  2.91e+01  0  2.29e+03  5.67e+01  2.70e+00  9.34e-01  1.64e-01   0.43
2006 12 31  2325   54100   84300  0  5.18e+02  2.49e+01  0  2.31e+03  6.35e+01  3.61e+00  7.48e-01  1.90e-01   0.58
2006 12 31  2330   54100   84600  0  4.36e+02  1.88e+01  0  2.22e+03  6.09e+01  3.52e+00  6.67e-01  1.45e-01   0.53
2006 12 31  2335   54100   84900  0  5.38e+02  2.16e+01  0  2.23e+03  5.71e+01  3.37e+00  6.86e-01  2.22e-01   0.56
2006 12 31  2340   54100   85200  0  4.60e+02  2.53e+01  0  2.33e+03  6.53e+01  3.28e+00  7.48e-01  1.97e-01   0.30
2006 12 31  2345   54100   85500  0  6.36e+02  3.09e+01  0  2.24e+03  6.38e+01  3.58e+00  9.50e-01  2.23e-01   0.36
2006 12 31  2350   54100   85800  0  6.80e+02  2.43e+01  0  2.43e+03  6.55e+01  4.24e+00  9.72e-01  1.93e-01   0.35
2006 12 31  2355   54100   86100  0  5.97e+02  2.49e+01  0  2.35e+03  6.44e+01  3.25e+00  9.56e-01  1.79e-01   0.25
