:Data_list: 20060730_ace_sis_5m.txt
:Created: 2006 Jul 31 0011 UT
# Prepared by the U.S. Dept. of Commerce, NOAA, Space Environment Center.
# Please send comments and suggestions to SEC.Webmaster@noaa.gov 
# 
# Units: proton flux p/cs2-sec-ster
# Status(S): 0 = nominal data, 1 to 8 = bad data record, 9 = no data
# Missing data values: -1.00e+05
# Source: ACE Satellite - Solar Isotope Spectrometer
#
# 5-minute averaged Real-time Integral Flux of High-energy Solar Protons
# 
#                 Modified Seconds
# UT Date   Time   Julian  of the      ---- Integral Proton Flux ----
# YR MO DA  HHMM     Day     Day       S    > 10 MeV    S    > 30 MeV
#--------------------------------------------------------------------
2006 07 30  0000    53946       0      0    1.63e+00    0    1.14e+00
2006 07 30  0005    53946     300      0    1.63e+00    0    1.16e+00
2006 07 30  0010    53946     600      0    1.65e+00    0    1.16e+00
2006 07 30  0015    53946     900      0    1.66e+00    0    1.17e+00
2006 07 30  0020    53946    1200      0    1.62e+00    0    1.14e+00
2006 07 30  0025    53946    1500      0    1.64e+00    0    1.15e+00
2006 07 30  0030    53946    1800      0    1.61e+00    0    1.13e+00
2006 07 30  0035    53946    2100      0    1.65e+00    0    1.15e+00
2006 07 30  0040    53946    2400      0    1.61e+00    0    1.13e+00
2006 07 30  0045    53946    2700      0    1.64e+00    0    1.15e+00
2006 07 30  0050    53946    3000      0    1.66e+00    0    1.16e+00
2006 07 30  0055    53946    3300      0    1.62e+00    0    1.13e+00
2006 07 30  0100    53946    3600      0    1.67e+00    0    1.18e+00
2006 07 30  0105    53946    3900      0    1.64e+00    0    1.15e+00
2006 07 30  0110    53946    4200      0    1.65e+00    0    1.16e+00
2006 07 30  0115    53946    4500      0    1.63e+00    0    1.14e+00
2006 07 30  0120    53946    4800      0    1.62e+00    0    1.13e+00
2006 07 30  0125    53946    5100      9   -1.00e+05    9   -1.00e+05
2006 07 30  0130    53946    5400      0    1.65e+00    0    1.15e+00
2006 07 30  0135    53946    5700      0    1.64e+00    0    1.15e+00
2006 07 30  0140    53946    6000      0    1.61e+00    0    1.12e+00
2006 07 30  0145    53946    6300      0    1.66e+00    0    1.17e+00
2006 07 30  0150    53946    6600      0    1.64e+00    0    1.15e+00
2006 07 30  0155    53946    6900      0    1.62e+00    0    1.13e+00
2006 07 30  0200    53946    7200      0    1.65e+00    0    1.15e+00
2006 07 30  0205    53946    7500      0    1.64e+00    0    1.14e+00
2006 07 30  0210    53946    7800      0    1.63e+00    0    1.15e+00
2006 07 30  0215    53946    8100      0    1.63e+00    0    1.14e+00
2006 07 30  0220    53946    8400      0    1.63e+00    0    1.14e+00
2006 07 30  0225    53946    8700      0    1.62e+00    0    1.13e+00
2006 07 30  0230    53946    9000      0    1.64e+00    0    1.15e+00
2006 07 30  0235    53946    9300      0    1.66e+00    0    1.16e+00
2006 07 30  0240    53946    9600      0    1.63e+00    0    1.14e+00
2006 07 30  0245    53946    9900      0    1.62e+00    0    1.12e+00
2006 07 30  0250    53946   10200      0    1.61e+00    0    1.12e+00
2006 07 30  0255    53946   10500      0    1.63e+00    0    1.13e+00
2006 07 30  0300    53946   10800      0    1.67e+00    0    1.17e+00
2006 07 30  0305    53946   11100      0    1.63e+00    0    1.15e+00
2006 07 30  0310    53946   11400      0    1.64e+00    0    1.14e+00
2006 07 30  0315    53946   11700      0    1.63e+00    0    1.14e+00
2006 07 30  0320    53946   12000      0    1.63e+00    0    1.15e+00
2006 07 30  0325    53946   12300      0    1.61e+00    0    1.13e+00
2006 07 30  0330    53946   12600      0    1.64e+00    0    1.16e+00
2006 07 30  0335    53946   12900      0    1.61e+00    0    1.12e+00
2006 07 30  0340    53946   13200      0    1.64e+00    0    1.13e+00
2006 07 30  0345    53946   13500      0    1.65e+00    0    1.15e+00
2006 07 30  0350    53946   13800      0    1.64e+00    0    1.14e+00
2006 07 30  0355    53946   14100      0    1.63e+00    0    1.15e+00
2006 07 30  0400    53946   14400      0    1.61e+00    0    1.13e+00
2006 07 30  0405    53946   14700      0    1.62e+00    0    1.13e+00
2006 07 30  0410    53946   15000      0    1.62e+00    0    1.13e+00
2006 07 30  0415    53946   15300      0    1.63e+00    0    1.14e+00
2006 07 30  0420    53946   15600      0    1.59e+00    0    1.11e+00
2006 07 30  0425    53946   15900      0    1.62e+00    0    1.12e+00
2006 07 30  0430    53946   16200      0    1.62e+00    0    1.14e+00
2006 07 30  0435    53946   16500      0    1.61e+00    0    1.13e+00
2006 07 30  0440    53946   16800      0    1.62e+00    0    1.14e+00
2006 07 30  0445    53946   17100      0    1.60e+00    0    1.12e+00
2006 07 30  0450    53946   17400      0    1.62e+00    0    1.14e+00
2006 07 30  0455    53946   17700      0    1.62e+00    0    1.14e+00
2006 07 30  0500    53946   18000      0    1.62e+00    0    1.13e+00
2006 07 30  0505    53946   18300      0    1.62e+00    0    1.13e+00
2006 07 30  0510    53946   18600      0    1.61e+00    0    1.14e+00
2006 07 30  0515    53946   18900      0    1.62e+00    0    1.14e+00
2006 07 30  0520    53946   19200      0    1.61e+00    0    1.13e+00
2006 07 30  0525    53946   19500      0    1.63e+00    0    1.13e+00
2006 07 30  0530    53946   19800      0    1.61e+00    0    1.13e+00
2006 07 30  0535    53946   20100      0    1.59e+00    0    1.11e+00
2006 07 30  0540    53946   20400      0    1.64e+00    0    1.14e+00
2006 07 30  0545    53946   20700      0    1.61e+00    0    1.13e+00
2006 07 30  0550    53946   21000      0    1.66e+00    0    1.15e+00
2006 07 30  0555    53946   21300      0    1.60e+00    0    1.12e+00
2006 07 30  0600    53946   21600      0    1.65e+00    0    1.15e+00
2006 07 30  0605    53946   21900      0    1.63e+00    0    1.14e+00
2006 07 30  0610    53946   22200      0    1.61e+00    0    1.12e+00
2006 07 30  0615    53946   22500      0    1.62e+00    0    1.12e+00
2006 07 30  0620    53946   22800      0    1.60e+00    0    1.12e+00
2006 07 30  0625    53946   23100      0    1.64e+00    0    1.15e+00
2006 07 30  0630    53946   23400      0    1.65e+00    0    1.15e+00
2006 07 30  0635    53946   23700      0    1.67e+00    0    1.17e+00
2006 07 30  0640    53946   24000      0    1.63e+00    0    1.14e+00
2006 07 30  0645    53946   24300      0    1.61e+00    0    1.13e+00
2006 07 30  0650    53946   24600      0    1.60e+00    0    1.12e+00
2006 07 30  0655    53946   24900      0    1.62e+00    0    1.12e+00
2006 07 30  0700    53946   25200      0    1.63e+00    0    1.15e+00
2006 07 30  0705    53946   25500      0    1.62e+00    0    1.15e+00
2006 07 30  0710    53946   25800      0    1.64e+00    0    1.16e+00
2006 07 30  0715    53946   26100      0    1.62e+00    0    1.14e+00
2006 07 30  0720    53946   26400      0    1.62e+00    0    1.13e+00
2006 07 30  0725    53946   26700      0    1.62e+00    0    1.13e+00
2006 07 30  0730    53946   27000      0    1.66e+00    0    1.16e+00
2006 07 30  0735    53946   27300      0    1.63e+00    0    1.15e+00
2006 07 30  0740    53946   27600      0    1.64e+00    0    1.15e+00
2006 07 30  0745    53946   27900      0    1.66e+00    0    1.15e+00
2006 07 30  0750    53946   28200      0    1.64e+00    0    1.16e+00
2006 07 30  0755    53946   28500      0    1.63e+00    0    1.15e+00
2006 07 30  0800    53946   28800      0    1.65e+00    0    1.15e+00
2006 07 30  0805    53946   29100      0    1.60e+00    0    1.11e+00
2006 07 30  0810    53946   29400      0    1.64e+00    0    1.15e+00
2006 07 30  0815    53946   29700      0    1.62e+00    0    1.14e+00
2006 07 30  0820    53946   30000      0    1.62e+00    0    1.13e+00
2006 07 30  0825    53946   30300      0    1.64e+00    0    1.15e+00
2006 07 30  0830    53946   30600      0    1.65e+00    0    1.15e+00
2006 07 30  0835    53946   30900      0    1.61e+00    0    1.15e+00
2006 07 30  0840    53946   31200      0    1.59e+00    0    1.12e+00
2006 07 30  0845    53946   31500      0    1.62e+00    0    1.12e+00
2006 07 30  0850    53946   31800      0    1.61e+00    0    1.12e+00
2006 07 30  0855    53946   32100      0    1.60e+00    0    1.12e+00
2006 07 30  0900    53946   32400      0    1.66e+00    0    1.17e+00
2006 07 30  0905    53946   32700      0    1.55e+00    0    1.09e+00
2006 07 30  0910    53946   33000      0    1.65e+00    0    1.15e+00
2006 07 30  0915    53946   33300      0    1.62e+00    0    1.12e+00
2006 07 30  0920    53946   33600      0    1.66e+00    0    1.16e+00
2006 07 30  0925    53946   33900      0    1.66e+00    0    1.16e+00
2006 07 30  0930    53946   34200      0    1.61e+00    0    1.13e+00
2006 07 30  0935    53946   34500      0    1.62e+00    0    1.14e+00
2006 07 30  0940    53946   34800      0    1.63e+00    0    1.14e+00
2006 07 30  0945    53946   35100      0    1.61e+00    0    1.13e+00
2006 07 30  0950    53946   35400      0    1.61e+00    0    1.12e+00
2006 07 30  0955    53946   35700      0    1.67e+00    0    1.17e+00
2006 07 30  1000    53946   36000      0    1.66e+00    0    1.17e+00
2006 07 30  1005    53946   36300      0    1.62e+00    0    1.14e+00
2006 07 30  1010    53946   36600      0    1.60e+00    0    1.13e+00
2006 07 30  1015    53946   36900      0    1.61e+00    0    1.12e+00
2006 07 30  1020    53946   37200      0    1.64e+00    0    1.14e+00
2006 07 30  1025    53946   37500      0    1.62e+00    0    1.14e+00
2006 07 30  1030    53946   37800      0    1.64e+00    0    1.15e+00
2006 07 30  1035    53946   38100      0    1.62e+00    0    1.13e+00
2006 07 30  1040    53946   38400      0    1.65e+00    0    1.16e+00
2006 07 30  1045    53946   38700      0    1.63e+00    0    1.13e+00
2006 07 30  1050    53946   39000      0    1.59e+00    0    1.10e+00
2006 07 30  1055    53946   39300      0    1.66e+00    0    1.18e+00
2006 07 30  1100    53946   39600      0    1.64e+00    0    1.16e+00
2006 07 30  1105    53946   39900      0    1.63e+00    0    1.13e+00
2006 07 30  1110    53946   40200      0    1.67e+00    0    1.16e+00
2006 07 30  1115    53946   40500      0    1.64e+00    0    1.14e+00
2006 07 30  1120    53946   40800      0    1.62e+00    0    1.13e+00
2006 07 30  1125    53946   41100      0    1.63e+00    0    1.15e+00
2006 07 30  1130    53946   41400      0    1.61e+00    0    1.13e+00
2006 07 30  1135    53946   41700      0    1.63e+00    0    1.15e+00
2006 07 30  1140    53946   42000      0    1.61e+00    0    1.14e+00
2006 07 30  1145    53946   42300      0    1.64e+00    0    1.15e+00
2006 07 30  1150    53946   42600      0    1.63e+00    0    1.14e+00
2006 07 30  1155    53946   42900      0    1.65e+00    0    1.17e+00
2006 07 30  1200    53946   43200      0    1.62e+00    0    1.14e+00
2006 07 30  1205    53946   43500      0    1.64e+00    0    1.16e+00
2006 07 30  1210    53946   43800      0    1.64e+00    0    1.13e+00
2006 07 30  1215    53946   44100      0    1.66e+00    0    1.16e+00
2006 07 30  1220    53946   44400      0    1.62e+00    0    1.13e+00
2006 07 30  1225    53946   44700      0    1.63e+00    0    1.13e+00
2006 07 30  1230    53946   45000      0    1.63e+00    0    1.13e+00
2006 07 30  1235    53946   45300      0    1.60e+00    0    1.13e+00
2006 07 30  1240    53946   45600      0    1.59e+00    0    1.12e+00
2006 07 30  1245    53946   45900      0    1.64e+00    0    1.14e+00
2006 07 30  1250    53946   46200      0    1.60e+00    0    1.12e+00
2006 07 30  1255    53946   46500      0    1.63e+00    0    1.13e+00
2006 07 30  1300    53946   46800      0    1.60e+00    0    1.13e+00
2006 07 30  1305    53946   47100      0    1.63e+00    0    1.13e+00
2006 07 30  1310    53946   47400      0    1.62e+00    0    1.13e+00
2006 07 30  1315    53946   47700      0    1.64e+00    0    1.14e+00
2006 07 30  1320    53946   48000      0    1.63e+00    0    1.14e+00
2006 07 30  1325    53946   48300      0    1.63e+00    0    1.14e+00
2006 07 30  1330    53946   48600      0    1.63e+00    0    1.15e+00
2006 07 30  1335    53946   48900      0    1.65e+00    0    1.16e+00
2006 07 30  1340    53946   49200      0    1.63e+00    0    1.15e+00
2006 07 30  1345    53946   49500      0    1.64e+00    0    1.15e+00
2006 07 30  1350    53946   49800      0    1.62e+00    0    1.13e+00
2006 07 30  1355    53946   50100      0    1.63e+00    0    1.14e+00
2006 07 30  1400    53946   50400      0    1.62e+00    0    1.14e+00
2006 07 30  1405    53946   50700      0    1.62e+00    0    1.14e+00
2006 07 30  1410    53946   51000      0    1.63e+00    0    1.14e+00
2006 07 30  1415    53946   51300      0    1.64e+00    0    1.14e+00
2006 07 30  1420    53946   51600      0    1.65e+00    0    1.17e+00
2006 07 30  1425    53946   51900      0    1.62e+00    0    1.13e+00
2006 07 30  1430    53946   52200      0    1.67e+00    0    1.17e+00
2006 07 30  1435    53946   52500      0    1.61e+00    0    1.12e+00
2006 07 30  1440    53946   52800      0    1.67e+00    0    1.17e+00
2006 07 30  1445    53946   53100      0    1.62e+00    0    1.13e+00
2006 07 30  1450    53946   53400      0    1.65e+00    0    1.15e+00
2006 07 30  1455    53946   53700      0    1.65e+00    0    1.15e+00
2006 07 30  1500    53946   54000      0    1.67e+00    0    1.17e+00
2006 07 30  1505    53946   54300      0    1.63e+00    0    1.14e+00
2006 07 30  1510    53946   54600      0    1.63e+00    0    1.14e+00
2006 07 30  1515    53946   54900      0    1.66e+00    0    1.17e+00
2006 07 30  1520    53946   55200      0    1.62e+00    0    1.14e+00
2006 07 30  1525    53946   55500      0    1.67e+00    0    1.19e+00
2006 07 30  1530    53946   55800      0    1.62e+00    0    1.13e+00
2006 07 30  1535    53946   56100      0    1.62e+00    0    1.11e+00
2006 07 30  1540    53946   56400      0    1.66e+00    0    1.15e+00
2006 07 30  1545    53946   56700      0    1.59e+00    0    1.10e+00
2006 07 30  1550    53946   57000      0    1.66e+00    0    1.15e+00
2006 07 30  1555    53946   57300      0    1.63e+00    0    1.14e+00
2006 07 30  1600    53946   57600      0    1.63e+00    0    1.14e+00
2006 07 30  1605    53946   57900      0    1.62e+00    0    1.14e+00
2006 07 30  1610    53946   58200      0    1.62e+00    0    1.13e+00
2006 07 30  1615    53946   58500      0    1.65e+00    0    1.17e+00
2006 07 30  1620    53946   58800      0    1.64e+00    0    1.16e+00
2006 07 30  1625    53946   59100      0    1.64e+00    0    1.15e+00
2006 07 30  1630    53946   59400      0    1.66e+00    0    1.16e+00
2006 07 30  1635    53946   59700      0    1.64e+00    0    1.15e+00
2006 07 30  1640    53946   60000      0    1.65e+00    0    1.15e+00
2006 07 30  1645    53946   60300      0    1.64e+00    0    1.15e+00
2006 07 30  1650    53946   60600      0    1.64e+00    0    1.15e+00
2006 07 30  1655    53946   60900      0    1.63e+00    0    1.15e+00
2006 07 30  1700    53946   61200      0    1.63e+00    0    1.14e+00
2006 07 30  1705    53946   61500      0    1.63e+00    0    1.14e+00
2006 07 30  1710    53946   61800      0    1.62e+00    0    1.14e+00
2006 07 30  1715    53946   62100      0    1.63e+00    0    1.13e+00
2006 07 30  1720    53946   62400      0    1.62e+00    0    1.13e+00
2006 07 30  1725    53946   62700      0    1.63e+00    0    1.15e+00
2006 07 30  1730    53946   63000      0    1.62e+00    0    1.12e+00
2006 07 30  1735    53946   63300      0    1.68e+00    0    1.17e+00
2006 07 30  1740    53946   63600      0    1.61e+00    0    1.12e+00
2006 07 30  1745    53946   63900      0    1.68e+00    0    1.18e+00
2006 07 30  1750    53946   64200      0    1.60e+00    0    1.13e+00
2006 07 30  1755    53946   64500      0    1.64e+00    0    1.14e+00
2006 07 30  1800    53946   64800      0    1.61e+00    0    1.12e+00
2006 07 30  1805    53946   65100      0    1.61e+00    0    1.13e+00
2006 07 30  1810    53946   65400      0    1.64e+00    0    1.15e+00
2006 07 30  1815    53946   65700      0    1.62e+00    0    1.13e+00
2006 07 30  1820    53946   66000      0    1.65e+00    0    1.16e+00
2006 07 30  1825    53946   66300      0    1.64e+00    0    1.16e+00
2006 07 30  1830    53946   66600      0    1.63e+00    0    1.14e+00
2006 07 30  1835    53946   66900      0    1.64e+00    0    1.15e+00
2006 07 30  1840    53946   67200      0    1.67e+00    0    1.17e+00
2006 07 30  1845    53946   67500      0    1.66e+00    0    1.17e+00
2006 07 30  1850    53946   67800      0    1.62e+00    0    1.12e+00
2006 07 30  1855    53946   68100      0    1.67e+00    0    1.17e+00
2006 07 30  1900    53946   68400      0    1.65e+00    0    1.16e+00
2006 07 30  1905    53946   68700      0    1.63e+00    0    1.13e+00
2006 07 30  1910    53946   69000      0    1.63e+00    0    1.14e+00
2006 07 30  1915    53946   69300      0    1.61e+00    0    1.14e+00
2006 07 30  1920    53946   69600      0    1.59e+00    0    1.11e+00
2006 07 30  1925    53946   69900      0    1.65e+00    0    1.15e+00
2006 07 30  1930    53946   70200      0    1.64e+00    0    1.14e+00
2006 07 30  1935    53946   70500      0    1.64e+00    0    1.16e+00
2006 07 30  1940    53946   70800      0    1.63e+00    0    1.15e+00
2006 07 30  1945    53946   71100      0    1.65e+00    0    1.17e+00
2006 07 30  1950    53946   71400      0    1.67e+00    0    1.17e+00
2006 07 30  1955    53946   71700      0    1.64e+00    0    1.14e+00
2006 07 30  2000    53946   72000      0    1.66e+00    0    1.18e+00
2006 07 30  2005    53946   72300      0    1.65e+00    0    1.16e+00
2006 07 30  2010    53946   72600      0    1.64e+00    0    1.16e+00
2006 07 30  2015    53946   72900      0    1.66e+00    0    1.17e+00
2006 07 30  2020    53946   73200      0    1.63e+00    0    1.14e+00
2006 07 30  2025    53946   73500      0    1.62e+00    0    1.14e+00
2006 07 30  2030    53946   73800      0    1.65e+00    0    1.15e+00
2006 07 30  2035    53946   74100      0    1.67e+00    0    1.18e+00
2006 07 30  2040    53946   74400      0    1.65e+00    0    1.17e+00
2006 07 30  2045    53946   74700      0    1.66e+00    0    1.17e+00
2006 07 30  2050    53946   75000      0    1.68e+00    0    1.17e+00
2006 07 30  2055    53946   75300      0    1.63e+00    0    1.13e+00
2006 07 30  2100    53946   75600      0    1.65e+00    0    1.17e+00
2006 07 30  2105    53946   75900      0    1.67e+00    0    1.17e+00
2006 07 30  2110    53946   76200      0    1.65e+00    0    1.15e+00
2006 07 30  2115    53946   76500      0    1.65e+00    0    1.16e+00
2006 07 30  2120    53946   76800      0    1.68e+00    0    1.18e+00
2006 07 30  2125    53946   77100      0    1.63e+00    0    1.14e+00
2006 07 30  2130    53946   77400      0    1.61e+00    0    1.14e+00
2006 07 30  2135    53946   77700      0    1.62e+00    0    1.14e+00
2006 07 30  2140    53946   78000      0    1.59e+00    0    1.13e+00
2006 07 30  2145    53946   78300      0    1.59e+00    0    1.13e+00
2006 07 30  2150    53946   78600      0    1.63e+00    0    1.15e+00
2006 07 30  2155    53946   78900      0    1.65e+00    0    1.15e+00
2006 07 30  2200    53946   79200      0    1.63e+00    0    1.14e+00
2006 07 30  2205    53946   79500      0    1.63e+00    0    1.14e+00
2006 07 30  2210    53946   79800      0    1.62e+00    0    1.14e+00
2006 07 30  2215    53946   80100      0    1.66e+00    0    1.16e+00
2006 07 30  2220    53946   80400      0    1.59e+00    0    1.11e+00
2006 07 30  2225    53946   80700      0    1.63e+00    0    1.16e+00
2006 07 30  2230    53946   81000      0    1.67e+00    0    1.16e+00
2006 07 30  2235    53946   81300      0    1.63e+00    0    1.15e+00
2006 07 30  2240    53946   81600      0    1.65e+00    0    1.15e+00
2006 07 30  2245    53946   81900      0    1.60e+00    0    1.12e+00
2006 07 30  2250    53946   82200      0    1.65e+00    0    1.15e+00
2006 07 30  2255    53946   82500      0    1.68e+00    0    1.18e+00
2006 07 30  2300    53946   82800      0    1.63e+00    0    1.16e+00
2006 07 30  2305    53946   83100      0    1.68e+00    0    1.18e+00
2006 07 30  2310    53946   83400      0    1.66e+00    0    1.15e+00
2006 07 30  2315    53946   83700      0    1.69e+00    0    1.20e+00
2006 07 30  2320    53946   84000      0    1.68e+00    0    1.18e+00
2006 07 30  2325    53946   84300      0    1.66e+00    0    1.15e+00
2006 07 30  2330    53946   84600      0    1.63e+00    0    1.14e+00
2006 07 30  2335    53946   84900      0    1.67e+00    0    1.17e+00
2006 07 30  2340    53946   85200      0    1.65e+00    0    1.16e+00
2006 07 30  2345    53946   85500      0    1.68e+00    0    1.17e+00
2006 07 30  2350    53946   85800      0    1.63e+00    0    1.15e+00
2006 07 30  2355    53946   86100      0    1.68e+00    0    1.19e+00
