:Data_list: 20060107_ace_sis_5m.txt
:Created: 2006 Jan 08 0011 UT
# Prepared by the U.S. Dept. of Commerce, NOAA, Space Environment Center.
# Please send comments and suggestions to SEC.Webmaster@noaa.gov 
# 
# Units: proton flux p/cs2-sec-ster
# Status(S): 0 = nominal data, 1 to 8 = bad data record, 9 = no data
# Missing data values: -1.00e+05
# Source: ACE Satellite - Solar Isotope Spectrometer
#
# 5-minute averaged Real-time Integral Flux of High-energy Solar Protons
# 
#                 Modified Seconds
# UT Date   Time   Julian  of the      ---- Integral Proton Flux ----
# YR MO DA  HHMM     Day     Day       S    > 10 MeV    S    > 30 MeV
#--------------------------------------------------------------------
2006 01 07  0000    53742       0      0    1.44e+00    0    1.01e+00
2006 01 07  0005    53742     300      0    1.41e+00    0    9.92e-01
2006 01 07  0010    53742     600      0    1.43e+00    0    1.00e+00
2006 01 07  0015    53742     900      0    1.45e+00    0    1.01e+00
2006 01 07  0020    53742    1200      0    1.41e+00    0    9.89e-01
2006 01 07  0025    53742    1500      0    1.43e+00    0    1.01e+00
2006 01 07  0030    53742    1800      0    1.43e+00    0    9.97e-01
2006 01 07  0035    53742    2100      0    1.41e+00    0    9.82e-01
2006 01 07  0040    53742    2400      0    1.42e+00    0    1.01e+00
2006 01 07  0045    53742    2700      0    1.42e+00    0    9.95e-01
2006 01 07  0050    53742    3000      0    1.44e+00    0    1.02e+00
2006 01 07  0055    53742    3300      0    1.40e+00    0    9.80e-01
2006 01 07  0100    53742    3600      0    1.45e+00    0    1.03e+00
2006 01 07  0105    53742    3900      0    1.41e+00    0    9.90e-01
2006 01 07  0110    53742    4200      0    1.44e+00    0    1.00e+00
2006 01 07  0115    53742    4500      0    1.43e+00    0    1.01e+00
2006 01 07  0120    53742    4800      0    1.40e+00    0    9.90e-01
2006 01 07  0125    53742    5100      0    1.42e+00    0    1.00e+00
2006 01 07  0130    53742    5400      0    1.45e+00    0    1.02e+00
2006 01 07  0135    53742    5700      0    1.39e+00    0    9.74e-01
2006 01 07  0140    53742    6000      0    1.41e+00    0    9.88e-01
2006 01 07  0145    53742    6300      0    1.40e+00    0    9.86e-01
2006 01 07  0150    53742    6600      0    1.38e+00    0    9.66e-01
2006 01 07  0155    53742    6900      0    1.41e+00    0    9.95e-01
2006 01 07  0200    53742    7200      0    1.43e+00    0    1.00e+00
2006 01 07  0205    53742    7500      0    1.42e+00    0    9.95e-01
2006 01 07  0210    53742    7800      0    1.41e+00    0    9.91e-01
2006 01 07  0215    53742    8100      0    1.46e+00    0    1.03e+00
2006 01 07  0220    53742    8400      0    1.45e+00    0    1.02e+00
2006 01 07  0225    53742    8700      0    1.43e+00    0    1.00e+00
2006 01 07  0230    53742    9000      0    1.45e+00    0    1.02e+00
2006 01 07  0235    53742    9300      0    1.46e+00    0    1.03e+00
2006 01 07  0240    53742    9600      0    1.42e+00    0    1.00e+00
2006 01 07  0245    53742    9900      0    1.46e+00    0    1.02e+00
2006 01 07  0250    53742   10200      0    1.44e+00    0    1.01e+00
2006 01 07  0255    53742   10500      0    1.43e+00    0    1.01e+00
2006 01 07  0300    53742   10800      0    1.42e+00    0    9.96e-01
2006 01 07  0305    53742   11100      0    1.43e+00    0    9.97e-01
2006 01 07  0310    53742   11400      0    1.43e+00    0    1.01e+00
2006 01 07  0315    53742   11700      0    1.42e+00    0    9.90e-01
2006 01 07  0320    53742   12000      0    1.42e+00    0    9.83e-01
2006 01 07  0325    53742   12300      0    1.40e+00    0    9.80e-01
2006 01 07  0330    53742   12600      0    1.40e+00    0    9.72e-01
2006 01 07  0335    53742   12900      0    1.45e+00    0    1.02e+00
2006 01 07  0340    53742   13200      0    1.41e+00    0    9.83e-01
2006 01 07  0345    53742   13500      0    1.43e+00    0    9.99e-01
2006 01 07  0350    53742   13800      0    1.42e+00    0    1.00e+00
2006 01 07  0355    53742   14100      0    1.45e+00    0    1.02e+00
2006 01 07  0400    53742   14400      0    1.42e+00    0    9.92e-01
2006 01 07  0405    53742   14700      0    1.43e+00    0    1.01e+00
2006 01 07  0410    53742   15000      0    1.40e+00    0    9.76e-01
2006 01 07  0415    53742   15300      0    1.42e+00    0    1.01e+00
2006 01 07  0420    53742   15600      0    1.40e+00    0    9.79e-01
2006 01 07  0425    53742   15900      0    1.43e+00    0    1.01e+00
2006 01 07  0430    53742   16200      0    1.44e+00    0    1.01e+00
2006 01 07  0435    53742   16500      0    1.42e+00    0    9.93e-01
2006 01 07  0440    53742   16800      0    1.42e+00    0    9.98e-01
2006 01 07  0445    53742   17100      0    1.45e+00    0    1.01e+00
2006 01 07  0450    53742   17400      0    1.44e+00    0    1.01e+00
2006 01 07  0455    53742   17700      0    1.42e+00    0    1.01e+00
2006 01 07  0500    53742   18000      0    1.41e+00    0    9.86e-01
2006 01 07  0505    53742   18300      0    1.42e+00    0    9.90e-01
2006 01 07  0510    53742   18600      0    1.44e+00    0    1.01e+00
2006 01 07  0515    53742   18900      0    1.42e+00    0    9.86e-01
2006 01 07  0520    53742   19200      0    1.42e+00    0    9.98e-01
2006 01 07  0525    53742   19500      0    1.39e+00    0    9.60e-01
2006 01 07  0530    53742   19800      0    1.42e+00    0    1.00e+00
2006 01 07  0535    53742   20100      0    1.41e+00    0    9.96e-01
2006 01 07  0540    53742   20400      0    1.43e+00    0    1.01e+00
2006 01 07  0545    53742   20700      0    1.42e+00    0    9.97e-01
2006 01 07  0550    53742   21000      0    1.44e+00    0    1.01e+00
2006 01 07  0555    53742   21300      0    1.43e+00    0    1.00e+00
2006 01 07  0600    53742   21600      0    1.46e+00    0    1.02e+00
2006 01 07  0605    53742   21900      0    1.43e+00    0    9.97e-01
2006 01 07  0610    53742   22200      0    1.36e+00    0    9.67e-01
2006 01 07  0615    53742   22500      0    1.41e+00    0    9.90e-01
2006 01 07  0620    53742   22800      0    1.45e+00    0    1.01e+00
2006 01 07  0625    53742   23100      0    1.45e+00    0    1.02e+00
2006 01 07  0630    53742   23400      0    1.44e+00    0    1.01e+00
2006 01 07  0635    53742   23700      0    1.44e+00    0    1.02e+00
2006 01 07  0640    53742   24000      0    1.42e+00    0    9.95e-01
2006 01 07  0645    53742   24300      0    1.39e+00    0    9.77e-01
2006 01 07  0650    53742   24600      0    1.39e+00    0    9.80e-01
2006 01 07  0655    53742   24900      0    1.43e+00    0    9.98e-01
2006 01 07  0700    53742   25200      0    1.43e+00    0    9.99e-01
2006 01 07  0705    53742   25500      0    1.41e+00    0    9.91e-01
2006 01 07  0710    53742   25800      0    1.43e+00    0    1.01e+00
2006 01 07  0715    53742   26100      0    1.44e+00    0    1.00e+00
2006 01 07  0720    53742   26400      0    1.46e+00    0    1.02e+00
2006 01 07  0725    53742   26700      0    1.43e+00    0    1.00e+00
2006 01 07  0730    53742   27000      0    1.42e+00    0    9.98e-01
2006 01 07  0735    53742   27300      0    1.43e+00    0    1.00e+00
2006 01 07  0740    53742   27600      0    1.41e+00    0    9.86e-01
2006 01 07  0745    53742   27900      0    1.41e+00    0    1.00e+00
2006 01 07  0750    53742   28200      0    1.43e+00    0    9.87e-01
2006 01 07  0755    53742   28500      0    1.43e+00    0    1.01e+00
2006 01 07  0800    53742   28800      0    1.39e+00    0    9.86e-01
2006 01 07  0805    53742   29100      0    1.44e+00    0    1.00e+00
2006 01 07  0810    53742   29400      0    1.38e+00    0    9.64e-01
2006 01 07  0815    53742   29700      0    1.47e+00    0    1.04e+00
2006 01 07  0820    53742   30000      0    1.45e+00    0    1.02e+00
2006 01 07  0825    53742   30300      0    1.41e+00    0    9.93e-01
2006 01 07  0830    53742   30600      0    1.43e+00    0    1.01e+00
2006 01 07  0835    53742   30900      0    1.45e+00    0    1.03e+00
2006 01 07  0840    53742   31200      0    1.42e+00    0    1.00e+00
2006 01 07  0845    53742   31500      0    1.44e+00    0    1.01e+00
2006 01 07  0850    53742   31800      0    1.44e+00    0    1.01e+00
2006 01 07  0855    53742   32100      0    1.41e+00    0    9.91e-01
2006 01 07  0900    53742   32400      0    1.45e+00    0    1.02e+00
2006 01 07  0905    53742   32700      0    1.40e+00    0    9.76e-01
2006 01 07  0910    53742   33000      0    1.42e+00    0    9.90e-01
2006 01 07  0915    53742   33300      0    1.45e+00    0    1.01e+00
2006 01 07  0920    53742   33600      0    1.46e+00    0    1.01e+00
2006 01 07  0925    53742   33900      0    1.43e+00    0    1.01e+00
2006 01 07  0930    53742   34200      0    1.42e+00    0    9.98e-01
2006 01 07  0935    53742   34500      0    1.40e+00    0    9.94e-01
2006 01 07  0940    53742   34800      0    1.43e+00    0    1.01e+00
2006 01 07  0945    53742   35100      0    1.40e+00    0    9.73e-01
2006 01 07  0950    53742   35400      0    1.42e+00    0    9.97e-01
2006 01 07  0955    53742   35700      0    1.43e+00    0    1.01e+00
2006 01 07  1000    53742   36000      0    1.41e+00    0    9.87e-01
2006 01 07  1005    53742   36300      0    1.42e+00    0    1.00e+00
2006 01 07  1010    53742   36600      0    1.41e+00    0    9.89e-01
2006 01 07  1015    53742   36900      0    1.40e+00    0    9.89e-01
2006 01 07  1020    53742   37200      0    1.44e+00    0    1.00e+00
2006 01 07  1025    53742   37500      0    1.43e+00    0    1.01e+00
2006 01 07  1030    53742   37800      0    1.43e+00    0    9.94e-01
2006 01 07  1035    53742   38100      0    1.39e+00    0    9.70e-01
2006 01 07  1040    53742   38400      0    1.41e+00    0    9.94e-01
2006 01 07  1045    53742   38700      0    1.42e+00    0    9.97e-01
2006 01 07  1050    53742   39000      0    1.42e+00    0    9.88e-01
2006 01 07  1055    53742   39300      0    1.42e+00    0    9.96e-01
2006 01 07  1100    53742   39600      0    1.43e+00    0    1.00e+00
2006 01 07  1105    53742   39900      0    1.46e+00    0    1.03e+00
2006 01 07  1110    53742   40200      0    1.41e+00    0    9.79e-01
2006 01 07  1115    53742   40500      0    1.40e+00    0    9.85e-01
2006 01 07  1120    53742   40800      0    1.40e+00    0    9.90e-01
2006 01 07  1125    53742   41100      0    1.44e+00    0    1.01e+00
2006 01 07  1130    53742   41400      0    1.40e+00    0    9.81e-01
2006 01 07  1135    53742   41700      0    1.39e+00    0    9.70e-01
2006 01 07  1140    53742   42000      0    1.42e+00    0    1.00e+00
2006 01 07  1145    53742   42300      0    1.43e+00    0    9.96e-01
2006 01 07  1150    53742   42600      0    1.45e+00    0    1.03e+00
2006 01 07  1155    53742   42900      0    1.42e+00    0    9.95e-01
2006 01 07  1200    53742   43200      0    1.38e+00    0    9.67e-01
2006 01 07  1205    53742   43500      0    1.42e+00    0    9.91e-01
2006 01 07  1210    53742   43800      0    1.45e+00    0    1.01e+00
2006 01 07  1215    53742   44100      0    1.40e+00    0    9.80e-01
2006 01 07  1220    53742   44400      0    1.43e+00    0    1.01e+00
2006 01 07  1225    53742   44700      0    1.43e+00    0    1.00e+00
2006 01 07  1230    53742   45000      0    1.40e+00    0    9.97e-01
2006 01 07  1235    53742   45300      0    1.43e+00    0    1.01e+00
2006 01 07  1240    53742   45600      0    1.43e+00    0    1.01e+00
2006 01 07  1245    53742   45900      0    1.46e+00    0    1.04e+00
2006 01 07  1250    53742   46200      0    1.44e+00    0    1.01e+00
2006 01 07  1255    53742   46500      0    1.39e+00    0    9.81e-01
2006 01 07  1300    53742   46800      0    1.37e+00    0    9.57e-01
2006 01 07  1305    53742   47100      0    1.41e+00    0    9.88e-01
2006 01 07  1310    53742   47400      0    1.43e+00    0    1.01e+00
2006 01 07  1315    53742   47700      0    1.42e+00    0    9.94e-01
2006 01 07  1320    53742   48000      0    1.43e+00    0    1.00e+00
2006 01 07  1325    53742   48300      0    1.42e+00    0    9.95e-01
2006 01 07  1330    53742   48600      0    1.42e+00    0    9.90e-01
2006 01 07  1335    53742   48900      0    1.43e+00    0    1.00e+00
2006 01 07  1340    53742   49200      0    1.41e+00    0    9.85e-01
2006 01 07  1345    53742   49500      0    1.39e+00    0    9.78e-01
2006 01 07  1350    53742   49800      0    1.39e+00    0    9.85e-01
2006 01 07  1355    53742   50100      0    1.43e+00    0    1.01e+00
2006 01 07  1400    53742   50400      0    1.44e+00    0    1.01e+00
2006 01 07  1405    53742   50700      0    1.45e+00    0    1.01e+00
2006 01 07  1410    53742   51000      0    1.42e+00    0    9.94e-01
2006 01 07  1415    53742   51300      0    1.36e+00    0    9.50e-01
2006 01 07  1420    53742   51600      0    1.43e+00    0    1.00e+00
2006 01 07  1425    53742   51900      0    1.45e+00    0    1.02e+00
2006 01 07  1430    53742   52200      0    1.42e+00    0    9.89e-01
2006 01 07  1435    53742   52500      0    1.43e+00    0    1.00e+00
2006 01 07  1440    53742   52800      0    1.42e+00    0    1.01e+00
2006 01 07  1445    53742   53100      0    1.42e+00    0    9.98e-01
2006 01 07  1450    53742   53400      0    1.40e+00    0    9.88e-01
2006 01 07  1455    53742   53700      0    1.42e+00    0    1.01e+00
2006 01 07  1500    53742   54000      0    1.45e+00    0    1.01e+00
2006 01 07  1505    53742   54300      9   -1.00e+05    9   -1.00e+05
2006 01 07  1510    53742   54600      9   -1.00e+05    9   -1.00e+05
2006 01 07  1515    53742   54900      9   -1.00e+05    9   -1.00e+05
2006 01 07  1520    53742   55200      9   -1.00e+05    9   -1.00e+05
2006 01 07  1525    53742   55500      9   -1.00e+05    9   -1.00e+05
2006 01 07  1530    53742   55800      0    1.45e+00    0    1.02e+00
2006 01 07  1535    53742   56100      0    1.43e+00    0    9.98e-01
2006 01 07  1540    53742   56400      0    1.43e+00    0    1.01e+00
2006 01 07  1545    53742   56700      0    1.47e+00    0    1.02e+00
2006 01 07  1550    53742   57000      0    1.46e+00    0    1.03e+00
2006 01 07  1555    53742   57300      0    1.41e+00    0    9.84e-01
2006 01 07  1600    53742   57600      0    1.42e+00    0    9.97e-01
2006 01 07  1605    53742   57900      0    1.42e+00    0    9.97e-01
2006 01 07  1610    53742   58200      0    1.43e+00    0    1.00e+00
2006 01 07  1615    53742   58500      0    1.44e+00    0    1.01e+00
2006 01 07  1620    53742   58800      0    1.44e+00    0    1.01e+00
2006 01 07  1625    53742   59100      0    1.44e+00    0    1.02e+00
2006 01 07  1630    53742   59400      0    1.43e+00    0    1.01e+00
2006 01 07  1635    53742   59700      0    1.43e+00    0    9.97e-01
2006 01 07  1640    53742   60000      0    1.48e+00    0    1.04e+00
2006 01 07  1645    53742   60300      0    1.45e+00    0    1.01e+00
2006 01 07  1650    53742   60600      0    1.39e+00    0    9.76e-01
2006 01 07  1655    53742   60900      0    1.47e+00    0    1.03e+00
2006 01 07  1700    53742   61200      0    1.42e+00    0    1.00e+00
2006 01 07  1705    53742   61500      0    1.45e+00    0    1.03e+00
2006 01 07  1710    53742   61800      0    1.45e+00    0    1.02e+00
2006 01 07  1715    53742   62100      0    1.43e+00    0    1.00e+00
2006 01 07  1720    53742   62400      0    1.42e+00    0    9.91e-01
2006 01 07  1725    53742   62700      0    1.42e+00    0    9.89e-01
2006 01 07  1730    53742   63000      0    1.43e+00    0    1.01e+00
2006 01 07  1735    53742   63300      0    1.39e+00    0    9.76e-01
2006 01 07  1740    53742   63600      0    1.42e+00    0    1.00e+00
2006 01 07  1745    53742   63900      0    1.41e+00    0    9.90e-01
2006 01 07  1750    53742   64200      0    1.41e+00    0    9.84e-01
2006 01 07  1755    53742   64500      0    1.40e+00    0    9.80e-01
2006 01 07  1800    53742   64800      0    1.42e+00    0    9.99e-01
2006 01 07  1805    53742   65100      0    1.44e+00    0    1.01e+00
2006 01 07  1810    53742   65400      0    1.42e+00    0    9.99e-01
2006 01 07  1815    53742   65700      0    1.45e+00    0    1.02e+00
2006 01 07  1820    53742   66000      0    1.43e+00    0    1.01e+00
2006 01 07  1825    53742   66300      0    1.42e+00    0    1.01e+00
2006 01 07  1830    53742   66600      0    1.39e+00    0    9.70e-01
2006 01 07  1835    53742   66900      0    1.41e+00    0    9.89e-01
2006 01 07  1840    53742   67200      0    1.39e+00    0    9.77e-01
2006 01 07  1845    53742   67500      0    1.43e+00    0    1.00e+00
2006 01 07  1850    53742   67800      0    1.42e+00    0    9.87e-01
2006 01 07  1855    53742   68100      0    1.41e+00    0    9.84e-01
2006 01 07  1900    53742   68400      0    1.43e+00    0    1.01e+00
2006 01 07  1905    53742   68700      0    1.43e+00    0    1.01e+00
2006 01 07  1910    53742   69000      0    1.43e+00    0    1.00e+00
2006 01 07  1915    53742   69300      0    1.41e+00    0    9.91e-01
2006 01 07  1920    53742   69600      0    1.42e+00    0    9.93e-01
2006 01 07  1925    53742   69900      0    1.46e+00    0    1.02e+00
2006 01 07  1930    53742   70200      0    1.45e+00    0    1.03e+00
2006 01 07  1935    53742   70500      0    1.42e+00    0    9.92e-01
2006 01 07  1940    53742   70800      0    1.43e+00    0    1.01e+00
2006 01 07  1945    53742   71100      0    1.43e+00    0    1.00e+00
2006 01 07  1950    53742   71400      0    1.42e+00    0    1.00e+00
2006 01 07  1955    53742   71700      0    1.39e+00    0    9.62e-01
2006 01 07  2000    53742   72000      0    1.42e+00    0    9.97e-01
2006 01 07  2005    53742   72300      0    1.41e+00    0    9.87e-01
2006 01 07  2010    53742   72600      0    1.46e+00    0    1.03e+00
2006 01 07  2015    53742   72900      0    1.44e+00    0    1.01e+00
2006 01 07  2020    53742   73200      0    1.41e+00    0    9.87e-01
2006 01 07  2025    53742   73500      0    1.42e+00    0    1.00e+00
2006 01 07  2030    53742   73800      0    1.41e+00    0    9.85e-01
2006 01 07  2035    53742   74100      0    1.42e+00    0    9.99e-01
2006 01 07  2040    53742   74400      0    1.43e+00    0    1.02e+00
2006 01 07  2045    53742   74700      0    1.41e+00    0    1.00e+00
2006 01 07  2050    53742   75000      0    1.41e+00    0    9.86e-01
2006 01 07  2055    53742   75300      0    1.39e+00    0    9.59e-01
2006 01 07  2100    53742   75600      0    1.42e+00    0    9.93e-01
2006 01 07  2105    53742   75900      0    1.37e+00    0    9.63e-01
2006 01 07  2110    53742   76200      0    1.43e+00    0    1.01e+00
2006 01 07  2115    53742   76500      0    1.40e+00    0    9.84e-01
2006 01 07  2120    53742   76800      0    1.39e+00    0    9.60e-01
2006 01 07  2125    53742   77100      0    1.38e+00    0    9.67e-01
2006 01 07  2130    53742   77400      0    1.43e+00    0    1.01e+00
2006 01 07  2135    53742   77700      0    1.43e+00    0    1.00e+00
2006 01 07  2140    53742   78000      0    1.45e+00    0    1.01e+00
2006 01 07  2145    53742   78300      0    1.43e+00    0    1.00e+00
2006 01 07  2150    53742   78600      0    1.44e+00    0    1.00e+00
2006 01 07  2155    53742   78900      0    1.47e+00    0    1.04e+00
2006 01 07  2200    53742   79200      0    1.43e+00    0    1.00e+00
2006 01 07  2205    53742   79500      0    1.41e+00    0    9.96e-01
2006 01 07  2210    53742   79800      0    1.41e+00    0    9.92e-01
2006 01 07  2215    53742   80100      0    1.38e+00    0    9.69e-01
2006 01 07  2220    53742   80400      0    1.41e+00    0    9.78e-01
2006 01 07  2225    53742   80700      0    1.40e+00    0    9.87e-01
2006 01 07  2230    53742   81000      0    1.40e+00    0    9.85e-01
2006 01 07  2235    53742   81300      0    1.41e+00    0    9.88e-01
2006 01 07  2240    53742   81600      0    1.38e+00    0    9.67e-01
2006 01 07  2245    53742   81900      0    1.42e+00    0    9.91e-01
2006 01 07  2250    53742   82200      0    1.43e+00    0    1.00e+00
2006 01 07  2255    53742   82500      0    1.42e+00    0    9.92e-01
2006 01 07  2300    53742   82800      0    1.44e+00    0    1.01e+00
2006 01 07  2305    53742   83100      0    1.41e+00    0    9.96e-01
2006 01 07  2310    53742   83400      0    1.43e+00    0    1.01e+00
2006 01 07  2315    53742   83700      0    1.37e+00    0    9.68e-01
2006 01 07  2320    53742   84000      0    1.43e+00    0    9.96e-01
2006 01 07  2325    53742   84300      0    1.41e+00    0    9.91e-01
2006 01 07  2330    53742   84600      0    1.41e+00    0    9.78e-01
2006 01 07  2335    53742   84900      0    1.44e+00    0    1.02e+00
2006 01 07  2340    53742   85200      0    1.43e+00    0    9.99e-01
2006 01 07  2345    53742   85500      0    1.41e+00    0    9.89e-01
2006 01 07  2350    53742   85800      0    1.45e+00    0    1.02e+00
2006 01 07  2355    53742   86100      0    1.44e+00    0    1.00e+00
