:Data_list: 20060425_ace_epam_5m.txt
:Created: 2006 Apr 26 0012 UT
# Prepared by the U.S. Dept. of Commerce, NOAA, Space Environment Center.
# Please send comments and suggestions to SEC.Webmaster@noaa.gov 
# 
# Units: Differential Flux particles/cm2-s-ster-MeV
# Units: Anisotropy Index 0.0 - 2.0
# Status(S): 0 = nominal, 4,6,7,8 = bad data, unable to process, 9 = no data
# Missing data values: -1.00e+05, index = -1.00
# Source: ACE Satellite - Electron, Proton, and Alpha Monitor
# 2004 Feb 04: see http://www.sec.noaa.gov/ftpdir/lists/ace/README for EPAM channel change notice.
#
#                      5-minute averaged Real-time Differential Electron and Proton Flux 
# 
#                Modified Seconds ---------------------------- Differential Flux --------------------------- 
# UT Date   Time  Julian  of the  ----- Electron -----   ------------------- Protons keV -------------------   Anis.
# YR MO DA  HHMM    Day    Day    S    38-53   175-315   S    47-68   115-195   310-580   761-1220 1060-1900   Ratio
#-------------------------------------------------------------------------------------------------------------------
2006 04 25  0000   53850       0  0  3.10e+02  2.34e+01  0  7.93e+02  1.55e+01  1.77e+00  5.40e-01  7.38e-02   0.12
2006 04 25  0005   53850     300  0  3.37e+02  1.86e+01  0  7.14e+02  1.41e+01  1.66e+00  4.05e-01  1.16e-01   0.12
2006 04 25  0010   53850     600  0  3.51e+02  2.26e+01  0  8.08e+02  1.76e+01  1.80e+00  3.33e-01  8.43e-02   0.91
2006 04 25  0015   53850     900  0  2.74e+02  2.09e+01  0  7.87e+02  1.71e+01  1.67e+00  4.16e-01  5.27e-02   0.48
2006 04 25  0020   53850    1200  0  2.79e+02  2.17e+01  0  7.44e+02  1.50e+01  1.69e+00  5.98e-01  1.16e-01   0.13
2006 04 25  0025   53850    1500  0  3.88e+02  2.18e+01  0  8.07e+02  1.31e+01  1.61e+00  3.74e-01  1.48e-01   0.69
2006 04 25  0030   53850    1800  0  2.56e+02  2.31e+01  0  7.86e+02  1.68e+01  1.33e+00  4.75e-01  9.81e-02   0.36
2006 04 25  0035   53850    2100  0  3.48e+02  2.24e+01  0  7.69e+02  1.59e+01  1.87e+00  3.95e-01  1.90e-01   0.92
2006 04 25  0040   53850    2400  0  3.26e+02  2.18e+01  0  7.58e+02  1.63e+01  1.54e+00  3.95e-01  6.32e-02   0.34
2006 04 25  0045   53850    2700  0  3.19e+02  2.29e+01  0  8.41e+02  1.53e+01  2.02e+00  4.05e-01  1.16e-01   0.54
2006 04 25  0050   53850    3000  0  2.71e+02  2.45e+01  0  7.85e+02  1.47e+01  1.70e+00  4.57e-01  2.00e-01   0.14
2006 04 25  0055   53850    3300  0  2.83e+02  2.20e+01  0  7.58e+02  1.48e+01  1.70e+00  4.16e-01  1.16e-01   0.00
2006 04 25  0100   53850    3600  0  3.43e+02  2.50e+01  0  7.89e+02  1.40e+01  1.36e+00  4.75e-01  1.07e-01   0.61
2006 04 25  0105   53850    3900  0  3.08e+02  2.01e+01  0  7.99e+02  1.56e+01  1.38e+00  4.57e-01  1.58e-01   0.37
2006 04 25  0110   53850    4200  0  2.74e+02  2.27e+01  0  7.67e+02  1.83e+01  1.98e+00  4.19e-01  1.35e-01   0.76
2006 04 25  0115   53850    4500  0  3.60e+02  2.13e+01  0  7.88e+02  1.54e+01  1.77e+00  5.72e-01  1.64e-01   0.27
2006 04 25  0120   53850    4800  0  2.94e+02  1.99e+01  0  8.71e+02  1.52e+01  1.64e+00  4.16e-01  8.43e-02   0.96
2006 04 25  0125   53850    5100  0  2.85e+02  2.20e+01  0  7.81e+02  1.76e+01  1.83e+00  3.12e-01  1.48e-01   0.70
2006 04 25  0130   53850    5400  0  2.74e+02  2.43e+01  0  7.48e+02  1.41e+01  1.80e+00  4.00e-01  1.45e-01   0.48
2006 04 25  0135   53850    5700  0  3.26e+02  2.36e+01  0  8.27e+02  1.37e+01  1.80e+00  4.37e-01  1.26e-01   0.27
2006 04 25  0140   53850    6000  0  2.65e+02  2.07e+01  0  8.21e+02  1.54e+01  1.83e+00  5.34e-01  1.83e-01   0.31
2006 04 25  0145   53850    6300  0  3.47e+02  2.53e+01  0  7.75e+02  1.70e+01  1.50e+00  4.57e-01  1.06e-01   0.69
2006 04 25  0150   53850    6600  0  3.73e+02  2.18e+01  0  8.04e+02  1.52e+01  1.77e+00  4.19e-01  1.06e-01   0.40
2006 04 25  0155   53850    6900  0  3.06e+02  2.47e+01  0  8.08e+02  1.63e+01  1.84e+00  4.78e-01  5.80e-02   0.54
2006 04 25  0200   53850    7200  0  3.37e+02  2.13e+01  0  7.88e+02  1.63e+01  1.77e+00  6.48e-01  1.74e-01   0.31
2006 04 25  0205   53850    7500  0  3.74e+02  2.29e+01  0  7.60e+02  1.56e+01  2.28e+00  6.10e-01  9.66e-02   0.48
2006 04 25  0210   53850    7800  0  3.64e+02  2.28e+01  0  7.97e+02  1.63e+01  1.61e+00  4.16e-01  1.58e-01   0.56
2006 04 25  0215   53850    8100  0  3.36e+02  2.16e+01  0  7.76e+02  1.63e+01  2.10e+00  4.57e-01  8.69e-02   0.72
2006 04 25  0220   53850    8400  0  5.11e+02  2.13e+01  0  7.23e+02  1.37e+01  1.86e+00  4.38e-01  9.66e-02   0.63
2006 04 25  0225   53850    8700  0  4.15e+02  2.34e+01  0  7.53e+02  1.69e+01  2.00e+00  3.74e-01  1.37e-01   0.80
2006 04 25  0230   53850    9000  0  3.79e+02  2.26e+01  0  8.12e+02  1.59e+01  1.83e+00  5.80e-01  1.34e-01   0.66
2006 04 25  0235   53850    9300  0  3.41e+02  2.16e+01  0  7.93e+02  1.49e+01  1.57e+00  3.95e-01  1.26e-01   0.40
2006 04 25  0240   53850    9600  0  4.06e+02  2.40e+01  0  7.57e+02  1.48e+01  1.67e+00  6.24e-01  6.32e-02   0.77
2006 04 25  0245   53850    9900  0  3.82e+02  2.35e+01  0  7.93e+02  1.34e+01  2.08e+00  4.57e-01  1.16e-01   0.64
2006 04 25  0250   53850   10200  0  3.63e+02  2.38e+01  0  8.09e+02  1.58e+01  1.77e+00  4.57e-01  1.05e-01   0.75
2006 04 25  0255   53850   10500  0  3.63e+02  2.18e+01  0  7.28e+02  1.49e+01  1.97e+00  3.33e-01  1.48e-01   0.76
2006 04 25  0300   53850   10800  0  4.03e+02  2.03e+01  0  8.02e+02  1.44e+01  1.80e+00  4.05e-01  1.25e-01   0.99
2006 04 25  0305   53850   11100  0  3.46e+02  1.74e+01  0  7.89e+02  1.64e+01  2.13e+00  3.53e-01  1.48e-01   0.50
2006 04 25  0310   53850   11400  0  3.07e+02  1.91e+01  0  7.82e+02  1.54e+01  1.97e+00  3.17e-01  9.81e-02   0.67
2006 04 25  0315   53850   11700  0  4.69e+02  2.34e+01  0  7.76e+02  1.46e+01  1.61e+00  7.07e-01  1.05e-01   0.33
2006 04 25  0320   53850   12000  0  4.28e+02  2.32e+01  0  8.10e+02  1.56e+01  2.39e+00  4.99e-01  3.16e-02   0.25
2006 04 25  0325   53850   12300  0  3.91e+02  2.03e+01  0  7.94e+02  1.43e+01  1.61e+00  4.93e-01  9.48e-02   0.90
2006 04 25  0330   53850   12600  0  3.35e+02  2.11e+01  0  7.40e+02  1.46e+01  1.54e+00  4.78e-01  1.79e-01   0.76
2006 04 25  0335   53850   12900  0  3.92e+02  2.09e+01  0  7.94e+02  1.60e+01  1.84e+00  4.16e-01  8.43e-02   0.33
2006 04 25  0340   53850   13200  0  3.48e+02  2.01e+01  0  7.64e+02  1.64e+01  1.69e+00  4.22e-01  1.34e-01   0.57
2006 04 25  0345   53850   13500  0  3.70e+02  2.26e+01  0  7.29e+02  1.58e+01  1.84e+00  1.66e-01  1.26e-01   0.67
2006 04 25  0350   53850   13800  0  4.37e+02  2.50e+01  0  8.15e+02  1.48e+01  1.80e+00  5.14e-01  9.66e-02   0.44
2006 04 25  0355   53850   14100  0  3.75e+02  2.04e+01  0  7.62e+02  1.34e+01  2.13e+00  5.14e-01  8.69e-02   0.58
2006 04 25  0400   53850   14400  0  3.02e+02  2.57e+01  0  8.01e+02  1.75e+01  1.93e+00  3.74e-01  9.48e-02   0.18
2006 04 25  0405   53850   14700  0  4.33e+02  1.90e+01  0  9.09e+02  1.90e+01  1.50e+00  3.24e-01  8.69e-02   0.59
2006 04 25  0410   53850   15000  0  4.65e+02  2.32e+01  0  1.64e+03  2.64e+01  1.86e+00  5.53e-01  9.48e-02   0.24
2006 04 25  0415   53850   15300  0  3.86e+02  2.18e+01  0  1.79e+03  2.81e+01  2.59e+00  5.61e-01  1.05e-01   0.36
2006 04 25  0420   53850   15600  0  4.78e+02  2.29e+01  0  1.01e+03  1.95e+01  1.92e+00  4.38e-01  1.16e-01   0.23
2006 04 25  0425   53850   15900  0  4.56e+02  1.84e+01  0  9.73e+02  1.58e+01  1.92e+00  4.38e-01  7.73e-02   1.08
2006 04 25  0430   53850   16200  0  3.31e+02  2.02e+01  0  8.67e+02  1.69e+01  1.59e+00  5.34e-01  1.16e-01   0.59
2006 04 25  0435   53850   16500  0  3.30e+02  2.38e+01  0  7.96e+02  1.87e+01  1.87e+00  4.57e-01  4.35e-02   0.63
2006 04 25  0440   53850   16800  0  4.70e+02  1.88e+01  0  8.07e+02  1.49e+01  2.13e+00  3.62e-01  8.11e-02   0.34
2006 04 25  0445   53850   17100  0  3.49e+02  2.41e+01  0  7.98e+02  1.57e+01  1.71e+00  5.53e-01  1.35e-01   0.79
2006 04 25  0450   53850   17400  0  3.32e+02  2.09e+01  0  7.83e+02  1.36e+01  1.70e+00  5.82e-01  7.38e-02   0.32
2006 04 25  0455   53850   17700  0  3.52e+02  2.11e+01  0  7.32e+02  1.71e+01  1.77e+00  5.34e-01  1.16e-01   0.95
2006 04 25  0500   53850   18000  0  4.88e+02  1.97e+01  0  7.70e+02  1.46e+01  2.13e+00  4.19e-01  1.45e-01   0.57
2006 04 25  0505   53850   18300  0  3.88e+02  2.74e+01  0  8.24e+02  1.53e+01  1.93e+00  4.99e-01  1.16e-01   0.64
2006 04 25  0510   53850   18600  0  3.62e+02  2.08e+01  0  7.29e+02  1.56e+01  1.55e+00  3.87e-01  9.66e-02   0.55
2006 04 25  0515   53850   18900  0  4.47e+02  2.55e+01  0  8.03e+02  1.90e+01  1.74e+00  6.24e-01  1.05e-01   0.39
2006 04 25  0520   53850   19200  0  3.73e+02  2.32e+01  0  7.79e+02  1.63e+01  1.97e+00  3.74e-01  8.43e-02   0.31
2006 04 25  0525   53850   19500  0  3.72e+02  2.16e+01  0  8.27e+02  1.59e+01  1.75e+00  4.57e-01  7.13e-02   0.27
2006 04 25  0530   53850   19800  0  4.02e+02  2.40e+01  0  1.09e+03  1.62e+01  1.68e+00  4.80e-01  1.39e-01   0.43
2006 04 25  0535   53850   20100  0  3.54e+02  2.20e+01  0  1.18e+03  1.64e+01  1.74e+00  2.67e-01  9.66e-02   1.31
2006 04 25  0540   53850   20400  0  3.75e+02  2.30e+01  0  8.51e+02  1.46e+01  1.49e+00  3.72e-01  8.40e-02   0.18
2006 04 25  0545   53850   20700  0  3.64e+02  2.03e+01  0  7.65e+02  1.56e+01  1.67e+00  3.33e-01  6.44e-02   0.38
2006 04 25  0550   53850   21000  0  4.66e+02  2.31e+01  0  7.93e+02  1.78e+01  1.86e+00  6.16e-01  1.96e-01   0.12
2006 04 25  0555   53850   21300  0  3.44e+02  2.27e+01  0  7.97e+02  1.67e+01  2.11e+00  5.67e-01  7.84e-02   0.43
2006 04 25  0600   53850   21600  0  3.46e+02  2.49e+01  0  7.96e+02  1.66e+01  1.77e+00  3.53e-01  1.48e-01   0.54
2006 04 25  0605   53850   21900  0  4.21e+02  2.03e+01  0  7.85e+02  1.46e+01  1.64e+00  6.51e-01  1.43e-01   0.41
2006 04 25  0610   53850   22200  0  3.68e+02  2.16e+01  0  7.94e+02  1.47e+01  2.03e+00  6.44e-01  1.05e-01   0.32
2006 04 25  0615   53850   22500  0  3.37e+02  2.13e+01  0  7.79e+02  1.50e+01  1.97e+00  4.78e-01  1.79e-01   0.28
2006 04 25  0620   53850   22800  0  3.45e+02  2.09e+01  0  7.09e+02  1.46e+01  2.25e+00  5.63e-01  1.52e-01   0.71
2006 04 25  0625   53850   23100  0  4.63e+02  2.36e+01  0  8.26e+02  1.60e+01  2.00e+00  6.03e-01  9.48e-02   0.15
2006 04 25  0630   53850   23400  0  3.37e+02  2.29e+01  0  7.88e+02  1.54e+01  2.37e+00  3.24e-01  1.16e-01   0.99
2006 04 25  0635   53850   23700  0  3.67e+02  2.43e+01  0  7.56e+02  1.48e+01  1.89e+00  3.43e-01  1.55e-01   0.80
2006 04 25  0640   53850   24000  0  5.21e+02  1.84e+01  0  8.38e+02  1.32e+01  1.90e+00  4.57e-01  1.05e-01   0.31
2006 04 25  0645   53850   24300  0  3.65e+02  2.23e+01  0  7.65e+02  1.52e+01  1.41e+00  4.57e-01  1.26e-01   0.22
2006 04 25  0650   53850   24600  0  3.10e+02  1.93e+01  0  7.92e+02  1.62e+01  1.86e+00  4.76e-01  1.55e-01   0.52
2006 04 25  0655   53850   24900  0  3.89e+02  2.28e+01  0  7.75e+02  1.54e+01  1.80e+00  3.95e-01  9.48e-02   0.22
2006 04 25  0700   53850   25200  0  3.72e+02  2.38e+01  0  7.72e+02  1.85e+01  1.46e+00  4.40e-01  1.27e-01   0.37
2006 04 25  0705   53850   25500  0  3.17e+02  2.00e+01  0  8.04e+02  1.59e+01  1.95e+00  5.53e-01  6.76e-02   0.15
2006 04 25  0710   53850   25800  0  3.73e+02  1.88e+01  0  7.01e+02  1.39e+01  2.13e+00  3.43e-01  3.48e-02   0.40
2006 04 25  0715   53850   26100  0  4.32e+02  2.09e+01  0  8.13e+02  1.37e+01  2.00e+00  3.53e-01  1.16e-01   0.71
2006 04 25  0720   53850   26400  0  3.85e+02  2.09e+01  0  8.05e+02  1.39e+01  1.50e+00  6.29e-01  1.35e-01   0.28
2006 04 25  0725   53850   26700  0  3.29e+02  2.09e+01  0  7.90e+02  1.69e+01  2.10e+00  4.00e-01  2.90e-02   1.07
2006 04 25  0730   53850   27000  0  4.91e+02  2.13e+01  0  7.80e+02  1.47e+01  1.90e+00  4.16e-01  1.45e-02   0.53
2006 04 25  0735   53850   27300  0  4.51e+02  2.43e+01  0  8.45e+02  1.42e+01  1.86e+00  3.62e-01  4.97e-02   0.48
2006 04 25  0740   53850   27600  0  3.49e+02  2.71e+01  0  7.33e+02  1.53e+01  1.98e+00  4.76e-01  1.35e-01   0.26
2006 04 25  0745   53850   27900  0  3.69e+02  2.24e+01  0  7.35e+02  1.57e+01  2.26e+00  4.99e-01  2.09e-01   0.51
2006 04 25  0750   53850   28200  0  3.81e+02  2.11e+01  0  7.76e+02  1.39e+01  2.33e+00  5.80e-01  1.34e-01   0.28
2006 04 25  0755   53850   28500  0  4.17e+02  2.40e+01  0  7.80e+02  1.49e+01  1.38e+00  4.37e-01  4.64e-02   0.83
2006 04 25  0800   53850   28800  0  4.29e+02  2.13e+01  0  7.54e+02  1.57e+01  2.00e+00  4.37e-01  9.48e-02   1.15
2006 04 25  0805   53850   29100  0  2.83e+02  2.39e+01  0  7.85e+02  1.42e+01  1.94e+00  5.10e-01  6.32e-02   0.02
2006 04 25  0810   53850   29400  0  3.52e+02  2.44e+01  0  8.05e+02  1.32e+01  1.48e+00  7.48e-01  1.39e-01   0.57
2006 04 25  0815   53850   29700  0  4.17e+02  2.01e+01  0  8.04e+02  1.74e+01  2.06e+00  3.53e-01  5.27e-02   0.61
2006 04 25  0820   53850   30000  0  3.57e+02  2.29e+01  0  7.54e+02  1.59e+01  2.02e+00  4.92e-01  9.66e-02   0.10
2006 04 25  0825   53850   30300  0  4.19e+02  2.40e+01  0  8.25e+02  1.63e+01  1.74e+00  3.74e-01  1.26e-01   0.51
2006 04 25  0830   53850   30600  0  3.66e+02  1.95e+01  0  8.07e+02  1.77e+01  1.91e+00  4.93e-01  8.92e-02   0.17
2006 04 25  0835   53850   30900  0  3.69e+02  1.99e+01  0  7.24e+02  1.46e+01  1.90e+00  3.53e-01  4.64e-02   0.42
2006 04 25  0840   53850   31200  0  3.84e+02  2.22e+01  0  7.78e+02  1.57e+01  1.74e+00  4.12e-01  1.05e-01   0.51
2006 04 25  0845   53850   31500  0  3.21e+02  1.98e+01  0  7.71e+02  1.58e+01  1.80e+00  5.28e-01  1.16e-01   0.43
2006 04 25  0850   53850   31800  0  2.88e+02  2.24e+01  0  7.54e+02  1.37e+01  2.13e+00  6.44e-01  1.05e-01   0.43
2006 04 25  0855   53850   32100  0  3.39e+02  2.49e+01  0  7.47e+02  1.60e+01  1.93e+00  6.24e-01  1.48e-01   0.33
2006 04 25  0900   53850   32400  0  4.09e+02  1.91e+01  0  8.22e+02  1.44e+01  2.02e+00  3.69e-01  1.25e-01   0.66
2006 04 25  0905   53850   32700  0  2.96e+02  2.16e+01  0  7.75e+02  1.22e+01  1.61e+00  4.99e-01  8.43e-02   0.27
2006 04 25  0910   53850   33000  0  3.48e+02  2.16e+01  0  7.18e+02  1.85e+01  2.16e+00  4.57e-01  1.26e-01   0.42
2006 04 25  0915   53850   33300  0  4.17e+02  2.27e+01  0  7.92e+02  1.51e+01  2.04e+00  5.14e-01  1.26e-01   0.23
2006 04 25  0920   53850   33600  0  3.23e+02  2.22e+01  0  8.21e+02  1.36e+01  1.74e+00  4.99e-01  1.05e-01   0.74
2006 04 25  0925   53850   33900  0  3.39e+02  2.41e+01  0  7.32e+02  1.70e+01  1.53e+00  4.76e-01  1.83e-01   0.47
2006 04 25  0930   53850   34200  0  4.08e+02  1.70e+01  0  7.75e+02  1.63e+01  2.34e+00  4.57e-01  1.06e-01   0.18
2006 04 25  0935   53850   34500  0  3.81e+02  2.05e+01  0  7.57e+02  1.42e+01  1.77e+00  4.57e-01  1.37e-01   0.51
2006 04 25  0940   53850   34800  0  3.35e+02  2.18e+01  0  7.85e+02  1.58e+01  1.62e+00  3.24e-01  1.26e-01   0.46
2006 04 25  0945   53850   35100  0  3.46e+02  2.05e+01  0  7.15e+02  1.52e+01  1.74e+00  4.76e-01  1.06e-01   0.65
2006 04 25  0950   53850   35400  0  4.66e+02  2.06e+01  0  8.00e+02  1.61e+01  1.80e+00  6.67e-01  1.74e-01   0.25
2006 04 25  0955   53850   35700  0  3.79e+02  2.15e+01  0  7.80e+02  1.59e+01  1.70e+00  3.95e-01  1.05e-01   0.39
2006 04 25  1000   53850   36000  0  3.68e+02  2.37e+01  0  7.57e+02  1.61e+01  1.71e+00  5.91e-01  1.16e-01   0.99
2006 04 25  1005   53850   36300  0  5.16e+02  2.55e+01  0  7.48e+02  1.64e+01  2.10e+00  6.10e-01  1.74e-01   0.12
2006 04 25  1010   53850   36600  0  3.46e+02  2.11e+01  0  8.34e+02  1.60e+01  1.80e+00  5.20e-01  8.43e-02   0.52
2006 04 25  1015   53850   36900  0  3.36e+02  2.23e+01  0  7.73e+02  1.50e+01  2.37e+00  4.57e-01  1.55e-01   0.38
2006 04 25  1020   53850   37200  0  3.74e+02  2.23e+01  0  7.44e+02  1.46e+01  1.98e+00  6.29e-01  7.73e-02   0.67
2006 04 25  1025   53850   37500  0  4.55e+02  2.09e+01  0  7.70e+02  1.40e+01  1.90e+00  4.99e-01  1.48e-01   0.67
2006 04 25  1030   53850   37800  0  4.11e+02  2.60e+01  0  7.92e+02  1.52e+01  2.02e+00  4.57e-01  6.24e-02   0.17
2006 04 25  1035   53850   38100  0  3.66e+02  2.32e+01  0  7.22e+02  1.63e+01  1.90e+00  3.95e-01  1.26e-01   0.35
2006 04 25  1040   53850   38400  0  3.55e+02  2.01e+01  0  7.92e+02  1.60e+01  2.16e+00  5.61e-01  1.48e-01   0.44
2006 04 25  1045   53850   38700  0  3.65e+02  2.34e+01  0  7.62e+02  1.80e+01  1.80e+00  5.10e-01  9.81e-02   0.43
2006 04 25  1050   53850   39000  0  3.14e+02  2.24e+01  0  7.30e+02  1.31e+01  1.74e+00  4.99e-01  7.37e-02   0.03
2006 04 25  1055   53850   39300  0  3.64e+02  2.38e+01  0  7.95e+02  1.73e+01  2.07e+00  4.57e-01  1.48e-01   0.62
2006 04 25  1100   53850   39600  0  3.53e+02  2.31e+01  0  8.22e+02  1.34e+01  2.00e+00  3.24e-01  1.07e-01   1.21
2006 04 25  1105   53850   39900  0  3.71e+02  1.93e+01  0  7.91e+02  1.49e+01  1.51e+00  4.57e-01  1.69e-01   0.26
2006 04 25  1110   53850   40200  0  3.92e+02  2.22e+01  0  7.23e+02  1.55e+01  1.75e+00  3.87e-01  1.69e-01   1.18
2006 04 25  1115   53850   40500  0  4.85e+02  2.01e+01  0  8.21e+02  1.63e+01  1.80e+00  3.74e-01  9.48e-02   0.37
2006 04 25  1120   53850   40800  0  3.25e+02  2.20e+01  0  8.08e+02  1.57e+01  2.23e+00  6.03e-01  1.04e-01   0.49
2006 04 25  1125   53850   41100  0  2.84e+02  1.82e+01  0  7.58e+02  1.52e+01  1.58e+00  4.92e-01  1.16e-01   0.23
2006 04 25  1130   53850   41400  0  4.11e+02  2.11e+01  0  8.25e+02  1.62e+01  1.80e+00  5.20e-01  1.69e-01   0.24
2006 04 25  1135   53850   41700  0  3.46e+02  2.40e+01  0  8.31e+02  1.74e+01  2.10e+00  3.33e-01  1.16e-01   0.63
2006 04 25  1140   53850   42000  0  3.53e+02  2.31e+01  0  8.38e+02  1.67e+01  2.22e+00  4.57e-01  8.02e-02   0.80
2006 04 25  1145   53850   42300  0  3.70e+02  2.07e+01  0  7.19e+02  1.53e+01  2.10e+00  2.91e-01  1.48e-01   0.33
2006 04 25  1150   53850   42600  0  3.79e+02  2.29e+01  0  8.41e+02  1.76e+01  2.07e+00  5.72e-01  1.93e-01   0.21
2006 04 25  1155   53850   42900  0  3.23e+02  2.25e+01  0  8.67e+02  1.41e+01  1.86e+00  4.95e-01  1.06e-01   0.33
2006 04 25  1200   53850   43200  0  3.77e+02  2.13e+01  0  7.60e+02  1.77e+01  1.97e+00  5.20e-01  1.16e-01   0.36
2006 04 25  1205   53850   43500  0  4.11e+02  2.16e+01  0  7.60e+02  1.62e+01  1.68e+00  3.62e-01  1.16e-01   0.74
2006 04 25  1210   53850   43800  0  3.49e+02  2.16e+01  0  8.09e+02  1.53e+01  1.77e+00  4.00e-01  1.26e-01   0.93
2006 04 25  1215   53850   44100  0  4.82e+02  1.86e+01  0  8.13e+02  1.36e+01  1.44e+00  3.53e-01  8.43e-02   0.88
2006 04 25  1220   53850   44400  0  3.67e+02  2.25e+01  0  7.92e+02  1.60e+01  2.07e+00  3.24e-01  1.45e-01   0.52
2006 04 25  1225   53850   44700  0  4.03e+02  2.06e+01  0  8.10e+02  1.52e+01  1.89e+00  4.76e-01  9.66e-02   0.06
2006 04 25  1230   53850   45000  0  2.66e+02  2.29e+01  0  7.99e+02  1.67e+01  1.83e+00  5.34e-01  5.80e-02   0.45
2006 04 25  1235   53850   45300  0  3.12e+02  2.22e+01  0  7.65e+02  1.41e+01  1.61e+00  4.99e-01  1.04e-01   0.66
2006 04 25  1240   53850   45600  0  4.65e+02  2.52e+01  0  7.97e+02  1.47e+01  1.86e+00  6.48e-01  9.48e-02   0.30
2006 04 25  1245   53850   45900  0  3.57e+02  2.43e+01  0  7.99e+02  1.49e+01  1.71e+00  4.19e-01  1.74e-01   0.53
2006 04 25  1250   53850   46200  0  3.33e+02  2.47e+01  0  7.83e+02  1.73e+01  1.90e+00  4.78e-01  1.48e-01   0.18
2006 04 25  1255   53850   46500  0  4.02e+02  2.07e+01  0  8.01e+02  1.70e+01  1.29e+00  5.34e-01  1.45e-01   0.35
2006 04 25  1300   53850   46800  0  3.09e+02  2.78e+01  0  7.86e+02  1.50e+01  1.63e+00  3.74e-01  1.40e-01   0.57
2006 04 25  1305   53850   47100  0  2.18e+02  2.24e+01  0  8.31e+02  1.67e+01  1.84e+00  5.40e-01  1.16e-01   0.65
2006 04 25  1310   53850   47400  0  3.72e+02  2.08e+01  0  7.28e+02  1.58e+01  1.75e+00  5.28e-01  8.69e-02   0.31
2006 04 25  1315   53850   47700  0  3.41e+02  2.45e+01  0  8.07e+02  1.49e+01  1.87e+00  3.95e-01  1.05e-01   1.14
2006 04 25  1320   53850   48000  0  3.59e+02  2.36e+01  0  7.70e+02  1.75e+01  1.93e+00  2.91e-01  1.48e-01   0.52
2006 04 25  1325   53850   48300  0  3.79e+02  2.39e+01  0  7.33e+02  1.55e+01  1.50e+00  5.10e-01  4.46e-02   0.07
2006 04 25  1330   53850   48600  0  4.73e+02  2.09e+01  0  8.18e+02  1.38e+01  1.41e+00  6.03e-01  1.05e-01   0.27
2006 04 25  1335   53850   48900  0  3.57e+02  2.30e+01  0  8.09e+02  1.58e+01  2.03e+00  3.53e-01  5.27e-02   0.26
2006 04 25  1340   53850   49200  0  3.39e+02  2.76e+01  0  8.12e+02  1.54e+01  2.30e+00  5.10e-01  1.03e-01   0.39
2006 04 25  1345   53850   49500  0  4.00e+02  2.07e+01  0  7.59e+02  1.49e+01  1.84e+00  4.78e-01  1.58e-01   0.30
2006 04 25  1350   53850   49800  0  4.02e+02  2.37e+01  0  7.93e+02  1.45e+01  1.83e+00  4.93e-01  5.80e-02   0.19
2006 04 25  1355   53850   50100  0  3.90e+02  1.68e+01  0  7.87e+02  1.42e+01  1.93e+00  7.69e-01  6.44e-02   0.26
2006 04 25  1400   53850   50400  0  3.53e+02  2.49e+01  0  7.10e+02  1.59e+01  2.03e+00  4.37e-01  8.11e-02   0.86
2006 04 25  1405   53850   50700  0  3.74e+02  2.35e+01  0  7.70e+02  1.27e+01  1.91e+00  4.57e-01  2.90e-02   0.95
2006 04 25  1410   53850   51000  0  3.23e+02  2.36e+01  0  7.46e+02  1.55e+01  1.77e+00  5.40e-01  8.11e-02   0.43
2006 04 25  1415   53850   51300  0  3.44e+02  2.40e+01  0  7.77e+02  1.62e+01  1.70e+00  4.99e-01  9.48e-02   0.39
2006 04 25  1420   53850   51600  0  3.85e+02  2.32e+01  0  7.47e+02  1.23e+01  2.27e+00  3.87e-01  1.34e-01   0.70
2006 04 25  1425   53850   51900  0  3.54e+02  2.07e+01  0  7.81e+02  1.45e+01  1.70e+00  4.16e-01  1.48e-01   0.26
2006 04 25  1430   53850   52200  0  3.26e+02  2.46e+01  0  7.73e+02  1.47e+01  1.98e+00  5.72e-01  1.26e-01   0.61
2006 04 25  1435   53850   52500  0  3.41e+02  2.27e+01  0  7.69e+02  1.47e+01  2.16e+00  2.45e-01  1.16e-01   1.22
2006 04 25  1440   53850   52800  0  4.06e+02  2.47e+01  0  7.79e+02  1.45e+01  2.12e+00  4.85e-01  1.24e-01   0.27
2006 04 25  1445   53850   53100  0  3.65e+02  2.36e+01  0  8.07e+02  1.37e+01  1.95e+00  5.72e-01  1.84e-01   0.37
2006 04 25  1450   53850   53400  0  3.80e+02  2.29e+01  0  7.62e+02  1.60e+01  1.95e+00  4.38e-01  1.35e-01   0.40
2006 04 25  1455   53850   53700  0  3.93e+02  2.01e+01  0  7.57e+02  1.59e+01  1.48e+00  3.12e-01  8.43e-02   0.62
2006 04 25  1500   53850   54000  0  3.27e+02  2.37e+01  0  7.93e+02  1.60e+01  1.98e+00  5.91e-01  8.11e-02   0.57
2006 04 25  1505   53850   54300  0  3.82e+02  2.30e+01  0  7.75e+02  1.53e+01  2.04e+00  4.57e-01  6.76e-02   0.03
2006 04 25  1510   53850   54600  0  3.27e+02  2.52e+01  0  7.64e+02  1.56e+01  1.86e+00  4.76e-01  1.16e-01   0.68
2006 04 25  1515   53850   54900  0  5.16e+02  2.11e+01  0  7.74e+02  1.43e+01  1.90e+00  3.53e-01  8.11e-02   0.31
2006 04 25  1520   53850   55200  0  3.84e+02  2.62e+01  0  8.38e+02  1.61e+01  2.01e+00  3.81e-01  1.06e-01   0.18
2006 04 25  1525   53850   55500  0  3.55e+02  2.32e+01  0  7.38e+02  1.74e+01  2.07e+00  7.05e-01  7.73e-02   0.49
2006 04 25  1530   53850   55800  0  4.63e+02  2.69e+01  0  7.56e+02  1.33e+01  1.97e+00  4.78e-01  4.35e-02   0.46
2006 04 25  1535   53850   56100  0  4.45e+02  2.11e+01  0  7.99e+02  1.46e+01  1.83e+00  5.34e-01  1.06e-01   0.31
2006 04 25  1540   53850   56400  0  3.77e+02  1.93e+01  0  7.55e+02  1.45e+01  2.43e+00  6.10e-01  1.26e-01   0.58
2006 04 25  1545   53850   56700  0  3.77e+02  2.30e+01  0  7.57e+02  1.31e+01  2.13e+00  6.03e-01  1.69e-01   0.34
2006 04 25  1550   53850   57000  0  4.12e+02  2.21e+01  0  7.80e+02  1.58e+01  1.94e+00  4.05e-01  7.13e-02   0.57
2006 04 25  1555   53850   57300  0  3.59e+02  2.42e+01  0  7.75e+02  1.45e+01  1.80e+00  6.24e-01  1.48e-01   0.05
2006 04 25  1600   53850   57600  0  4.03e+02  2.15e+01  0  7.61e+02  1.39e+01  1.93e+00  3.95e-01  5.80e-02   0.45
2006 04 25  1605   53850   57900  0  4.55e+02  2.71e+01  0  8.03e+02  1.61e+01  1.97e+00  5.10e-01  9.81e-02   0.37
2006 04 25  1610   53850   58200  0  3.72e+02  2.11e+01  0  8.39e+02  1.71e+01  1.51e+00  6.03e-01  8.43e-02   0.22
2006 04 25  1615   53850   58500  0  3.39e+02  2.49e+01  0  8.07e+02  1.78e+01  1.44e+00  4.37e-01  1.05e-01   0.31
2006 04 25  1620   53850   58800  0  3.87e+02  2.09e+01  0  8.12e+02  1.47e+01  1.61e+00  4.22e-01  7.73e-02   0.39
2006 04 25  1625   53850   59100  0  4.46e+02  1.99e+01  0  7.74e+02  1.55e+01  1.70e+00  4.99e-01  1.16e-01   0.35
2006 04 25  1630   53850   59400  0  3.77e+02  2.45e+01  0  7.89e+02  1.56e+01  1.94e+00  5.63e-01  1.16e-01   0.45
2006 04 25  1635   53850   59700  0  3.65e+02  1.93e+01  0  7.70e+02  1.62e+01  2.00e+00  4.16e-01  7.38e-02   0.37
2006 04 25  1640   53850   60000  0  4.00e+02  2.71e+01  0  8.42e+02  1.55e+01  2.03e+00  6.65e-01  9.48e-02   0.59
2006 04 25  1645   53850   60300  0  3.56e+02  2.21e+01  0  7.96e+02  1.34e+01  1.89e+00  4.40e-01  1.25e-01   0.61
2006 04 25  1650   53850   60600  0  3.45e+02  2.11e+01  0  7.32e+02  1.44e+01  2.06e+00  6.65e-01  9.48e-02   0.25
2006 04 25  1655   53850   60900  0  4.22e+02  2.30e+01  0  7.93e+02  1.53e+01  1.97e+00  3.53e-01  1.26e-01   0.68
2006 04 25  1700   53850   61200  0  4.49e+02  2.08e+01  0  7.56e+02  1.68e+01  1.28e+00  3.34e-01  1.43e-01   0.27
2006 04 25  1705   53850   61500  0  3.26e+02  1.95e+01  0  8.08e+02  1.60e+01  2.10e+00  4.16e-01  2.00e-01   0.66
2006 04 25  1710   53850   61800  0  3.88e+02  2.18e+01  0  7.76e+02  1.60e+01  1.89e+00  4.57e-01  5.27e-02   0.30
2006 04 25  1715   53850   62100  0  3.84e+02  2.20e+01  0  7.88e+02  1.63e+01  1.95e+00  6.86e-01  1.26e-01   0.54
2006 04 25  1720   53850   62400  0  3.48e+02  2.16e+01  0  7.72e+02  1.48e+01  2.03e+00  6.24e-01  4.21e-02   0.71
2006 04 25  1725   53850   62700  0  3.75e+02  2.59e+01  0  7.45e+02  1.34e+01  1.74e+00  6.10e-01  1.16e-01   0.52
2006 04 25  1730   53850   63000  0  3.67e+02  2.39e+01  0  7.51e+02  1.75e+01  1.92e+00  5.14e-01  1.55e-01   0.26
2006 04 25  1735   53850   63300  0  4.32e+02  2.51e+01  0  8.65e+02  1.97e+01  2.16e+00  6.83e-01  1.11e-01   0.38
2006 04 25  1740   53850   63600  0  4.03e+02  2.02e+01  0  7.46e+02  1.54e+01  1.83e+00  5.91e-01  2.12e-01   0.61
2006 04 25  1745   53850   63900  0  4.47e+02  2.41e+01  0  7.77e+02  1.57e+01  2.16e+00  5.34e-01  1.64e-01   0.44
2006 04 25  1750   53850   64200  0  3.97e+02  2.64e+01  0  8.08e+02  1.50e+01  1.62e+00  4.95e-01  1.16e-01   0.28
2006 04 25  1755   53850   64500  0  3.10e+02  2.07e+01  0  7.90e+02  1.40e+01  1.70e+00  4.57e-01  6.32e-02   0.21
2006 04 25  1800   53850   64800  0  2.70e+02  2.20e+01  0  7.31e+02  1.81e+01  1.56e+00  5.34e-01  1.26e-01   0.24
2006 04 25  1805   53850   65100  0  4.22e+02  2.29e+01  0  8.04e+02  1.49e+01  2.16e+00  4.95e-01  2.22e-01   0.24
2006 04 25  1810   53850   65400  0  3.57e+02  2.45e+01  0  7.67e+02  1.43e+01  1.48e+00  5.61e-01  1.58e-01   0.72
2006 04 25  1815   53850   65700  0  3.39e+02  2.46e+01  0  7.22e+02  1.61e+01  1.65e+00  4.38e-01  1.06e-01   0.07
2006 04 25  1820   53850   66000  0  3.97e+02  2.57e+01  0  7.95e+02  1.26e+01  2.43e+00  4.95e-01  1.35e-01   0.35
2006 04 25  1825   53850   66300  0  3.68e+02  2.18e+01  0  8.46e+02  1.71e+01  2.00e+00  4.16e-01  1.48e-01   0.35
2006 04 25  1830   53850   66600  0  4.07e+02  2.13e+01  0  7.78e+02  1.46e+01  1.86e+00  3.69e-01  8.02e-02   0.66
2006 04 25  1835   53850   66900  0  3.82e+02  2.49e+01  0  7.76e+02  1.59e+01  2.13e+00  5.40e-01  1.48e-01   0.89
2006 04 25  1840   53850   67200  0  3.63e+02  2.13e+01  0  7.97e+02  1.45e+01  1.90e+00  6.24e-01  1.58e-01   0.33
2006 04 25  1845   53850   67500  0  3.54e+02  2.37e+01  0  8.00e+02  1.57e+01  1.83e+00  5.45e-01  1.43e-01   0.08
2006 04 25  1850   53850   67800  0  3.90e+02  2.18e+01  0  7.78e+02  1.62e+01  1.93e+00  4.57e-01  7.38e-02   0.63
2006 04 25  1855   53850   68100  0  4.36e+02  2.18e+01  0  8.10e+02  1.36e+01  2.20e+00  4.99e-01  7.38e-02   0.42
2006 04 25  1900   53850   68400  0  3.83e+02  2.33e+01  0  7.43e+02  1.39e+01  2.00e+00  3.09e-01  1.77e-01   0.76
2006 04 25  1905   53850   68700  0  3.55e+02  2.36e+01  0  7.48e+02  1.56e+01  1.45e+00  5.93e-01  1.18e-01   0.66
2006 04 25  1910   53850   69000  0  4.33e+02  2.21e+01  0  7.64e+02  1.57e+01  2.00e+00  6.16e-01  1.43e-01   0.64
2006 04 25  1915   53850   69300  0  4.41e+02  1.91e+01  0  8.11e+02  1.77e+01  1.51e+00  4.57e-01  9.27e-02   0.35
2006 04 25  1920   53850   69600  0  3.32e+02  2.24e+01  0  7.47e+02  1.44e+01  1.77e+00  6.86e-01  7.38e-02   0.33
2006 04 25  1925   53850   69900  0  3.56e+02  1.85e+01  0  7.11e+02  1.59e+01  1.55e+00  5.45e-01  1.07e-01   0.20
2006 04 25  1930   53850   70200  0  4.24e+02  2.13e+01  0  7.92e+02  1.42e+01  2.59e+00  4.37e-01  1.05e-01   0.66
2006 04 25  1935   53850   70500  0  3.50e+02  2.59e+01  0  8.22e+02  1.52e+01  2.16e+00  3.53e-01  1.37e-01   0.58
2006 04 25  1940   53850   70800  0  3.45e+02  2.16e+01  0  7.72e+02  1.38e+01  1.61e+00  6.86e-01  8.91e-02   0.44
2006 04 25  1945   53850   71100  0  3.61e+02  2.40e+01  0  7.71e+02  1.65e+01  1.38e+00  5.61e-01  1.48e-01   0.28
2006 04 25  1950   53850   71400  0  3.01e+02  2.46e+01  0  8.06e+02  1.51e+01  1.89e+00  4.00e-01  1.64e-01   0.38
2006 04 25  1955   53850   71700  0  3.51e+02  2.39e+01  0  8.63e+02  1.56e+01  1.98e+00  5.14e-01  1.45e-01   0.47
2006 04 25  2000   53850   72000  0  3.88e+02  2.45e+01  0  7.27e+02  1.58e+01  1.74e+00  2.70e-01  1.26e-01   0.85
2006 04 25  2005   53850   72300  0  4.10e+02  2.48e+01  0  8.21e+02  1.40e+01  1.77e+00  5.34e-01  1.16e-01   0.48
2006 04 25  2010   53850   72600  0  3.77e+02  2.29e+01  0  8.12e+02  1.64e+01  1.80e+00  4.95e-01  1.45e-01   0.39
2006 04 25  2015   53850   72900  0  3.77e+02  2.44e+01  0  7.11e+02  1.65e+01  1.70e+00  4.99e-01  1.26e-01   0.20
2006 04 25  2020   53850   73200  0  4.38e+02  2.68e+01  0  7.78e+02  1.67e+01  2.07e+00  4.76e-01  1.16e-01   0.50
2006 04 25  2025   53850   73500  0  3.41e+02  2.66e+01  0  8.00e+02  1.35e+01  1.53e+00  3.62e-01  7.73e-02   0.76
2006 04 25  2030   53850   73800  0  2.96e+02  2.25e+01  0  7.80e+02  1.61e+01  1.80e+00  3.81e-01  1.35e-01   0.30
2006 04 25  2035   53850   74100  0  4.11e+02  2.49e+01  0  7.65e+02  1.45e+01  1.87e+00  5.40e-01  1.37e-01   0.21
2006 04 25  2040   53850   74400  0  3.57e+02  2.41e+01  0  7.67e+02  1.63e+01  1.95e+00  4.57e-01  9.66e-02   0.62
2006 04 25  2045   53850   74700  0  2.94e+02  2.52e+01  0  7.94e+02  1.48e+01  1.95e+00  4.76e-01  1.35e-01   0.83
2006 04 25  2050   53850   75000  0  3.35e+02  2.44e+01  0  7.23e+02  1.48e+01  1.80e+00  6.03e-01  5.80e-02   0.25
2006 04 25  2055   53850   75300  0  4.46e+02  2.14e+01  0  7.93e+02  1.44e+01  2.10e+00  3.81e-01  1.83e-01   0.53
2006 04 25  2100   53850   75600  0  3.60e+02  2.25e+01  0  8.09e+02  1.64e+01  1.53e+00  4.95e-01  1.45e-01   0.46
2006 04 25  2105   53850   75900  0  3.66e+02  2.34e+01  0  7.23e+02  1.38e+01  1.61e+00  3.95e-01  1.26e-01   0.75
2006 04 25  2110   53850   76200  0  4.26e+02  1.93e+01  0  7.83e+02  1.51e+01  1.61e+00  4.57e-01  1.69e-01   0.32
2006 04 25  2115   53850   76500  0  4.08e+02  2.11e+01  0  7.81e+02  1.39e+01  2.23e+00  5.61e-01  7.37e-02   0.37
2006 04 25  2120   53850   76800  0  3.48e+02  1.87e+01  0  7.86e+02  1.56e+01  1.54e+00  5.82e-01  1.48e-01   0.80
2006 04 25  2125   53850   77100  0  3.34e+02  2.08e+01  0  7.41e+02  1.53e+01  1.66e+00  5.80e-01  1.07e-01   0.42
2006 04 25  2130   53850   77400  0  4.19e+02  2.36e+01  0  8.13e+02  1.68e+01  1.61e+00  6.44e-01  6.95e-02   0.26
2006 04 25  2135   53850   77700  0  3.42e+02  1.91e+01  0  8.07e+02  1.68e+01  1.84e+00  3.12e-01  1.05e-01   0.21
2006 04 25  2140   53850   78000  0  3.91e+02  2.29e+01  0  7.37e+02  1.48e+01  1.64e+00  5.28e-01  8.91e-02   0.45
2006 04 25  2145   53850   78300  0  4.15e+02  2.26e+01  0  7.86e+02  1.60e+01  2.13e+00  3.74e-01  1.05e-01   0.93
2006 04 25  2150   53850   78600  0  4.14e+02  2.70e+01  0  8.04e+02  1.50e+01  1.83e+00  3.69e-01  1.34e-01   0.51
2006 04 25  2155   53850   78900  0  3.63e+02  2.11e+01  0  7.83e+02  1.56e+01  2.00e+00  3.12e-01  1.16e-01   0.68
2006 04 25  2200   53850   79200  0  3.77e+02  1.91e+01  0  7.49e+02  1.29e+01  1.57e+00  4.99e-01  1.26e-01   0.53
2006 04 25  2205   53850   79500  0  4.17e+02  2.19e+01  0  8.51e+02  1.94e+01  2.16e+00  4.05e-01  8.43e-02   0.56
2006 04 25  2210   53850   79800  0  3.97e+02  2.09e+01  0  7.67e+02  1.41e+01  1.74e+00  6.24e-01  1.90e-01   0.14
2006 04 25  2215   53850   80100  0  2.99e+02  2.20e+01  0  7.23e+02  1.68e+01  2.03e+00  4.78e-01  1.58e-01   0.58
2006 04 25  2220   53850   80400  0  4.06e+02  2.22e+01  0  7.65e+02  1.77e+01  1.80e+00  5.10e-01  1.16e-01   0.56
2006 04 25  2225   53850   80700  0  3.21e+02  2.55e+01  0  8.06e+02  1.49e+01  1.70e+00  4.57e-01  1.37e-01   0.47
2006 04 25  2230   53850   81000  0  3.59e+02  2.23e+01  0  7.59e+02  1.65e+01  1.83e+00  5.34e-01  8.69e-02   0.76
2006 04 25  2235   53850   81300  0  3.34e+02  2.52e+01  0  7.92e+02  1.78e+01  1.71e+00  4.00e-01  8.69e-02   0.34
2006 04 25  2240   53850   81600  0  3.55e+02  2.24e+01  0  8.12e+02  1.47e+01  1.84e+00  4.37e-01  1.48e-01   0.23
2006 04 25  2245   53850   81900  0  3.31e+02  2.53e+01  0  7.51e+02  1.40e+01  1.56e+00  5.53e-01  6.76e-02   0.76
2006 04 25  2250   53850   82200  0  3.52e+02  2.29e+01  0  7.56e+02  1.75e+01  1.86e+00  4.95e-01  1.26e-01   0.81
2006 04 25  2255   53850   82500  0  3.81e+02  2.24e+01  0  8.10e+02  1.67e+01  2.06e+00  4.99e-01  1.16e-01   0.07
2006 04 25  2300   53850   82800  0  2.98e+02  2.41e+01  0  8.43e+02  1.57e+01  2.01e+00  4.76e-01  1.16e-01   0.45
2006 04 25  2305   53850   83100  0  3.01e+02  2.13e+01  0  7.57e+02  1.67e+01  1.86e+00  4.95e-01  1.16e-01   0.43
2006 04 25  2310   53850   83400  0  3.67e+02  2.06e+01  0  8.00e+02  1.70e+01  2.22e+00  5.14e-01  8.69e-02   0.27
2006 04 25  2315   53850   83700  0  3.95e+02  2.26e+01  0  7.70e+02  1.48e+01  1.90e+00  4.78e-01  1.16e-01   0.21
2006 04 25  2320   53850   84000  0  3.36e+02  2.50e+01  0  7.28e+02  1.70e+01  2.04e+00  5.14e-01  1.16e-01   0.82
2006 04 25  2325   53850   84300  0  3.52e+02  2.00e+01  0  7.32e+02  1.58e+01  2.10e+00  5.34e-01  1.55e-01   0.56
2006 04 25  2330   53850   84600  0  3.64e+02  2.40e+01  0  7.96e+02  1.65e+01  2.26e+00  4.78e-01  1.16e-01   0.28
2006 04 25  2335   53850   84900  0  3.59e+02  2.00e+01  0  7.85e+02  1.76e+01  1.98e+00  3.24e-01  7.38e-02   0.62
2006 04 25  2340   53850   85200  0  3.43e+02  2.66e+01  0  7.24e+02  1.59e+01  1.68e+00  5.53e-01  8.43e-02   0.22
2006 04 25  2345   53850   85500  0  4.37e+02  2.36e+01  0  7.98e+02  1.53e+01  1.64e+00  3.95e-01  1.05e-01   0.48
2006 04 25  2350   53850   85800  0  3.24e+02  2.24e+01  0  7.54e+02  1.81e+01  1.97e+00  4.93e-01  8.02e-02   0.11
2006 04 25  2355   53850   86100  0  3.52e+02  2.44e+01  0  7.47e+02  1.73e+01  1.61e+00  7.90e-01  1.37e-01   0.13
