:Data_list: 20060422_ace_epam_5m.txt
:Created: 2006 Apr 23 0012 UT
# Prepared by the U.S. Dept. of Commerce, NOAA, Space Environment Center.
# Please send comments and suggestions to SEC.Webmaster@noaa.gov 
# 
# Units: Differential Flux particles/cm2-s-ster-MeV
# Units: Anisotropy Index 0.0 - 2.0
# Status(S): 0 = nominal, 4,6,7,8 = bad data, unable to process, 9 = no data
# Missing data values: -1.00e+05, index = -1.00
# Source: ACE Satellite - Electron, Proton, and Alpha Monitor
# 2004 Feb 04: see http://www.sec.noaa.gov/ftpdir/lists/ace/README for EPAM channel change notice.
#
#                      5-minute averaged Real-time Differential Electron and Proton Flux 
# 
#                Modified Seconds ---------------------------- Differential Flux --------------------------- 
# UT Date   Time  Julian  of the  ----- Electron -----   ------------------- Protons keV -------------------   Anis.
# YR MO DA  HHMM    Day    Day    S    38-53   175-315   S    47-68   115-195   310-580   761-1220 1060-1900   Ratio
#-------------------------------------------------------------------------------------------------------------------
2006 04 22  0000   53847       0  0  3.01e+02  2.28e+01  0  8.03e+02  1.64e+01  1.80e+00  4.78e-01  1.58e-01   0.35
2006 04 22  0005   53847     300  0  3.09e+02  2.02e+01  0  7.42e+02  1.37e+01  1.86e+00  4.38e-01  1.55e-01   0.65
2006 04 22  0010   53847     600  0  3.55e+02  2.41e+01  0  8.09e+02  1.56e+01  2.55e+00  5.72e-01  1.26e-01   0.20
2006 04 22  0015   53847     900  0  2.85e+02  1.99e+01  0  7.64e+02  1.60e+01  1.61e+00  4.57e-01  1.58e-01   0.26
2006 04 22  0020   53847    1200  0  3.12e+02  2.26e+01  0  7.40e+02  1.50e+01  2.08e+00  4.22e-01  1.25e-01   0.22
2006 04 22  0025   53847    1500  0  3.41e+02  2.14e+01  0  7.32e+02  1.45e+01  1.95e+00  4.38e-01  1.05e-01   0.18
2006 04 22  0030   53847    1800  0  3.41e+02  2.26e+01  0  8.62e+02  1.38e+01  1.61e+00  5.61e-01  1.26e-01   0.27
2006 04 22  0035   53847    2100  0  3.17e+02  2.11e+01  0  8.12e+02  1.67e+01  2.02e+00  5.10e-01  1.52e-01   0.21
2006 04 22  0040   53847    2400  0  2.92e+02  2.20e+01  0  7.05e+02  1.71e+01  1.41e+00  5.40e-01  2.21e-01   0.24
2006 04 22  0045   53847    2700  0  3.68e+02  2.15e+01  0  8.01e+02  1.54e+01  2.00e+00  6.65e-01  1.05e-01   0.42
2006 04 22  0050   53847    3000  0  3.27e+02  2.37e+01  0  7.90e+02  1.24e+01  1.66e+00  4.05e-01  1.34e-01   0.24
2006 04 22  0055   53847    3300  0  3.14e+02  1.97e+01  0  7.75e+02  1.71e+01  1.61e+00  4.16e-01  1.26e-01   0.43
2006 04 22  0100   53847    3600  0  2.88e+02  2.53e+01  0  7.82e+02  1.43e+01  1.69e+00  5.80e-01  1.07e-01   0.42
2006 04 22  0105   53847    3900  0  3.37e+02  2.49e+01  0  7.99e+02  1.69e+01  1.94e+00  5.28e-01  1.34e-01   0.19
2006 04 22  0110   53847    4200  0  2.96e+02  1.91e+01  0  8.12e+02  1.76e+01  1.80e+00  5.40e-01  7.38e-02   0.76
2006 04 22  0115   53847    4500  0  2.58e+02  2.09e+01  0  7.36e+02  1.64e+01  2.11e+00  4.57e-01  5.80e-02   0.17
2006 04 22  0120   53847    4800  0  3.23e+02  2.32e+01  0  8.34e+02  1.35e+01  2.36e+00  3.33e-01  1.26e-01   0.13
2006 04 22  0125   53847    5100  0  2.90e+02  2.13e+01  0  7.90e+02  1.39e+01  1.93e+00  5.20e-01  8.43e-02   0.47
2006 04 22  0130   53847    5400  0  3.22e+02  2.50e+01  0  8.06e+02  1.58e+01  2.27e+00  6.51e-01  1.87e-01   0.16
2006 04 22  0135   53847    5700  0  4.27e+02  2.16e+01  0  7.86e+02  1.32e+01  1.41e+00  3.74e-01  1.16e-01   0.63
2006 04 22  0140   53847    6000  0  3.34e+02  2.20e+01  0  8.05e+02  1.55e+01  1.86e+00  4.38e-01  1.83e-01   0.68
2006 04 22  0145   53847    6300  0  3.77e+02  2.60e+01  0  7.93e+02  1.57e+01  1.66e+00  4.57e-01  1.25e-01   0.35
2006 04 22  0150   53847    6600  0  4.31e+02  2.01e+01  0  7.60e+02  1.50e+01  1.93e+00  3.53e-01  1.58e-01   0.45
2006 04 22  0155   53847    6900  0  3.61e+02  2.13e+01  0  7.86e+02  1.70e+01  1.68e+00  4.95e-01  1.45e-01   0.21
2006 04 22  0200   53847    7200  0  3.24e+02  2.09e+01  0  8.53e+02  1.63e+01  1.68e+00  4.38e-01  1.45e-01   0.34
2006 04 22  0205   53847    7500  0  3.39e+02  2.82e+01  0  7.33e+02  1.66e+01  1.34e+00  4.99e-01  1.26e-01   0.52
2006 04 22  0210   53847    7800  0  3.98e+02  1.97e+01  0  7.83e+02  1.54e+01  1.68e+00  3.05e-01  1.26e-01   0.54
2006 04 22  0215   53847    8100  0  3.37e+02  2.23e+01  0  7.75e+02  1.42e+01  1.80e+00  3.81e-01  1.35e-01   0.44
2006 04 22  0220   53847    8400  0  3.48e+02  2.46e+01  0  7.75e+02  1.41e+01  1.92e+00  2.86e-01  1.16e-01   0.50
2006 04 22  0225   53847    8700  0  3.59e+02  2.04e+01  0  7.43e+02  1.58e+01  2.16e+00  5.53e-01  6.76e-02   0.35
2006 04 22  0230   53847    9000  0  3.86e+02  2.18e+01  0  7.92e+02  1.69e+01  1.83e+00  4.95e-01  7.38e-02   0.41
2006 04 22  0235   53847    9300  0  3.09e+02  2.13e+01  0  7.80e+02  1.29e+01  1.59e+00  3.74e-01  8.69e-02   0.75
2006 04 22  0240   53847    9600  0  3.34e+02  1.95e+01  0  7.62e+02  1.32e+01  2.29e+00  4.16e-01  9.48e-02   0.43
2006 04 22  0245   53847    9900  0  4.45e+02  2.11e+01  0  7.95e+02  1.68e+01  1.68e+00  4.38e-01  1.16e-01   0.51
2006 04 22  0250   53847   10200  0  2.41e+02  2.16e+01  0  8.05e+02  1.64e+01  2.04e+00  4.19e-01  9.66e-02   0.13
2006 04 22  0255   53847   10500  0  3.45e+02  2.49e+01  0  7.35e+02  1.31e+01  1.41e+00  4.37e-01  9.48e-02   0.50
2006 04 22  0300   53847   10800  0  3.51e+02  2.50e+01  0  7.84e+02  1.71e+01  2.30e+00  4.93e-01  1.06e-01   0.40
2006 04 22  0305   53847   11100  0  3.07e+02  2.39e+01  0  7.87e+02  1.79e+01  1.83e+00  4.76e-01  1.48e-01   0.44
2006 04 22  0310   53847   11400  0  3.95e+02  2.47e+01  0  8.29e+02  1.37e+01  1.31e+00  2.49e-01  7.38e-02   0.89
2006 04 22  0315   53847   11700  0  3.43e+02  2.26e+01  0  7.50e+02  1.48e+01  1.58e+00  5.45e-01  9.81e-02   0.22
2006 04 22  0320   53847   12000  0  4.23e+02  2.20e+01  0  8.00e+02  1.34e+01  1.48e+00  4.78e-01  6.32e-02   0.79
2006 04 22  0325   53847   12300  0  3.23e+02  2.76e+01  0  8.02e+02  1.31e+01  1.54e+00  4.78e-01  1.04e-01   0.20
2006 04 22  0330   53847   12600  0  3.23e+02  2.53e+01  0  7.78e+02  1.71e+01  1.53e+00  5.45e-01  1.25e-01   0.17
2006 04 22  0335   53847   12900  0  4.01e+02  2.05e+01  0  7.79e+02  1.45e+01  1.61e+00  5.61e-01  1.16e-01   0.75
2006 04 22  0340   53847   13200  0  3.62e+02  2.62e+01  0  7.48e+02  1.49e+01  2.11e+00  5.28e-01  9.81e-02   0.23
2006 04 22  0345   53847   13500  0  3.40e+02  2.35e+01  0  7.77e+02  1.45e+01  1.72e+00  4.75e-01  8.02e-02   0.58
2006 04 22  0350   53847   13800  0  3.73e+02  1.91e+01  0  7.50e+02  1.52e+01  1.80e+00  3.33e-01  5.15e-02   0.15
2006 04 22  0355   53847   14100  0  3.51e+02  2.44e+01  0  8.05e+02  1.51e+01  2.11e+00  4.57e-01  1.34e-01   0.88
2006 04 22  0400   53847   14400  0  3.27e+02  2.55e+01  0  8.36e+02  1.54e+01  1.70e+00  2.97e-01  5.27e-02   0.71
2006 04 22  0405   53847   14700  0  2.80e+02  2.55e+01  0  7.23e+02  1.44e+01  1.74e+00  5.40e-01  1.37e-01   0.17
2006 04 22  0410   53847   15000  0  3.48e+02  2.47e+01  0  7.97e+02  1.52e+01  2.30e+00  4.22e-01  1.69e-01   0.08
2006 04 22  0415   53847   15300  0  3.00e+02  2.53e+01  0  8.13e+02  1.63e+01  1.84e+00  3.74e-01  5.15e-02   0.75
2006 04 22  0420   53847   15600  0  3.33e+02  2.37e+01  0  7.70e+02  1.69e+01  2.04e+00  5.34e-01  8.11e-02   0.79
2006 04 22  0425   53847   15900  0  3.70e+02  2.16e+01  0  7.61e+02  1.61e+01  2.00e+00  4.40e-01  8.69e-02   0.71
2006 04 22  0430   53847   16200  0  3.33e+02  2.24e+01  0  8.01e+02  1.57e+01  1.87e+00  5.20e-01  7.38e-02   0.24
2006 04 22  0435   53847   16500  0  3.80e+02  2.64e+01  0  7.43e+02  1.53e+01  2.07e+00  4.38e-01  1.26e-01   0.38
2006 04 22  0440   53847   16800  0  4.55e+02  1.95e+01  0  7.56e+02  1.37e+01  1.86e+00  6.10e-01  9.66e-02   0.70
2006 04 22  0445   53847   17100  0  5.40e+02  2.22e+01  0  8.15e+02  1.50e+01  1.67e+00  4.78e-01  1.58e-01   0.26
2006 04 22  0450   53847   17400  0  4.40e+02  1.93e+01  0  8.06e+02  1.41e+01  1.62e+00  4.00e-01  1.06e-01   0.02
2006 04 22  0455   53847   17700  0  3.79e+02  2.07e+01  0  7.58e+02  1.66e+01  1.95e+00  4.76e-01  2.03e-01   0.30
2006 04 22  0500   53847   18000  0  4.10e+02  2.25e+01  0  8.06e+02  1.59e+01  1.95e+00  3.24e-01  7.73e-02   0.28
2006 04 22  0505   53847   18300  0  3.29e+02  2.44e+01  0  7.76e+02  1.48e+01  1.92e+00  4.76e-01  1.35e-01   0.34
2006 04 22  0510   53847   18600  0  4.02e+02  2.20e+01  0  8.12e+02  1.59e+01  1.62e+00  5.34e-01  1.45e-01   0.37
2006 04 22  0515   53847   18900  0  4.05e+02  2.11e+01  0  7.57e+02  1.49e+01  1.83e+00  3.81e-01  1.83e-01   0.65
2006 04 22  0520   53847   19200  0  3.81e+02  2.09e+01  0  8.00e+02  1.37e+01  1.44e+00  4.78e-01  6.32e-02   0.52
2006 04 22  0525   53847   19500  0  3.79e+02  2.23e+01  0  7.84e+02  1.75e+01  1.59e+00  4.00e-01  8.69e-02   0.68
2006 04 22  0530   53847   19800  0  3.15e+02  2.00e+01  0  7.18e+02  1.55e+01  1.98e+00  6.10e-01  1.64e-01   1.26
2006 04 22  0535   53847   20100  0  3.57e+02  2.09e+01  0  8.25e+02  1.36e+01  1.93e+00  3.74e-01  5.27e-02   0.95
2006 04 22  0540   53847   20400  0  4.43e+02  2.02e+01  0  8.70e+02  1.48e+01  2.52e+00  6.02e-01  1.31e-01   0.41
2006 04 22  0545   53847   20700  0  4.20e+02  2.44e+01  0  8.11e+02  1.42e+01  1.98e+00  5.14e-01  7.73e-02   0.51
2006 04 22  0550   53847   21000  0  4.80e+02  2.11e+01  0  7.37e+02  1.29e+01  2.06e+00  3.53e-01  4.64e-02   0.77
2006 04 22  0555   53847   21300  0  4.27e+02  2.09e+01  0  7.95e+02  1.48e+01  1.97e+00  4.05e-01  1.69e-01   0.15
2006 04 22  0600   53847   21600  0  3.55e+02  1.89e+01  0  7.91e+02  1.77e+01  2.03e+00  4.16e-01  1.37e-01   0.82
2006 04 22  0605   53847   21900  0  3.75e+02  2.20e+01  0  7.16e+02  1.59e+01  1.90e+00  3.95e-01  1.16e-01   0.24
2006 04 22  0610   53847   22200  0  4.61e+02  2.53e+01  0  7.77e+02  1.49e+01  1.86e+00  4.22e-01  8.91e-02   0.14
2006 04 22  0615   53847   22500  0  5.56e+02  1.83e+01  0  7.62e+02  1.49e+01  1.60e+00  3.77e-01  7.36e-02   0.19
2006 04 22  0620   53847   22800  0  4.59e+02  2.29e+01  0  7.67e+02  1.36e+01  2.22e+00  4.40e-01  1.78e-01   0.45
2006 04 22  0625   53847   23100  0  5.69e+02  2.37e+01  0  8.13e+02  1.54e+01  1.91e+00  7.03e-01  1.52e-01   0.09
2006 04 22  0630   53847   23400  0  4.86e+02  2.13e+01  0  7.73e+02  1.52e+01  2.39e+00  5.40e-01  1.16e-01   0.64
2006 04 22  0635   53847   23700  0  4.26e+02  2.17e+01  0  7.78e+02  1.54e+01  1.83e+00  4.22e-01  5.27e-02   0.33
2006 04 22  0640   53847   24000  0  4.20e+02  2.09e+01  0  7.44e+02  1.65e+01  1.70e+00  4.16e-01  1.26e-01   0.51
2006 04 22  0645   53847   24300  0  5.09e+02  2.18e+01  0  8.23e+02  1.58e+01  1.41e+00  6.03e-01  1.48e-01   0.12
2006 04 22  0650   53847   24600  0  3.24e+02  2.26e+01  0  7.69e+02  1.47e+01  1.61e+00  4.40e-01  7.13e-02   0.76
2006 04 22  0655   53847   24900  0  4.22e+02  2.20e+01  0  7.63e+02  1.77e+01  2.26e+00  5.61e-01  1.05e-01   0.40
2006 04 22  0700   53847   25200  0  4.23e+02  2.48e+01  0  7.51e+02  1.47e+01  2.04e+00  4.76e-01  1.16e-01   0.30
2006 04 22  0705   53847   25500  0  3.24e+02  2.06e+01  0  7.83e+02  1.58e+01  2.02e+00  4.75e-01  1.52e-01   0.27
2006 04 22  0710   53847   25800  0  3.75e+02  2.42e+01  0  8.18e+02  1.75e+01  1.48e+00  3.12e-01  8.43e-02   0.10
2006 04 22  0715   53847   26100  0  4.76e+02  2.45e+01  0  7.76e+02  1.57e+01  1.81e+00  4.77e-01  2.15e-01   0.41
2006 04 22  0720   53847   26400  0  4.62e+02  2.41e+01  0  8.05e+02  1.50e+01  1.65e+00  3.62e-01  1.64e-01   0.66
2006 04 22  0725   53847   26700  0  4.13e+02  2.20e+01  0  7.93e+02  1.53e+01  1.67e+00  5.20e-01  1.79e-01   0.32
2006 04 22  0730   53847   27000  0  2.96e+02  2.32e+01  0  6.98e+02  1.69e+01  1.89e+00  4.76e-01  7.73e-02   0.26
2006 04 22  0735   53847   27300  0  3.61e+02  1.95e+01  0  8.11e+02  1.63e+01  1.71e+00  4.95e-01  1.05e-01   0.37
2006 04 22  0740   53847   27600  0  2.84e+02  2.48e+01  0  8.05e+02  1.50e+01  1.65e+00  4.95e-01  3.86e-02   0.50
2006 04 22  0745   53847   27900  0  3.41e+02  1.97e+01  0  7.72e+02  1.35e+01  1.86e+00  7.05e-01  9.48e-02   0.03
2006 04 22  0750   53847   28200  0  4.35e+02  2.18e+01  0  7.59e+02  1.32e+01  2.25e+00  5.72e-01  1.35e-01   0.28
2006 04 22  0755   53847   28500  0  3.61e+02  2.32e+01  0  7.74e+02  1.40e+01  1.95e+00  4.76e-01  6.32e-02   0.60
2006 04 22  0800   53847   28800  0  3.31e+02  2.24e+01  0  7.95e+02  1.49e+01  1.80e+00  3.74e-01  1.51e-01   0.40
2006 04 22  0805   53847   29100  0  3.47e+02  2.16e+01  0  7.18e+02  1.58e+01  1.92e+00  5.72e-01  6.76e-02   0.27
2006 04 22  0810   53847   29400  0  4.35e+02  1.98e+01  0  7.92e+02  1.61e+01  1.29e+00  4.38e-01  1.74e-01   0.93
2006 04 22  0815   53847   29700  0  3.33e+02  2.49e+01  0  7.95e+02  1.43e+01  1.97e+00  2.70e-01  2.00e-01   0.82
2006 04 22  0820   53847   30000  0  3.26e+02  2.08e+01  0  7.58e+02  1.45e+01  1.75e+00  4.40e-01  1.16e-01   0.56
2006 04 22  0825   53847   30300  0  3.59e+02  1.93e+01  0  7.73e+02  1.38e+01  2.37e+00  4.76e-01  1.26e-01   0.62
2006 04 22  0830   53847   30600  0  3.88e+02  2.49e+01  0  7.76e+02  1.35e+01  1.74e+00  6.03e-01  9.48e-02   0.89
2006 04 22  0835   53847   30900  0  3.68e+02  2.45e+01  0  7.92e+02  1.63e+01  2.58e+00  2.99e-01  1.34e-01   0.60
2006 04 22  0840   53847   31200  0  3.63e+02  2.65e+01  0  7.67e+02  1.80e+01  2.16e+00  3.33e-01  1.79e-01   0.63
2006 04 22  0845   53847   31500  0  3.86e+02  1.78e+01  0  7.72e+02  1.44e+01  1.77e+00  3.66e-01  2.32e-01   0.83
2006 04 22  0850   53847   31800  0  3.62e+02  2.09e+01  0  7.91e+02  1.49e+01  2.16e+00  5.28e-01  1.34e-01   0.61
2006 04 22  0855   53847   32100  0  3.91e+02  2.40e+01  0  7.73e+02  1.45e+01  2.10e+00  4.57e-01  9.27e-02   0.23
2006 04 22  0900   53847   32400  0  4.00e+02  1.91e+01  0  7.72e+02  1.39e+01  1.19e+00  4.40e-01  1.52e-01   0.36
2006 04 22  0905   53847   32700  0  3.09e+02  1.93e+01  0  8.17e+02  1.55e+01  1.64e+00  3.87e-01  9.81e-02   0.50
2006 04 22  0910   53847   33000  0  3.65e+02  1.62e+01  0  8.27e+02  1.86e+01  2.00e+00  5.20e-01  3.86e-02   0.19
2006 04 22  0915   53847   33300  0  3.95e+02  2.34e+01  0  7.78e+02  1.59e+01  1.66e+00  5.28e-01  7.38e-02   0.26
2006 04 22  0920   53847   33600  0  3.93e+02  2.32e+01  0  7.77e+02  1.31e+01  2.26e+00  4.37e-01  9.48e-02   0.83
2006 04 22  0925   53847   33900  0  3.09e+02  2.59e+01  0  7.96e+02  1.68e+01  1.15e+00  3.12e-01  6.62e-02   0.55
2006 04 22  0930   53847   34200  0  3.10e+02  2.19e+01  0  7.43e+02  1.48e+01  2.05e+00  5.98e-01  6.32e-02   0.15
2006 04 22  0935   53847   34500  0  3.24e+02  2.65e+01  0  7.88e+02  1.66e+01  1.90e+00  5.40e-01  1.04e-01   0.62
2006 04 22  0940   53847   34800  0  3.24e+02  2.32e+01  0  8.15e+02  1.63e+01  1.89e+00  5.14e-01  1.26e-01   0.38
2006 04 22  0945   53847   35100  0  3.59e+02  2.19e+01  0  7.87e+02  1.46e+01  2.39e+00  3.17e-01  1.07e-01   0.55
2006 04 22  0950   53847   35400  0  3.59e+02  2.42e+01  0  7.67e+02  1.56e+01  2.23e+00  4.57e-01  1.58e-01   0.33
2006 04 22  0955   53847   35700  0  3.12e+02  2.23e+01  0  7.59e+02  1.41e+01  1.65e+00  4.76e-01  1.26e-01   0.23
2006 04 22  1000   53847   36000  0  3.26e+02  2.41e+01  0  8.07e+02  1.34e+01  1.86e+00  4.57e-01  1.55e-01   0.39
2006 04 22  1005   53847   36300  0  3.64e+02  2.51e+01  0  7.31e+02  1.58e+01  1.70e+00  4.57e-01  6.32e-02   0.57
2006 04 22  1010   53847   36600  0  3.26e+02  2.23e+01  0  7.68e+02  1.49e+01  1.95e+00  4.76e-01  4.21e-02   0.34
2006 04 22  1015   53847   36900  0  3.11e+02  2.00e+01  0  7.86e+02  1.39e+01  2.34e+00  3.81e-01  5.15e-02   0.26
2006 04 22  1020   53847   37200  0  4.18e+02  2.13e+01  0  7.53e+02  1.50e+01  1.20e+00  3.43e-01  1.35e-01   0.60
2006 04 22  1025   53847   37500  0  4.53e+02  2.48e+01  0  8.27e+02  1.38e+01  1.77e+00  2.86e-01  1.64e-01   0.36
2006 04 22  1030   53847   37800  0  3.72e+02  2.13e+01  0  7.73e+02  1.70e+01  2.22e+00  5.34e-01  8.69e-02   0.17
2006 04 22  1035   53847   38100  0  4.73e+02  2.18e+01  0  7.83e+02  1.36e+01  1.47e+00  4.76e-01  6.76e-02   0.15
2006 04 22  1040   53847   38400  0  3.51e+02  2.44e+01  0  7.48e+02  1.38e+01  1.48e+00  4.78e-01  9.27e-02   0.72
2006 04 22  1045   53847   38700  0  3.63e+02  2.13e+01  0  8.30e+02  1.50e+01  1.65e+00  3.05e-01  9.27e-02   0.49
2006 04 22  1050   53847   39000  0  3.32e+02  1.95e+01  0  7.66e+02  1.46e+01  2.25e+00  5.14e-01  1.45e-01   0.50
2006 04 22  1055   53847   39300  0  3.21e+02  2.20e+01  0  7.46e+02  1.70e+01  2.13e+00  4.78e-01  1.16e-01   0.06
2006 04 22  1100   53847   39600  0  4.68e+02  2.29e+01  0  8.29e+02  1.67e+01  1.53e+00  4.75e-01  6.76e-02   0.04
2006 04 22  1105   53847   39900  0  4.02e+02  2.44e+01  0  7.78e+02  1.66e+01  1.74e+00  6.48e-01  1.45e-01   0.69
2006 04 22  1110   53847   40200  0  3.52e+02  2.55e+01  0  7.77e+02  1.57e+01  1.70e+00  4.37e-01  1.69e-01   0.50
2006 04 22  1115   53847   40500  0  3.56e+02  2.40e+01  0  7.81e+02  1.62e+01  2.22e+00  4.92e-01  1.60e-01   0.33
2006 04 22  1120   53847   40800  0  3.00e+02  2.18e+01  0  8.14e+02  1.70e+01  1.87e+00  6.65e-01  7.38e-02   0.23
2006 04 22  1125   53847   41100  0  3.72e+02  2.32e+01  0  8.32e+02  1.64e+01  1.77e+00  5.40e-01  8.43e-02   0.20
2006 04 22  1130   53847   41400  0  3.34e+02  2.45e+01  0  7.54e+02  1.65e+01  1.47e+00  5.98e-01  7.13e-02   0.14
2006 04 22  1135   53847   41700  0  5.26e+02  2.13e+01  0  7.94e+02  1.73e+01  2.13e+00  4.78e-01  3.48e-02   0.69
2006 04 22  1140   53847   42000  0  3.87e+02  2.03e+01  0  7.91e+02  1.69e+01  1.80e+00  6.33e-01  1.27e-01   0.46
2006 04 22  1145   53847   42300  0  3.77e+02  1.77e+01  0  7.61e+02  1.70e+01  2.25e+00  4.57e-01  4.46e-02   0.24
2006 04 22  1150   53847   42600  0  4.48e+02  2.16e+01  0  8.54e+02  1.69e+01  2.23e+00  5.82e-01  1.37e-01   0.21
2006 04 22  1155   53847   42900  0  4.14e+02  2.13e+01  0  8.08e+02  1.63e+01  2.11e+00  3.17e-01  1.34e-01   0.13
2006 04 22  1200   53847   43200  0  3.75e+02  2.36e+01  0  8.14e+02  1.80e+01  1.84e+00  7.07e-01  5.27e-02   0.31
2006 04 22  1205   53847   43500  0  3.71e+02  1.99e+01  0  8.25e+02  1.55e+01  1.84e+00  6.86e-01  1.48e-01   0.25
2006 04 22  1210   53847   43800  0  3.80e+02  2.67e+01  0  8.53e+02  1.61e+01  1.72e+00  3.52e-01  1.78e-01   0.39
2006 04 22  1215   53847   44100  0  3.46e+02  1.82e+01  0  7.81e+02  1.81e+01  2.20e+00  4.16e-01  9.48e-02   0.44
2006 04 22  1220   53847   44400  0  3.52e+02  2.29e+01  0  7.14e+02  1.54e+01  1.68e+00  3.05e-01  1.16e-01   0.18
2006 04 22  1225   53847   44700  0  3.80e+02  2.35e+01  0  8.12e+02  1.87e+01  2.19e+00  5.10e-01  1.16e-01   0.77
2006 04 22  1230   53847   45000  0  3.37e+02  2.18e+01  0  8.24e+02  1.63e+01  1.90e+00  4.78e-01  1.16e-01   0.49
2006 04 22  1235   53847   45300  0  3.42e+02  2.21e+01  0  8.73e+02  1.65e+01  1.50e+00  5.72e-01  1.16e-01   0.40
2006 04 22  1240   53847   45600  0  4.60e+02  2.00e+01  0  8.15e+02  1.89e+01  1.77e+00  3.05e-01  1.26e-01   0.54
2006 04 22  1245   53847   45900  0  3.73e+02  2.26e+01  0  8.34e+02  1.57e+01  1.61e+00  4.57e-01  1.48e-01   0.37
2006 04 22  1250   53847   46200  0  3.55e+02  2.52e+01  0  7.79e+02  1.60e+01  2.28e+00  3.81e-01  9.66e-02   0.64
2006 04 22  1255   53847   46500  0  3.08e+02  2.02e+01  0  7.41e+02  1.54e+01  1.89e+00  4.38e-01  1.26e-01   0.40
2006 04 22  1300   53847   46800  0  3.77e+02  2.21e+01  0  8.04e+02  1.71e+01  1.83e+00  4.57e-01  9.48e-02   0.41
2006 04 22  1305   53847   47100  0  3.73e+02  2.46e+01  0  8.00e+02  1.74e+01  1.53e+00  5.91e-01  1.16e-01   0.37
2006 04 22  1310   53847   47400  0  3.12e+02  1.72e+01  0  7.82e+02  1.52e+01  2.10e+00  4.38e-01  8.43e-02   0.18
2006 04 22  1315   53847   47700  0  3.41e+02  1.61e+01  0  7.90e+02  1.47e+01  1.98e+00  2.91e-01  8.69e-02   0.79
2006 04 22  1320   53847   48000  0  3.73e+02  2.57e+01  0  8.27e+02  1.81e+01  2.10e+00  5.61e-01  1.48e-01   0.21
2006 04 22  1325   53847   48300  0  3.16e+02  2.02e+01  0  7.99e+02  1.58e+01  2.10e+00  4.00e-01  1.06e-01   0.84
2006 04 22  1330   53847   48600  0  3.25e+02  2.39e+01  0  7.95e+02  1.53e+01  1.86e+00  4.38e-01  1.55e-01   0.27
2006 04 22  1335   53847   48900  0  3.90e+02  2.09e+01  0  7.79e+02  1.48e+01  1.41e+00  2.70e-01  1.37e-01   0.49
2006 04 22  1340   53847   49200  0  3.99e+02  2.29e+01  0  8.43e+02  1.66e+01  1.64e+00  4.40e-01  1.34e-01   0.72
2006 04 22  1345   53847   49500  0  3.60e+02  1.95e+01  0  7.68e+02  1.67e+01  1.59e+00  5.53e-01  1.05e-01   0.21
2006 04 22  1350   53847   49800  0  4.19e+02  2.24e+01  0  8.50e+02  1.84e+01  2.10e+00  5.20e-01  1.58e-01   0.85
2006 04 22  1355   53847   50100  0  3.94e+02  2.63e+01  0  9.60e+02  2.47e+01  1.69e+00  5.10e-01  1.60e-01   0.21
2006 04 22  1400   53847   50400  0  3.73e+02  2.11e+01  0  8.40e+02  1.86e+01  1.51e+00  5.40e-01  1.04e-01   0.28
2006 04 22  1405   53847   50700  0  4.00e+02  2.26e+01  0  8.30e+02  1.86e+01  1.74e+00  6.24e-01  6.32e-02   0.92
2006 04 22  1410   53847   51000  0  3.95e+02  2.37e+01  0  8.13e+02  1.63e+01  1.66e+00  5.45e-01  9.66e-02   0.99
2006 04 22  1415   53847   51300  0  3.33e+02  2.20e+01  0  7.98e+02  1.53e+01  1.67e+00  4.57e-01  1.16e-01   0.44
2006 04 22  1420   53847   51600  0  3.37e+02  2.08e+01  0  7.69e+02  1.65e+01  1.61e+00  4.57e-01  1.16e-01   0.49
2006 04 22  1425   53847   51900  0  3.30e+02  2.32e+01  0  7.76e+02  1.77e+01  1.91e+00  3.81e-01  1.07e-01   0.67
2006 04 22  1430   53847   52200  0  3.87e+02  2.45e+01  0  8.26e+02  1.41e+01  2.03e+00  5.40e-01  5.27e-02   0.33
2006 04 22  1435   53847   52500  0  3.97e+02  2.06e+01  0  7.74e+02  1.66e+01  2.00e+00  3.87e-01  8.91e-02   0.54
2006 04 22  1440   53847   52800  0  3.72e+02  2.26e+01  0  7.91e+02  1.58e+01  2.16e+00  5.20e-01  1.26e-01   0.45
2006 04 22  1445   53847   53100  0  3.48e+02  2.01e+01  0  7.78e+02  1.42e+01  1.61e+00  5.20e-01  1.58e-01   0.70
2006 04 22  1450   53847   53400  0  3.08e+02  2.21e+01  0  7.84e+02  1.53e+01  2.16e+00  4.92e-01  6.24e-02   0.51
2006 04 22  1455   53847   53700  0  3.21e+02  1.97e+01  0  7.70e+02  1.39e+01  1.97e+00  4.36e-01  1.51e-01   0.87
2006 04 22  1500   53847   54000  0  3.77e+02  2.34e+01  0  8.06e+02  1.55e+01  2.12e+00  3.30e-01  1.80e-01   0.15
2006 04 22  1505   53847   54300  0  3.70e+02  2.52e+01  0  7.97e+02  1.67e+01  2.35e+00  5.84e-01  8.32e-02   0.32
2006 04 22  1510   53847   54600  0  3.37e+02  2.07e+01  0  7.71e+02  1.67e+01  1.57e+00  5.20e-01  1.16e-01   0.34
2006 04 22  1515   53847   54900  0  3.68e+02  2.04e+01  0  8.05e+02  1.52e+01  2.22e+00  4.76e-01  1.16e-01   0.56
2006 04 22  1520   53847   55200  0  3.99e+02  2.23e+01  0  7.99e+02  1.57e+01  1.77e+00  4.57e-01  1.16e-01   0.21
2006 04 22  1525   53847   55500  0  3.14e+02  1.82e+01  0  8.27e+02  1.39e+01  2.03e+00  5.82e-01  1.26e-01   0.27
2006 04 22  1530   53847   55800  0  3.39e+02  2.27e+01  0  7.93e+02  1.66e+01  1.47e+00  4.95e-01  8.69e-02   0.40
2006 04 22  1535   53847   56100  0  3.47e+02  1.81e+01  0  8.73e+02  1.52e+01  1.80e+00  5.72e-01  1.45e-01   0.56
2006 04 22  1540   53847   56400  0  3.55e+02  2.00e+01  0  8.97e+02  1.73e+01  1.86e+00  5.34e-01  1.16e-01   0.07
2006 04 22  1545   53847   56700  0  2.99e+02  2.41e+01  0  7.32e+02  1.44e+01  1.71e+00  4.38e-01  8.69e-02   0.16
2006 04 22  1550   53847   57000  0  4.60e+02  1.90e+01  0  8.31e+02  1.54e+01  1.74e+00  6.86e-01  6.32e-02   0.10
2006 04 22  1555   53847   57300  0  3.52e+02  2.32e+01  0  8.54e+02  1.46e+01  1.71e+00  3.62e-01  1.16e-01   0.66
2006 04 22  1600   53847   57600  0  2.92e+02  1.99e+01  0  7.89e+02  1.57e+01  2.52e+00  4.99e-01  1.37e-01   0.62
2006 04 22  1605   53847   57900  0  3.77e+02  2.13e+01  0  8.08e+02  1.62e+01  1.77e+00  5.14e-01  1.55e-01   0.00
2006 04 22  1610   53847   58200  0  3.32e+02  2.20e+01  0  7.86e+02  1.57e+01  1.59e+00  5.72e-01  9.66e-02   0.43
2006 04 22  1615   53847   58500  0  3.48e+02  2.40e+01  0  7.50e+02  1.54e+01  2.03e+00  4.37e-01  5.15e-02   0.35
2006 04 22  1620   53847   58800  0  3.32e+02  2.16e+01  0  7.47e+02  1.71e+01  1.61e+00  3.69e-01  8.69e-02   0.40
2006 04 22  1625   53847   59100  0  3.49e+02  2.18e+01  0  8.17e+02  1.54e+01  1.98e+00  4.76e-01  1.35e-01   0.51
2006 04 22  1630   53847   59400  0  3.57e+02  2.07e+01  0  7.91e+02  1.46e+01  2.13e+00  6.24e-01  6.32e-02   0.33
2006 04 22  1635   53847   59700  0  4.12e+02  2.27e+01  0  8.31e+02  1.37e+01  1.83e+00  4.92e-01  8.91e-02   0.40
2006 04 22  1640   53847   60000  0  3.89e+02  2.18e+01  0  8.01e+02  1.73e+01  2.10e+00  3.12e-01  1.51e-01   0.33
2006 04 22  1645   53847   60300  0  4.02e+02  2.28e+01  0  8.36e+02  1.40e+01  2.06e+00  7.90e-01  1.37e-01   0.20
2006 04 22  1650   53847   60600  0  3.14e+02  2.39e+01  0  7.85e+02  1.39e+01  1.64e+00  4.57e-01  1.34e-01   0.44
2006 04 22  1655   53847   60900  0  3.05e+02  2.20e+01  0  7.67e+02  1.55e+01  1.97e+00  5.20e-01  8.43e-02   0.17
2006 04 22  1700   53847   61200  0  3.24e+02  2.52e+01  0  8.03e+02  1.55e+01  1.36e+00  4.05e-01  2.90e-02   0.79
2006 04 22  1705   53847   61500  0  3.34e+02  2.27e+01  0  7.95e+02  1.57e+01  1.66e+00  4.22e-01  9.48e-02   0.68
2006 04 22  1710   53847   61800  0  3.37e+02  2.03e+01  0  7.37e+02  1.71e+01  2.03e+00  6.44e-01  1.05e-01   0.24
2006 04 22  1715   53847   62100  0  4.07e+02  2.63e+01  0  7.68e+02  1.68e+01  1.91e+00  5.63e-01  1.07e-01   0.36
2006 04 22  1720   53847   62400  0  3.12e+02  2.34e+01  0  8.32e+02  1.58e+01  1.70e+00  5.61e-01  1.79e-01   0.32
2006 04 22  1725   53847   62700  0  3.46e+02  2.24e+01  0  8.04e+02  1.49e+01  1.54e+00  3.74e-01  1.47e-01   1.09
2006 04 22  1730   53847   63000  0  3.82e+02  2.06e+01  0  7.72e+02  1.68e+01  1.83e+00  6.51e-01  1.07e-01   0.14
2006 04 22  1735   53847   63300  0  4.33e+02  2.20e+01  0  8.30e+02  1.81e+01  1.54e+00  5.82e-01  1.27e-01   0.22
2006 04 22  1740   53847   63600  0  4.10e+02  2.34e+01  0  8.01e+02  1.42e+01  1.74e+00  3.43e-01  1.74e-01   0.86
2006 04 22  1745   53847   63900  0  4.35e+02  2.52e+01  0  7.40e+02  1.55e+01  1.78e+00  4.57e-01  8.02e-02   0.42
2006 04 22  1750   53847   64200  0  6.41e+02  2.07e+01  0  8.31e+02  1.50e+01  1.51e+00  4.57e-01  1.26e-01   0.10
2006 04 22  1755   53847   64500  0  4.35e+02  2.00e+01  0  8.47e+02  1.75e+01  1.68e+00  5.34e-01  1.06e-01   0.04
2006 04 22  1800   53847   64800  0  4.83e+02  2.29e+01  0  7.78e+02  1.61e+01  1.74e+00  2.67e-01  9.48e-02   0.88
2006 04 22  1805   53847   65100  0  4.39e+02  2.40e+01  0  8.10e+02  1.55e+01  1.64e+00  4.57e-01  7.24e-02   0.75
2006 04 22  1810   53847   65400  0  4.25e+02  2.36e+01  0  8.17e+02  1.35e+01  1.71e+00  5.34e-01  6.76e-02   0.17
2006 04 22  1815   53847   65700  0  4.02e+02  1.93e+01  0  8.15e+02  1.53e+01  1.62e+00  5.91e-01  8.43e-02   0.45
2006 04 22  1820   53847   66000  0  4.35e+02  2.11e+01  0  7.85e+02  1.73e+01  1.65e+00  4.00e-01  9.66e-02   0.60
2006 04 22  1825   53847   66300  0  4.15e+02  2.11e+01  0  8.16e+02  1.64e+01  1.95e+00  5.14e-01  1.16e-01   0.36
2006 04 22  1830   53847   66600  0  3.75e+02  2.32e+01  0  7.64e+02  1.41e+01  1.81e+00  4.37e-01  1.03e-01   0.46
2006 04 22  1835   53847   66900  0  2.93e+02  2.06e+01  0  7.33e+02  1.22e+01  1.56e+00  4.95e-01  1.45e-01   0.62
2006 04 22  1840   53847   67200  0  4.83e+02  2.16e+01  0  7.51e+02  1.48e+01  1.80e+00  4.57e-01  1.48e-01   0.97
2006 04 22  1845   53847   67500  0  3.60e+02  2.14e+01  0  7.79e+02  1.45e+01  2.19e+00  3.43e-01  1.06e-01   0.31
2006 04 22  1850   53847   67800  0  3.61e+02  1.91e+01  0  7.74e+02  1.62e+01  1.86e+00  4.95e-01  1.16e-01   0.08
2006 04 22  1855   53847   68100  0  4.35e+02  2.26e+01  0  8.16e+02  1.55e+01  1.84e+00  5.82e-01  8.43e-02   0.37
2006 04 22  1900   53847   68400  0  4.37e+02  2.37e+01  0  8.12e+02  1.40e+01  1.58e+00  5.10e-01  1.07e-01   0.17
2006 04 22  1905   53847   68700  0  3.75e+02  2.51e+01  0  8.08e+02  1.38e+01  1.80e+00  4.34e-01  1.16e-01   0.44
2006 04 22  1910   53847   69000  0  3.48e+02  1.91e+01  0  7.54e+02  1.43e+01  2.20e+00  3.74e-01  1.16e-01   0.62
2006 04 22  1915   53847   69300  0  4.15e+02  2.39e+01  0  7.91e+02  1.37e+01  1.53e+00  3.69e-01  1.43e-01   0.65
2006 04 22  1920   53847   69600  0  3.54e+02  2.47e+01  0  8.27e+02  1.50e+01  1.48e+00  4.78e-01  5.27e-02   0.40
2006 04 22  1925   53847   69900  0  4.69e+02  1.99e+01  0  8.02e+02  1.71e+01  1.93e+00  4.99e-01  9.48e-02   0.14
2006 04 22  1930   53847   70200  0  4.80e+02  2.35e+01  0  7.78e+02  1.55e+01  1.72e+00  3.87e-01  9.48e-02   0.56
2006 04 22  1935   53847   70500  0  4.15e+02  2.22e+01  0  8.36e+02  1.54e+01  1.90e+00  5.82e-01  1.16e-01   0.27
2006 04 22  1940   53847   70800  0  3.46e+02  2.78e+01  0  7.60e+02  1.28e+01  1.58e+00  4.05e-01  1.43e-01   1.02
2006 04 22  1945   53847   71100  0  3.19e+02  2.11e+01  0  7.53e+02  1.54e+01  2.16e+00  4.57e-01  7.13e-02   0.32
2006 04 22  1950   53847   71400  0  3.71e+02  1.95e+01  0  8.58e+02  1.58e+01  1.38e+00  3.95e-01  1.58e-01   0.15
2006 04 22  1955   53847   71700  0  3.51e+02  2.14e+01  0  8.28e+02  1.48e+01  2.27e+00  4.57e-01  1.52e-01   0.33
2006 04 22  2000   53847   72000  0  3.05e+02  2.24e+01  0  7.34e+02  1.76e+01  1.74e+00  6.24e-01  1.48e-01   0.17
2006 04 22  2005   53847   72300  0  4.21e+02  1.89e+01  0  7.83e+02  1.68e+01  1.57e+00  4.78e-01  1.39e-01   0.53
2006 04 22  2010   53847   72600  0  3.39e+02  2.19e+01  0  8.00e+02  1.29e+01  1.78e+00  3.69e-01  9.66e-02   0.35
2006 04 22  2015   53847   72900  0  3.81e+02  2.24e+01  0  7.82e+02  1.59e+01  2.00e+00  4.16e-01  7.38e-02   0.34
2006 04 22  2020   53847   73200  0  4.10e+02  1.95e+01  0  7.67e+02  1.42e+01  1.62e+00  5.53e-01  1.35e-01   0.11
2006 04 22  2025   53847   73500  0  3.83e+02  2.01e+01  0  8.08e+02  1.50e+01  1.61e+00  5.10e-01  1.69e-01   0.37
2006 04 22  2030   53847   73800  0  3.49e+02  1.95e+01  0  8.02e+02  1.34e+01  1.90e+00  6.03e-01  9.48e-02   0.27
2006 04 22  2035   53847   74100  0  3.28e+02  2.25e+01  0  7.11e+02  1.45e+01  2.01e+00  4.57e-01  7.38e-02   0.33
2006 04 22  2040   53847   74400  0  3.80e+02  2.39e+01  0  7.87e+02  1.50e+01  1.86e+00  4.76e-01  7.73e-02   0.60
2006 04 22  2045   53847   74700  0  3.14e+02  2.05e+01  0  8.37e+02  1.47e+01  1.57e+00  4.78e-01  1.16e-01   0.82
2006 04 22  2050   53847   75000  0  3.51e+02  2.25e+01  0  7.92e+02  1.61e+01  1.53e+00  5.53e-01  1.64e-01   0.74
2006 04 22  2055   53847   75300  0  3.37e+02  1.81e+01  0  7.89e+02  1.73e+01  1.77e+00  4.19e-01  9.66e-02   0.57
2006 04 22  2100   53847   75600  0  3.75e+02  2.14e+01  0  8.02e+02  1.50e+01  1.65e+00  4.19e-01  1.06e-01   0.66
2006 04 22  2105   53847   75900  0  4.02e+02  2.11e+01  0  7.60e+02  1.72e+01  2.13e+00  3.95e-01  1.26e-01   0.52
2006 04 22  2110   53847   76200  0  4.24e+02  2.04e+01  0  7.32e+02  1.62e+01  2.07e+00  6.10e-01  9.48e-02   0.63
2006 04 22  2115   53847   76500  0  5.31e+02  2.21e+01  0  7.63e+02  1.29e+01  1.77e+00  5.14e-01  7.73e-02   0.39
2006 04 22  2120   53847   76800  0  3.86e+02  2.18e+01  0  8.25e+02  1.69e+01  1.70e+00  4.78e-01  8.11e-02   0.25
2006 04 22  2125   53847   77100  0  3.63e+02  2.14e+01  0  7.71e+02  1.44e+01  1.92e+00  5.34e-01  1.74e-01   0.79
2006 04 22  2130   53847   77400  0  4.05e+02  2.53e+01  0  7.91e+02  1.48e+01  1.98e+00  2.86e-01  1.55e-01   0.54
2006 04 22  2135   53847   77700  0  4.58e+02  2.24e+01  0  8.08e+02  1.31e+01  1.90e+00  4.37e-01  1.58e-01   0.62
2006 04 22  2140   53847   78000  0  3.36e+02  2.11e+01  0  8.00e+02  1.61e+01  1.53e+00  4.05e-01  1.16e-01   0.34
2006 04 22  2145   53847   78300  0  3.36e+02  2.02e+01  0  7.41e+02  1.51e+01  2.10e+00  5.34e-01  1.55e-01   0.31
2006 04 22  2150   53847   78600  0  3.69e+02  2.18e+01  0  8.74e+02  1.33e+01  1.84e+00  6.44e-01  1.79e-01   0.47
2006 04 22  2155   53847   78900  0  4.33e+02  2.21e+01  0  8.01e+02  1.78e+01  1.91e+00  3.87e-01  1.52e-01   0.75
2006 04 22  2200   53847   79200  0  2.94e+02  2.16e+01  0  7.33e+02  1.45e+01  1.77e+00  3.74e-01  1.37e-01   0.19
2006 04 22  2205   53847   79500  0  3.95e+02  1.95e+01  0  7.86e+02  1.60e+01  1.90e+00  4.37e-01  1.48e-01   0.40
2006 04 22  2210   53847   79800  0  3.36e+02  2.03e+01  0  7.63e+02  1.58e+01  1.53e+00  4.75e-01  1.16e-01   0.40
2006 04 22  2215   53847   80100  0  3.48e+02  1.91e+01  0  7.75e+02  1.63e+01  1.97e+00  5.40e-01  1.26e-01   0.19
2006 04 22  2220   53847   80400  0  3.45e+02  2.34e+01  0  8.25e+02  1.52e+01  1.83e+00  2.81e-01  1.25e-01   0.64
2006 04 22  2225   53847   80700  0  3.11e+02  2.63e+01  0  7.47e+02  1.47e+01  1.75e+00  4.57e-01  8.02e-02   0.33
2006 04 22  2230   53847   81000  0  3.06e+02  2.22e+01  0  8.24e+02  1.62e+01  2.06e+00  2.29e-01  5.15e-02   0.17
2006 04 22  2235   53847   81300  0  3.31e+02  2.29e+01  0  7.56e+02  1.65e+01  1.50e+00  4.40e-01  1.74e-01   0.26
2006 04 22  2240   53847   81600  0  3.66e+02  1.93e+01  0  8.31e+02  1.50e+01  1.97e+00  4.57e-01  8.43e-02   0.44
2006 04 22  2245   53847   81900  0  2.93e+02  2.36e+01  0  8.52e+02  1.76e+01  1.57e+00  5.40e-01  8.11e-02   0.21
2006 04 22  2250   53847   82200  0  2.84e+02  2.01e+01  0  7.85e+02  1.45e+01  1.66e+00  5.28e-01  1.43e-01   0.27
2006 04 22  2255   53847   82500  0  3.66e+02  2.67e+01  0  7.86e+02  1.63e+01  1.48e+00  3.74e-01  7.73e-02   0.16
2006 04 22  2300   53847   82800  0  3.12e+02  2.36e+01  0  7.84e+02  1.78e+01  1.71e+00  3.43e-01  6.95e-02   0.65
2006 04 22  2305   53847   83100  0  3.39e+02  2.27e+01  0  8.08e+02  1.43e+01  1.53e+00  5.72e-01  9.81e-02   0.44
2006 04 22  2310   53847   83400  0  3.53e+02  2.36e+01  0  7.08e+02  1.54e+01  2.03e+00  4.37e-01  1.27e-01   0.48
2006 04 22  2315   53847   83700  0  3.37e+02  1.77e+01  0  8.15e+02  1.54e+01  1.86e+00  3.81e-01  7.73e-02   0.83
2006 04 22  2320   53847   84000  0  3.84e+02  2.11e+01  0  8.20e+02  1.53e+01  1.89e+00  5.53e-01  5.27e-02   0.42
2006 04 22  2325   53847   84300  0  3.17e+02  2.20e+01  0  7.39e+02  1.39e+01  1.90e+00  3.12e-01  2.90e-02   0.68
2006 04 22  2330   53847   84600  0  3.97e+02  2.04e+01  0  8.12e+02  1.43e+01  1.89e+00  4.57e-01  5.80e-02   0.51
2006 04 22  2335   53847   84900  0  3.08e+02  2.27e+01  0  7.91e+02  1.57e+01  1.95e+00  8.57e-01  1.64e-01   0.54
2006 04 22  2340   53847   85200  0  2.91e+02  2.13e+01  0  7.75e+02  1.66e+01  1.71e+00  5.53e-01  1.55e-01   0.31
2006 04 22  2345   53847   85500  0  4.24e+02  2.11e+01  0  7.60e+02  1.63e+01  2.10e+00  5.14e-01  4.21e-02   0.29
2006 04 22  2350   53847   85800  0  3.25e+02  2.11e+01  0  8.26e+02  1.41e+01  2.13e+00  4.00e-01  1.27e-01   0.85
2006 04 22  2355   53847   86100  0  3.49e+02  2.23e+01  0  8.47e+02  1.82e+01  1.89e+00  4.00e-01  1.45e-01   0.06
