:Data_list: 20060709_ace_epam_5m.txt
:Created: 2006 Jul 10 0012 UT
# Prepared by the U.S. Dept. of Commerce, NOAA, Space Environment Center.
# Please send comments and suggestions to SEC.Webmaster@noaa.gov 
# 
# Units: Differential Flux particles/cm2-s-ster-MeV
# Units: Anisotropy Index 0.0 - 2.0
# Status(S): 0 = nominal, 4,6,7,8 = bad data, unable to process, 9 = no data
# Missing data values: -1.00e+05, index = -1.00
# Source: ACE Satellite - Electron, Proton, and Alpha Monitor
# 2004 Feb 04: see http://www.sec.noaa.gov/ftpdir/lists/ace/README for EPAM channel change notice.
#
#                      5-minute averaged Real-time Differential Electron and Proton Flux 
# 
#                Modified Seconds ---------------------------- Differential Flux --------------------------- 
# UT Date   Time  Julian  of the  ----- Electron -----   ------------------- Protons keV -------------------   Anis.
# YR MO DA  HHMM    Day    Day    S    38-53   175-315   S    47-68   115-195   310-580   761-1220 1060-1900   Ratio
#-------------------------------------------------------------------------------------------------------------------
2006 07 09  0000   53925       0  0  1.01e+03  2.89e+01  0  1.09e+04  3.25e+03  5.38e+02  1.50e+02  2.26e+01   0.05
2006 07 09  0005   53925     300  0  1.14e+03  3.61e+01  0  1.03e+04  3.07e+03  4.91e+02  1.48e+02  2.15e+01   0.09
2006 07 09  0010   53925     600  0  1.09e+03  3.00e+01  0  1.10e+04  3.30e+03  5.34e+02  1.45e+02  2.14e+01   0.12
2006 07 09  0015   53925     900  0  1.04e+03  2.80e+01  0  9.93e+03  3.00e+03  4.85e+02  1.45e+02  2.17e+01   0.14
2006 07 09  0020   53925    1200  0  1.01e+03  2.88e+01  0  1.01e+04  3.04e+03  4.74e+02  1.42e+02  1.96e+01   0.14
2006 07 09  0025   53925    1500  0  1.06e+03  2.23e+01  0  9.74e+03  2.99e+03  4.91e+02  1.33e+02  1.98e+01   0.14
2006 07 09  0030   53925    1800  0  9.94e+02  2.75e+01  0  1.07e+04  3.24e+03  5.10e+02  1.40e+02  2.15e+01   0.10
2006 07 09  0035   53925    2100  0  9.65e+02  3.05e+01  0  1.03e+04  3.11e+03  4.66e+02  1.38e+02  2.07e+01   0.10
2006 07 09  0040   53925    2400  0  1.17e+03  2.73e+01  0  1.10e+04  3.25e+03  4.82e+02  1.53e+02  2.25e+01   0.15
2006 07 09  0045   53925    2700  0  9.31e+02  2.14e+01  0  1.02e+04  3.15e+03  4.85e+02  1.33e+02  1.96e+01   0.08
2006 07 09  0050   53925    3000  0  1.01e+03  2.40e+01  0  1.01e+04  3.05e+03  4.92e+02  1.37e+02  2.02e+01   0.08
2006 07 09  0055   53925    3300  0  1.08e+03  2.73e+01  0  1.02e+04  3.03e+03  4.64e+02  1.43e+02  2.09e+01   0.11
2006 07 09  0100   53925    3600  0  9.56e+02  2.64e+01  0  1.11e+04  3.21e+03  4.54e+02  1.25e+02  1.81e+01   0.10
2006 07 09  0105   53925    3900  0  9.59e+02  2.73e+01  0  1.20e+04  3.40e+03  4.89e+02  1.27e+02  1.81e+01   0.12
2006 07 09  0110   53925    4200  0  1.08e+03  2.63e+01  0  1.15e+04  3.31e+03  4.89e+02  1.34e+02  2.01e+01   0.08
2006 07 09  0115   53925    4500  0  1.14e+03  3.03e+01  0  1.13e+04  3.37e+03  5.07e+02  1.37e+02  2.10e+01   0.10
2006 07 09  0120   53925    4800  0  1.02e+03  2.53e+01  0  1.20e+04  3.46e+03  4.95e+02  1.24e+02  1.98e+01   0.14
2006 07 09  0125   53925    5100  0  1.03e+03  2.57e+01  0  1.13e+04  3.51e+03  4.88e+02  1.26e+02  1.95e+01   0.08
2006 07 09  0130   53925    5400  0  9.71e+02  2.30e+01  0  1.08e+04  3.24e+03  4.77e+02  1.16e+02  1.87e+01   0.11
2006 07 09  0135   53925    5700  0  9.80e+02  2.83e+01  0  1.10e+04  3.25e+03  4.75e+02  1.28e+02  2.10e+01   0.18
2006 07 09  0140   53925    6000  0  1.06e+03  2.40e+01  0  9.93e+03  2.99e+03  4.57e+02  1.18e+02  1.90e+01   0.11
2006 07 09  0145   53925    6300  0  1.10e+03  2.83e+01  0  9.82e+03  2.86e+03  4.14e+02  1.08e+02  1.62e+01   0.16
2006 07 09  0150   53925    6600  0  1.01e+03  2.90e+01  0  9.42e+03  2.59e+03  3.69e+02  1.14e+02  1.76e+01   0.19
2006 07 09  0155   53925    6900  0  8.95e+02  2.61e+01  0  1.01e+04  2.72e+03  3.83e+02  1.05e+02  1.56e+01   0.21
2006 07 09  0200   53925    7200  0  8.85e+02  2.63e+01  0  9.27e+03  2.62e+03  3.73e+02  9.62e+01  1.54e+01   0.15
2006 07 09  0205   53925    7500  0  1.08e+03  2.94e+01  0  9.46e+03  2.67e+03  3.85e+02  1.13e+02  1.81e+01   0.20
2006 07 09  0210   53925    7800  0  9.25e+02  3.21e+01  0  9.06e+03  2.58e+03  3.69e+02  9.66e+01  1.60e+01   0.16
2006 07 09  0215   53925    8100  0  1.02e+03  2.88e+01  0  1.04e+04  2.76e+03  3.69e+02  1.11e+02  1.70e+01   0.29
2006 07 09  0220   53925    8400  0  7.92e+02  2.82e+01  0  1.04e+04  3.14e+03  4.03e+02  1.06e+02  1.41e+01   0.37
2006 07 09  0225   53925    8700  0  8.90e+02  2.53e+01  0  1.04e+04  3.04e+03  4.25e+02  1.10e+02  1.55e+01   0.30
2006 07 09  0230   53925    9000  0  7.70e+02  2.22e+01  0  1.03e+04  3.02e+03  4.17e+02  1.01e+02  1.50e+01   0.32
2006 07 09  0235   53925    9300  0  8.46e+02  2.63e+01  0  9.71e+03  2.71e+03  3.88e+02  1.02e+02  1.56e+01   0.27
2006 07 09  0240   53925    9600  0  9.65e+02  2.89e+01  0  9.87e+03  2.76e+03  3.84e+02  1.11e+02  1.59e+01   0.20
2006 07 09  0245   53925    9900  0  1.17e+03  3.12e+01  0  9.69e+03  2.64e+03  3.68e+02  1.14e+02  1.77e+01   0.24
2006 07 09  0250   53925   10200  0  1.00e+03  3.15e+01  0  9.27e+03  2.71e+03  3.76e+02  1.17e+02  1.73e+01   0.26
2006 07 09  0255   53925   10500  0  1.03e+03  2.68e+01  0  9.12e+03  2.58e+03  3.81e+02  1.14e+02  1.63e+01   0.27
2006 07 09  0300   53925   10800  0  1.04e+03  2.63e+01  0  8.86e+03  2.59e+03  3.88e+02  1.25e+02  1.69e+01   0.28
2006 07 09  0305   53925   11100  0  8.18e+02  2.32e+01  0  9.61e+03  2.74e+03  3.99e+02  1.12e+02  1.48e+01   0.27
2006 07 09  0310   53925   11400  0  9.94e+02  2.32e+01  0  9.18e+03  2.66e+03  3.92e+02  1.26e+02  1.77e+01   0.26
2006 07 09  0315   53925   11700  0  9.63e+02  2.78e+01  0  9.02e+03  2.62e+03  3.85e+02  1.03e+02  1.50e+01   0.22
2006 07 09  0320   53925   12000  0  8.20e+02  1.82e+01  0  9.04e+03  2.60e+03  3.83e+02  9.80e+01  1.44e+01   0.22
2006 07 09  0325   53925   12300  0  8.83e+02  2.62e+01  0  1.01e+04  2.85e+03  4.00e+02  1.07e+02  1.51e+01   0.23
2006 07 09  0330   53925   12600  0  1.01e+03  2.53e+01  0  1.01e+04  2.93e+03  4.05e+02  1.04e+02  1.42e+01   0.29
2006 07 09  0335   53925   12900  0  8.85e+02  2.32e+01  0  1.10e+04  3.37e+03  4.66e+02  1.14e+02  1.58e+01   0.36
2006 07 09  0340   53925   13200  0  8.63e+02  2.32e+01  0  1.11e+04  3.35e+03  4.70e+02  9.96e+01  1.54e+01   0.31
2006 07 09  0345   53925   13500  0  8.70e+02  2.68e+01  0  1.12e+04  3.47e+03  4.82e+02  1.02e+02  1.51e+01   0.34
2006 07 09  0350   53925   13800  0  8.01e+02  2.36e+01  0  1.14e+04  3.48e+03  4.80e+02  9.19e+01  1.41e+01   0.36
2006 07 09  0355   53925   14100  0  9.04e+02  2.52e+01  0  1.28e+04  3.86e+03  5.31e+02  1.07e+02  1.56e+01   0.35
2006 07 09  0400   53925   14400  0  8.38e+02  2.87e+01  0  1.28e+04  3.87e+03  5.28e+02  1.12e+02  1.77e+01   0.29
2006 07 09  0405   53925   14700  0  9.00e+02  2.40e+01  0  1.22e+04  3.73e+03  5.24e+02  1.03e+02  1.63e+01   0.32
2006 07 09  0410   53925   15000  0  9.18e+02  2.44e+01  0  1.19e+04  3.65e+03  5.25e+02  1.08e+02  1.69e+01   0.34
2006 07 09  0415   53925   15300  0  1.01e+03  2.82e+01  0  1.21e+04  3.66e+03  5.27e+02  1.16e+02  1.92e+01   0.34
2006 07 09  0420   53925   15600  0  9.33e+02  2.28e+01  0  1.17e+04  3.60e+03  5.16e+02  1.01e+02  1.68e+01   0.33
2006 07 09  0425   53925   15900  0  7.63e+02  2.24e+01  0  1.11e+04  3.47e+03  5.00e+02  9.58e+01  1.58e+01   0.36
2006 07 09  0430   53925   16200  0  8.84e+02  2.98e+01  0  1.20e+04  3.79e+03  5.51e+02  1.19e+02  1.74e+01   0.36
2006 07 09  0435   53925   16500  0  8.62e+02  2.32e+01  0  1.22e+04  3.87e+03  5.42e+02  1.03e+02  1.50e+01   0.36
2006 07 09  0440   53925   16800  0  1.02e+03  2.55e+01  0  1.18e+04  3.67e+03  4.92e+02  1.03e+02  1.57e+01   0.32
2006 07 09  0445   53925   17100  0  7.99e+02  2.67e+01  0  1.09e+04  3.40e+03  4.73e+02  9.82e+01  1.44e+01   0.37
2006 07 09  0450   53925   17400  0  9.18e+02  2.59e+01  0  1.13e+04  3.24e+03  4.29e+02  9.77e+01  1.48e+01   0.32
2006 07 09  0455   53925   17700  0  7.57e+02  2.55e+01  0  1.16e+04  3.44e+03  4.54e+02  8.88e+01  1.35e+01   0.28
2006 07 09  0500   53925   18000  0  7.96e+02  1.76e+01  0  1.13e+04  3.30e+03  4.27e+02  9.10e+01  1.35e+01   0.27
2006 07 09  0505   53925   18300  0  1.01e+03  2.86e+01  0  1.06e+04  2.93e+03  3.90e+02  1.20e+02  1.80e+01   0.23
2006 07 09  0510   53925   18600  0  9.52e+02  3.34e+01  0  9.39e+03  2.65e+03  3.58e+02  9.24e+01  1.49e+01   0.10
2006 07 09  0515   53925   18900  0  9.54e+02  2.82e+01  0  9.68e+03  2.57e+03  3.61e+02  8.46e+01  1.43e+01   0.11
2006 07 09  0520   53925   19200  0  8.26e+02  2.45e+01  0  1.05e+04  2.98e+03  3.94e+02  8.94e+01  1.38e+01   0.21
2006 07 09  0525   53925   19500  0  7.23e+02  1.76e+01  0  1.17e+04  3.28e+03  4.43e+02  8.12e+01  1.28e+01   0.24
2006 07 09  0530   53925   19800  0  9.65e+02  2.24e+01  0  1.08e+04  3.07e+03  4.14e+02  9.37e+01  1.44e+01   0.28
2006 07 09  0535   53925   20100  0  8.58e+02  2.21e+01  0  1.08e+04  3.15e+03  4.04e+02  8.65e+01  1.32e+01   0.27
2006 07 09  0540   53925   20400  0  9.43e+02  2.45e+01  0  1.13e+04  3.19e+03  4.32e+02  8.90e+01  1.45e+01   0.23
2006 07 09  0545   53925   20700  0  8.63e+02  2.62e+01  0  1.11e+04  3.00e+03  3.90e+02  8.05e+01  1.33e+01   0.15
2006 07 09  0550   53925   21000  0  8.32e+02  2.27e+01  0  8.66e+03  2.36e+03  3.20e+02  7.04e+01  1.22e+01   0.07
2006 07 09  0555   53925   21300  0  8.33e+02  2.18e+01  0  9.03e+03  2.34e+03  3.14e+02  6.85e+01  1.16e+01   0.08
2006 07 09  0600   53925   21600  0  7.06e+02  2.25e+01  0  9.04e+03  2.40e+03  3.23e+02  5.90e+01  1.06e+01   0.09
2006 07 09  0605   53925   21900  0  8.71e+02  2.32e+01  0  9.35e+03  2.39e+03  3.30e+02  6.63e+01  1.12e+01   0.08
2006 07 09  0610   53925   22200  0  7.38e+02  2.55e+01  0  8.75e+03  2.33e+03  3.31e+02  6.40e+01  1.20e+01   0.03
2006 07 09  0615   53925   22500  0  1.03e+03  2.92e+01  0  8.53e+03  2.28e+03  3.21e+02  7.98e+01  1.45e+01   0.04
2006 07 09  0620   53925   22800  0  9.00e+02  2.41e+01  0  9.05e+03  2.28e+03  3.05e+02  6.81e+01  1.22e+01   0.03
2006 07 09  0625   53925   23100  0  9.13e+02  2.73e+01  0  9.24e+03  2.34e+03  3.05e+02  6.92e+01  1.18e+01   0.03
2006 07 09  0630   53925   23400  0  9.11e+02  2.42e+01  0  9.51e+03  2.38e+03  3.05e+02  6.50e+01  1.18e+01   0.09
2006 07 09  0635   53925   23700  0  9.19e+02  2.96e+01  0  9.38e+03  2.32e+03  3.10e+02  7.09e+01  1.21e+01   0.01
2006 07 09  0640   53925   24000  0  8.73e+02  2.60e+01  0  9.66e+03  2.36e+03  3.09e+02  6.38e+01  1.20e+01   0.02
2006 07 09  0645   53925   24300  0  8.98e+02  2.22e+01  0  9.72e+03  2.37e+03  3.05e+02  6.50e+01  1.12e+01   0.04
2006 07 09  0650   53925   24600  0  8.32e+02  2.80e+01  0  9.51e+03  2.40e+03  3.06e+02  6.66e+01  1.19e+01   0.04
2006 07 09  0655   53925   24900  0  7.89e+02  2.48e+01  0  9.55e+03  2.36e+03  3.13e+02  6.07e+01  1.12e+01   0.13
2006 07 09  0700   53925   25200  0  8.17e+02  2.55e+01  0  9.46e+03  2.35e+03  3.08e+02  6.49e+01  1.13e+01   0.02
2006 07 09  0705   53925   25500  0  8.29e+02  2.39e+01  0  8.86e+03  2.30e+03  3.01e+02  6.62e+01  1.13e+01   0.08
2006 07 09  0710   53925   25800  0  8.69e+02  2.15e+01  0  8.56e+03  2.23e+03  3.01e+02  6.78e+01  1.17e+01   0.03
2006 07 09  0715   53925   26100  0  8.44e+02  2.43e+01  0  8.31e+03  2.18e+03  2.96e+02  6.15e+01  1.01e+01   0.06
2006 07 09  0720   53925   26400  0  8.61e+02  2.88e+01  0  8.41e+03  2.20e+03  2.94e+02  6.73e+01  1.17e+01   0.14
2006 07 09  0725   53925   26700  0  8.69e+02  3.07e+01  0  8.79e+03  2.29e+03  3.14e+02  6.90e+01  1.21e+01   0.05
2006 07 09  0730   53925   27000  0  9.72e+02  3.13e+01  0  9.16e+03  2.38e+03  3.05e+02  7.30e+01  1.19e+01   0.06
2006 07 09  0735   53925   27300  0  9.80e+02  2.78e+01  0  9.30e+03  2.42e+03  3.14e+02  7.52e+01  1.28e+01   0.03
2006 07 09  0740   53925   27600  0  8.60e+02  2.98e+01  0  9.10e+03  2.35e+03  3.08e+02  7.34e+01  1.16e+01   0.08
2006 07 09  0745   53925   27900  0  7.30e+02  2.81e+01  0  9.47e+03  2.36e+03  3.06e+02  6.46e+01  1.09e+01   0.16
2006 07 09  0750   53925   28200  0  7.72e+02  2.59e+01  0  9.53e+03  2.40e+03  3.02e+02  6.55e+01  1.08e+01   0.10
2006 07 09  0755   53925   28500  0  8.30e+02  2.98e+01  0  9.99e+03  2.40e+03  3.12e+02  6.80e+01  1.20e+01   0.12
2006 07 09  0800   53925   28800  0  8.53e+02  2.47e+01  0  9.08e+03  2.23e+03  2.93e+02  6.53e+01  1.09e+01   0.09
2006 07 09  0805   53925   29100  0  9.16e+02  2.49e+01  0  9.53e+03  2.26e+03  2.98e+02  6.33e+01  1.07e+01   0.11
2006 07 09  0810   53925   29400  0  8.10e+02  2.51e+01  0  9.68e+03  2.27e+03  2.88e+02  6.32e+01  1.04e+01   0.07
2006 07 09  0815   53925   29700  0  8.59e+02  3.01e+01  0  9.36e+03  2.16e+03  2.71e+02  7.42e+01  1.25e+01   0.18
2006 07 09  0820   53925   30000  0  9.11e+02  2.30e+01  0  9.73e+03  2.22e+03  2.69e+02  6.73e+01  1.05e+01   0.18
2006 07 09  0825   53925   30300  0  8.04e+02  2.55e+01  0  9.56e+03  2.16e+03  2.65e+02  6.49e+01  1.07e+01   0.19
2006 07 09  0830   53925   30600  0  6.99e+02  1.93e+01  0  1.04e+04  2.26e+03  2.73e+02  5.38e+01  8.62e+00   0.13
2006 07 09  0835   53925   30900  0  7.27e+02  2.36e+01  0  1.12e+04  2.40e+03  2.81e+02  6.02e+01  9.49e+00   0.09
2006 07 09  0840   53925   31200  0  9.67e+02  2.80e+01  0  1.10e+04  2.43e+03  2.78e+02  6.49e+01  1.13e+01   0.17
2006 07 09  0845   53925   31500  0  8.38e+02  2.69e+01  0  1.21e+04  2.46e+03  2.85e+02  6.60e+01  1.07e+01   0.19
2006 07 09  0850   53925   31800  0  8.75e+02  2.72e+01  0  1.18e+04  2.47e+03  2.87e+02  6.24e+01  1.02e+01   0.20
2006 07 09  0855   53925   32100  0  7.54e+02  2.02e+01  0  1.11e+04  2.43e+03  2.75e+02  5.53e+01  1.01e+01   0.13
2006 07 09  0900   53925   32400  0  7.64e+02  2.41e+01  0  1.20e+04  2.54e+03  2.92e+02  6.06e+01  1.02e+01   0.14
2006 07 09  0905   53925   32700  0  8.02e+02  2.57e+01  0  1.23e+04  2.62e+03  2.93e+02  5.99e+01  1.10e+01   0.17
2006 07 09  0910   53925   33000  0  6.87e+02  2.14e+01  0  1.21e+04  2.54e+03  2.89e+02  5.70e+01  9.26e+00   0.21
2006 07 09  0915   53925   33300  0  7.39e+02  2.39e+01  0  1.11e+04  2.28e+03  2.73e+02  5.80e+01  1.03e+01   0.12
2006 07 09  0920   53925   33600  0  7.26e+02  2.11e+01  0  1.12e+04  2.26e+03  2.67e+02  5.36e+01  8.32e+00   0.20
2006 07 09  0925   53925   33900  0  7.49e+02  2.44e+01  0  1.11e+04  2.27e+03  2.62e+02  5.55e+01  9.54e+00   0.20
2006 07 09  0930   53925   34200  0  8.48e+02  2.25e+01  0  1.06e+04  2.23e+03  2.66e+02  5.91e+01  9.12e+00   0.24
2006 07 09  0935   53925   34500  0  7.11e+02  2.44e+01  0  1.08e+04  2.16e+03  2.55e+02  5.46e+01  8.86e+00   0.20
2006 07 09  0940   53925   34800  0  7.25e+02  2.03e+01  0  1.12e+04  2.18e+03  2.46e+02  5.71e+01  9.20e+00   0.30
2006 07 09  0945   53925   35100  0  8.18e+02  2.70e+01  0  1.06e+04  2.20e+03  2.61e+02  5.59e+01  8.88e+00   0.21
2006 07 09  0950   53925   35400  0  8.24e+02  2.42e+01  0  1.13e+04  2.42e+03  2.68e+02  5.95e+01  1.07e+01   0.21
2006 07 09  0955   53925   35700  0  7.45e+02  2.72e+01  0  1.18e+04  2.43e+03  2.56e+02  5.76e+01  9.55e+00   0.26
2006 07 09  1000   53925   36000  0  8.04e+02  2.37e+01  0  1.19e+04  2.47e+03  2.63e+02  5.80e+01  9.86e+00   0.18
2006 07 09  1005   53925   36300  0  7.77e+02  2.65e+01  0  1.17e+04  2.40e+03  2.58e+02  5.31e+01  9.16e+00   0.17
2006 07 09  1010   53925   36600  0  6.62e+02  1.93e+01  0  1.18e+04  2.34e+03  2.60e+02  4.48e+01  8.12e+00   0.16
2006 07 09  1015   53925   36900  0  7.59e+02  2.47e+01  0  1.24e+04  2.48e+03  2.65e+02  4.78e+01  8.85e+00   0.16
2006 07 09  1020   53925   37200  0  7.16e+02  2.05e+01  0  1.26e+04  2.38e+03  2.61e+02  4.28e+01  8.07e+00   0.22
2006 07 09  1025   53925   37500  0  7.25e+02  2.57e+01  0  1.17e+04  2.36e+03  2.50e+02  4.75e+01  8.84e+00   0.24
2006 07 09  1030   53925   37800  0  7.97e+02  2.24e+01  0  1.18e+04  2.43e+03  2.58e+02  5.58e+01  9.39e+00   0.19
2006 07 09  1035   53925   38100  0  7.63e+02  2.55e+01  0  1.12e+04  2.36e+03  2.57e+02  5.18e+01  1.00e+01   0.18
2006 07 09  1040   53925   38400  0  7.28e+02  2.31e+01  0  1.14e+04  2.41e+03  2.59e+02  5.14e+01  8.82e+00   0.14
2006 07 09  1045   53925   38700  0  7.68e+02  3.00e+01  0  1.12e+04  2.29e+03  2.52e+02  5.48e+01  9.81e+00   0.17
2006 07 09  1050   53925   39000  0  6.64e+02  2.24e+01  0  1.04e+04  2.12e+03  2.37e+02  4.68e+01  7.91e+00   0.15
2006 07 09  1055   53925   39300  0  8.62e+02  2.98e+01  0  1.08e+04  2.15e+03  2.39e+02  5.75e+01  1.01e+01   0.20
2006 07 09  1100   53925   39600  0  9.52e+02  3.34e+01  0  1.12e+04  2.34e+03  2.53e+02  6.14e+01  1.04e+01   0.13
2006 07 09  1105   53925   39900  0  6.45e+02  2.44e+01  0  1.08e+04  2.34e+03  2.56e+02  5.33e+01  9.31e+00   0.20
2006 07 09  1110   53925   40200  0  8.61e+02  2.69e+01  0  1.12e+04  2.35e+03  2.55e+02  5.16e+01  9.15e+00   0.06
2006 07 09  1115   53925   40500  0  8.08e+02  2.28e+01  0  8.46e+03  1.85e+03  2.28e+02  5.18e+01  9.00e+00   0.10
2006 07 09  1120   53925   40800  0  6.68e+02  2.64e+01  0  8.30e+03  1.79e+03  2.19e+02  4.89e+01  8.62e+00   0.10
2006 07 09  1125   53925   41100  0  7.16e+02  2.43e+01  0  8.33e+03  1.78e+03  2.12e+02  4.56e+01  7.71e+00   0.13
2006 07 09  1130   53925   41400  0  8.68e+02  2.82e+01  0  8.75e+03  1.78e+03  2.10e+02  4.93e+01  7.54e+00   0.08
2006 07 09  1135   53925   41700  0  7.26e+02  2.52e+01  0  7.75e+03  1.58e+03  2.02e+02  4.44e+01  7.25e+00   0.11
2006 07 09  1140   53925   42000  0  7.70e+02  2.62e+01  0  7.30e+03  1.53e+03  1.98e+02  4.53e+01  7.76e+00   0.05
2006 07 09  1145   53925   42300  0  8.09e+02  2.21e+01  0  7.32e+03  1.54e+03  1.99e+02  4.28e+01  7.54e+00   0.13
2006 07 09  1150   53925   42600  0  6.87e+02  2.44e+01  0  7.23e+03  1.56e+03  1.87e+02  3.96e+01  6.71e+00   0.19
2006 07 09  1155   53925   42900  0  9.01e+02  2.52e+01  0  7.41e+03  1.55e+03  1.85e+02  4.56e+01  8.16e+00   0.05
2006 07 09  1200   53925   43200  0  9.66e+02  3.21e+01  0  6.78e+03  1.44e+03  1.86e+02  5.10e+01  8.95e+00   0.13
2006 07 09  1205   53925   43500  0  7.52e+02  2.18e+01  0  6.89e+03  1.46e+03  1.82e+02  4.02e+01  7.45e+00   0.10
2006 07 09  1210   53925   43800  0  9.26e+02  3.28e+01  0  6.70e+03  1.41e+03  1.81e+02  4.85e+01  8.11e+00   0.08
2006 07 09  1215   53925   44100  0  9.69e+02  3.49e+01  0  6.51e+03  1.38e+03  1.81e+02  4.61e+01  9.36e+00   0.09
2006 07 09  1220   53925   44400  0  1.08e+03  2.71e+01  0  6.41e+03  1.37e+03  1.79e+02  4.53e+01  8.00e+00   0.03
2006 07 09  1225   53925   44700  0  8.65e+02  2.50e+01  0  6.34e+03  1.35e+03  1.78e+02  3.91e+01  6.53e+00   0.06
2006 07 09  1230   53925   45000  0  9.25e+02  2.18e+01  0  6.15e+03  1.32e+03  1.77e+02  4.06e+01  7.34e+00   0.10
2006 07 09  1235   53925   45300  0  1.04e+03  2.32e+01  0  6.27e+03  1.36e+03  1.76e+02  3.78e+01  6.66e+00   0.06
2006 07 09  1240   53925   45600  0  1.33e+03  2.65e+01  0  6.09e+03  1.34e+03  1.78e+02  4.65e+01  8.18e+00   0.07
2006 07 09  1245   53925   45900  0  1.38e+03  2.59e+01  0  6.36e+03  1.35e+03  1.81e+02  4.59e+01  8.42e+00   0.08
2006 07 09  1250   53925   46200  0  1.13e+03  2.42e+01  0  6.39e+03  1.39e+03  1.82e+02  3.92e+01  7.04e+00   0.06
2006 07 09  1255   53925   46500  0  1.17e+03  2.83e+01  0  7.05e+03  1.59e+03  1.94e+02  3.99e+01  6.81e+00   0.12
2006 07 09  1300   53925   46800  0  1.00e+03  2.42e+01  0  7.98e+03  1.67e+03  1.90e+02  3.88e+01  6.67e+00   0.12
2006 07 09  1305   53925   47100  0  1.15e+03  2.99e+01  0  7.41e+03  1.50e+03  1.83e+02  4.29e+01  7.36e+00   0.12
2006 07 09  1310   53925   47400  0  1.08e+03  2.69e+01  0  7.45e+03  1.54e+03  1.81e+02  4.33e+01  7.26e+00   0.09
2006 07 09  1315   53925   47700  0  9.99e+02  2.84e+01  0  7.78e+03  1.61e+03  1.91e+02  4.04e+01  6.89e+00   0.06
2006 07 09  1320   53925   48000  0  1.00e+03  2.63e+01  0  7.46e+03  1.56e+03  1.82e+02  4.33e+01  6.86e+00   0.11
2006 07 09  1325   53925   48300  0  1.54e+03  3.05e+01  0  7.99e+03  1.64e+03  1.97e+02  5.18e+01  8.66e+00   0.08
2006 07 09  1330   53925   48600  0  1.02e+03  2.59e+01  0  8.26e+03  1.76e+03  2.02e+02  4.16e+01  6.85e+00   0.07
2006 07 09  1335   53925   48900  0  1.07e+03  2.40e+01  0  8.52e+03  1.74e+03  1.97e+02  4.57e+01  7.74e+00   0.09
2006 07 09  1340   53925   49200  0  8.77e+02  2.44e+01  0  8.69e+03  1.67e+03  1.90e+02  4.02e+01  6.70e+00   0.13
2006 07 09  1345   53925   49500  0  1.12e+03  3.01e+01  0  7.76e+03  1.65e+03  2.00e+02  4.13e+01  7.37e+00   0.08
2006 07 09  1350   53925   49800  0  9.36e+02  2.25e+01  0  8.00e+03  1.66e+03  1.97e+02  3.65e+01  6.31e+00   0.05
2006 07 09  1355   53925   50100  0  9.99e+02  2.13e+01  0  7.56e+03  1.53e+03  1.87e+02  3.89e+01  7.04e+00   0.13
2006 07 09  1400   53925   50400  0  1.02e+03  2.60e+01  0  7.86e+03  1.71e+03  2.01e+02  3.81e+01  6.83e+00   0.07
2006 07 09  1405   53925   50700  0  1.07e+03  2.85e+01  0  8.25e+03  1.73e+03  2.00e+02  4.16e+01  7.00e+00   0.13
2006 07 09  1410   53925   51000  0  9.94e+02  2.71e+01  0  8.70e+03  1.75e+03  1.96e+02  4.38e+01  7.76e+00   0.11
2006 07 09  1415   53925   51300  0  9.57e+02  2.34e+01  0  8.91e+03  1.80e+03  1.98e+02  3.82e+01  6.73e+00   0.11
2006 07 09  1420   53925   51600  0  7.37e+02  2.11e+01  0  8.52e+03  1.72e+03  2.02e+02  3.00e+01  5.11e+00   0.20
2006 07 09  1425   53925   51900  0  9.36e+02  2.84e+01  0  8.70e+03  1.78e+03  2.04e+02  4.28e+01  7.35e+00   0.13
2006 07 09  1430   53925   52200  0  9.44e+02  2.62e+01  0  8.76e+03  1.80e+03  2.05e+02  3.96e+01  7.33e+00   0.09
2006 07 09  1435   53925   52500  0  1.09e+03  2.85e+01  0  8.30e+03  1.73e+03  1.92e+02  4.29e+01  7.27e+00   0.11
2006 07 09  1440   53925   52800  0  9.11e+02  2.94e+01  0  7.95e+03  1.66e+03  1.91e+02  3.87e+01  6.67e+00   0.12
2006 07 09  1445   53925   53100  0  1.13e+03  3.07e+01  0  8.74e+03  1.77e+03  2.01e+02  4.47e+01  7.95e+00   0.12
2006 07 09  1450   53925   53400  0  8.66e+02  2.39e+01  0  1.01e+04  1.99e+03  2.03e+02  3.84e+01  6.74e+00   0.07
2006 07 09  1455   53925   53700  0  1.15e+03  2.83e+01  0  8.92e+03  1.75e+03  1.97e+02  4.20e+01  6.65e+00   0.04
2006 07 09  1500   53925   54000  0  9.42e+02  2.55e+01  0  8.76e+03  1.83e+03  1.94e+02  3.65e+01  6.00e+00   0.10
2006 07 09  1505   53925   54300  0  8.58e+02  2.87e+01  0  8.47e+03  1.81e+03  2.00e+02  3.88e+01  6.17e+00   0.16
2006 07 09  1510   53925   54600  0  1.24e+03  3.14e+01  0  8.41e+03  1.83e+03  1.97e+02  4.92e+01  8.15e+00   0.06
2006 07 09  1515   53925   54900  0  1.04e+03  2.16e+01  0  8.99e+03  1.86e+03  1.98e+02  3.90e+01  6.58e+00   0.09
2006 07 09  1520   53925   55200  0  1.05e+03  2.67e+01  0  9.09e+03  1.78e+03  1.97e+02  4.08e+01  6.36e+00   0.02
2006 07 09  1525   53925   55500  0  1.05e+03  2.86e+01  0  8.62e+03  1.74e+03  1.94e+02  3.92e+01  6.77e+00   0.11
2006 07 09  1530   53925   55800  0  1.11e+03  2.53e+01  0  8.82e+03  1.73e+03  1.93e+02  3.99e+01  6.63e+00   0.08
2006 07 09  1535   53925   56100  0  1.09e+03  2.53e+01  0  8.61e+03  1.76e+03  1.91e+02  3.96e+01  6.64e+00   0.13
2006 07 09  1540   53925   56400  0  1.00e+03  2.30e+01  0  8.42e+03  1.72e+03  1.87e+02  4.06e+01  6.07e+00   0.15
2006 07 09  1545   53925   56700  0  9.25e+02  2.24e+01  0  9.85e+03  1.83e+03  1.89e+02  3.58e+01  6.41e+00   0.12
2006 07 09  1550   53925   57000  0  8.50e+02  2.40e+01  0  1.16e+04  2.16e+03  1.93e+02  3.53e+01  5.89e+00   0.14
2006 07 09  1555   53925   57300  0  7.99e+02  2.40e+01  0  1.16e+04  2.18e+03  2.00e+02  3.73e+01  6.56e+00   0.14
2006 07 09  1600   53925   57600  0  9.94e+02  2.60e+01  0  1.16e+04  2.03e+03  1.96e+02  4.07e+01  7.11e+00   0.14
2006 07 09  1605   53925   57900  0  1.15e+03  3.34e+01  0  1.31e+04  2.15e+03  2.02e+02  4.18e+01  6.72e+00   0.19
2006 07 09  1610   53925   58200  0  9.67e+02  2.92e+01  0  1.50e+04  2.32e+03  2.00e+02  4.08e+01  7.63e+00   0.20
2006 07 09  1615   53925   58500  0  8.78e+02  2.47e+01  0  1.46e+04  2.29e+03  2.06e+02  4.02e+01  6.78e+00   0.13
2006 07 09  1620   53925   58800  0  9.83e+02  2.45e+01  0  1.36e+04  2.21e+03  1.98e+02  3.65e+01  6.08e+00   0.17
2006 07 09  1625   53925   59100  0  1.08e+03  3.17e+01  0  1.41e+04  2.38e+03  2.01e+02  4.31e+01  6.85e+00   0.16
2006 07 09  1630   53925   59400  0  9.77e+02  2.67e+01  0  1.26e+04  2.09e+03  1.99e+02  4.01e+01  6.52e+00   0.15
2006 07 09  1635   53925   59700  0  1.02e+03  2.28e+01  0  1.26e+04  2.02e+03  1.97e+02  3.43e+01  5.87e+00   0.15
2006 07 09  1640   53925   60000  0  8.91e+02  1.79e+01  0  1.36e+04  2.09e+03  2.00e+02  3.50e+01  6.04e+00   0.09
2006 07 09  1645   53925   60300  0  7.62e+02  2.43e+01  0  1.35e+04  2.06e+03  1.98e+02  3.26e+01  5.34e+00   0.12
2006 07 09  1650   53925   60600  0  9.85e+02  2.22e+01  0  1.37e+04  2.03e+03  1.87e+02  3.42e+01  5.77e+00   0.12
2006 07 09  1655   53925   60900  0  9.31e+02  2.16e+01  0  1.50e+04  2.07e+03  1.92e+02  3.20e+01  5.48e+00   0.09
2006 07 09  1700   53925   61200  0  8.05e+02  2.14e+01  0  1.17e+04  1.83e+03  1.83e+02  2.83e+01  5.30e+00   0.05
2006 07 09  1705   53925   61500  0  1.09e+03  2.82e+01  0  1.21e+04  1.86e+03  1.86e+02  3.55e+01  6.51e+00   0.08
2006 07 09  1710   53925   61800  0  1.14e+03  2.36e+01  0  1.15e+04  1.85e+03  1.85e+02  3.45e+01  5.86e+00   0.03
2006 07 09  1715   53925   62100  0  8.86e+02  3.15e+01  0  1.19e+04  1.93e+03  1.91e+02  3.18e+01  5.80e+00   0.09
2006 07 09  1720   53925   62400  0  1.16e+03  3.33e+01  0  1.25e+04  1.98e+03  1.95e+02  3.90e+01  6.87e+00   0.06
2006 07 09  1725   53925   62700  0  1.12e+03  2.53e+01  0  1.27e+04  1.99e+03  1.89e+02  3.21e+01  5.98e+00   0.10
2006 07 09  1730   53925   63000  0  1.16e+03  2.43e+01  0  1.26e+04  1.96e+03  1.88e+02  3.60e+01  6.34e+00   0.04
2006 07 09  1735   53925   63300  0  1.13e+03  3.08e+01  0  1.20e+04  1.94e+03  1.83e+02  3.58e+01  6.10e+00   0.11
2006 07 09  1740   53925   63600  0  1.16e+03  2.32e+01  0  1.05e+04  1.92e+03  1.80e+02  3.55e+01  5.58e+00   0.05
2006 07 09  1745   53925   63900  0  1.21e+03  2.75e+01  0  9.42e+03  1.79e+03  1.77e+02  3.50e+01  5.64e+00   0.13
2006 07 09  1750   53925   64200  0  1.30e+03  2.59e+01  0  1.01e+04  1.93e+03  1.76e+02  3.63e+01  5.88e+00   0.06
2006 07 09  1755   53925   64500  0  1.30e+03  2.65e+01  0  1.01e+04  1.88e+03  1.72e+02  3.64e+01  6.34e+00   0.18
2006 07 09  1800   53925   64800  0  1.39e+03  3.09e+01  0  9.11e+03  1.74e+03  1.73e+02  4.10e+01  6.61e+00   0.07
2006 07 09  1805   53925   65100  0  1.08e+03  2.76e+01  0  1.03e+04  1.78e+03  1.77e+02  3.77e+01  5.92e+00   0.19
2006 07 09  1810   53925   65400  0  1.12e+03  2.86e+01  0  1.04e+04  1.86e+03  1.79e+02  3.49e+01  5.83e+00   0.17
2006 07 09  1815   53925   65700  0  1.15e+03  2.11e+01  0  9.25e+03  1.68e+03  1.67e+02  3.49e+01  5.63e+00   0.09
2006 07 09  1820   53925   66000  0  1.43e+03  3.03e+01  0  9.81e+03  1.80e+03  1.74e+02  3.73e+01  6.29e+00   0.10
2006 07 09  1825   53925   66300  0  1.28e+03  2.76e+01  0  1.09e+04  1.85e+03  1.71e+02  4.01e+01  6.35e+00   0.17
2006 07 09  1830   53925   66600  0  1.26e+03  2.52e+01  0  1.12e+04  1.89e+03  1.70e+02  3.81e+01  6.37e+00   0.04
2006 07 09  1835   53925   66900  0  1.09e+03  2.38e+01  0  1.49e+04  2.11e+03  1.80e+02  3.22e+01  5.54e+00   0.20
2006 07 09  1840   53925   67200  0  1.02e+03  2.83e+01  0  1.72e+04  2.25e+03  1.84e+02  3.38e+01  5.72e+00   0.14
2006 07 09  1845   53925   67500  0  8.91e+02  2.09e+01  0  1.99e+04  2.63e+03  2.04e+02  3.18e+01  5.38e+00   0.07
2006 07 09  1850   53925   67800  0  1.02e+03  3.23e+01  0  2.18e+04  2.72e+03  2.16e+02  3.83e+01  6.65e+00   0.08
2006 07 09  1855   53925   68100  0  9.87e+02  2.52e+01  0  2.58e+04  2.93e+03  2.18e+02  3.30e+01  6.37e+00   0.14
2006 07 09  1900   53925   68400  0  9.65e+02  1.95e+01  0  1.92e+04  2.31e+03  1.99e+02  3.18e+01  5.17e+00   0.15
2006 07 09  1905   53925   68700  0  9.38e+02  2.78e+01  0  1.86e+04  2.23e+03  1.82e+02  3.32e+01  5.92e+00   0.18
2006 07 09  1910   53925   69000  0  9.77e+02  2.35e+01  0  2.13e+04  2.57e+03  1.99e+02  3.28e+01  5.59e+00   0.11
2006 07 09  1915   53925   69300  0  1.09e+03  2.47e+01  0  2.30e+04  2.93e+03  2.20e+02  3.35e+01  6.88e+00   0.18
2006 07 09  1920   53925   69600  0  9.87e+02  2.50e+01  0  2.22e+04  2.94e+03  2.23e+02  3.50e+01  6.58e+00   0.13
2006 07 09  1925   53925   69900  0  9.76e+02  2.25e+01  0  2.13e+04  2.94e+03  2.25e+02  3.60e+01  6.40e+00   0.05
2006 07 09  1930   53925   70200  0  8.33e+02  2.16e+01  0  2.15e+04  2.93e+03  2.26e+02  3.27e+01  5.40e+00   0.06
2006 07 09  1935   53925   70500  0  8.88e+02  2.60e+01  0  2.18e+04  2.84e+03  2.18e+02  3.27e+01  6.33e+00   0.13
2006 07 09  1940   53925   70800  0  7.64e+02  2.87e+01  0  2.65e+04  3.05e+03  2.20e+02  3.46e+01  6.38e+00   0.09
2006 07 09  1945   53925   71100  0  8.23e+02  2.47e+01  0  2.69e+04  2.92e+03  2.14e+02  3.00e+01  5.63e+00   0.17
2006 07 09  1950   53925   71400  0  7.34e+02  2.07e+01  0  2.25e+04  2.87e+03  2.13e+02  2.77e+01  4.83e+00   0.09
2006 07 09  1955   53925   71700  0  8.09e+02  2.37e+01  0  1.45e+04  2.38e+03  2.02e+02  2.89e+01  5.03e+00   0.19
2006 07 09  2000   53925   72000  0  1.02e+03  2.60e+01  0  1.17e+04  2.21e+03  2.08e+02  3.24e+01  6.78e+00   0.18
2006 07 09  2005   53925   72300  0  7.70e+02  2.40e+01  0  1.55e+04  2.56e+03  2.08e+02  2.68e+01  5.23e+00   0.07
2006 07 09  2010   53925   72600  0  9.00e+02  2.94e+01  0  1.57e+04  3.50e+03  2.37e+02  3.22e+01  6.06e+00   0.27
2006 07 09  2015   53925   72900  0  8.18e+02  2.18e+01  0  1.83e+04  4.11e+03  2.44e+02  3.46e+01  5.59e+00   0.32
2006 07 09  2020   53925   73200  0  1.04e+03  2.98e+01  0  3.33e+04  4.09e+03  2.50e+02  3.94e+01  6.76e+00   0.22
2006 07 09  2025   53925   73500  0  8.68e+02  2.45e+01  0  2.27e+04  4.30e+03  3.07e+02  3.91e+01  7.10e+00   0.29
2006 07 09  2030   53925   73800  0  8.93e+02  2.06e+01  0  1.46e+04  2.88e+03  2.43e+02  3.52e+01  5.78e+00   0.17
2006 07 09  2035   53925   74100  0  1.08e+03  2.09e+01  0  1.33e+04  2.58e+03  2.30e+02  3.52e+01  6.53e+00   0.17
2006 07 09  2040   53925   74400  0  8.99e+02  2.78e+01  0  1.77e+04  3.72e+03  2.93e+02  3.54e+01  6.58e+00   0.30
2006 07 09  2045   53925   74700  0  9.99e+02  2.57e+01  0  1.77e+04  3.46e+03  2.78e+02  3.58e+01  6.32e+00   0.24
2006 07 09  2050   53925   75000  0  1.19e+03  2.20e+01  0  2.95e+04  3.97e+03  2.54e+02  3.21e+01  5.15e+00   0.14
2006 07 09  2055   53925   75300  0  1.34e+03  2.57e+01  0  2.01e+04  2.69e+03  1.95e+02  3.07e+01  5.02e+00   0.05
2006 07 09  2100   53925   75600  0  1.30e+03  2.30e+01  0  2.04e+04  2.89e+03  2.07e+02  3.33e+01  5.59e+00   0.08
2006 07 09  2105   53925   75900  0  1.28e+03  3.01e+01  0  2.12e+04  3.01e+03  2.14e+02  3.10e+01  5.27e+00   0.10
2006 07 09  2110   53925   76200  0  1.49e+03  3.29e+01  0  2.27e+04  2.84e+03  2.02e+02  3.62e+01  6.09e+00   0.09
2006 07 09  2115   53925   76500  0  1.43e+03  2.72e+01  0  2.16e+04  2.33e+03  1.75e+02  2.95e+01  5.32e+00   0.17
2006 07 09  2120   53925   76800  0  1.20e+03  2.17e+01  0  1.72e+04  2.07e+03  1.71e+02  2.67e+01  4.49e+00   0.15
2006 07 09  2125   53925   77100  0  1.50e+03  2.67e+01  0  1.31e+04  1.89e+03  1.85e+02  2.95e+01  5.49e+00   0.19
2006 07 09  2130   53925   77400  0  1.36e+03  2.55e+01  0  1.54e+04  2.04e+03  1.74e+02  2.76e+01  5.16e+00   0.12
2006 07 09  2135   53925   77700  0  1.45e+03  2.94e+01  0  1.79e+04  2.32e+03  1.78e+02  3.07e+01  4.97e+00   0.06
2006 07 09  2140   53925   78000  0  1.50e+03  2.69e+01  0  1.36e+04  2.13e+03  1.89e+02  3.19e+01  5.75e+00   0.13
2006 07 09  2145   53925   78300  0  1.58e+03  2.98e+01  0  1.43e+04  2.27e+03  1.85e+02  3.19e+01  5.00e+00   0.20
2006 07 09  2150   53925   78600  0  1.38e+03  2.65e+01  0  1.39e+04  2.18e+03  1.78e+02  2.92e+01  4.98e+00   0.24
2006 07 09  2155   53925   78900  0  1.61e+03  2.98e+01  0  1.38e+04  2.17e+03  1.83e+02  3.00e+01  5.39e+00   0.02
2006 07 09  2200   53925   79200  0  1.71e+03  2.89e+01  0  1.34e+04  2.07e+03  1.73e+02  2.86e+01  4.84e+00   0.14
2006 07 09  2205   53925   79500  0  1.57e+03  2.50e+01  0  1.28e+04  1.96e+03  1.61e+02  2.70e+01  4.23e+00   0.13
2006 07 09  2210   53925   79800  0  1.69e+03  3.42e+01  0  1.21e+04  1.95e+03  1.65e+02  2.98e+01  5.34e+00   0.08
2006 07 09  2215   53925   80100  0  1.55e+03  2.34e+01  0  1.16e+04  1.87e+03  1.58e+02  2.42e+01  4.38e+00   0.06
2006 07 09  2220   53925   80400  0  1.58e+03  2.76e+01  0  1.11e+04  1.71e+03  1.51e+02  2.38e+01  4.37e+00   0.07
2006 07 09  2225   53925   80700  0  1.74e+03  2.76e+01  0  1.17e+04  1.75e+03  1.49e+02  2.71e+01  5.05e+00   0.14
2006 07 09  2230   53925   81000  0  1.52e+03  2.30e+01  0  1.43e+04  2.04e+03  1.60e+02  2.52e+01  4.37e+00   0.15
2006 07 09  2235   53925   81300  0  1.86e+03  2.87e+01  0  1.27e+04  1.88e+03  1.55e+02  2.51e+01  4.37e+00   0.05
2006 07 09  2240   53925   81600  0  1.55e+03  3.12e+01  0  1.18e+04  1.79e+03  1.47e+02  2.55e+01  4.75e+00   0.09
2006 07 09  2245   53925   81900  0  1.49e+03  2.94e+01  0  1.29e+04  1.93e+03  1.57e+02  2.48e+01  4.55e+00   0.10
2006 07 09  2250   53925   82200  0  1.85e+03  2.80e+01  0  1.38e+04  2.00e+03  1.63e+02  3.14e+01  5.93e+00   0.24
2006 07 09  2255   53925   82500  0  1.78e+03  2.50e+01  0  1.55e+04  2.17e+03  1.75e+02  3.05e+01  6.04e+00   0.06
2006 07 09  2300   53925   82800  0  2.02e+03  2.51e+01  0  2.00e+04  2.58e+03  1.69e+02  3.07e+01  6.10e+00   0.05
2006 07 09  2305   53925   83100  0  2.22e+03  3.06e+01  0  1.40e+04  1.93e+03  1.58e+02  3.04e+01  5.91e+00   0.22
2006 07 09  2310   53925   83400  0  2.37e+03  3.60e+01  0  1.49e+04  1.98e+03  1.58e+02  3.54e+01  6.61e+00   0.25
2006 07 09  2315   53925   83700  0  1.87e+03  2.55e+01  0  1.55e+04  2.07e+03  1.60e+02  3.02e+01  5.49e+00   0.26
2006 07 09  2320   53925   84000  0  1.76e+03  2.35e+01  0  1.52e+04  2.03e+03  1.60e+02  3.13e+01  5.86e+00   0.19
2006 07 09  2325   53925   84300  0  1.70e+03  2.80e+01  0  1.64e+04  2.37e+03  1.86e+02  3.33e+01  6.64e+00   0.10
2006 07 09  2330   53925   84600  0  1.40e+03  2.71e+01  0  1.78e+04  2.48e+03  1.89e+02  2.82e+01  5.57e+00   0.04
2006 07 09  2335   53925   84900  0  1.13e+03  2.16e+01  0  1.87e+04  2.53e+03  1.79e+02  2.47e+01  4.41e+00   0.15
2006 07 09  2340   53925   85200  0  9.78e+02  2.22e+01  0  1.88e+04  2.48e+03  1.70e+02  2.28e+01  3.81e+00   0.15
2006 07 09  2345   53925   85500  0  1.12e+03  2.63e+01  0  2.03e+04  2.64e+03  1.78e+02  2.50e+01  4.64e+00   0.03
2006 07 09  2350   53925   85800  0  1.06e+03  2.31e+01  0  2.10e+04  2.66e+03  1.78e+02  2.57e+01  4.76e+00   0.07
2006 07 09  2355   53925   86100  0  1.17e+03  2.40e+01  0  2.06e+04  2.68e+03  1.78e+02  2.61e+01  4.53e+00   0.10
