:Data_list: 20070917_ace_sis_5m.txt
:Created: 2007 Sep 18 0011 UT
# Prepared by the U.S. Dept. of Commerce, NOAA, Space Environment Center.
# Please send comments and suggestions to SEC.Webmaster@noaa.gov 
# 
# Units: proton flux p/cs2-sec-ster
# Status(S): 0 = nominal data, 1 to 8 = bad data record, 9 = no data
# Missing data values: -1.00e+05
# Source: ACE Satellite - Solar Isotope Spectrometer
#
# 5-minute averaged Real-time Integral Flux of High-energy Solar Protons
# 
#                 Modified Seconds
# UT Date   Time   Julian  of the      ---- Integral Proton Flux ----
# YR MO DA  HHMM     Day     Day       S    > 10 MeV    S    > 30 MeV
#--------------------------------------------------------------------
2007 09 17  0000    54360       0      0    1.93e+00    0    1.35e+00
2007 09 17  0005    54360     300      0    1.96e+00    0    1.38e+00
2007 09 17  0010    54360     600      0    1.90e+00    0    1.32e+00
2007 09 17  0015    54360     900      0    1.92e+00    0    1.34e+00
2007 09 17  0020    54360    1200      0    1.90e+00    0    1.34e+00
2007 09 17  0025    54360    1500      0    1.92e+00    0    1.35e+00
2007 09 17  0030    54360    1800      0    1.90e+00    0    1.31e+00
2007 09 17  0035    54360    2100      0    1.90e+00    0    1.32e+00
2007 09 17  0040    54360    2400      0    1.95e+00    0    1.36e+00
2007 09 17  0045    54360    2700      0    1.90e+00    0    1.35e+00
2007 09 17  0050    54360    3000      0    1.93e+00    0    1.35e+00
2007 09 17  0055    54360    3300      0    1.95e+00    0    1.36e+00
2007 09 17  0100    54360    3600      0    1.93e+00    0    1.34e+00
2007 09 17  0105    54360    3900      0    1.88e+00    0    1.32e+00
2007 09 17  0110    54360    4200      0    1.96e+00    0    1.38e+00
2007 09 17  0115    54360    4500      0    1.94e+00    0    1.35e+00
2007 09 17  0120    54360    4800      0    1.95e+00    0    1.36e+00
2007 09 17  0125    54360    5100      0    1.91e+00    0    1.33e+00
2007 09 17  0130    54360    5400      0    1.93e+00    0    1.35e+00
2007 09 17  0135    54360    5700      0    1.92e+00    0    1.36e+00
2007 09 17  0140    54360    6000      0    1.93e+00    0    1.35e+00
2007 09 17  0145    54360    6300      0    1.96e+00    0    1.38e+00
2007 09 17  0150    54360    6600      0    1.91e+00    0    1.33e+00
2007 09 17  0155    54360    6900      0    1.93e+00    0    1.35e+00
2007 09 17  0200    54360    7200      0    1.92e+00    0    1.34e+00
2007 09 17  0205    54360    7500      0    1.96e+00    0    1.36e+00
2007 09 17  0210    54360    7800      0    1.93e+00    0    1.35e+00
2007 09 17  0215    54360    8100      0    1.92e+00    0    1.34e+00
2007 09 17  0220    54360    8400      0    1.91e+00    0    1.32e+00
2007 09 17  0225    54360    8700      0    1.92e+00    0    1.34e+00
2007 09 17  0230    54360    9000      0    1.92e+00    0    1.34e+00
2007 09 17  0235    54360    9300      0    1.87e+00    0    1.30e+00
2007 09 17  0240    54360    9600      0    1.96e+00    0    1.37e+00
2007 09 17  0245    54360    9900      0    1.94e+00    0    1.36e+00
2007 09 17  0250    54360   10200      0    1.87e+00    0    1.31e+00
2007 09 17  0255    54360   10500      0    1.90e+00    0    1.32e+00
2007 09 17  0300    54360   10800      0    1.97e+00    0    1.37e+00
2007 09 17  0305    54360   11100      0    1.97e+00    0    1.38e+00
2007 09 17  0310    54360   11400      0    1.94e+00    0    1.35e+00
2007 09 17  0315    54360   11700      0    1.92e+00    0    1.37e+00
2007 09 17  0320    54360   12000      0    1.91e+00    0    1.34e+00
2007 09 17  0325    54360   12300      0    1.96e+00    0    1.37e+00
2007 09 17  0330    54360   12600      0    1.95e+00    0    1.36e+00
2007 09 17  0335    54360   12900      0    1.98e+00    0    1.38e+00
2007 09 17  0340    54360   13200      0    1.97e+00    0    1.39e+00
2007 09 17  0345    54360   13500      0    1.97e+00    0    1.38e+00
2007 09 17  0350    54360   13800      0    1.95e+00    0    1.36e+00
2007 09 17  0355    54360   14100      0    1.97e+00    0    1.38e+00
2007 09 17  0400    54360   14400      0    1.93e+00    0    1.35e+00
2007 09 17  0405    54360   14700      0    1.90e+00    0    1.32e+00
2007 09 17  0410    54360   15000      0    1.93e+00    0    1.34e+00
2007 09 17  0415    54360   15300      0    1.93e+00    0    1.35e+00
2007 09 17  0420    54360   15600      0    1.89e+00    0    1.33e+00
2007 09 17  0425    54360   15900      0    1.94e+00    0    1.35e+00
2007 09 17  0430    54360   16200      0    1.93e+00    0    1.33e+00
2007 09 17  0435    54360   16500      0    1.93e+00    0    1.36e+00
2007 09 17  0440    54360   16800      0    1.96e+00    0    1.35e+00
2007 09 17  0445    54360   17100      0    1.97e+00    0    1.38e+00
2007 09 17  0450    54360   17400      0    1.89e+00    0    1.32e+00
2007 09 17  0455    54360   17700      0    1.96e+00    0    1.37e+00
2007 09 17  0500    54360   18000      0    1.87e+00    0    1.31e+00
2007 09 17  0505    54360   18300      0    1.95e+00    0    1.37e+00
2007 09 17  0510    54360   18600      0    1.94e+00    0    1.35e+00
2007 09 17  0515    54360   18900      0    1.97e+00    0    1.37e+00
2007 09 17  0520    54360   19200      0    1.93e+00    0    1.34e+00
2007 09 17  0525    54360   19500      0    1.92e+00    0    1.34e+00
2007 09 17  0530    54360   19800      0    1.99e+00    0    1.40e+00
2007 09 17  0535    54360   20100      0    1.95e+00    0    1.36e+00
2007 09 17  0540    54360   20400      0    1.90e+00    0    1.33e+00
2007 09 17  0545    54360   20700      0    1.92e+00    0    1.34e+00
2007 09 17  0550    54360   21000      0    1.91e+00    0    1.34e+00
2007 09 17  0555    54360   21300      0    1.93e+00    0    1.34e+00
2007 09 17  0600    54360   21600      0    1.91e+00    0    1.33e+00
2007 09 17  0605    54360   21900      0    1.94e+00    0    1.36e+00
2007 09 17  0610    54360   22200      0    1.92e+00    0    1.34e+00
2007 09 17  0615    54360   22500      0    1.95e+00    0    1.38e+00
2007 09 17  0620    54360   22800      0    1.93e+00    0    1.36e+00
2007 09 17  0625    54360   23100      0    1.88e+00    0    1.31e+00
2007 09 17  0630    54360   23400      0    1.95e+00    0    1.37e+00
2007 09 17  0635    54360   23700      0    1.94e+00    0    1.36e+00
2007 09 17  0640    54360   24000      0    1.93e+00    0    1.35e+00
2007 09 17  0645    54360   24300      0    1.91e+00    0    1.34e+00
2007 09 17  0650    54360   24600      0    1.93e+00    0    1.35e+00
2007 09 17  0655    54360   24900      0    1.91e+00    0    1.33e+00
2007 09 17  0700    54360   25200      0    1.98e+00    0    1.39e+00
2007 09 17  0705    54360   25500      0    1.94e+00    0    1.36e+00
2007 09 17  0710    54360   25800      0    1.92e+00    0    1.34e+00
2007 09 17  0715    54360   26100      0    1.94e+00    0    1.36e+00
2007 09 17  0720    54360   26400      0    1.97e+00    0    1.39e+00
2007 09 17  0725    54360   26700      0    1.97e+00    0    1.38e+00
2007 09 17  0730    54360   27000      0    1.95e+00    0    1.37e+00
2007 09 17  0735    54360   27300      0    1.94e+00    0    1.34e+00
2007 09 17  0740    54360   27600      0    1.94e+00    0    1.36e+00
2007 09 17  0745    54360   27900      0    1.91e+00    0    1.35e+00
2007 09 17  0750    54360   28200      0    1.87e+00    0    1.30e+00
2007 09 17  0755    54360   28500      0    1.90e+00    0    1.33e+00
2007 09 17  0800    54360   28800      0    1.92e+00    0    1.35e+00
2007 09 17  0805    54360   29100      0    1.93e+00    0    1.34e+00
2007 09 17  0810    54360   29400      0    1.94e+00    0    1.36e+00
2007 09 17  0815    54360   29700      0    1.91e+00    0    1.33e+00
2007 09 17  0820    54360   30000      0    1.92e+00    0    1.34e+00
2007 09 17  0825    54360   30300      0    1.89e+00    0    1.32e+00
2007 09 17  0830    54360   30600      0    1.90e+00    0    1.32e+00
2007 09 17  0835    54360   30900      0    1.93e+00    0    1.35e+00
2007 09 17  0840    54360   31200      0    1.92e+00    0    1.35e+00
2007 09 17  0845    54360   31500      0    1.93e+00    0    1.34e+00
2007 09 17  0850    54360   31800      0    1.92e+00    0    1.33e+00
2007 09 17  0855    54360   32100      0    1.91e+00    0    1.32e+00
2007 09 17  0900    54360   32400      0    1.91e+00    0    1.34e+00
2007 09 17  0905    54360   32700      0    1.93e+00    0    1.37e+00
2007 09 17  0910    54360   33000      0    1.96e+00    0    1.37e+00
2007 09 17  0915    54360   33300      0    1.94e+00    0    1.35e+00
2007 09 17  0920    54360   33600      0    1.95e+00    0    1.37e+00
2007 09 17  0925    54360   33900      0    1.90e+00    0    1.33e+00
2007 09 17  0930    54360   34200      0    1.94e+00    0    1.35e+00
2007 09 17  0935    54360   34500      0    1.90e+00    0    1.33e+00
2007 09 17  0940    54360   34800      0    1.94e+00    0    1.35e+00
2007 09 17  0945    54360   35100      0    1.94e+00    0    1.35e+00
2007 09 17  0950    54360   35400      0    1.91e+00    0    1.34e+00
2007 09 17  0955    54360   35700      0    1.93e+00    0    1.34e+00
2007 09 17  1000    54360   36000      0    1.90e+00    0    1.32e+00
2007 09 17  1005    54360   36300      0    2.00e+00    0    1.39e+00
2007 09 17  1010    54360   36600      0    1.90e+00    0    1.33e+00
2007 09 17  1015    54360   36900      0    1.89e+00    0    1.33e+00
2007 09 17  1020    54360   37200      0    1.96e+00    0    1.37e+00
2007 09 17  1025    54360   37500      0    1.91e+00    0    1.33e+00
2007 09 17  1030    54360   37800      0    1.95e+00    0    1.37e+00
2007 09 17  1035    54360   38100      0    1.93e+00    0    1.35e+00
2007 09 17  1040    54360   38400      0    1.92e+00    0    1.35e+00
2007 09 17  1045    54360   38700      0    1.94e+00    0    1.36e+00
2007 09 17  1050    54360   39000      0    1.93e+00    0    1.34e+00
2007 09 17  1055    54360   39300      0    1.94e+00    0    1.36e+00
2007 09 17  1100    54360   39600      0    1.95e+00    0    1.37e+00
2007 09 17  1105    54360   39900      0    1.91e+00    0    1.34e+00
2007 09 17  1110    54360   40200      0    1.98e+00    0    1.41e+00
2007 09 17  1115    54360   40500      0    1.95e+00    0    1.37e+00
2007 09 17  1120    54360   40800      0    1.91e+00    0    1.34e+00
2007 09 17  1125    54360   41100      0    1.91e+00    0    1.33e+00
2007 09 17  1130    54360   41400      0    1.94e+00    0    1.35e+00
2007 09 17  1135    54360   41700      0    1.93e+00    0    1.36e+00
2007 09 17  1140    54360   42000      0    1.97e+00    0    1.37e+00
2007 09 17  1145    54360   42300      0    1.96e+00    0    1.38e+00
2007 09 17  1150    54360   42600      0    1.97e+00    0    1.39e+00
2007 09 17  1155    54360   42900      0    1.92e+00    0    1.35e+00
2007 09 17  1200    54360   43200      0    1.94e+00    0    1.35e+00
2007 09 17  1205    54360   43500      0    1.94e+00    0    1.36e+00
2007 09 17  1210    54360   43800      0    1.92e+00    0    1.33e+00
2007 09 17  1215    54360   44100      0    1.98e+00    0    1.38e+00
2007 09 17  1220    54360   44400      0    1.97e+00    0    1.39e+00
2007 09 17  1225    54360   44700      0    1.93e+00    0    1.34e+00
2007 09 17  1230    54360   45000      0    1.92e+00    0    1.34e+00
2007 09 17  1235    54360   45300      0    1.92e+00    0    1.34e+00
2007 09 17  1240    54360   45600      0    1.92e+00    0    1.34e+00
2007 09 17  1245    54360   45900      0    1.94e+00    0    1.36e+00
2007 09 17  1250    54360   46200      0    1.92e+00    0    1.32e+00
2007 09 17  1255    54360   46500      0    1.95e+00    0    1.36e+00
2007 09 17  1300    54360   46800      0    1.94e+00    0    1.35e+00
2007 09 17  1305    54360   47100      0    1.91e+00    0    1.34e+00
2007 09 17  1310    54360   47400      0    1.98e+00    0    1.38e+00
2007 09 17  1315    54360   47700      0    1.95e+00    0    1.35e+00
2007 09 17  1320    54360   48000      0    1.95e+00    0    1.38e+00
2007 09 17  1325    54360   48300      0    1.97e+00    0    1.38e+00
2007 09 17  1330    54360   48600      0    1.91e+00    0    1.34e+00
2007 09 17  1335    54360   48900      0    1.92e+00    0    1.33e+00
2007 09 17  1340    54360   49200      0    1.92e+00    0    1.34e+00
2007 09 17  1345    54360   49500      0    1.94e+00    0    1.36e+00
2007 09 17  1350    54360   49800      0    1.94e+00    0    1.36e+00
2007 09 17  1355    54360   50100      0    1.97e+00    0    1.38e+00
2007 09 17  1400    54360   50400      0    1.97e+00    0    1.38e+00
2007 09 17  1405    54360   50700      0    1.90e+00    0    1.34e+00
2007 09 17  1410    54360   51000      0    1.92e+00    0    1.36e+00
2007 09 17  1415    54360   51300      0    1.88e+00    0    1.31e+00
2007 09 17  1420    54360   51600      0    1.94e+00    0    1.35e+00
2007 09 17  1425    54360   51900      0    1.91e+00    0    1.33e+00
2007 09 17  1430    54360   52200      0    1.95e+00    0    1.37e+00
2007 09 17  1435    54360   52500      0    1.94e+00    0    1.35e+00
2007 09 17  1440    54360   52800      0    1.90e+00    0    1.33e+00
2007 09 17  1445    54360   53100      0    1.87e+00    0    1.31e+00
2007 09 17  1450    54360   53400      0    1.93e+00    0    1.35e+00
2007 09 17  1455    54360   53700      0    1.94e+00    0    1.37e+00
2007 09 17  1500    54360   54000      0    1.97e+00    0    1.38e+00
2007 09 17  1505    54360   54300      0    1.93e+00    0    1.35e+00
2007 09 17  1510    54360   54600      0    1.96e+00    0    1.38e+00
2007 09 17  1515    54360   54900      0    1.95e+00    0    1.37e+00
2007 09 17  1520    54360   55200      0    1.91e+00    0    1.32e+00
2007 09 17  1525    54360   55500      0    1.90e+00    0    1.33e+00
2007 09 17  1530    54360   55800      0    1.92e+00    0    1.33e+00
2007 09 17  1535    54360   56100      0    1.93e+00    0    1.35e+00
2007 09 17  1540    54360   56400      0    1.94e+00    0    1.36e+00
2007 09 17  1545    54360   56700      0    1.99e+00    0    1.40e+00
2007 09 17  1550    54360   57000      0    1.91e+00    0    1.34e+00
2007 09 17  1555    54360   57300      0    1.93e+00    0    1.35e+00
2007 09 17  1600    54360   57600      0    1.92e+00    0    1.35e+00
2007 09 17  1605    54360   57900      0    1.91e+00    0    1.33e+00
2007 09 17  1610    54360   58200      0    1.93e+00    0    1.35e+00
2007 09 17  1615    54360   58500      0    1.90e+00    0    1.33e+00
2007 09 17  1620    54360   58800      0    1.94e+00    0    1.36e+00
2007 09 17  1625    54360   59100      0    1.95e+00    0    1.37e+00
2007 09 17  1630    54360   59400      0    1.95e+00    0    1.37e+00
2007 09 17  1635    54360   59700      0    1.91e+00    0    1.33e+00
2007 09 17  1640    54360   60000      0    1.98e+00    0    1.41e+00
2007 09 17  1645    54360   60300      0    1.90e+00    0    1.32e+00
2007 09 17  1650    54360   60600      0    1.95e+00    0    1.36e+00
2007 09 17  1655    54360   60900      0    1.93e+00    0    1.35e+00
2007 09 17  1700    54360   61200      0    1.94e+00    0    1.35e+00
2007 09 17  1705    54360   61500      0    1.94e+00    0    1.36e+00
2007 09 17  1710    54360   61800      0    1.91e+00    0    1.33e+00
2007 09 17  1715    54360   62100      0    1.93e+00    0    1.35e+00
2007 09 17  1720    54360   62400      0    2.01e+00    0    1.40e+00
2007 09 17  1725    54360   62700      0    1.94e+00    0    1.36e+00
2007 09 17  1730    54360   63000      0    1.97e+00    0    1.38e+00
2007 09 17  1735    54360   63300      0    1.97e+00    0    1.38e+00
2007 09 17  1740    54360   63600      0    1.98e+00    0    1.38e+00
2007 09 17  1745    54360   63900      0    1.95e+00    0    1.37e+00
2007 09 17  1750    54360   64200      0    1.96e+00    0    1.37e+00
2007 09 17  1755    54360   64500      0    1.94e+00    0    1.34e+00
2007 09 17  1800    54360   64800      0    1.96e+00    0    1.37e+00
2007 09 17  1805    54360   65100      0    1.92e+00    0    1.34e+00
2007 09 17  1810    54360   65400      0    1.94e+00    0    1.35e+00
2007 09 17  1815    54360   65700      0    1.93e+00    0    1.35e+00
2007 09 17  1820    54360   66000      0    1.95e+00    0    1.37e+00
2007 09 17  1825    54360   66300      0    1.94e+00    0    1.35e+00
2007 09 17  1830    54360   66600      0    1.89e+00    0    1.33e+00
2007 09 17  1835    54360   66900      0    1.96e+00    0    1.38e+00
2007 09 17  1840    54360   67200      0    1.92e+00    0    1.35e+00
2007 09 17  1845    54360   67500      0    1.91e+00    0    1.35e+00
2007 09 17  1850    54360   67800      0    1.91e+00    0    1.35e+00
2007 09 17  1855    54360   68100      0    1.96e+00    0    1.37e+00
2007 09 17  1900    54360   68400      0    1.89e+00    0    1.32e+00
2007 09 17  1905    54360   68700      0    1.90e+00    0    1.33e+00
2007 09 17  1910    54360   69000      0    1.94e+00    0    1.35e+00
2007 09 17  1915    54360   69300      0    1.94e+00    0    1.36e+00
2007 09 17  1920    54360   69600      0    1.96e+00    0    1.36e+00
2007 09 17  1925    54360   69900      0    1.91e+00    0    1.36e+00
2007 09 17  1930    54360   70200      0    1.90e+00    0    1.34e+00
2007 09 17  1935    54360   70500      0    1.97e+00    0    1.38e+00
2007 09 17  1940    54360   70800      0    1.93e+00    0    1.36e+00
2007 09 17  1945    54360   71100      0    1.90e+00    0    1.34e+00
2007 09 17  1950    54360   71400      0    1.92e+00    0    1.34e+00
2007 09 17  1955    54360   71700      0    1.92e+00    0    1.35e+00
2007 09 17  2000    54360   72000      0    1.91e+00    0    1.34e+00
2007 09 17  2005    54360   72300      0    1.94e+00    0    1.36e+00
2007 09 17  2010    54360   72600      0    1.93e+00    0    1.36e+00
2007 09 17  2015    54360   72900      0    1.95e+00    0    1.37e+00
2007 09 17  2020    54360   73200      0    1.93e+00    0    1.34e+00
2007 09 17  2025    54360   73500      0    1.95e+00    0    1.36e+00
2007 09 17  2030    54360   73800      0    1.89e+00    0    1.32e+00
2007 09 17  2035    54360   74100      0    1.95e+00    0    1.36e+00
2007 09 17  2040    54360   74400      0    1.93e+00    0    1.35e+00
2007 09 17  2045    54360   74700      0    1.94e+00    0    1.36e+00
2007 09 17  2050    54360   75000      0    1.95e+00    0    1.38e+00
2007 09 17  2055    54360   75300      0    1.91e+00    0    1.34e+00
2007 09 17  2100    54360   75600      0    1.93e+00    0    1.33e+00
2007 09 17  2105    54360   75900      0    1.94e+00    0    1.36e+00
2007 09 17  2110    54360   76200      0    1.94e+00    0    1.36e+00
2007 09 17  2115    54360   76500      0    1.96e+00    0    1.38e+00
2007 09 17  2120    54360   76800      0    1.90e+00    0    1.33e+00
2007 09 17  2125    54360   77100      0    1.96e+00    0    1.37e+00
2007 09 17  2130    54360   77400      0    1.97e+00    0    1.38e+00
2007 09 17  2135    54360   77700      0    1.91e+00    0    1.33e+00
2007 09 17  2140    54360   78000      0    1.94e+00    0    1.34e+00
2007 09 17  2145    54360   78300      0    1.97e+00    0    1.37e+00
2007 09 17  2150    54360   78600      0    1.93e+00    0    1.34e+00
2007 09 17  2155    54360   78900      0    1.96e+00    0    1.38e+00
2007 09 17  2200    54360   79200      0    1.93e+00    0    1.35e+00
2007 09 17  2205    54360   79500      0    1.97e+00    0    1.37e+00
2007 09 17  2210    54360   79800      0    1.91e+00    0    1.34e+00
2007 09 17  2215    54360   80100      0    1.91e+00    0    1.33e+00
2007 09 17  2220    54360   80400      0    1.93e+00    0    1.35e+00
2007 09 17  2225    54360   80700      0    1.95e+00    0    1.37e+00
2007 09 17  2230    54360   81000      0    1.98e+00    0    1.39e+00
2007 09 17  2235    54360   81300      0    1.93e+00    0    1.35e+00
2007 09 17  2240    54360   81600      0    1.95e+00    0    1.37e+00
2007 09 17  2245    54360   81900      0    1.92e+00    0    1.33e+00
2007 09 17  2250    54360   82200      0    1.93e+00    0    1.35e+00
2007 09 17  2255    54360   82500      0    1.94e+00    0    1.37e+00
2007 09 17  2300    54360   82800      0    1.92e+00    0    1.34e+00
2007 09 17  2305    54360   83100      0    1.93e+00    0    1.34e+00
2007 09 17  2310    54360   83400      0    1.94e+00    0    1.33e+00
2007 09 17  2315    54360   83700      0    1.99e+00    0    1.40e+00
2007 09 17  2320    54360   84000      0    1.93e+00    0    1.35e+00
2007 09 17  2325    54360   84300      0    1.93e+00    0    1.35e+00
2007 09 17  2330    54360   84600      0    1.91e+00    0    1.33e+00
2007 09 17  2335    54360   84900      0    1.92e+00    0    1.34e+00
2007 09 17  2340    54360   85200      0    1.95e+00    0    1.36e+00
2007 09 17  2345    54360   85500      0    1.95e+00    0    1.35e+00
2007 09 17  2350    54360   85800      0    1.95e+00    0    1.36e+00
2007 09 17  2355    54360   86100      0    1.98e+00    0    1.38e+00
