:Data_list: 20070306_ace_sis_5m.txt
:Created: 2007 Mar 07 0011 UT
# Prepared by the U.S. Dept. of Commerce, NOAA, Space Environment Center.
# Please send comments and suggestions to SEC.Webmaster@noaa.gov 
# 
# Units: proton flux p/cs2-sec-ster
# Status(S): 0 = nominal data, 1 to 8 = bad data record, 9 = no data
# Missing data values: -1.00e+05
# Source: ACE Satellite - Solar Isotope Spectrometer
#
# 5-minute averaged Real-time Integral Flux of High-energy Solar Protons
# 
#                 Modified Seconds
# UT Date   Time   Julian  of the      ---- Integral Proton Flux ----
# YR MO DA  HHMM     Day     Day       S    > 10 MeV    S    > 30 MeV
#--------------------------------------------------------------------
2007 03 06  0000    54165       0      0    1.76e+00    0    1.23e+00
2007 03 06  0005    54165     300      0    1.75e+00    0    1.23e+00
2007 03 06  0010    54165     600      0    1.79e+00    0    1.25e+00
2007 03 06  0015    54165     900      0    1.62e+00    0    1.13e+00
2007 03 06  0020    54165    1200      0    1.76e+00    0    1.23e+00
2007 03 06  0025    54165    1500      0    1.78e+00    0    1.25e+00
2007 03 06  0030    54165    1800      0    1.78e+00    0    1.25e+00
2007 03 06  0035    54165    2100      0    1.77e+00    0    1.24e+00
2007 03 06  0040    54165    2400      0    1.80e+00    0    1.26e+00
2007 03 06  0045    54165    2700      0    1.74e+00    0    1.22e+00
2007 03 06  0050    54165    3000      0    1.78e+00    0    1.26e+00
2007 03 06  0055    54165    3300      0    1.79e+00    0    1.26e+00
2007 03 06  0100    54165    3600      0    1.80e+00    0    1.28e+00
2007 03 06  0105    54165    3900      0    1.80e+00    0    1.27e+00
2007 03 06  0110    54165    4200      0    1.79e+00    0    1.25e+00
2007 03 06  0115    54165    4500      0    1.79e+00    0    1.25e+00
2007 03 06  0120    54165    4800      0    1.79e+00    0    1.26e+00
2007 03 06  0125    54165    5100      0    1.78e+00    0    1.25e+00
2007 03 06  0130    54165    5400      0    1.79e+00    0    1.25e+00
2007 03 06  0135    54165    5700      0    1.77e+00    0    1.24e+00
2007 03 06  0140    54165    6000      0    1.75e+00    0    1.21e+00
2007 03 06  0145    54165    6300      0    1.77e+00    0    1.25e+00
2007 03 06  0150    54165    6600      0    1.76e+00    0    1.25e+00
2007 03 06  0155    54165    6900      0    1.77e+00    0    1.26e+00
2007 03 06  0200    54165    7200      9   -1.00e+05    9   -1.00e+05
2007 03 06  0205    54165    7500      9   -1.00e+05    9   -1.00e+05
2007 03 06  0210    54165    7800      9   -1.00e+05    9   -1.00e+05
2007 03 06  0215    54165    8100      9   -1.00e+05    9   -1.00e+05
2007 03 06  0220    54165    8400      9   -1.00e+05    9   -1.00e+05
2007 03 06  0225    54165    8700      9   -1.00e+05    9   -1.00e+05
2007 03 06  0230    54165    9000      9   -1.00e+05    9   -1.00e+05
2007 03 06  0235    54165    9300      9   -1.00e+05    9   -1.00e+05
2007 03 06  0240    54165    9600      9   -1.00e+05    9   -1.00e+05
2007 03 06  0245    54165    9900      9   -1.00e+05    9   -1.00e+05
2007 03 06  0250    54165   10200      9   -1.00e+05    9   -1.00e+05
2007 03 06  0255    54165   10500      9   -1.00e+05    9   -1.00e+05
2007 03 06  0300    54165   10800      9   -1.00e+05    9   -1.00e+05
2007 03 06  0305    54165   11100      9   -1.00e+05    9   -1.00e+05
2007 03 06  0310    54165   11400      9   -1.00e+05    9   -1.00e+05
2007 03 06  0315    54165   11700      9   -1.00e+05    9   -1.00e+05
2007 03 06  0320    54165   12000      9   -1.00e+05    9   -1.00e+05
2007 03 06  0325    54165   12300      9   -1.00e+05    9   -1.00e+05
2007 03 06  0330    54165   12600      9   -1.00e+05    9   -1.00e+05
2007 03 06  0335    54165   12900      9   -1.00e+05    9   -1.00e+05
2007 03 06  0340    54165   13200      9   -1.00e+05    9   -1.00e+05
2007 03 06  0345    54165   13500      9   -1.00e+05    9   -1.00e+05
2007 03 06  0350    54165   13800      9   -1.00e+05    9   -1.00e+05
2007 03 06  0355    54165   14100      9   -1.00e+05    9   -1.00e+05
2007 03 06  0400    54165   14400      9   -1.00e+05    9   -1.00e+05
2007 03 06  0405    54165   14700      9   -1.00e+05    9   -1.00e+05
2007 03 06  0410    54165   15000      9   -1.00e+05    9   -1.00e+05
2007 03 06  0415    54165   15300      0    1.77e+00    0    1.24e+00
2007 03 06  0420    54165   15600      0    1.78e+00    0    1.26e+00
2007 03 06  0425    54165   15900      0    1.81e+00    0    1.27e+00
2007 03 06  0430    54165   16200      0    1.80e+00    0    1.25e+00
2007 03 06  0435    54165   16500      0    1.79e+00    0    1.26e+00
2007 03 06  0440    54165   16800      0    1.76e+00    0    1.24e+00
2007 03 06  0445    54165   17100      0    1.80e+00    0    1.26e+00
2007 03 06  0450    54165   17400      0    1.79e+00    0    1.26e+00
2007 03 06  0455    54165   17700      0    1.83e+00    0    1.28e+00
2007 03 06  0500    54165   18000      0    1.79e+00    0    1.24e+00
2007 03 06  0505    54165   18300      0    1.82e+00    0    1.27e+00
2007 03 06  0510    54165   18600      0    1.77e+00    0    1.23e+00
2007 03 06  0515    54165   18900      0    1.80e+00    0    1.26e+00
2007 03 06  0520    54165   19200      0    1.81e+00    0    1.29e+00
2007 03 06  0525    54165   19500      0    1.79e+00    0    1.25e+00
2007 03 06  0530    54165   19800      0    1.81e+00    0    1.25e+00
2007 03 06  0535    54165   20100      0    1.78e+00    0    1.25e+00
2007 03 06  0540    54165   20400      0    1.79e+00    0    1.26e+00
2007 03 06  0545    54165   20700      0    1.82e+00    0    1.27e+00
2007 03 06  0550    54165   21000      0    1.78e+00    0    1.25e+00
2007 03 06  0555    54165   21300      0    1.82e+00    0    1.27e+00
2007 03 06  0600    54165   21600      0    1.76e+00    0    1.22e+00
2007 03 06  0605    54165   21900      0    1.79e+00    0    1.27e+00
2007 03 06  0610    54165   22200      0    1.75e+00    0    1.22e+00
2007 03 06  0615    54165   22500      0    1.81e+00    0    1.28e+00
2007 03 06  0620    54165   22800      0    1.81e+00    0    1.28e+00
2007 03 06  0625    54165   23100      0    1.75e+00    0    1.22e+00
2007 03 06  0630    54165   23400      0    1.76e+00    0    1.23e+00
2007 03 06  0635    54165   23700      0    1.74e+00    0    1.22e+00
2007 03 06  0640    54165   24000      0    1.74e+00    0    1.22e+00
2007 03 06  0645    54165   24300      0    1.77e+00    0    1.25e+00
2007 03 06  0650    54165   24600      0    1.73e+00    0    1.21e+00
2007 03 06  0655    54165   24900      9   -1.00e+05    9   -1.00e+05
2007 03 06  0700    54165   25200      9   -1.00e+05    9   -1.00e+05
2007 03 06  0705    54165   25500      9   -1.00e+05    9   -1.00e+05
2007 03 06  0710    54165   25800      9   -1.00e+05    9   -1.00e+05
2007 03 06  0715    54165   26100      9   -1.00e+05    9   -1.00e+05
2007 03 06  0720    54165   26400      9   -1.00e+05    9   -1.00e+05
2007 03 06  0725    54165   26700      9   -1.00e+05    9   -1.00e+05
2007 03 06  0730    54165   27000      9   -1.00e+05    9   -1.00e+05
2007 03 06  0735    54165   27300      9   -1.00e+05    9   -1.00e+05
2007 03 06  0740    54165   27600      9   -1.00e+05    9   -1.00e+05
2007 03 06  0745    54165   27900      9   -1.00e+05    9   -1.00e+05
2007 03 06  0750    54165   28200      9   -1.00e+05    9   -1.00e+05
2007 03 06  0755    54165   28500      9   -1.00e+05    9   -1.00e+05
2007 03 06  0800    54165   28800      9   -1.00e+05    9   -1.00e+05
2007 03 06  0805    54165   29100      9   -1.00e+05    9   -1.00e+05
2007 03 06  0810    54165   29400      9   -1.00e+05    9   -1.00e+05
2007 03 06  0815    54165   29700      9   -1.00e+05    9   -1.00e+05
2007 03 06  0820    54165   30000      0    1.73e+00    0    1.21e+00
2007 03 06  0825    54165   30300      0    1.78e+00    0    1.25e+00
2007 03 06  0830    54165   30600      0    1.76e+00    0    1.22e+00
2007 03 06  0835    54165   30900      0    1.79e+00    0    1.26e+00
2007 03 06  0840    54165   31200      0    1.75e+00    0    1.23e+00
2007 03 06  0845    54165   31500      0    1.75e+00    0    1.23e+00
2007 03 06  0850    54165   31800      0    1.77e+00    0    1.24e+00
2007 03 06  0855    54165   32100      0    1.76e+00    0    1.23e+00
2007 03 06  0900    54165   32400      0    1.78e+00    0    1.25e+00
2007 03 06  0905    54165   32700      0    1.79e+00    0    1.25e+00
2007 03 06  0910    54165   33000      0    1.74e+00    0    1.23e+00
2007 03 06  0915    54165   33300      0    1.74e+00    0    1.21e+00
2007 03 06  0920    54165   33600      0    1.76e+00    0    1.23e+00
2007 03 06  0925    54165   33900      0    1.83e+00    0    1.29e+00
2007 03 06  0930    54165   34200      0    1.79e+00    0    1.26e+00
2007 03 06  0935    54165   34500      0    1.79e+00    0    1.26e+00
2007 03 06  0940    54165   34800      0    1.75e+00    0    1.24e+00
2007 03 06  0945    54165   35100      0    1.79e+00    0    1.25e+00
2007 03 06  0950    54165   35400      0    1.78e+00    0    1.26e+00
2007 03 06  0955    54165   35700      0    1.79e+00    0    1.27e+00
2007 03 06  1000    54165   36000      0    1.78e+00    0    1.25e+00
2007 03 06  1005    54165   36300      0    1.75e+00    0    1.21e+00
2007 03 06  1010    54165   36600      0    1.76e+00    0    1.23e+00
2007 03 06  1015    54165   36900      0    1.78e+00    0    1.23e+00
2007 03 06  1020    54165   37200      0    1.78e+00    0    1.25e+00
2007 03 06  1025    54165   37500      0    1.74e+00    0    1.22e+00
2007 03 06  1030    54165   37800      0    1.80e+00    0    1.27e+00
2007 03 06  1035    54165   38100      0    1.78e+00    0    1.26e+00
2007 03 06  1040    54165   38400      0    1.77e+00    0    1.24e+00
2007 03 06  1045    54165   38700      0    1.76e+00    0    1.24e+00
2007 03 06  1050    54165   39000      0    1.67e+00    0    1.16e+00
2007 03 06  1055    54165   39300      0    1.79e+00    0    1.27e+00
2007 03 06  1100    54165   39600      0    1.77e+00    0    1.24e+00
2007 03 06  1105    54165   39900      0    1.77e+00    0    1.25e+00
2007 03 06  1110    54165   40200      0    1.76e+00    0    1.22e+00
2007 03 06  1115    54165   40500      0    1.76e+00    0    1.23e+00
2007 03 06  1120    54165   40800      0    1.75e+00    0    1.23e+00
2007 03 06  1125    54165   41100      0    1.75e+00    0    1.22e+00
2007 03 06  1130    54165   41400      0    1.77e+00    0    1.24e+00
2007 03 06  1135    54165   41700      0    1.79e+00    0    1.24e+00
2007 03 06  1140    54165   42000      0    1.82e+00    0    1.28e+00
2007 03 06  1145    54165   42300      0    1.80e+00    0    1.26e+00
2007 03 06  1150    54165   42600      0    1.77e+00    0    1.26e+00
2007 03 06  1155    54165   42900      0    1.79e+00    0    1.25e+00
2007 03 06  1200    54165   43200      0    1.77e+00    0    1.24e+00
2007 03 06  1205    54165   43500      0    1.82e+00    0    1.28e+00
2007 03 06  1210    54165   43800      0    1.79e+00    0    1.27e+00
2007 03 06  1215    54165   44100      0    1.79e+00    0    1.25e+00
2007 03 06  1220    54165   44400      0    1.76e+00    0    1.24e+00
2007 03 06  1225    54165   44700      0    1.78e+00    0    1.25e+00
2007 03 06  1230    54165   45000      0    1.79e+00    0    1.24e+00
2007 03 06  1235    54165   45300      0    1.79e+00    0    1.26e+00
2007 03 06  1240    54165   45600      0    1.77e+00    0    1.23e+00
2007 03 06  1245    54165   45900      0    1.78e+00    0    1.25e+00
2007 03 06  1250    54165   46200      0    1.74e+00    0    1.22e+00
2007 03 06  1255    54165   46500      0    1.72e+00    0    1.20e+00
2007 03 06  1300    54165   46800      0    1.74e+00    0    1.21e+00
2007 03 06  1305    54165   47100      0    1.73e+00    0    1.23e+00
2007 03 06  1310    54165   47400      0    1.79e+00    0    1.26e+00
2007 03 06  1315    54165   47700      0    1.72e+00    0    1.20e+00
2007 03 06  1320    54165   48000      0    1.78e+00    0    1.24e+00
2007 03 06  1325    54165   48300      0    1.77e+00    0    1.23e+00
2007 03 06  1330    54165   48600      0    1.73e+00    0    1.21e+00
2007 03 06  1335    54165   48900      0    1.75e+00    0    1.23e+00
2007 03 06  1340    54165   49200      0    1.75e+00    0    1.23e+00
2007 03 06  1345    54165   49500      0    1.77e+00    0    1.23e+00
2007 03 06  1350    54165   49800      0    1.75e+00    0    1.23e+00
2007 03 06  1355    54165   50100      0    1.77e+00    0    1.23e+00
2007 03 06  1400    54165   50400      0    1.76e+00    0    1.23e+00
2007 03 06  1405    54165   50700      0    1.77e+00    0    1.26e+00
2007 03 06  1410    54165   51000      0    1.78e+00    0    1.26e+00
2007 03 06  1415    54165   51300      0    1.74e+00    0    1.22e+00
2007 03 06  1420    54165   51600      0    1.75e+00    0    1.24e+00
2007 03 06  1425    54165   51900      0    1.74e+00    0    1.21e+00
2007 03 06  1430    54165   52200      0    1.74e+00    0    1.23e+00
2007 03 06  1435    54165   52500      0    1.77e+00    0    1.25e+00
2007 03 06  1440    54165   52800      0    1.74e+00    0    1.20e+00
2007 03 06  1445    54165   53100      0    1.75e+00    0    1.23e+00
2007 03 06  1450    54165   53400      0    1.79e+00    0    1.25e+00
2007 03 06  1455    54165   53700      0    1.76e+00    0    1.23e+00
2007 03 06  1500    54165   54000      0    1.76e+00    0    1.23e+00
2007 03 06  1505    54165   54300      0    1.74e+00    0    1.22e+00
2007 03 06  1510    54165   54600      0    1.74e+00    0    1.21e+00
2007 03 06  1515    54165   54900      0    1.75e+00    0    1.23e+00
2007 03 06  1520    54165   55200      0    1.72e+00    0    1.21e+00
2007 03 06  1525    54165   55500      0    1.75e+00    0    1.23e+00
2007 03 06  1530    54165   55800      0    1.72e+00    0    1.21e+00
2007 03 06  1535    54165   56100      0    1.72e+00    0    1.21e+00
2007 03 06  1540    54165   56400      0    1.75e+00    0    1.23e+00
2007 03 06  1545    54165   56700      0    1.72e+00    0    1.19e+00
2007 03 06  1550    54165   57000      0    1.75e+00    0    1.23e+00
2007 03 06  1555    54165   57300      0    1.72e+00    0    1.20e+00
2007 03 06  1600    54165   57600      0    1.70e+00    0    1.19e+00
2007 03 06  1605    54165   57900      0    1.75e+00    0    1.24e+00
2007 03 06  1610    54165   58200      0    1.77e+00    0    1.24e+00
2007 03 06  1615    54165   58500      0    1.75e+00    0    1.21e+00
2007 03 06  1620    54165   58800      0    1.73e+00    0    1.20e+00
2007 03 06  1625    54165   59100      0    1.72e+00    0    1.21e+00
2007 03 06  1630    54165   59400      0    1.72e+00    0    1.21e+00
2007 03 06  1635    54165   59700      0    1.77e+00    0    1.23e+00
2007 03 06  1640    54165   60000      0    1.72e+00    0    1.21e+00
2007 03 06  1645    54165   60300      0    1.75e+00    0    1.22e+00
2007 03 06  1650    54165   60600      0    1.70e+00    0    1.18e+00
2007 03 06  1655    54165   60900      0    1.80e+00    0    1.25e+00
2007 03 06  1700    54165   61200      0    1.77e+00    0    1.25e+00
2007 03 06  1705    54165   61500      0    1.74e+00    0    1.22e+00
2007 03 06  1710    54165   61800      0    1.75e+00    0    1.23e+00
2007 03 06  1715    54165   62100      0    1.75e+00    0    1.23e+00
2007 03 06  1720    54165   62400      0    1.75e+00    0    1.22e+00
2007 03 06  1725    54165   62700      0    1.75e+00    0    1.23e+00
2007 03 06  1730    54165   63000      0    1.76e+00    0    1.25e+00
2007 03 06  1735    54165   63300      0    1.77e+00    0    1.23e+00
2007 03 06  1740    54165   63600      0    1.77e+00    0    1.24e+00
2007 03 06  1745    54165   63900      0    1.77e+00    0    1.24e+00
2007 03 06  1750    54165   64200      0    1.75e+00    0    1.22e+00
2007 03 06  1755    54165   64500      0    1.81e+00    0    1.27e+00
2007 03 06  1800    54165   64800      0    1.77e+00    0    1.24e+00
2007 03 06  1805    54165   65100      0    1.77e+00    0    1.24e+00
2007 03 06  1810    54165   65400      0    1.75e+00    0    1.23e+00
2007 03 06  1815    54165   65700      0    1.77e+00    0    1.24e+00
2007 03 06  1820    54165   66000      0    1.74e+00    0    1.22e+00
2007 03 06  1825    54165   66300      0    1.79e+00    0    1.25e+00
2007 03 06  1830    54165   66600      0    1.74e+00    0    1.22e+00
2007 03 06  1835    54165   66900      0    1.77e+00    0    1.24e+00
2007 03 06  1840    54165   67200      0    1.74e+00    0    1.21e+00
2007 03 06  1845    54165   67500      0    1.79e+00    0    1.27e+00
2007 03 06  1850    54165   67800      0    1.76e+00    0    1.23e+00
2007 03 06  1855    54165   68100      0    1.79e+00    0    1.25e+00
2007 03 06  1900    54165   68400      0    1.79e+00    0    1.27e+00
2007 03 06  1905    54165   68700      0    1.76e+00    0    1.23e+00
2007 03 06  1910    54165   69000      0    1.78e+00    0    1.26e+00
2007 03 06  1915    54165   69300      0    1.76e+00    0    1.23e+00
2007 03 06  1920    54165   69600      0    1.79e+00    0    1.25e+00
2007 03 06  1925    54165   69900      0    1.76e+00    0    1.22e+00
2007 03 06  1930    54165   70200      0    1.79e+00    0    1.25e+00
2007 03 06  1935    54165   70500      0    1.75e+00    0    1.23e+00
2007 03 06  1940    54165   70800      0    1.74e+00    0    1.22e+00
2007 03 06  1945    54165   71100      0    1.75e+00    0    1.22e+00
2007 03 06  1950    54165   71400      0    1.75e+00    0    1.24e+00
2007 03 06  1955    54165   71700      0    1.83e+00    0    1.28e+00
2007 03 06  2000    54165   72000      0    1.81e+00    0    1.27e+00
2007 03 06  2005    54165   72300      0    1.77e+00    0    1.25e+00
2007 03 06  2010    54165   72600      0    1.79e+00    0    1.25e+00
2007 03 06  2015    54165   72900      0    1.76e+00    0    1.24e+00
2007 03 06  2020    54165   73200      0    1.77e+00    0    1.22e+00
2007 03 06  2025    54165   73500      0    1.76e+00    0    1.24e+00
2007 03 06  2030    54165   73800      0    1.76e+00    0    1.23e+00
2007 03 06  2035    54165   74100      0    1.71e+00    0    1.20e+00
2007 03 06  2040    54165   74400      0    1.80e+00    0    1.27e+00
2007 03 06  2045    54165   74700      0    1.74e+00    0    1.22e+00
2007 03 06  2050    54165   75000      0    1.78e+00    0    1.23e+00
2007 03 06  2055    54165   75300      0    1.76e+00    0    1.22e+00
2007 03 06  2100    54165   75600      0    1.76e+00    0    1.24e+00
2007 03 06  2105    54165   75900      0    1.77e+00    0    1.25e+00
2007 03 06  2110    54165   76200      0    1.78e+00    0    1.24e+00
2007 03 06  2115    54165   76500      0    1.75e+00    0    1.22e+00
2007 03 06  2120    54165   76800      0    1.73e+00    0    1.21e+00
2007 03 06  2125    54165   77100      0    1.75e+00    0    1.23e+00
2007 03 06  2130    54165   77400      0    1.79e+00    0    1.24e+00
2007 03 06  2135    54165   77700      0    1.78e+00    0    1.25e+00
2007 03 06  2140    54165   78000      0    1.76e+00    0    1.24e+00
2007 03 06  2145    54165   78300      0    1.79e+00    0    1.26e+00
2007 03 06  2150    54165   78600      0    1.79e+00    0    1.26e+00
2007 03 06  2155    54165   78900      0    1.73e+00    0    1.21e+00
2007 03 06  2200    54165   79200      0    1.76e+00    0    1.23e+00
2007 03 06  2205    54165   79500      0    1.75e+00    0    1.23e+00
2007 03 06  2210    54165   79800      0    1.74e+00    0    1.23e+00
2007 03 06  2215    54165   80100      0    1.74e+00    0    1.21e+00
2007 03 06  2220    54165   80400      0    1.73e+00    0    1.21e+00
2007 03 06  2225    54165   80700      0    1.76e+00    0    1.24e+00
2007 03 06  2230    54165   81000      0    1.79e+00    0    1.26e+00
2007 03 06  2235    54165   81300      0    1.76e+00    0    1.23e+00
2007 03 06  2240    54165   81600      0    1.78e+00    0    1.25e+00
2007 03 06  2245    54165   81900      0    1.80e+00    0    1.26e+00
2007 03 06  2250    54165   82200      0    1.79e+00    0    1.25e+00
2007 03 06  2255    54165   82500      0    1.78e+00    0    1.25e+00
2007 03 06  2300    54165   82800      0    1.76e+00    0    1.23e+00
2007 03 06  2305    54165   83100      0    1.75e+00    0    1.23e+00
2007 03 06  2310    54165   83400      0    1.74e+00    0    1.21e+00
2007 03 06  2315    54165   83700      0    1.80e+00    0    1.27e+00
2007 03 06  2320    54165   84000      9   -1.00e+05    9   -1.00e+05
2007 03 06  2325    54165   84300      0    1.77e+00    0    1.24e+00
2007 03 06  2330    54165   84600      0    1.76e+00    0    1.22e+00
2007 03 06  2335    54165   84900      0    1.76e+00    0    1.23e+00
2007 03 06  2340    54165   85200      0    1.76e+00    0    1.24e+00
2007 03 06  2345    54165   85500      9   -1.00e+05    9   -1.00e+05
2007 03 06  2350    54165   85800      9   -1.00e+05    9   -1.00e+05
2007 03 06  2355    54165   86100      0    1.74e+00    0    1.21e+00
