:Data_list: 20070126_ace_epam_5m.txt
:Created: 2007 Jan 27 0012 UT
# Prepared by the U.S. Dept. of Commerce, NOAA, Space Environment Center.
# Please send comments and suggestions to SEC.Webmaster@noaa.gov 
# 
# Units: Differential Flux particles/cm2-s-ster-MeV
# Units: Anisotropy Index 0.0 - 2.0
# Status(S): 0 = nominal, 4,6,7,8 = bad data, unable to process, 9 = no data
# Missing data values: -1.00e+05, index = -1.00
# Source: ACE Satellite - Electron, Proton, and Alpha Monitor
# 2004 Feb 04: see http://www.sec.noaa.gov/ftpdir/lists/ace/README for EPAM channel change notice.
#
#                      5-minute averaged Real-time Differential Electron and Proton Flux 
# 
#                Modified Seconds ---------------------------- Differential Flux --------------------------- 
# UT Date   Time  Julian  of the  ----- Electron -----   ------------------- Protons keV -------------------   Anis.
# YR MO DA  HHMM    Day    Day    S    38-53   175-315   S    47-68   115-195   310-580   761-1220 1060-1900   Ratio
#-------------------------------------------------------------------------------------------------------------------
2007 01 26  0000   54126       0  0  1.30e+03  2.78e+01  0  1.55e+03  2.16e+01  3.00e+00  5.10e-01  1.87e-01   0.75
2007 01 26  0005   54126     300  0  1.27e+03  2.64e+01  0  1.59e+03  2.24e+01  2.43e+00  6.10e-01  2.22e-01   0.46
2007 01 26  0010   54126     600  0  1.32e+03  2.53e+01  0  1.52e+03  2.27e+01  2.43e+00  7.27e-01  2.32e-01   0.34
2007 01 26  0015   54126     900  0  1.35e+03  2.55e+01  0  1.50e+03  2.34e+01  2.30e+00  6.86e-01  1.96e-01   0.39
2007 01 26  0020   54126    1200  0  1.23e+03  2.90e+01  0  1.51e+03  2.35e+01  2.46e+00  7.48e-01  1.69e-01   0.23
2007 01 26  0025   54126    1500  0  1.31e+03  2.98e+01  0  1.50e+03  2.31e+01  3.02e+00  6.65e-01  1.48e-01   0.41
2007 01 26  0030   54126    1800  0  1.31e+03  2.42e+01  0  1.42e+03  2.15e+01  2.52e+00  6.33e-01  2.41e-01   0.29
2007 01 26  0035   54126    2100  0  1.37e+03  2.69e+01  0  1.49e+03  2.36e+01  2.62e+00  7.07e-01  1.27e-01   0.27
2007 01 26  0040   54126    2400  0  1.28e+03  2.40e+01  0  1.53e+03  2.33e+01  2.25e+00  7.56e-01  1.60e-01   0.14
2007 01 26  0045   54126    2700  0  1.25e+03  2.47e+01  0  1.45e+03  2.19e+01  2.55e+00  7.91e-01  1.74e-01   0.37
2007 01 26  0050   54126    3000  0  1.38e+03  2.74e+01  0  1.51e+03  2.10e+01  2.66e+00  7.48e-01  2.00e-01   0.15
2007 01 26  0055   54126    3300  0  1.21e+03  2.32e+01  0  1.51e+03  2.36e+01  2.44e+00  5.98e-01  2.14e-01   0.45
2007 01 26  0100   54126    3600  0  1.30e+03  2.30e+01  0  1.52e+03  2.42e+01  2.29e+00  7.48e-01  2.42e-01   0.56
2007 01 26  0105   54126    3900  0  1.30e+03  2.49e+01  0  1.46e+03  2.09e+01  2.56e+00  5.82e-01  1.90e-01   0.45
2007 01 26  0110   54126    4200  0  1.32e+03  2.34e+01  0  1.58e+03  2.29e+01  2.41e+00  7.56e-01  1.60e-01   0.09
2007 01 26  0115   54126    4500  0  1.30e+03  1.97e+01  0  1.50e+03  2.37e+01  2.75e+00  5.40e-01  2.32e-01   0.36
2007 01 26  0120   54126    4800  0  1.32e+03  2.87e+01  0  1.40e+03  2.01e+01  2.88e+00  9.14e-01  4.06e-01   0.60
2007 01 26  0125   54126    5100  9 -1.00e+05 -1.00e+05  9 -1.00e+05 -1.00e+05 -1.00e+05 -1.00e+05 -1.00e+05  -1.00
2007 01 26  0130   54126    5400  9 -1.00e+05 -1.00e+05  9 -1.00e+05 -1.00e+05 -1.00e+05 -1.00e+05 -1.00e+05  -1.00
2007 01 26  0135   54126    5700  9 -1.00e+05 -1.00e+05  9 -1.00e+05 -1.00e+05 -1.00e+05 -1.00e+05 -1.00e+05  -1.00
2007 01 26  0140   54126    6000  0  1.35e+03  2.55e+01  0  1.52e+03  2.30e+01  2.38e+00  7.36e-01  2.56e-01   0.29
2007 01 26  0145   54126    6300  0  1.22e+03  2.74e+01  0  1.51e+03  2.32e+01  2.29e+00  6.86e-01  1.58e-01   0.32
2007 01 26  0150   54126    6600  0  1.22e+03  2.78e+01  0  1.48e+03  2.41e+01  2.49e+00  7.81e-01  2.70e-01   0.10
2007 01 26  0155   54126    6900  0  1.40e+03  2.41e+01  0  1.46e+03  2.56e+01  2.55e+00  6.48e-01  2.32e-01   0.32
2007 01 26  0200   54126    7200  0  1.37e+03  2.53e+01  0  1.59e+03  2.44e+01  2.85e+00  5.34e-01  2.90e-01   0.38
2007 01 26  0205   54126    7500  0  1.05e+03  1.91e+01  0  1.73e+03  2.92e+01  2.52e+00  4.57e-01  2.32e-01   2.00
2007 01 26  0210   54126    7800  9 -1.00e+05 -1.00e+05  9 -1.00e+05 -1.00e+05 -1.00e+05 -1.00e+05 -1.00e+05  -1.00
2007 01 26  0215   54126    8100  9 -1.00e+05 -1.00e+05  9 -1.00e+05 -1.00e+05 -1.00e+05 -1.00e+05 -1.00e+05  -1.00
2007 01 26  0220   54126    8400  9 -1.00e+05 -1.00e+05  9 -1.00e+05 -1.00e+05 -1.00e+05 -1.00e+05 -1.00e+05  -1.00
2007 01 26  0225   54126    8700  9 -1.00e+05 -1.00e+05  9 -1.00e+05 -1.00e+05 -1.00e+05 -1.00e+05 -1.00e+05  -1.00
2007 01 26  0230   54126    9000  9 -1.00e+05 -1.00e+05  9 -1.00e+05 -1.00e+05 -1.00e+05 -1.00e+05 -1.00e+05  -1.00
2007 01 26  0235   54126    9300  9 -1.00e+05 -1.00e+05  9 -1.00e+05 -1.00e+05 -1.00e+05 -1.00e+05 -1.00e+05  -1.00
2007 01 26  0240   54126    9600  9 -1.00e+05 -1.00e+05  9 -1.00e+05 -1.00e+05 -1.00e+05 -1.00e+05 -1.00e+05  -1.00
2007 01 26  0245   54126    9900  9 -1.00e+05 -1.00e+05  9 -1.00e+05 -1.00e+05 -1.00e+05 -1.00e+05 -1.00e+05  -1.00
2007 01 26  0250   54126   10200  9 -1.00e+05 -1.00e+05  9 -1.00e+05 -1.00e+05 -1.00e+05 -1.00e+05 -1.00e+05  -1.00
2007 01 26  0255   54126   10500  9 -1.00e+05 -1.00e+05  9 -1.00e+05 -1.00e+05 -1.00e+05 -1.00e+05 -1.00e+05  -1.00
2007 01 26  0300   54126   10800  9 -1.00e+05 -1.00e+05  9 -1.00e+05 -1.00e+05 -1.00e+05 -1.00e+05 -1.00e+05  -1.00
2007 01 26  0305   54126   11100  9 -1.00e+05 -1.00e+05  9 -1.00e+05 -1.00e+05 -1.00e+05 -1.00e+05 -1.00e+05  -1.00
2007 01 26  0310   54126   11400  9 -1.00e+05 -1.00e+05  9 -1.00e+05 -1.00e+05 -1.00e+05 -1.00e+05 -1.00e+05  -1.00
2007 01 26  0315   54126   11700  0  1.47e+03  3.07e+01  0  1.49e+03  1.63e+01  2.51e+00  7.88e-01  1.80e-01   0.12
2007 01 26  0320   54126   12000  0  1.31e+03  2.27e+01  0  1.39e+03  2.01e+01  2.44e+00  7.21e-01  1.96e-01   0.49
2007 01 26  0325   54126   12300  0  1.44e+03  2.76e+01  0  1.53e+03  2.03e+01  2.88e+00  6.68e-01  1.52e-01   0.31
2007 01 26  0330   54126   12600  0  1.45e+03  2.51e+01  0  1.54e+03  1.89e+01  2.62e+00  5.40e-01  1.58e-01   0.80
2007 01 26  0335   54126   12900  0  1.41e+03  2.67e+01  0  1.48e+03  1.91e+01  2.83e+00  7.74e-01  2.76e-01   0.44
2007 01 26  0340   54126   13200  0  1.59e+03  2.16e+01  0  1.53e+03  1.99e+01  2.39e+00  7.69e-01  2.32e-01   0.27
2007 01 26  0345   54126   13500  0  1.45e+03  2.40e+01  0  1.50e+03  1.86e+01  2.92e+00  6.24e-01  1.05e-01   0.32
2007 01 26  0350   54126   13800  0  1.39e+03  2.40e+01  0  1.50e+03  1.94e+01  2.16e+00  5.63e-01  1.60e-01   0.32
2007 01 26  0355   54126   14100  0  1.41e+03  2.22e+01  0  1.36e+03  1.93e+01  2.18e+00  6.65e-01  9.86e-02   0.51
2007 01 26  0400   54126   14400  0  1.39e+03  2.55e+01  0  1.51e+03  1.91e+01  2.58e+00  6.72e-01  2.00e-01   0.63
2007 01 26  0405   54126   14700  0  1.28e+03  2.76e+01  0  1.53e+03  1.80e+01  2.02e+00  7.39e-01  3.21e-01   0.59
2007 01 26  0410   54126   15000  0  1.32e+03  2.40e+01  0  1.36e+03  2.19e+01  2.07e+00  8.11e-01  1.51e-01   0.12
2007 01 26  0415   54126   15300  0  1.36e+03  2.71e+01  0  1.49e+03  2.22e+01  2.43e+00  7.24e-01  1.35e-01   0.28
2007 01 26  0420   54126   15600  0  1.25e+03  2.43e+01  0  1.50e+03  1.99e+01  2.52e+00  6.67e-01  1.74e-01   0.38
2007 01 26  0425   54126   15900  0  1.27e+03  2.92e+01  0  1.50e+03  2.15e+01  2.95e+00  8.31e-01  2.53e-01   0.43
2007 01 26  0430   54126   16200  0  1.31e+03  2.11e+01  0  1.47e+03  2.05e+01  2.52e+00  7.24e-01  1.83e-01   0.49
2007 01 26  0435   54126   16500  0  1.35e+03  2.57e+01  0  1.55e+03  2.21e+01  2.13e+00  5.53e-01  2.22e-01   0.69
2007 01 26  0440   54126   16800  0  1.29e+03  2.52e+01  0  1.54e+03  2.16e+01  2.67e+00  7.24e-01  1.26e-01   0.20
2007 01 26  0445   54126   17100  0  1.29e+03  2.25e+01  0  1.35e+03  2.40e+01  2.58e+00  5.72e-01  1.35e-01   0.32
2007 01 26  0450   54126   17400  0  1.42e+03  2.48e+01  0  1.51e+03  2.18e+01  2.67e+00  7.05e-01  1.74e-01   0.16
2007 01 26  0455   54126   17700  0  1.34e+03  2.39e+01  0  1.50e+03  2.11e+01  2.49e+00  8.19e-01  1.48e-01   0.28
2007 01 26  0500   54126   18000  0  1.37e+03  2.20e+01  0  1.47e+03  1.96e+01  2.85e+00  5.68e-01  1.46e-01   0.18
2007 01 26  0505   54126   18300  0  1.36e+03  2.41e+01  0  1.54e+03  2.07e+01  2.13e+00  4.95e-01  1.45e-01   0.27
2007 01 26  0510   54126   18600  0  1.32e+03  2.76e+01  0  1.49e+03  2.05e+01  2.64e+00  6.67e-01  1.35e-01   0.54
2007 01 26  0515   54126   18900  0  1.35e+03  2.74e+01  0  1.53e+03  2.33e+01  2.16e+00  7.69e-01  2.32e-01   0.29
2007 01 26  0520   54126   19200  0  1.37e+03  3.17e+01  0  1.36e+03  2.08e+01  2.52e+00  8.27e-01  1.78e-01   0.32
2007 01 26  0525   54126   19500  0  1.45e+03  2.14e+01  0  1.53e+03  2.09e+01  2.34e+00  7.81e-01  1.93e-01   0.36
2007 01 26  0530   54126   19800  0  1.29e+03  2.61e+01  0  1.54e+03  2.21e+01  2.39e+00  6.03e-01  2.53e-01   0.27
2007 01 26  0535   54126   20100  0  1.27e+03  2.31e+01  0  1.48e+03  2.09e+01  2.55e+00  7.56e-01  1.96e-01   0.41
2007 01 26  0540   54126   20400  0  1.51e+03  2.53e+01  0  1.53e+03  2.11e+01  2.62e+00  6.86e-01  1.51e-01   0.22
2007 01 26  0545   54126   20700  0  1.27e+03  2.42e+01  0  1.50e+03  2.12e+01  2.69e+00  6.24e-01  2.42e-01   0.21
2007 01 26  0550   54126   21000  0  1.30e+03  2.45e+01  0  1.51e+03  2.31e+01  2.72e+00  6.68e-01  1.87e-01   0.18
2007 01 26  0555   54126   21300  0  1.41e+03  2.90e+01  0  1.51e+03  2.12e+01  2.03e+00  5.82e-01  1.90e-01   0.33
2007 01 26  0600   54126   21600  0  1.54e+03  2.26e+01  0  1.57e+03  2.12e+01  3.05e+00  5.98e-01  2.85e-01   0.51
2007 01 26  0605   54126   21900  0  1.47e+03  2.07e+01  0  1.49e+03  1.86e+01  2.16e+00  7.43e-01  2.61e-01   0.51
2007 01 26  0610   54126   22200  9 -1.00e+05 -1.00e+05  9 -1.00e+05 -1.00e+05 -1.00e+05 -1.00e+05 -1.00e+05  -1.00
2007 01 26  0615   54126   22500  0  1.46e+03  2.44e+01  0  1.51e+03  2.21e+01  3.00e+00  4.86e-01  2.23e-01   0.54
2007 01 26  0620   54126   22800  0  1.41e+03  2.76e+01  0  1.55e+03  2.22e+01  2.79e+00  8.11e-01  1.79e-01   0.55
2007 01 26  0625   54126   23100  0  1.37e+03  2.03e+01  0  1.44e+03  2.35e+01  2.69e+00  7.48e-01  1.58e-01   0.18
2007 01 26  0630   54126   23400  0  1.45e+03  2.80e+01  0  1.54e+03  2.19e+01  2.47e+00  7.04e-01  2.05e-01   0.07
2007 01 26  0635   54126   23700  0  1.33e+03  2.65e+01  0  1.49e+03  1.89e+01  2.52e+00  6.44e-01  1.69e-01   0.38
2007 01 26  0640   54126   24000  0  1.35e+03  2.52e+01  0  1.52e+03  1.88e+01  2.31e+00  5.53e-01  2.80e-01   0.35
2007 01 26  0645   54126   24300  0  1.31e+03  2.55e+01  0  1.43e+03  2.07e+01  2.25e+00  5.10e-01  2.32e-01   0.42
2007 01 26  0650   54126   24600  0  1.50e+03  3.16e+01  0  1.59e+03  1.98e+01  2.27e+00  6.86e-01  3.64e-01   0.86
2007 01 26  0655   54126   24900  0  1.44e+03  2.34e+01  0  1.48e+03  1.92e+01  2.72e+00  5.61e-01  1.90e-01   0.52
2007 01 26  0700   54126   25200  0  1.28e+03  2.39e+01  0  1.47e+03  1.98e+01  2.37e+00  6.67e-01  1.84e-01   0.60
2007 01 26  0705   54126   25500  0  1.34e+03  2.42e+01  0  1.57e+03  2.14e+01  2.43e+00  4.57e-01  1.48e-01   0.10
2007 01 26  0710   54126   25800  0  1.25e+03  2.55e+01  0  1.48e+03  2.00e+01  2.46e+00  7.62e-01  1.93e-01   0.43
2007 01 26  0715   54126   26100  0  1.32e+03  2.78e+01  0  1.49e+03  2.22e+01  2.67e+00  7.62e-01  2.03e-01   0.35
2007 01 26  0720   54126   26400  0  1.38e+03  2.36e+01  0  1.41e+03  1.89e+01  2.70e+00  5.72e-01  1.83e-01   0.69
2007 01 26  0725   54126   26700  0  1.35e+03  2.64e+01  0  1.55e+03  2.13e+01  2.01e+00  6.48e-01  1.93e-01   0.18
2007 01 26  0730   54126   27000  0  1.28e+03  2.69e+01  0  1.53e+03  1.95e+01  2.82e+00  4.95e-01  1.26e-01   0.30
2007 01 26  0735   54126   27300  0  1.40e+03  2.50e+01  0  1.42e+03  2.08e+01  2.88e+00  7.81e-01  2.32e-01   0.12
2007 01 26  0740   54126   27600  0  1.33e+03  2.80e+01  0  1.59e+03  2.05e+01  2.10e+00  6.24e-01  1.58e-01   0.41
2007 01 26  0745   54126   27900  0  1.36e+03  2.59e+01  0  1.49e+03  1.99e+01  2.61e+00  6.10e-01  1.83e-01   0.96
2007 01 26  0750   54126   28200  0  1.21e+03  2.21e+01  0  1.50e+03  2.00e+01  2.85e+00  6.29e-01  2.03e-01   0.11
2007 01 26  0755   54126   28500  0  1.40e+03  2.53e+01  0  1.48e+03  2.19e+01  2.75e+00  5.61e-01  1.16e-01   0.44
2007 01 26  0800   54126   28800  0  1.32e+03  2.42e+01  0  1.55e+03  2.10e+01  2.41e+00  6.16e-01  1.96e-01   0.57
2007 01 26  0805   54126   29100  0  1.36e+03  2.71e+01  0  1.53e+03  2.05e+01  2.52e+00  6.29e-01  1.37e-01   0.73
2007 01 26  0810   54126   29400  0  1.34e+03  2.42e+01  0  1.44e+03  2.22e+01  2.98e+00  4.57e-01  1.90e-01   0.44
2007 01 26  0815   54126   29700  0  1.54e+03  2.81e+01  0  1.57e+03  1.91e+01  2.33e+00  4.75e-01  1.60e-01   0.45
2007 01 26  0820   54126   30000  0  1.34e+03  2.96e+01  0  1.50e+03  2.27e+01  2.52e+00  6.03e-01  1.58e-01   0.24
2007 01 26  0825   54126   30300  0  1.33e+03  2.90e+01  0  1.45e+03  1.89e+01  2.33e+00  6.03e-01  2.00e-01   0.24
2007 01 26  0830   54126   30600  0  1.40e+03  2.50e+01  0  1.52e+03  1.84e+01  2.55e+00  5.80e-01  1.96e-01   0.27
2007 01 26  0835   54126   30900  0  1.20e+03  2.72e+01  0  1.51e+03  2.25e+01  2.36e+00  5.20e-01  2.53e-01   0.23
2007 01 26  0840   54126   31200  0  1.38e+03  2.86e+01  0  1.48e+03  2.22e+01  2.00e+00  5.80e-01  2.32e-01   0.32
2007 01 26  0845   54126   31500  0  1.30e+03  2.68e+01  0  1.43e+03  2.04e+01  2.08e+00  5.28e-01  1.96e-01   0.64
2007 01 26  0850   54126   31800  0  1.41e+03  2.69e+01  0  1.50e+03  1.77e+01  2.72e+00  4.57e-01  2.32e-01   0.91
2007 01 26  0855   54126   32100  0  1.35e+03  2.63e+01  0  1.53e+03  2.05e+01  2.58e+00  9.32e-01  2.05e-01   0.42
2007 01 26  0900   54126   32400  0  1.38e+03  2.28e+01  0  1.40e+03  2.02e+01  2.72e+00  7.90e-01  1.58e-01   0.29
2007 01 26  0905   54126   32700  0  1.55e+03  2.16e+01  0  1.56e+03  2.04e+01  2.98e+00  6.65e-01  2.63e-01   0.56
2007 01 26  0910   54126   33000  0  1.44e+03  2.62e+01  0  1.56e+03  2.14e+01  2.25e+00  7.39e-01  2.59e-01   0.57
2007 01 26  0915   54126   33300  0  1.36e+03  2.69e+01  0  1.52e+03  2.05e+01  2.33e+00  5.61e-01  2.74e-01   0.52
2007 01 26  0920   54126   33600  0  1.53e+03  2.32e+01  0  1.50e+03  2.37e+01  2.58e+00  4.19e-01  2.03e-01   0.83
2007 01 26  0925   54126   33900  0  1.44e+03  2.73e+01  0  1.58e+03  2.34e+01  2.30e+00  6.68e-01  1.69e-01   0.56
2007 01 26  0930   54126   34200  0  1.43e+03  2.51e+01  0  1.56e+03  2.14e+01  2.59e+00  5.20e-01  1.90e-01   0.40
2007 01 26  0935   54126   34500  0  1.44e+03  2.57e+01  0  1.42e+03  2.43e+01  2.22e+00  6.48e-01  2.41e-01   0.41
2007 01 26  0940   54126   34800  0  1.45e+03  2.87e+01  0  1.53e+03  1.98e+01  2.49e+00  8.38e-01  1.45e-01   0.03
2007 01 26  0945   54126   35100  0  1.36e+03  2.16e+01  0  1.53e+03  1.73e+01  2.33e+00  5.82e-01  1.69e-01   0.30
2007 01 26  0950   54126   35400  0  1.35e+03  2.75e+01  0  1.49e+03  1.99e+01  2.76e+00  8.00e-01  2.32e-01   0.14
2007 01 26  0955   54126   35700  0  1.46e+03  2.60e+01  0  1.51e+03  1.94e+01  2.04e+00  7.24e-01  1.83e-01   0.32
2007 01 26  1000   54126   36000  0  1.39e+03  2.53e+01  0  1.48e+03  2.05e+01  2.10e+00  4.57e-01  1.45e-01   0.77
2007 01 26  1005   54126   36300  0  1.48e+03  2.44e+01  0  1.51e+03  2.00e+01  2.67e+00  5.72e-01  1.16e-01   0.93
2007 01 26  1010   54126   36600  0  1.44e+03  2.66e+01  0  1.41e+03  2.26e+01  2.40e+00  7.24e-01  2.00e-01   0.22
2007 01 26  1015   54126   36900  0  1.52e+03  2.37e+01  0  1.55e+03  1.95e+01  2.25e+00  7.24e-01  1.74e-01   0.10
2007 01 26  1020   54126   37200  0  1.35e+03  2.76e+01  0  1.54e+03  1.84e+01  2.07e+00  6.03e-01  1.90e-01   0.56
2007 01 26  1025   54126   37500  0  1.49e+03  2.98e+01  0  1.49e+03  2.07e+01  2.49e+00  7.05e-01  2.70e-01   0.08
2007 01 26  1030   54126   37800  0  1.56e+03  2.44e+01  0  1.57e+03  2.14e+01  3.37e+00  6.48e-01  2.12e-01   0.54
2007 01 26  1035   54126   38100  0  1.40e+03  2.55e+01  0  1.49e+03  1.88e+01  1.80e+00  7.69e-01  1.48e-01   0.44
2007 01 26  1040   54126   38400  0  1.43e+03  2.42e+01  0  1.47e+03  2.18e+01  2.33e+00  8.62e-01  1.96e-01   0.18
2007 01 26  1045   54126   38700  0  1.45e+03  2.44e+01  0  1.47e+03  2.32e+01  2.73e+00  7.05e-01  1.83e-01   0.20
2007 01 26  1050   54126   39000  0  1.48e+03  2.59e+01  0  1.58e+03  2.00e+01  2.56e+00  7.90e-01  2.32e-01   0.45
2007 01 26  1055   54126   39300  0  1.46e+03  2.70e+01  0  1.58e+03  1.95e+01  2.86e+00  7.04e-01  2.05e-01   0.30
2007 01 26  1100   54126   39600  0  1.40e+03  2.32e+01  0  1.42e+03  2.11e+01  2.82e+00  7.07e-01  2.21e-01   0.09
2007 01 26  1105   54126   39900  0  1.49e+03  2.30e+01  0  1.53e+03  2.09e+01  2.16e+00  4.99e-01  2.95e-01   0.53
2007 01 26  1110   54126   40200  0  1.52e+03  2.67e+01  0  1.53e+03  2.06e+01  2.52e+00  7.39e-01  2.32e-01   0.27
2007 01 26  1115   54126   40500  0  1.36e+03  2.11e+01  0  1.48e+03  2.16e+01  2.72e+00  5.61e-01  2.21e-01   0.56
2007 01 26  1120   54126   40800  0  1.44e+03  2.73e+01  0  1.58e+03  1.87e+01  2.66e+00  5.61e-01  1.58e-01   0.64
2007 01 26  1125   54126   41100  0  1.35e+03  2.57e+01  0  1.56e+03  1.98e+01  2.25e+00  5.10e-01  1.25e-01   0.50
2007 01 26  1130   54126   41400  0  1.27e+03  2.51e+01  0  1.51e+03  2.07e+01  2.36e+00  6.86e-01  2.21e-01   0.36
2007 01 26  1135   54126   41700  0  1.36e+03  2.63e+01  0  1.44e+03  2.11e+01  2.58e+00  5.10e-01  1.52e-01   0.24
2007 01 26  1140   54126   42000  0  1.40e+03  2.96e+01  0  1.53e+03  2.19e+01  2.72e+00  6.16e-01  1.43e-01   0.50
2007 01 26  1145   54126   42300  0  1.34e+03  2.76e+01  0  1.56e+03  2.31e+01  2.59e+00  5.61e-01  1.58e-01   0.57
2007 01 26  1150   54126   42600  0  1.30e+03  2.89e+01  0  1.51e+03  2.24e+01  2.11e+00  6.68e-01  2.41e-01   0.19
2007 01 26  1155   54126   42900  0  1.53e+03  2.78e+01  0  1.60e+03  2.51e+01  2.69e+00  6.65e-01  2.63e-01   0.33
2007 01 26  1200   54126   43200  0  1.51e+03  2.47e+01  0  1.49e+03  2.27e+01  2.66e+00  7.48e-01  2.00e-01   0.52
2007 01 26  1205   54126   43500  0  1.43e+03  2.52e+01  0  1.47e+03  1.79e+01  2.52e+00  5.63e-01  2.50e-01   0.69
2007 01 26  1210   54126   43800  0  1.39e+03  2.72e+01  0  1.41e+03  1.87e+01  2.43e+00  6.65e-01  2.32e-01   0.35
2007 01 26  1215   54126   44100  0  1.58e+03  2.13e+01  0  1.57e+03  2.04e+01  2.20e+00  7.44e-01  2.14e-01   0.49
2007 01 26  1220   54126   44400  0  1.31e+03  2.46e+01  0  1.54e+03  2.42e+01  2.18e+00  7.47e-01  1.83e-01   0.70
2007 01 26  1225   54126   44700  0  1.33e+03  2.20e+01  0  1.38e+03  2.14e+01  2.94e+00  6.63e-01  1.85e-01   0.29
2007 01 26  1230   54126   45000  0  1.42e+03  2.66e+01  0  1.52e+03  2.25e+01  2.34e+00  7.05e-01  2.12e-01   0.22
2007 01 26  1235   54126   45300  0  1.39e+03  2.39e+01  0  1.51e+03  2.06e+01  2.73e+00  8.58e-01  1.26e-01   0.13
2007 01 26  1240   54126   45600  0  1.35e+03  2.98e+01  0  1.56e+03  1.92e+01  2.43e+00  5.61e-01  1.37e-01   0.58
2007 01 26  1245   54126   45900  0  1.42e+03  2.29e+01  0  1.47e+03  2.20e+01  2.10e+00  5.91e-01  1.93e-01   0.40
2007 01 26  1250   54126   46200  0  1.39e+03  2.82e+01  0  1.55e+03  2.17e+01  2.31e+00  7.62e-01  1.55e-01   0.50
2007 01 26  1255   54126   46500  0  1.35e+03  2.41e+01  0  1.57e+03  2.18e+01  2.40e+00  8.00e-01  1.45e-01   0.06
2007 01 26  1300   54126   46800  0  1.37e+03  2.71e+01  0  1.34e+03  2.07e+01  2.37e+00  6.86e-01  1.83e-01   0.10
2007 01 26  1305   54126   47100  0  1.38e+03  2.32e+01  0  1.54e+03  2.35e+01  2.58e+00  6.48e-01  2.12e-01   0.19
2007 01 26  1310   54126   47400  0  1.22e+03  2.62e+01  0  1.53e+03  1.95e+01  2.43e+00  6.67e-01  2.22e-01   0.25
2007 01 26  1315   54126   47700  0  1.29e+03  2.59e+01  0  1.48e+03  2.28e+01  2.13e+00  6.44e-01  2.00e-01   0.18
2007 01 26  1320   54126   48000  0  1.31e+03  2.44e+01  0  1.51e+03  2.35e+01  2.55e+00  6.48e-01  1.35e-01   0.19
2007 01 26  1325   54126   48300  0  1.33e+03  2.89e+01  0  1.53e+03  1.97e+01  2.70e+00  7.24e-01  2.12e-01   0.57
2007 01 26  1330   54126   48600  0  1.31e+03  2.65e+01  0  1.57e+03  2.32e+01  2.72e+00  6.65e-01  1.16e-01   0.19
2007 01 26  1335   54126   48900  0  1.35e+03  2.52e+01  0  1.44e+03  2.44e+01  2.16e+00  5.80e-01  2.05e-01   0.61
2007 01 26  1340   54126   49200  0  1.43e+03  2.25e+01  0  1.52e+03  2.12e+01  2.22e+00  5.34e-01  1.83e-01   0.65
2007 01 26  1345   54126   49500  0  1.43e+03  2.51e+01  0  1.52e+03  2.06e+01  2.26e+00  6.65e-01  2.42e-01   0.17
2007 01 26  1350   54126   49800  0  1.24e+03  2.58e+01  0  1.45e+03  2.02e+01  2.25e+00  4.57e-01  1.69e-01   0.44
2007 01 26  1355   54126   50100  0  1.47e+03  2.63e+01  0  1.54e+03  2.10e+01  2.20e+00  5.03e-01  2.11e-01   0.87
2007 01 26  1400   54126   50400  0  1.44e+03  2.59e+01  0  1.54e+03  1.95e+01  2.10e+00  6.86e-01  3.16e-01   0.18
2007 01 26  1405   54126   50700  0  1.48e+03  2.67e+01  0  1.55e+03  1.92e+01  2.86e+00  6.68e-01  2.23e-01   0.36
2007 01 26  1410   54126   51000  0  1.37e+03  2.44e+01  0  1.49e+03  2.01e+01  2.46e+00  5.82e-01  3.06e-01   0.37
2007 01 26  1415   54126   51300  0  1.29e+03  2.34e+01  0  1.58e+03  2.09e+01  3.27e+00  7.56e-01  1.78e-01   0.27
2007 01 26  1420   54126   51600  0  1.35e+03  2.45e+01  0  1.56e+03  2.07e+01  2.52e+00  6.68e-01  1.69e-01   0.07
2007 01 26  1425   54126   51900  0  1.36e+03  2.45e+01  0  1.39e+03  2.23e+01  2.43e+00  8.73e-01  1.37e-01   0.29
2007 01 26  1430   54126   52200  0  1.44e+03  2.39e+01  0  1.55e+03  2.10e+01  2.58e+00  4.57e-01  1.60e-01   0.54
2007 01 26  1435   54126   52500  0  1.28e+03  2.28e+01  0  1.59e+03  2.14e+01  2.06e+00  6.03e-01  2.32e-01   0.56
2007 01 26  1440   54126   52800  0  1.33e+03  2.49e+01  0  1.51e+03  2.32e+01  2.59e+00  6.65e-01  1.69e-01   0.40
2007 01 26  1445   54126   53100  0  1.39e+03  2.24e+01  0  1.47e+03  2.34e+01  2.39e+00  6.33e-01  1.87e-01   0.22
2007 01 26  1450   54126   53400  0  1.27e+03  2.74e+01  0  1.54e+03  2.39e+01  2.62e+00  6.24e-01  2.21e-01   0.62
2007 01 26  1455   54126   53700  0  1.37e+03  2.80e+01  0  1.52e+03  2.05e+01  2.73e+00  4.95e-01  2.32e-01   0.45
2007 01 26  1500   54126   54000  0  1.41e+03  2.63e+01  0  1.43e+03  2.10e+01  2.19e+00  6.51e-01  1.52e-01   0.20
2007 01 26  1505   54126   54300  0  1.53e+03  2.32e+01  0  1.58e+03  2.25e+01  2.43e+00  6.24e-01  1.69e-01   0.47
2007 01 26  1510   54126   54600  0  1.22e+03  2.32e+01  0  1.56e+03  2.13e+01  2.88e+00  7.12e-01  1.56e-01   0.33
2007 01 26  1515   54126   54900  0  1.29e+03  2.83e+01  0  1.46e+03  2.38e+01  2.67e+00  6.29e-01  1.26e-01   0.44
2007 01 26  1520   54126   55200  0  1.31e+03  2.32e+01  0  1.61e+03  2.13e+01  2.53e+00  6.94e-01  1.60e-01   0.33
2007 01 26  1525   54126   55500  0  1.23e+03  2.50e+01  0  1.51e+03  1.93e+01  2.40e+00  7.05e-01  1.74e-01   0.37
2007 01 26  1530   54126   55800  0  1.20e+03  2.46e+01  0  1.50e+03  1.84e+01  2.19e+00  5.72e-01  2.12e-01   0.26
2007 01 26  1535   54126   56100  0  1.16e+03  2.13e+01  0  1.43e+03  2.07e+01  2.19e+00  6.10e-01  1.55e-01   0.66
2007 01 26  1540   54126   56400  0  1.32e+03  2.14e+01  0  1.53e+03  2.16e+01  2.22e+00  6.48e-01  1.93e-01   0.19
2007 01 26  1545   54126   56700  0  1.27e+03  2.64e+01  0  1.55e+03  1.97e+01  2.79e+00  8.00e-01  1.84e-01   0.29
2007 01 26  1550   54126   57000  0  1.29e+03  2.21e+01  0  1.38e+03  2.00e+01  2.16e+00  7.05e-01  7.73e-02   0.47
2007 01 26  1555   54126   57300  0  1.32e+03  2.63e+01  0  1.54e+03  2.07e+01  3.18e+00  6.44e-01  2.00e-01   0.17
2007 01 26  1600   54126   57600  0  1.28e+03  2.07e+01  0  1.54e+03  2.12e+01  2.37e+00  7.62e-01  1.93e-01   0.17
2007 01 26  1605   54126   57900  0  1.30e+03  3.21e+01  0  1.53e+03  2.20e+01  3.19e+00  4.95e-01  2.12e-01   0.15
2007 01 26  1610   54126   58200  0  1.42e+03  2.51e+01  0  1.48e+03  1.94e+01  2.39e+00  7.90e-01  1.58e-01   0.12
2007 01 26  1615   54126   58500  0  1.30e+03  2.68e+01  0  1.57e+03  2.08e+01  2.44e+00  5.63e-01  1.69e-01   0.51
2007 01 26  1620   54126   58800  0  1.32e+03  2.60e+01  0  1.50e+03  2.09e+01  2.40e+00  7.05e-01  2.32e-01   0.25
2007 01 26  1625   54126   59100  0  1.23e+03  2.40e+01  0  1.45e+03  2.16e+01  2.20e+00  6.65e-01  1.90e-01   0.41
2007 01 26  1630   54126   59400  0  1.33e+03  2.68e+01  0  1.58e+03  2.15e+01  2.66e+00  4.57e-01  1.87e-01   0.77
2007 01 26  1635   54126   59700  0  1.30e+03  2.63e+01  0  1.55e+03  2.04e+01  2.29e+00  6.24e-01  1.85e-01   0.31
2007 01 26  1640   54126   60000  0  1.33e+03  2.45e+01  0  1.48e+03  1.63e+01  2.46e+00  6.65e-01  1.05e-01   0.44
2007 01 26  1645   54126   60300  0  1.48e+03  2.63e+01  0  1.56e+03  1.98e+01  2.16e+00  7.56e-01  1.43e-01   0.19
2007 01 26  1650   54126   60600  0  1.22e+03  2.32e+01  0  1.53e+03  2.30e+01  2.69e+00  7.69e-01  1.69e-01   0.45
2007 01 26  1655   54126   60900  0  1.48e+03  2.78e+01  0  1.52e+03  2.24e+01  2.86e+00  7.74e-01  1.34e-01   0.19
2007 01 26  1700   54126   61200  0  1.37e+03  2.86e+01  0  1.41e+03  2.32e+01  2.14e+00  7.56e-01  1.43e-01   0.70
2007 01 26  1705   54126   61500  0  1.35e+03  2.36e+01  0  1.58e+03  1.96e+01  2.62e+00  5.20e-01  1.79e-01   0.08
2007 01 26  1710   54126   61800  0  1.36e+03  2.75e+01  0  1.56e+03  2.11e+01  2.50e+00  5.28e-01  1.34e-01   0.40
2007 01 26  1715   54126   62100  0  1.29e+03  2.44e+01  0  1.44e+03  2.10e+01  2.03e+00  5.40e-01  1.90e-01   0.34
2007 01 26  1720   54126   62400  0  1.43e+03  2.61e+01  0  1.58e+03  2.26e+01  2.92e+00  4.99e-01  1.90e-01   0.24
2007 01 26  1725   54126   62700  0  1.27e+03  2.32e+01  0  1.56e+03  2.29e+01  2.88e+00  7.04e-01  2.94e-01   0.58
2007 01 26  1730   54126   63000  0  1.38e+03  2.49e+01  0  1.54e+03  2.38e+01  2.46e+00  6.24e-01  1.90e-01   0.58
2007 01 26  1735   54126   63300  0  1.34e+03  2.34e+01  0  1.47e+03  2.27e+01  2.61e+00  8.38e-01  1.45e-01   0.16
2007 01 26  1740   54126   63600  0  1.35e+03  3.25e+01  0  1.65e+03  2.14e+01  2.86e+00  5.98e-01  1.52e-01   0.10
2007 01 26  1745   54126   63900  0  1.34e+03  2.74e+01  0  1.45e+03  2.09e+01  2.36e+00  7.07e-01  9.27e-02   0.23
2007 01 26  1750   54126   64200  0  1.34e+03  2.64e+01  0  1.44e+03  2.43e+01  2.94e+00  6.86e-01  2.90e-01   0.44
2007 01 26  1755   54126   64500  0  1.42e+03  2.36e+01  0  1.54e+03  2.12e+01  2.88e+00  8.38e-01  1.64e-01   0.22
2007 01 26  1800   54126   64800  0  1.33e+03  2.34e+01  0  1.56e+03  2.17e+01  2.59e+00  7.28e-01  1.58e-01   0.85
2007 01 26  1805   54126   65100  0  1.32e+03  2.87e+01  0  1.45e+03  2.32e+01  2.73e+00  6.10e-01  1.55e-01   0.43
2007 01 26  1810   54126   65400  0  1.36e+03  2.29e+01  0  1.63e+03  2.33e+01  2.61e+00  4.57e-01  1.45e-01   0.55
2007 01 26  1815   54126   65700  0  1.35e+03  2.89e+01  0  1.54e+03  2.61e+01  2.61e+00  8.57e-01  1.45e-01   0.18
2007 01 26  1820   54126   66000  0  1.43e+03  2.43e+01  0  1.49e+03  2.56e+01  2.79e+00  5.14e-01  1.45e-01   0.52
2007 01 26  1825   54126   66300  0  1.31e+03  2.50e+01  0  1.48e+03  1.87e+01  2.55e+00  6.48e-01  1.26e-01   0.74
2007 01 26  1830   54126   66600  0  1.42e+03  2.44e+01  0  1.55e+03  2.01e+01  2.70e+00  5.14e-01  1.84e-01   0.39
2007 01 26  1835   54126   66900  0  1.24e+03  2.47e+01  0  1.59e+03  2.25e+01  1.77e+00  6.65e-01  2.32e-01   0.15
2007 01 26  1840   54126   67200  0  1.32e+03  2.57e+01  0  1.45e+03  2.16e+01  2.40e+00  8.00e-01  1.55e-01   0.15
2007 01 26  1845   54126   67500  0  1.49e+03  2.44e+01  0  1.55e+03  2.28e+01  2.91e+00  5.72e-01  1.83e-01   0.40
2007 01 26  1850   54126   67800  0  1.26e+03  2.76e+01  0  1.51e+03  1.99e+01  2.62e+00  4.78e-01  1.90e-01   0.17
2007 01 26  1855   54126   68100  0  1.42e+03  2.19e+01  0  1.50e+03  2.08e+01  2.47e+00  7.21e-01  1.07e-01   0.41
2007 01 26  1900   54126   68400  0  1.27e+03  2.55e+01  0  1.45e+03  2.16e+01  2.43e+00  6.10e-01  1.64e-01   0.36
2007 01 26  1905   54126   68700  0  1.42e+03  2.45e+01  0  1.61e+03  2.17e+01  2.43e+00  5.20e-01  1.37e-01   0.26
2007 01 26  1910   54126   69000  0  1.27e+03  2.29e+01  0  1.55e+03  2.07e+01  2.66e+00  6.68e-01  1.69e-01   0.26
2007 01 26  1915   54126   69300  0  1.34e+03  2.51e+01  0  1.41e+03  2.22e+01  2.23e+00  7.07e-01  1.48e-01   0.46
2007 01 26  1920   54126   69600  0  1.49e+03  2.32e+01  0  1.56e+03  1.86e+01  2.16e+00  7.07e-01  2.00e-01   0.14
2007 01 26  1925   54126   69900  0  1.34e+03  2.31e+01  0  1.50e+03  1.94e+01  2.36e+00  6.86e-01  2.14e-01   0.72
2007 01 26  1930   54126   70200  0  1.38e+03  2.51e+01  0  1.46e+03  2.17e+01  2.39e+00  7.69e-01  2.11e-01   0.52
2007 01 26  1935   54126   70500  0  1.49e+03  2.37e+01  0  1.49e+03  1.93e+01  2.39e+00  6.16e-01  2.23e-01   0.72
2007 01 26  1940   54126   70800  0  1.36e+03  2.37e+01  0  1.51e+03  2.08e+01  1.86e+00  7.21e-01  1.96e-01   0.21
2007 01 26  1945   54126   71100  0  1.39e+03  2.07e+01  0  1.46e+03  1.97e+01  2.66e+00  9.35e-01  2.11e-01   0.04
2007 01 26  1950   54126   71400  0  1.35e+03  2.57e+01  0  1.40e+03  2.39e+01  2.30e+00  6.51e-01  2.41e-01   0.49
2007 01 26  1955   54126   71700  0  1.51e+03  2.40e+01  0  1.48e+03  2.14e+01  2.16e+00  4.78e-01  1.26e-01   0.33
2007 01 26  2000   54126   72000  0  1.37e+03  2.67e+01  0  1.56e+03  1.99e+01  2.62e+00  4.78e-01  2.21e-01   0.54
2007 01 26  2005   54126   72300  0  1.37e+03  2.53e+01  0  1.44e+03  1.87e+01  1.89e+00  5.63e-01  2.14e-01   0.55
2007 01 26  2010   54126   72600  0  1.44e+03  2.84e+01  0  1.52e+03  1.95e+01  2.39e+00  5.40e-01  1.37e-01   0.12
2007 01 26  2015   54126   72900  0  1.45e+03  2.36e+01  0  1.53e+03  2.18e+01  2.46e+00  7.81e-01  2.22e-01   0.18
2007 01 26  2020   54126   73200  0  1.35e+03  2.18e+01  0  1.47e+03  1.87e+01  2.69e+00  7.39e-01  1.43e-01   0.37
2007 01 26  2025   54126   73500  0  1.35e+03  2.30e+01  0  1.41e+03  2.01e+01  2.07e+00  6.65e-01  1.37e-01   0.53
2007 01 26  2030   54126   73800  0  1.40e+03  2.34e+01  0  1.57e+03  2.01e+01  2.58e+00  5.53e-01  1.74e-01   0.38
2007 01 26  2035   54126   74100  0  1.29e+03  2.52e+01  0  1.49e+03  2.14e+01  2.46e+00  7.43e-01  1.74e-01   0.19
2007 01 26  2040   54126   74400  0  1.34e+03  2.71e+01  0  1.40e+03  2.39e+01  2.59e+00  5.61e-01  2.00e-01   0.37
2007 01 26  2045   54126   74700  0  1.46e+03  2.43e+01  0  1.53e+03  1.94e+01  2.34e+00  6.67e-01  2.03e-01   0.28
2007 01 26  2050   54126   75000  0  1.34e+03  2.82e+01  0  1.48e+03  2.09e+01  2.58e+00  5.91e-01  1.35e-01   0.22
2007 01 26  2055   54126   75300  0  1.23e+03  2.50e+01  0  1.45e+03  2.07e+01  2.40e+00  5.53e-01  2.41e-01   0.28
2007 01 26  2100   54126   75600  0  1.38e+03  3.05e+01  0  1.48e+03  1.99e+01  2.52e+00  7.81e-01  1.74e-01   0.02
2007 01 26  2105   54126   75900  0  1.33e+03  2.39e+01  0  1.54e+03  2.24e+01  2.52e+00  6.86e-01  2.51e-01   0.36
2007 01 26  2110   54126   76200  0  1.36e+03  2.64e+01  0  1.50e+03  2.03e+01  2.19e+00  6.10e-01  1.64e-01   0.11
2007 01 26  2115   54126   76500  0  1.37e+03  3.13e+01  0  1.38e+03  1.93e+01  2.47e+00  4.57e-01  1.82e-01   0.54
2007 01 26  2120   54126   76800  0  1.39e+03  2.29e+01  0  1.48e+03  2.16e+01  2.58e+00  5.72e-01  1.64e-01   0.67
2007 01 26  2125   54126   77100  0  1.22e+03  2.71e+01  0  1.60e+03  1.93e+01  2.46e+00  7.43e-01  2.03e-01   0.39
2007 01 26  2130   54126   77400  0  1.23e+03  2.55e+01  0  1.53e+03  1.76e+01  2.70e+00  9.15e-01  2.46e-01   0.17
2007 01 26  2135   54126   77700  0  1.36e+03  2.35e+01  0  1.51e+03  1.80e+01  2.48e+00  3.69e-01  1.96e-01   0.77
2007 01 26  2140   54126   78000  0  1.33e+03  2.55e+01  0  1.52e+03  1.90e+01  1.86e+00  6.48e-01  1.35e-01   0.18
2007 01 26  2145   54126   78300  0  1.24e+03  2.22e+01  0  1.50e+03  1.97e+01  2.20e+00  4.99e-01  1.79e-01   0.25
2007 01 26  2150   54126   78600  0  1.43e+03  2.55e+01  0  1.46e+03  2.17e+01  2.25e+00  5.28e-01  1.34e-01   0.46
2007 01 26  2155   54126   78900  0  1.35e+03  2.44e+01  0  1.52e+03  1.81e+01  2.46e+00  4.99e-01  2.84e-01   0.17
2007 01 26  2200   54126   79200  0  1.35e+03  2.82e+01  0  1.52e+03  2.19e+01  2.59e+00  7.07e-01  1.79e-01   0.65
2007 01 26  2205   54126   79500  0  1.26e+03  2.39e+01  0  1.43e+03  2.20e+01  2.44e+00  7.74e-01  1.78e-01   0.43
2007 01 26  2210   54126   79800  0  1.33e+03  2.74e+01  0  1.51e+03  2.10e+01  2.72e+00  6.65e-01  1.69e-01   0.15
2007 01 26  2215   54126   80100  0  1.24e+03  2.35e+01  0  1.54e+03  1.87e+01  2.00e+00  5.63e-01  2.23e-01   0.27
2007 01 26  2220   54126   80400  0  1.25e+03  3.04e+01  0  1.47e+03  1.88e+01  1.66e+00  4.92e-01  2.14e-01   0.12
2007 01 26  2225   54126   80700  0  1.29e+03  2.61e+01  0  1.45e+03  2.01e+01  2.20e+00  5.82e-01  1.58e-01   0.56
2007 01 26  2230   54126   81000  0  1.44e+03  2.35e+01  0  1.57e+03  2.14e+01  2.61e+00  6.16e-01  1.87e-01   0.38
2007 01 26  2235   54126   81300  0  1.24e+03  2.16e+01  0  1.48e+03  1.89e+01  1.97e+00  8.52e-01  1.58e-01   0.20
2007 01 26  2240   54126   81600  0  1.33e+03  2.69e+01  0  1.38e+03  2.39e+01  2.16e+00  6.44e-01  2.00e-01   0.42
2007 01 26  2245   54126   81900  0  1.39e+03  2.68e+01  0  1.51e+03  1.94e+01  2.25e+00  5.33e-01  2.94e-01   0.44
2007 01 26  2250   54126   82200  0  1.32e+03  2.78e+01  0  1.53e+03  1.99e+01  2.62e+00  4.78e-01  2.11e-01   0.24
2007 01 26  2255   54126   82500  0  1.30e+03  2.16e+01  0  1.45e+03  2.01e+01  2.16e+00  5.14e-01  1.58e-01   0.52
2007 01 26  2300   54126   82800  0  1.47e+03  2.73e+01  0  1.51e+03  1.91e+01  2.61e+00  6.16e-01  2.05e-01   0.22
2007 01 26  2305   54126   83100  0  1.20e+03  2.92e+01  0  1.50e+03  1.94e+01  2.92e+00  5.82e-01  1.39e-01   0.38
2007 01 26  2310   54126   83400  0  1.34e+03  2.85e+01  0  1.56e+03  1.97e+01  2.25e+00  5.61e-01  1.93e-01   0.39
2007 01 26  2315   54126   83700  0  1.40e+03  2.80e+01  0  1.44e+03  2.50e+01  2.64e+00  4.38e-01  1.83e-01   0.18
2007 01 26  2320   54126   84000  0  1.32e+03  2.71e+01  0  1.53e+03  2.08e+01  2.43e+00  5.20e-01  2.32e-01   0.24
2007 01 26  2325   54126   84300  0  1.19e+03  2.82e+01  0  1.52e+03  2.01e+01  2.46e+00  7.05e-01  2.12e-01   0.21
2007 01 26  2330   54126   84600  0  1.22e+03  2.80e+01  0  1.46e+03  2.26e+01  2.07e+00  6.67e-01  2.70e-01   0.91
2007 01 26  2335   54126   84900  0  1.39e+03  2.57e+01  0  1.53e+03  1.98e+01  2.25e+00  6.48e-01  9.66e-02   0.23
2007 01 26  2340   54126   85200  0  1.32e+03  2.80e+01  0  1.52e+03  1.94e+01  2.22e+00  6.29e-01  2.12e-01   0.43
2007 01 26  2345   54126   85500  0  1.28e+03  2.46e+01  0  1.45e+03  2.11e+01  2.28e+00  7.05e-01  2.90e-01   0.45
2007 01 26  2350   54126   85800  0  1.25e+03  2.59e+01  0  1.51e+03  2.07e+01  2.82e+00  5.14e-01  1.64e-01   0.74
2007 01 26  2355   54126   86100  0  1.29e+03  2.71e+01  0  1.59e+03  1.86e+01  2.20e+00  7.07e-01  2.20e-01   0.80
