:Data_list: 20070626_ace_sis_5m.txt
:Created: 2007 Jun 27 0011 UT
# Prepared by the U.S. Dept. of Commerce, NOAA, Space Environment Center.
# Please send comments and suggestions to SEC.Webmaster@noaa.gov 
# 
# Units: proton flux p/cs2-sec-ster
# Status(S): 0 = nominal data, 1 to 8 = bad data record, 9 = no data
# Missing data values: -1.00e+05
# Source: ACE Satellite - Solar Isotope Spectrometer
#
# 5-minute averaged Real-time Integral Flux of High-energy Solar Protons
# 
#                 Modified Seconds
# UT Date   Time   Julian  of the      ---- Integral Proton Flux ----
# YR MO DA  HHMM     Day     Day       S    > 10 MeV    S    > 30 MeV
#--------------------------------------------------------------------
2007 06 26  0000    54277       0      0    1.92e+00    0    1.35e+00
2007 06 26  0005    54277     300      0    1.88e+00    0    1.34e+00
2007 06 26  0010    54277     600      0    1.91e+00    0    1.35e+00
2007 06 26  0015    54277     900      0    1.89e+00    0    1.32e+00
2007 06 26  0020    54277    1200      0    1.86e+00    0    1.31e+00
2007 06 26  0025    54277    1500      0    1.87e+00    0    1.30e+00
2007 06 26  0030    54277    1800      9   -1.00e+05    9   -1.00e+05
2007 06 26  0035    54277    2100      9   -1.00e+05    9   -1.00e+05
2007 06 26  0040    54277    2400      9   -1.00e+05    9   -1.00e+05
2007 06 26  0045    54277    2700      9   -1.00e+05    9   -1.00e+05
2007 06 26  0050    54277    3000      9   -1.00e+05    9   -1.00e+05
2007 06 26  0055    54277    3300      9   -1.00e+05    9   -1.00e+05
2007 06 26  0100    54277    3600      9   -1.00e+05    9   -1.00e+05
2007 06 26  0105    54277    3900      9   -1.00e+05    9   -1.00e+05
2007 06 26  0110    54277    4200      9   -1.00e+05    9   -1.00e+05
2007 06 26  0115    54277    4500      9   -1.00e+05    9   -1.00e+05
2007 06 26  0120    54277    4800      9   -1.00e+05    9   -1.00e+05
2007 06 26  0125    54277    5100      9   -1.00e+05    9   -1.00e+05
2007 06 26  0130    54277    5400      9   -1.00e+05    9   -1.00e+05
2007 06 26  0135    54277    5700      9   -1.00e+05    9   -1.00e+05
2007 06 26  0140    54277    6000      9   -1.00e+05    9   -1.00e+05
2007 06 26  0145    54277    6300      9   -1.00e+05    9   -1.00e+05
2007 06 26  0150    54277    6600      9   -1.00e+05    9   -1.00e+05
2007 06 26  0155    54277    6900      9   -1.00e+05    9   -1.00e+05
2007 06 26  0200    54277    7200      9   -1.00e+05    9   -1.00e+05
2007 06 26  0205    54277    7500      9   -1.00e+05    9   -1.00e+05
2007 06 26  0210    54277    7800      9   -1.00e+05    9   -1.00e+05
2007 06 26  0215    54277    8100      9   -1.00e+05    9   -1.00e+05
2007 06 26  0220    54277    8400      0    2.01e+00    0    1.42e+00
2007 06 26  0225    54277    8700      0    1.90e+00    0    1.32e+00
2007 06 26  0230    54277    9000      0    1.92e+00    0    1.33e+00
2007 06 26  0235    54277    9300      0    1.87e+00    0    1.30e+00
2007 06 26  0240    54277    9600      0    1.90e+00    0    1.35e+00
2007 06 26  0245    54277    9900      0    1.89e+00    0    1.32e+00
2007 06 26  0250    54277   10200      0    1.88e+00    0    1.32e+00
2007 06 26  0255    54277   10500      0    1.89e+00    0    1.32e+00
2007 06 26  0300    54277   10800      0    1.87e+00    0    1.30e+00
2007 06 26  0305    54277   11100      0    1.91e+00    0    1.34e+00
2007 06 26  0310    54277   11400      0    1.85e+00    0    1.29e+00
2007 06 26  0315    54277   11700      0    1.90e+00    0    1.31e+00
2007 06 26  0320    54277   12000      0    1.77e+00    0    1.23e+00
2007 06 26  0325    54277   12300      0    1.80e+00    0    1.27e+00
2007 06 26  0330    54277   12600      0    1.90e+00    0    1.32e+00
2007 06 26  0335    54277   12900      0    1.81e+00    0    1.26e+00
2007 06 26  0340    54277   13200      0    1.88e+00    0    1.31e+00
2007 06 26  0345    54277   13500      0    1.86e+00    0    1.30e+00
2007 06 26  0350    54277   13800      0    1.86e+00    0    1.30e+00
2007 06 26  0355    54277   14100      0    1.85e+00    0    1.29e+00
2007 06 26  0400    54277   14400      0    1.86e+00    0    1.30e+00
2007 06 26  0405    54277   14700      0    1.83e+00    0    1.27e+00
2007 06 26  0410    54277   15000      0    1.86e+00    0    1.30e+00
2007 06 26  0415    54277   15300      0    1.84e+00    0    1.29e+00
2007 06 26  0420    54277   15600      0    1.87e+00    0    1.30e+00
2007 06 26  0425    54277   15900      0    1.84e+00    0    1.28e+00
2007 06 26  0430    54277   16200      0    1.89e+00    0    1.32e+00
2007 06 26  0435    54277   16500      0    1.86e+00    0    1.30e+00
2007 06 26  0440    54277   16800      0    1.89e+00    0    1.34e+00
2007 06 26  0445    54277   17100      0    1.87e+00    0    1.31e+00
2007 06 26  0450    54277   17400      0    1.89e+00    0    1.31e+00
2007 06 26  0455    54277   17700      0    1.87e+00    0    1.30e+00
2007 06 26  0500    54277   18000      0    1.90e+00    0    1.35e+00
2007 06 26  0505    54277   18300      0    1.90e+00    0    1.34e+00
2007 06 26  0510    54277   18600      0    1.86e+00    0    1.30e+00
2007 06 26  0515    54277   18900      0    1.91e+00    0    1.33e+00
2007 06 26  0520    54277   19200      0    1.89e+00    0    1.32e+00
2007 06 26  0525    54277   19500      0    1.85e+00    0    1.29e+00
2007 06 26  0530    54277   19800      0    1.87e+00    0    1.31e+00
2007 06 26  0535    54277   20100      0    1.85e+00    0    1.29e+00
2007 06 26  0540    54277   20400      0    1.85e+00    0    1.29e+00
2007 06 26  0545    54277   20700      0    1.90e+00    0    1.34e+00
2007 06 26  0550    54277   21000      0    1.83e+00    0    1.29e+00
2007 06 26  0555    54277   21300      0    1.86e+00    0    1.30e+00
2007 06 26  0600    54277   21600      0    1.85e+00    0    1.30e+00
2007 06 26  0605    54277   21900      0    1.86e+00    0    1.32e+00
2007 06 26  0610    54277   22200      0    1.86e+00    0    1.30e+00
2007 06 26  0615    54277   22500      0    1.88e+00    0    1.31e+00
2007 06 26  0620    54277   22800      0    1.88e+00    0    1.33e+00
2007 06 26  0625    54277   23100      0    1.87e+00    0    1.30e+00
2007 06 26  0630    54277   23400      0    1.91e+00    0    1.35e+00
2007 06 26  0635    54277   23700      0    1.87e+00    0    1.31e+00
2007 06 26  0640    54277   24000      0    1.86e+00    0    1.31e+00
2007 06 26  0645    54277   24300      0    1.85e+00    0    1.29e+00
2007 06 26  0650    54277   24600      0    1.87e+00    0    1.31e+00
2007 06 26  0655    54277   24900      0    1.85e+00    0    1.31e+00
2007 06 26  0700    54277   25200      0    1.84e+00    0    1.30e+00
2007 06 26  0705    54277   25500      0    1.88e+00    0    1.32e+00
2007 06 26  0710    54277   25800      0    1.87e+00    0    1.30e+00
2007 06 26  0715    54277   26100      0    1.88e+00    0    1.33e+00
2007 06 26  0720    54277   26400      0    1.89e+00    0    1.31e+00
2007 06 26  0725    54277   26700      0    1.89e+00    0    1.33e+00
2007 06 26  0730    54277   27000      0    1.85e+00    0    1.30e+00
2007 06 26  0735    54277   27300      0    1.88e+00    0    1.31e+00
2007 06 26  0740    54277   27600      0    1.89e+00    0    1.32e+00
2007 06 26  0745    54277   27900      0    1.88e+00    0    1.31e+00
2007 06 26  0750    54277   28200      0    1.92e+00    0    1.34e+00
2007 06 26  0755    54277   28500      0    1.85e+00    0    1.30e+00
2007 06 26  0800    54277   28800      0    1.84e+00    0    1.28e+00
2007 06 26  0805    54277   29100      0    1.84e+00    0    1.28e+00
2007 06 26  0810    54277   29400      0    1.87e+00    0    1.31e+00
2007 06 26  0815    54277   29700      0    1.87e+00    0    1.31e+00
2007 06 26  0820    54277   30000      0    1.92e+00    0    1.35e+00
2007 06 26  0825    54277   30300      0    1.93e+00    0    1.35e+00
2007 06 26  0830    54277   30600      0    1.87e+00    0    1.30e+00
2007 06 26  0835    54277   30900      0    1.89e+00    0    1.32e+00
2007 06 26  0840    54277   31200      0    1.90e+00    0    1.33e+00
2007 06 26  0845    54277   31500      0    1.88e+00    0    1.31e+00
2007 06 26  0850    54277   31800      0    1.86e+00    0    1.29e+00
2007 06 26  0855    54277   32100      0    1.90e+00    0    1.33e+00
2007 06 26  0900    54277   32400      0    1.86e+00    0    1.31e+00
2007 06 26  0905    54277   32700      0    1.87e+00    0    1.30e+00
2007 06 26  0910    54277   33000      0    1.90e+00    0    1.32e+00
2007 06 26  0915    54277   33300      0    1.86e+00    0    1.31e+00
2007 06 26  0920    54277   33600      0    1.81e+00    0    1.27e+00
2007 06 26  0925    54277   33900      0    1.84e+00    0    1.28e+00
2007 06 26  0930    54277   34200      0    1.92e+00    0    1.34e+00
2007 06 26  0935    54277   34500      0    1.88e+00    0    1.32e+00
2007 06 26  0940    54277   34800      0    1.83e+00    0    1.28e+00
2007 06 26  0945    54277   35100      0    1.90e+00    0    1.32e+00
2007 06 26  0950    54277   35400      0    1.88e+00    0    1.32e+00
2007 06 26  0955    54277   35700      0    1.87e+00    0    1.31e+00
2007 06 26  1000    54277   36000      0    1.87e+00    0    1.31e+00
2007 06 26  1005    54277   36300      0    1.87e+00    0    1.30e+00
2007 06 26  1010    54277   36600      0    1.87e+00    0    1.30e+00
2007 06 26  1015    54277   36900      0    1.90e+00    0    1.34e+00
2007 06 26  1020    54277   37200      0    1.84e+00    0    1.28e+00
2007 06 26  1025    54277   37500      0    1.88e+00    0    1.32e+00
2007 06 26  1030    54277   37800      0    1.90e+00    0    1.34e+00
2007 06 26  1035    54277   38100      0    1.85e+00    0    1.28e+00
2007 06 26  1040    54277   38400      0    1.89e+00    0    1.35e+00
2007 06 26  1045    54277   38700      0    1.87e+00    0    1.33e+00
2007 06 26  1050    54277   39000      0    1.94e+00    0    1.35e+00
2007 06 26  1055    54277   39300      0    1.89e+00    0    1.32e+00
2007 06 26  1100    54277   39600      0    1.90e+00    0    1.32e+00
2007 06 26  1105    54277   39900      0    1.90e+00    0    1.33e+00
2007 06 26  1110    54277   40200      0    1.90e+00    0    1.34e+00
2007 06 26  1115    54277   40500      0    1.87e+00    0    1.32e+00
2007 06 26  1120    54277   40800      0    1.88e+00    0    1.34e+00
2007 06 26  1125    54277   41100      0    1.87e+00    0    1.31e+00
2007 06 26  1130    54277   41400      0    1.88e+00    0    1.31e+00
2007 06 26  1135    54277   41700      0    1.88e+00    0    1.32e+00
2007 06 26  1140    54277   42000      0    1.84e+00    0    1.29e+00
2007 06 26  1145    54277   42300      0    1.90e+00    0    1.32e+00
2007 06 26  1150    54277   42600      0    1.87e+00    0    1.32e+00
2007 06 26  1155    54277   42900      0    1.86e+00    0    1.29e+00
2007 06 26  1200    54277   43200      0    1.91e+00    0    1.33e+00
2007 06 26  1205    54277   43500      0    1.92e+00    0    1.35e+00
2007 06 26  1210    54277   43800      0    1.90e+00    0    1.32e+00
2007 06 26  1215    54277   44100      0    1.89e+00    0    1.31e+00
2007 06 26  1220    54277   44400      0    1.86e+00    0    1.30e+00
2007 06 26  1225    54277   44700      0    1.86e+00    0    1.29e+00
2007 06 26  1230    54277   45000      0    1.87e+00    0    1.31e+00
2007 06 26  1235    54277   45300      0    1.86e+00    0    1.31e+00
2007 06 26  1240    54277   45600      0    1.90e+00    0    1.33e+00
2007 06 26  1245    54277   45900      0    1.91e+00    0    1.33e+00
2007 06 26  1250    54277   46200      0    1.89e+00    0    1.31e+00
2007 06 26  1255    54277   46500      0    1.88e+00    0    1.31e+00
2007 06 26  1300    54277   46800      0    1.91e+00    0    1.33e+00
2007 06 26  1305    54277   47100      0    1.86e+00    0    1.31e+00
2007 06 26  1310    54277   47400      0    1.89e+00    0    1.32e+00
2007 06 26  1315    54277   47700      0    1.91e+00    0    1.34e+00
2007 06 26  1320    54277   48000      0    1.94e+00    0    1.35e+00
2007 06 26  1325    54277   48300      0    1.92e+00    0    1.34e+00
2007 06 26  1330    54277   48600      0    1.89e+00    0    1.31e+00
2007 06 26  1335    54277   48900      0    1.91e+00    0    1.34e+00
2007 06 26  1340    54277   49200      0    1.93e+00    0    1.35e+00
2007 06 26  1345    54277   49500      0    1.86e+00    0    1.29e+00
2007 06 26  1350    54277   49800      0    1.90e+00    0    1.33e+00
2007 06 26  1355    54277   50100      0    1.91e+00    0    1.32e+00
2007 06 26  1400    54277   50400      0    1.91e+00    0    1.32e+00
2007 06 26  1405    54277   50700      0    1.91e+00    0    1.34e+00
2007 06 26  1410    54277   51000      0    1.97e+00    0    1.37e+00
2007 06 26  1415    54277   51300      0    1.89e+00    0    1.34e+00
2007 06 26  1420    54277   51600      0    1.91e+00    0    1.34e+00
2007 06 26  1425    54277   51900      0    1.87e+00    0    1.30e+00
2007 06 26  1430    54277   52200      0    1.93e+00    0    1.36e+00
2007 06 26  1435    54277   52500      0    1.89e+00    0    1.31e+00
2007 06 26  1440    54277   52800      0    1.92e+00    0    1.32e+00
2007 06 26  1445    54277   53100      0    1.89e+00    0    1.33e+00
2007 06 26  1450    54277   53400      0    1.90e+00    0    1.34e+00
2007 06 26  1455    54277   53700      0    1.91e+00    0    1.35e+00
2007 06 26  1500    54277   54000      0    1.89e+00    0    1.32e+00
2007 06 26  1505    54277   54300      0    1.90e+00    0    1.34e+00
2007 06 26  1510    54277   54600      0    1.92e+00    0    1.34e+00
2007 06 26  1515    54277   54900      0    1.88e+00    0    1.33e+00
2007 06 26  1520    54277   55200      0    1.91e+00    0    1.34e+00
2007 06 26  1525    54277   55500      0    1.90e+00    0    1.33e+00
2007 06 26  1530    54277   55800      0    1.92e+00    0    1.35e+00
2007 06 26  1535    54277   56100      0    1.91e+00    0    1.34e+00
2007 06 26  1540    54277   56400      0    1.89e+00    0    1.32e+00
2007 06 26  1545    54277   56700      0    1.92e+00    0    1.35e+00
2007 06 26  1550    54277   57000      0    1.89e+00    0    1.31e+00
2007 06 26  1555    54277   57300      0    1.90e+00    0    1.33e+00
2007 06 26  1600    54277   57600      0    1.91e+00    0    1.33e+00
2007 06 26  1605    54277   57900      0    1.89e+00    0    1.33e+00
2007 06 26  1610    54277   58200      0    1.90e+00    0    1.33e+00
2007 06 26  1615    54277   58500      0    1.90e+00    0    1.32e+00
2007 06 26  1620    54277   58800      0    1.88e+00    0    1.31e+00
2007 06 26  1625    54277   59100      0    1.91e+00    0    1.35e+00
2007 06 26  1630    54277   59400      0    1.91e+00    0    1.33e+00
2007 06 26  1635    54277   59700      0    1.92e+00    0    1.35e+00
2007 06 26  1640    54277   60000      0    1.89e+00    0    1.33e+00
2007 06 26  1645    54277   60300      0    1.90e+00    0    1.32e+00
2007 06 26  1650    54277   60600      0    1.91e+00    0    1.33e+00
2007 06 26  1655    54277   60900      0    1.87e+00    0    1.30e+00
2007 06 26  1700    54277   61200      0    1.91e+00    0    1.34e+00
2007 06 26  1705    54277   61500      0    1.83e+00    0    1.27e+00
2007 06 26  1710    54277   61800      0    1.89e+00    0    1.32e+00
2007 06 26  1715    54277   62100      0    1.90e+00    0    1.33e+00
2007 06 26  1720    54277   62400      0    1.90e+00    0    1.36e+00
2007 06 26  1725    54277   62700      0    1.87e+00    0    1.32e+00
2007 06 26  1730    54277   63000      0    1.91e+00    0    1.33e+00
2007 06 26  1735    54277   63300      0    1.92e+00    0    1.35e+00
2007 06 26  1740    54277   63600      0    1.92e+00    0    1.34e+00
2007 06 26  1745    54277   63900      0    1.88e+00    0    1.31e+00
2007 06 26  1750    54277   64200      0    1.89e+00    0    1.32e+00
2007 06 26  1755    54277   64500      0    1.87e+00    0    1.30e+00
2007 06 26  1800    54277   64800      0    1.90e+00    0    1.34e+00
2007 06 26  1805    54277   65100      0    1.92e+00    0    1.34e+00
2007 06 26  1810    54277   65400      0    1.87e+00    0    1.31e+00
2007 06 26  1815    54277   65700      0    1.89e+00    0    1.31e+00
2007 06 26  1820    54277   66000      0    1.88e+00    0    1.31e+00
2007 06 26  1825    54277   66300      0    1.89e+00    0    1.32e+00
2007 06 26  1830    54277   66600      0    1.89e+00    0    1.32e+00
2007 06 26  1835    54277   66900      0    1.90e+00    0    1.34e+00
2007 06 26  1840    54277   67200      0    1.89e+00    0    1.32e+00
2007 06 26  1845    54277   67500      0    1.89e+00    0    1.33e+00
2007 06 26  1850    54277   67800      0    1.88e+00    0    1.30e+00
2007 06 26  1855    54277   68100      0    1.91e+00    0    1.34e+00
2007 06 26  1900    54277   68400      0    1.89e+00    0    1.32e+00
2007 06 26  1905    54277   68700      0    1.91e+00    0    1.34e+00
2007 06 26  1910    54277   69000      0    1.91e+00    0    1.33e+00
2007 06 26  1915    54277   69300      0    1.91e+00    0    1.33e+00
2007 06 26  1920    54277   69600      0    1.90e+00    0    1.32e+00
2007 06 26  1925    54277   69900      0    1.86e+00    0    1.29e+00
2007 06 26  1930    54277   70200      0    1.91e+00    0    1.34e+00
2007 06 26  1935    54277   70500      0    1.85e+00    0    1.27e+00
2007 06 26  1940    54277   70800      0    1.88e+00    0    1.33e+00
2007 06 26  1945    54277   71100      0    1.95e+00    0    1.36e+00
2007 06 26  1950    54277   71400      0    1.93e+00    0    1.36e+00
2007 06 26  1955    54277   71700      0    1.92e+00    0    1.36e+00
2007 06 26  2000    54277   72000      0    1.93e+00    0    1.34e+00
2007 06 26  2005    54277   72300      0    1.93e+00    0    1.34e+00
2007 06 26  2010    54277   72600      0    1.87e+00    0    1.32e+00
2007 06 26  2015    54277   72900      0    1.92e+00    0    1.34e+00
2007 06 26  2020    54277   73200      0    1.93e+00    0    1.35e+00
2007 06 26  2025    54277   73500      0    1.92e+00    0    1.33e+00
2007 06 26  2030    54277   73800      9   -1.00e+05    9   -1.00e+05
2007 06 26  2035    54277   74100      9   -1.00e+05    9   -1.00e+05
2007 06 26  2040    54277   74400      9   -1.00e+05    9   -1.00e+05
2007 06 26  2045    54277   74700      9   -1.00e+05    9   -1.00e+05
2007 06 26  2050    54277   75000      9   -1.00e+05    9   -1.00e+05
2007 06 26  2055    54277   75300      9   -1.00e+05    9   -1.00e+05
2007 06 26  2100    54277   75600      9   -1.00e+05    9   -1.00e+05
2007 06 26  2105    54277   75900      9   -1.00e+05    9   -1.00e+05
2007 06 26  2110    54277   76200      9   -1.00e+05    9   -1.00e+05
2007 06 26  2115    54277   76500      9   -1.00e+05    9   -1.00e+05
2007 06 26  2120    54277   76800      9   -1.00e+05    9   -1.00e+05
2007 06 26  2125    54277   77100      9   -1.00e+05    9   -1.00e+05
2007 06 26  2130    54277   77400      0    1.89e+00    0    1.31e+00
2007 06 26  2135    54277   77700      0    1.92e+00    0    1.35e+00
2007 06 26  2140    54277   78000      0    1.93e+00    0    1.35e+00
2007 06 26  2145    54277   78300      0    1.88e+00    0    1.32e+00
2007 06 26  2150    54277   78600      0    1.87e+00    0    1.29e+00
2007 06 26  2155    54277   78900      0    1.96e+00    0    1.37e+00
2007 06 26  2200    54277   79200      0    1.94e+00    0    1.35e+00
2007 06 26  2205    54277   79500      0    1.91e+00    0    1.33e+00
2007 06 26  2210    54277   79800      0    1.94e+00    0    1.35e+00
2007 06 26  2215    54277   80100      0    1.89e+00    0    1.31e+00
2007 06 26  2220    54277   80400      0    1.89e+00    0    1.32e+00
2007 06 26  2225    54277   80700      0    1.87e+00    0    1.31e+00
2007 06 26  2230    54277   81000      0    1.94e+00    0    1.36e+00
2007 06 26  2235    54277   81300      0    1.91e+00    0    1.35e+00
2007 06 26  2240    54277   81600      0    1.93e+00    0    1.34e+00
2007 06 26  2245    54277   81900      0    1.91e+00    0    1.33e+00
2007 06 26  2250    54277   82200      0    1.89e+00    0    1.34e+00
2007 06 26  2255    54277   82500      0    1.92e+00    0    1.35e+00
2007 06 26  2300    54277   82800      0    1.86e+00    0    1.31e+00
2007 06 26  2305    54277   83100      0    1.89e+00    0    1.34e+00
2007 06 26  2310    54277   83400      0    1.90e+00    0    1.34e+00
2007 06 26  2315    54277   83700      0    1.88e+00    0    1.32e+00
2007 06 26  2320    54277   84000      0    1.91e+00    0    1.34e+00
2007 06 26  2325    54277   84300      0    1.87e+00    0    1.30e+00
2007 06 26  2330    54277   84600      0    1.88e+00    0    1.30e+00
2007 06 26  2335    54277   84900      0    1.90e+00    0    1.33e+00
2007 06 26  2340    54277   85200      0    1.89e+00    0    1.33e+00
2007 06 26  2345    54277   85500      0    1.90e+00    0    1.33e+00
2007 06 26  2350    54277   85800      9   -1.00e+05    9   -1.00e+05
2007 06 26  2355    54277   86100      9   -1.00e+05    9   -1.00e+05
