:Data_list: 20070311_ace_epam_5m.txt
:Created: 2007 Mar 12 0012 UT
# Prepared by the U.S. Dept. of Commerce, NOAA, Space Environment Center.
# Please send comments and suggestions to SEC.Webmaster@noaa.gov 
# 
# Units: Differential Flux particles/cm2-s-ster-MeV
# Units: Anisotropy Index 0.0 - 2.0
# Status(S): 0 = nominal, 4,6,7,8 = bad data, unable to process, 9 = no data
# Missing data values: -1.00e+05, index = -1.00
# Source: ACE Satellite - Electron, Proton, and Alpha Monitor
# 2004 Feb 04: see http://www.sec.noaa.gov/ftpdir/lists/ace/README for EPAM channel change notice.
#
#                      5-minute averaged Real-time Differential Electron and Proton Flux 
# 
#                Modified Seconds ---------------------------- Differential Flux --------------------------- 
# UT Date   Time  Julian  of the  ----- Electron -----   ------------------- Protons keV -------------------   Anis.
# YR MO DA  HHMM    Day    Day    S    38-53   175-315   S    47-68   115-195   310-580   761-1220 1060-1900   Ratio
#-------------------------------------------------------------------------------------------------------------------
2007 03 11  0000   54170       0  0  3.64e+02  2.89e+01  0  1.11e+03  1.92e+01  2.88e+00  4.00e-01  1.26e-01   0.97
2007 03 11  0005   54170     300  0  3.64e+02  1.97e+01  0  1.07e+03  1.71e+01  1.86e+00  6.67e-01  2.12e-01   0.22
2007 03 11  0010   54170     600  0  4.55e+02  2.34e+01  0  1.21e+03  1.79e+01  1.67e+00  7.07e-01  8.43e-02   0.25
2007 03 11  0015   54170     900  0  3.91e+02  2.53e+01  0  1.17e+03  2.01e+01  2.27e+00  5.10e-01  1.52e-01   0.18
2007 03 11  0020   54170    1200  0  3.30e+02  2.55e+01  0  1.07e+03  1.84e+01  1.70e+00  4.36e-01  1.58e-01   0.65
2007 03 11  0025   54170    1500  0  4.31e+02  2.36e+01  0  1.21e+03  1.57e+01  2.36e+00  4.57e-01  1.37e-01   0.13
2007 03 11  0030   54170    1800  0  3.14e+02  2.27e+01  0  1.11e+03  1.83e+01  2.47e+00  5.28e-01  1.25e-01   0.55
2007 03 11  0035   54170    2100  0  3.68e+02  2.47e+01  0  1.09e+03  1.84e+01  2.03e+00  3.12e-01  1.26e-01   0.63
2007 03 11  0040   54170    2400  0  4.00e+02  2.78e+01  0  1.12e+03  1.88e+01  2.49e+00  6.03e-01  1.69e-01   0.26
2007 03 11  0045   54170    2700  0  3.80e+02  2.04e+01  0  1.16e+03  1.90e+01  2.61e+00  6.33e-01  1.25e-01   0.23
2007 03 11  0050   54170    3000  0  4.52e+02  2.32e+01  0  1.16e+03  1.85e+01  2.10e+00  4.37e-01  1.27e-01   0.23
2007 03 11  0055   54170    3300  0  3.55e+02  2.32e+01  0  1.09e+03  1.85e+01  1.58e+00  5.80e-01  7.73e-02   0.26
2007 03 11  0100   54170    3600  0  4.54e+02  2.40e+01  0  1.25e+03  1.91e+01  2.23e+00  3.33e-01  1.58e-01   0.42
2007 03 11  0105   54170    3900  0  2.93e+02  2.01e+01  0  1.18e+03  2.32e+01  2.03e+00  5.82e-01  2.11e-01   0.43
2007 03 11  0110   54170    4200  0  3.14e+02  2.34e+01  0  1.12e+03  1.64e+01  1.97e+00  5.10e-01  1.34e-01   0.41
2007 03 11  0115   54170    4500  0  3.90e+02  2.90e+01  0  1.17e+03  2.04e+01  2.20e+00  6.03e-01  9.48e-02   0.11
2007 03 11  0120   54170    4800  0  3.41e+02  2.38e+01  0  1.16e+03  1.90e+01  2.10e+00  5.40e-01  1.58e-01   0.22
2007 03 11  0125   54170    5100  0  3.87e+02  2.47e+01  0  1.14e+03  1.99e+01  2.69e+00  6.86e-01  1.69e-01   0.20
2007 03 11  0130   54170    5400  0  3.81e+02  2.45e+01  0  1.11e+03  1.90e+01  2.20e+00  6.86e-01  9.48e-02   0.20
2007 03 11  0135   54170    5700  0  4.00e+02  2.02e+01  0  1.20e+03  2.33e+01  2.55e+00  6.48e-01  1.26e-01   0.48
2007 03 11  0140   54170    6000  0  4.13e+02  2.76e+01  0  1.14e+03  1.91e+01  2.37e+00  4.57e-01  1.55e-01   0.57
2007 03 11  0145   54170    6300  0  3.52e+02  2.28e+01  0  1.07e+03  2.17e+01  2.29e+00  4.99e-01  1.37e-01   0.52
2007 03 11  0150   54170    6600  0  5.24e+02  2.39e+01  0  1.18e+03  2.09e+01  1.92e+00  5.91e-01  1.93e-01   0.45
2007 03 11  0155   54170    6900  0  3.42e+02  2.60e+01  0  1.18e+03  2.04e+01  2.25e+00  5.72e-01  2.32e-01   0.24
2007 03 11  0200   54170    7200  0  4.74e+02  2.51e+01  0  1.13e+03  1.99e+01  2.33e+00  4.99e-01  1.79e-01   0.40
2007 03 11  0205   54170    7500  0  4.31e+02  2.25e+01  0  1.16e+03  2.05e+01  2.13e+00  7.24e-01  1.06e-01   0.16
2007 03 11  0210   54170    7800  0  4.21e+02  2.27e+01  0  1.17e+03  1.77e+01  1.92e+00  4.95e-01  1.26e-01   0.96
2007 03 11  0215   54170    8100  0  3.46e+02  2.11e+01  0  1.15e+03  1.76e+01  2.04e+00  4.95e-01  7.73e-02   0.21
2007 03 11  0220   54170    8400  0  3.79e+02  2.40e+01  0  1.07e+03  2.10e+01  2.26e+00  4.37e-01  1.16e-01   0.12
2007 03 11  0225   54170    8700  0  4.05e+02  2.32e+01  0  1.13e+03  1.70e+01  2.25e+00  5.72e-01  1.16e-01   0.43
2007 03 11  0230   54170    9000  0  3.42e+02  2.18e+01  0  1.15e+03  1.85e+01  2.46e+00  6.29e-01  1.45e-01   0.81
2007 03 11  0235   54170    9300  0  3.73e+02  2.45e+01  0  1.09e+03  1.71e+01  2.49e+00  3.74e-01  8.43e-02   1.06
2007 03 11  0240   54170    9600  0  4.94e+02  2.25e+01  0  1.12e+03  2.00e+01  2.19e+00  5.53e-01  9.48e-02   0.54
2007 03 11  0245   54170    9900  0  3.51e+02  2.27e+01  0  1.16e+03  1.94e+01  1.53e+00  5.53e-01  1.64e-01   0.12
2007 03 11  0250   54170   10200  0  3.30e+02  2.67e+01  0  1.13e+03  1.74e+01  2.46e+00  5.20e-01  1.37e-01   0.47
2007 03 11  0255   54170   10500  0  4.04e+02  2.50e+01  0  1.08e+03  1.77e+01  2.33e+00  5.28e-01  2.05e-01   0.11
2007 03 11  0300   54170   10800  0  4.22e+02  2.42e+01  0  1.18e+03  1.74e+01  1.97e+00  5.40e-01  1.16e-01   0.44
2007 03 11  0305   54170   11100  0  3.46e+02  2.11e+01  0  1.19e+03  1.87e+01  1.93e+00  5.61e-01  8.43e-02   0.64
2007 03 11  0310   54170   11400  0  3.73e+02  2.31e+01  0  1.13e+03  1.97e+01  2.50e+00  4.75e-01  1.87e-01   0.29
2007 03 11  0315   54170   11700  0  3.77e+02  2.11e+01  0  1.17e+03  1.90e+01  2.13e+00  7.28e-01  1.48e-01   0.42
2007 03 11  0320   54170   12000  0  3.19e+02  2.24e+01  0  1.19e+03  2.09e+01  2.20e+00  6.24e-01  1.37e-01   0.44
2007 03 11  0325   54170   12300  0  3.33e+02  2.39e+01  0  1.13e+03  2.03e+01  2.47e+00  4.75e-01  1.34e-01   0.37
2007 03 11  0330   54170   12600  0  4.02e+02  2.49e+01  0  1.07e+03  2.11e+01  2.20e+00  4.16e-01  1.47e-01   0.10
2007 03 11  0335   54170   12900  0  4.38e+02  2.49e+01  0  1.19e+03  2.04e+01  2.33e+00  5.10e-01  1.87e-01   0.67
2007 03 11  0340   54170   13200  0  3.13e+02  2.40e+01  0  1.11e+03  1.58e+01  2.29e+00  3.95e-01  1.29e-01   0.17
2007 03 11  0345   54170   13500  0  3.49e+02  2.38e+01  0  1.09e+03  1.96e+01  2.36e+00  4.16e-01  8.43e-02   0.50
2007 03 11  0350   54170   13800  0  3.91e+02  2.21e+01  0  1.20e+03  1.70e+01  2.36e+00  6.33e-01  1.07e-01   0.12
2007 03 11  0355   54170   14100  0  3.54e+02  2.25e+01  0  1.22e+03  2.07e+01  2.27e+00  3.59e-01  9.93e-02   0.08
2007 03 11  0400   54170   14400  9 -1.00e+05 -1.00e+05  9 -1.00e+05 -1.00e+05 -1.00e+05 -1.00e+05 -1.00e+05  -1.00
2007 03 11  0405   54170   14700  0  4.02e+02  2.35e+01  0  1.14e+03  2.14e+01  2.36e+00  5.63e-01  1.06e-01   0.38
2007 03 11  0410   54170   15000  0  3.70e+02  2.61e+01  0  1.12e+03  2.12e+01  1.97e+00  5.20e-01  2.00e-01   0.36
2007 03 11  0415   54170   15300  0  4.23e+02  2.25e+01  0  1.19e+03  1.68e+01  2.37e+00  4.00e-01  1.16e-01   0.11
2007 03 11  0420   54170   15600  0  3.09e+02  2.36e+01  0  1.04e+03  1.93e+01  2.13e+00  5.34e-01  1.64e-01   0.91
2007 03 11  0425   54170   15900  0  4.17e+02  2.55e+01  0  1.18e+03  2.15e+01  2.36e+00  4.99e-01  1.26e-01   0.40
2007 03 11  0430   54170   16200  0  3.72e+02  2.30e+01  0  1.10e+03  2.18e+01  2.37e+00  5.72e-01  1.35e-01   0.43
2007 03 11  0435   54170   16500  0  3.52e+02  2.25e+01  0  1.12e+03  1.83e+01  2.64e+00  5.91e-01  1.16e-01   0.21
2007 03 11  0440   54170   16800  0  4.26e+02  2.59e+01  0  1.20e+03  1.99e+01  2.52e+00  4.99e-01  1.16e-01   0.37
2007 03 11  0445   54170   17100  0  2.83e+02  2.39e+01  0  1.16e+03  1.98e+01  2.40e+00  5.34e-01  1.45e-01   0.40
2007 03 11  0450   54170   17400  0  3.01e+02  2.62e+01  0  1.15e+03  2.20e+01  2.19e+00  5.14e-01  1.26e-01   0.50
2007 03 11  0455   54170   17700  0  4.00e+02  2.05e+01  0  1.10e+03  1.95e+01  2.46e+00  7.43e-01  1.74e-01   0.25
2007 03 11  0500   54170   18000  0  4.56e+02  2.34e+01  0  1.17e+03  1.99e+01  1.70e+00  5.61e-01  1.69e-01   0.45
2007 03 11  0505   54170   18300  0  3.41e+02  2.55e+01  0  1.16e+03  1.79e+01  2.25e+00  4.57e-01  1.26e-01   0.78
2007 03 11  0510   54170   18600  0  3.52e+02  2.53e+01  0  1.09e+03  1.97e+01  2.58e+00  4.19e-01  1.16e-01   0.62
2007 03 11  0515   54170   18900  0  4.36e+02  2.30e+01  0  1.17e+03  1.75e+01  2.49e+00  4.57e-01  1.05e-01   0.63
2007 03 11  0520   54170   19200  0  3.46e+02  2.27e+01  0  1.15e+03  1.93e+01  2.19e+00  4.76e-01  8.69e-02   0.89
2007 03 11  0525   54170   19500  0  3.47e+02  2.69e+01  0  1.14e+03  2.05e+01  2.28e+00  4.19e-01  1.06e-01   0.90
2007 03 11  0530   54170   19800  0  4.74e+02  2.63e+01  0  1.13e+03  1.77e+01  2.06e+00  5.82e-01  1.85e-01   0.23
2007 03 11  0535   54170   20100  0  3.89e+02  2.47e+01  0  1.14e+03  1.54e+01  2.36e+00  7.21e-01  1.52e-01   0.21
2007 03 11  0540   54170   20400  0  3.55e+02  2.43e+01  0  1.13e+03  1.75e+01  2.13e+00  5.40e-01  1.58e-01   0.26
2007 03 11  0545   54170   20700  0  3.50e+02  2.55e+01  0  1.05e+03  1.84e+01  1.77e+00  5.61e-01  1.58e-01   0.21
2007 03 11  0550   54170   21000  0  4.17e+02  2.32e+01  0  1.16e+03  1.81e+01  2.72e+00  5.10e-01  1.43e-01   0.78
2007 03 11  0555   54170   21300  0  3.44e+02  2.42e+01  0  1.13e+03  1.85e+01  2.20e+00  5.82e-01  1.16e-01   0.33
2007 03 11  0600   54170   21600  0  3.41e+02  2.01e+01  0  1.09e+03  1.73e+01  2.16e+00  5.40e-01  1.16e-01   0.22
2007 03 11  0605   54170   21900  0  4.18e+02  2.78e+01  0  1.12e+03  1.68e+01  2.14e+00  6.68e-01  9.66e-02   0.19
2007 03 11  0610   54170   22200  0  3.30e+02  2.61e+01  0  1.13e+03  1.84e+01  2.29e+00  6.86e-01  1.58e-01   0.22
2007 03 11  0615   54170   22500  0  3.65e+02  2.32e+01  0  1.11e+03  1.98e+01  2.14e+00  5.28e-01  9.66e-02   0.43
2007 03 11  0620   54170   22800  0  3.45e+02  2.45e+01  0  1.09e+03  1.91e+01  2.16e+00  7.69e-01  1.58e-01   0.23
2007 03 11  0625   54170   23100  0  3.95e+02  2.63e+01  0  1.16e+03  1.81e+01  2.10e+00  4.37e-01  7.38e-02   0.92
2007 03 11  0630   54170   23400  0  3.42e+02  2.24e+01  0  1.22e+03  2.17e+01  2.52e+00  4.57e-01  1.16e-01   0.54
2007 03 11  0635   54170   23700  0  3.46e+02  2.24e+01  0  1.06e+03  1.68e+01  2.10e+00  6.03e-01  1.69e-01   0.76
2007 03 11  0640   54170   24000  0  4.31e+02  1.91e+01  0  1.19e+03  2.05e+01  2.82e+00  5.82e-01  1.48e-01   0.66
2007 03 11  0645   54170   24300  0  4.04e+02  2.44e+01  0  1.15e+03  1.85e+01  2.36e+00  5.10e-01  1.25e-01   0.70
2007 03 11  0650   54170   24600  0  3.73e+02  2.55e+01  0  1.14e+03  1.99e+01  1.90e+00  5.82e-01  8.43e-02   0.80
2007 03 11  0655   54170   24900  0  3.92e+02  2.16e+01  0  1.20e+03  2.23e+01  2.28e+00  4.19e-01  1.16e-01   0.44
2007 03 11  0700   54170   25200  0  3.95e+02  2.27e+01  0  1.17e+03  1.86e+01  2.76e+00  6.10e-01  1.35e-01   0.35
2007 03 11  0705   54170   25500  0  3.14e+02  2.28e+01  0  1.12e+03  2.07e+01  2.16e+00  7.28e-01  2.11e-01   0.77
2007 03 11  0710   54170   25800  0  3.37e+02  2.57e+01  0  1.06e+03  1.87e+01  2.07e+00  3.62e-01  1.74e-01   0.91
2007 03 11  0715   54170   26100  0  4.15e+02  2.57e+01  0  1.16e+03  2.21e+01  2.58e+00  6.48e-01  1.16e-01   0.25
2007 03 11  0720   54170   26400  0  3.05e+02  2.20e+01  0  1.13e+03  1.91e+01  2.79e+00  7.48e-01  9.48e-02   0.44
2007 03 11  0725   54170   26700  0  4.40e+02  2.69e+01  0  1.12e+03  1.86e+01  1.71e+00  5.34e-01  1.16e-01   0.33
2007 03 11  0730   54170   27000  0  3.82e+02  2.46e+01  0  1.11e+03  1.76e+01  2.64e+00  5.91e-01  2.03e-01   0.16
2007 03 11  0735   54170   27300  0  4.02e+02  2.46e+01  0  1.10e+03  1.82e+01  2.10e+00  4.57e-01  5.80e-02   0.16
2007 03 11  0740   54170   27600  0  3.39e+02  2.45e+01  0  1.16e+03  1.75e+01  2.52e+00  5.20e-01  1.16e-01   0.72
2007 03 11  0745   54170   27900  0  3.32e+02  1.74e+01  0  1.10e+03  1.65e+01  2.31e+00  7.24e-01  1.35e-01   0.16
2007 03 11  0750   54170   28200  0  3.54e+02  2.62e+01  0  1.19e+03  1.63e+01  2.55e+00  4.95e-01  1.55e-01   0.19
2007 03 11  0755   54170   28500  0  3.70e+02  2.45e+01  0  1.14e+03  1.87e+01  1.80e+00  3.95e-01  5.27e-02   0.52
2007 03 11  0800   54170   28800  0  3.57e+02  2.27e+01  0  1.09e+03  1.94e+01  2.07e+00  3.05e-01  1.47e-01   0.12
2007 03 11  0805   54170   29100  0  4.22e+02  2.23e+01  0  1.16e+03  1.95e+01  2.19e+00  4.57e-01  2.12e-01   0.73
2007 03 11  0810   54170   29400  0  3.57e+02  2.49e+01  0  1.14e+03  1.87e+01  2.20e+00  5.20e-01  1.26e-01   0.15
2007 03 11  0815   54170   29700  0  3.34e+02  2.26e+01  0  1.13e+03  1.54e+01  2.25e+00  4.75e-01  1.07e-01   0.14
2007 03 11  0820   54170   30000  0  3.50e+02  2.32e+01  0  1.08e+03  1.70e+01  2.39e+00  5.20e-01  6.32e-02   0.18
2007 03 11  0825   54170   30300  0  3.41e+02  2.49e+01  0  1.17e+03  1.94e+01  2.52e+00  4.16e-01  1.05e-01   0.85
2007 03 11  0830   54170   30600  0  3.69e+02  2.31e+01  0  1.15e+03  1.74e+01  2.75e+00  6.16e-01  1.52e-01   0.24
2007 03 11  0835   54170   30900  0  3.10e+02  2.44e+01  0  1.02e+03  1.58e+01  2.36e+00  6.86e-01  2.63e-01   0.20
2007 03 11  0840   54170   31200  0  4.92e+02  2.61e+01  0  1.18e+03  1.83e+01  1.77e+00  7.07e-01  1.26e-01   0.03
2007 03 11  0845   54170   31500  0  3.51e+02  2.70e+01  0  1.15e+03  1.74e+01  2.02e+00  6.16e-01  2.05e-01   0.53
2007 03 11  0850   54170   31800  0  3.45e+02  2.32e+01  0  1.14e+03  2.07e+01  2.00e+00  4.78e-01  1.79e-01   0.34
2007 03 11  0855   54170   32100  0  3.68e+02  2.65e+01  0  1.10e+03  1.98e+01  2.08e+00  5.80e-01  1.25e-01   0.62
2007 03 11  0900   54170   32400  0  4.04e+02  2.55e+01  0  1.10e+03  1.57e+01  1.87e+00  7.48e-01  1.58e-01   0.39
2007 03 11  0905   54170   32700  0  3.26e+02  2.69e+01  0  1.19e+03  1.63e+01  2.03e+00  5.40e-01  1.48e-01   0.17
2007 03 11  0910   54170   33000  0  4.13e+02  2.29e+01  0  1.03e+03  1.93e+01  2.19e+00  5.28e-01  1.45e-01   0.34
2007 03 11  0915   54170   33300  0  3.81e+02  2.38e+01  0  1.15e+03  1.50e+01  2.52e+00  4.57e-01  1.37e-01   0.30
2007 03 11  0920   54170   33600  0  3.10e+02  2.44e+01  0  1.12e+03  1.66e+01  1.77e+00  4.57e-01  1.79e-01   0.17
2007 03 11  0925   54170   33900  0  3.50e+02  2.39e+01  0  1.11e+03  1.85e+01  2.44e+00  4.57e-01  1.43e-01   0.52
2007 03 11  0930   54170   34200  0  3.91e+02  2.47e+01  0  1.19e+03  1.89e+01  2.16e+00  5.40e-01  9.48e-02   0.50
2007 03 11  0935   54170   34500  0  3.16e+02  2.27e+01  0  1.17e+03  1.64e+01  2.43e+00  4.38e-01  1.26e-01   0.59
2007 03 11  0940   54170   34800  0  2.67e+02  2.21e+01  0  1.10e+03  1.84e+01  2.46e+00  5.53e-01  4.64e-02   0.56
2007 03 11  0945   54170   35100  0  3.25e+02  2.28e+01  0  1.04e+03  1.75e+01  1.80e+00  5.40e-01  7.38e-02   0.13
2007 03 11  0950   54170   35400  0  3.88e+02  2.50e+01  0  1.24e+03  1.71e+01  2.31e+00  5.53e-01  2.32e-02   0.24
2007 03 11  0955   54170   35700  0  3.12e+02  2.27e+01  0  1.24e+03  1.84e+01  1.95e+00  4.76e-01  1.26e-01   0.90
2007 03 11  1000   54170   36000  0  3.26e+02  2.53e+01  0  1.07e+03  1.95e+01  1.97e+00  6.44e-01  1.16e-01   0.40
2007 03 11  1005   54170   36300  0  4.09e+02  2.02e+01  0  1.16e+03  1.57e+01  1.83e+00  6.10e-01  1.35e-01   0.18
2007 03 11  1010   54170   36600  0  3.29e+02  2.59e+01  0  1.16e+03  1.93e+01  2.52e+00  4.76e-01  1.35e-01   0.72
2007 03 11  1015   54170   36900  0  3.54e+02  2.39e+01  0  1.13e+03  1.68e+01  2.31e+00  7.62e-01  2.32e-01   0.66
2007 03 11  1020   54170   37200  0  3.82e+02  2.65e+01  0  1.13e+03  1.68e+01  2.10e+00  2.91e-01  9.48e-02   0.65
2007 03 11  1025   54170   37500  0  3.74e+02  2.04e+01  0  1.20e+03  1.78e+01  2.25e+00  5.34e-01  7.73e-02   0.33
2007 03 11  1030   54170   37800  0  3.26e+02  2.11e+01  0  1.13e+03  1.66e+01  2.52e+00  6.67e-01  1.16e-01   0.58
2007 03 11  1035   54170   38100  0  3.37e+02  2.20e+01  0  1.02e+03  1.92e+01  2.23e+00  4.16e-01  2.00e-01   0.30
2007 03 11  1040   54170   38400  0  4.06e+02  1.98e+01  0  1.16e+03  1.92e+01  1.74e+00  5.34e-01  1.35e-01   0.45
2007 03 11  1045   54170   38700  0  3.12e+02  2.89e+01  0  1.22e+03  1.50e+01  2.40e+00  6.10e-01  1.55e-01   0.43
2007 03 11  1050   54170   39000  0  3.47e+02  2.53e+01  0  1.08e+03  2.00e+01  1.90e+00  5.20e-01  1.05e-01   0.11
2007 03 11  1055   54170   39300  0  4.30e+02  2.08e+01  0  1.13e+03  1.81e+01  2.36e+00  6.86e-01  1.43e-01   0.39
2007 03 11  1100   54170   39600  0  4.90e+02  2.47e+01  0  1.15e+03  1.81e+01  2.46e+00  5.40e-01  1.03e-01   0.31
2007 03 11  1105   54170   39900  0  3.51e+02  2.07e+01  0  1.17e+03  1.87e+01  2.43e+00  4.57e-01  9.01e-02   0.72
2007 03 11  1110   54170   40200  0  3.68e+02  2.17e+01  0  1.07e+03  1.82e+01  2.27e+00  5.98e-01  1.60e-01   0.10
2007 03 11  1115   54170   40500  0  3.70e+02  2.74e+01  0  1.16e+03  1.78e+01  1.54e+00  6.44e-01  9.48e-02   0.13
2007 03 11  1120   54170   40800  0  3.45e+02  2.51e+01  0  1.14e+03  2.01e+01  2.49e+00  6.24e-01  1.16e-01   0.14
2007 03 11  1125   54170   41100  0  3.46e+02  2.32e+01  0  1.08e+03  1.83e+01  2.33e+00  5.98e-01  1.16e-01   0.28
2007 03 11  1130   54170   41400  0  4.55e+02  2.36e+01  0  1.18e+03  1.90e+01  2.62e+00  5.20e-01  1.48e-01   0.25
2007 03 11  1135   54170   41700  0  3.63e+02  2.40e+01  0  1.17e+03  1.59e+01  2.11e+00  6.86e-01  1.87e-01   0.28
2007 03 11  1140   54170   42000  0  3.12e+02  2.20e+01  0  1.13e+03  1.91e+01  1.70e+00  5.82e-01  1.48e-01   0.16
2007 03 11  1145   54170   42300  0  3.59e+02  2.09e+01  0  1.13e+03  1.79e+01  2.56e+00  6.44e-01  1.26e-01   0.25
2007 03 11  1150   54170   42600  0  3.92e+02  2.24e+01  0  1.20e+03  2.08e+01  1.97e+00  5.63e-01  1.52e-01   0.05
2007 03 11  1155   54170   42900  0  3.61e+02  2.84e+01  0  1.16e+03  1.86e+01  2.03e+00  4.78e-01  1.37e-01   0.57
2007 03 11  1200   54170   43200  0  3.57e+02  2.53e+01  0  1.08e+03  2.14e+01  1.93e+00  4.78e-01  1.48e-01   0.46
2007 03 11  1205   54170   43500  0  4.06e+02  2.37e+01  0  1.16e+03  1.88e+01  2.47e+00  5.80e-01  1.25e-01   0.17
2007 03 11  1210   54170   43800  0  3.25e+02  2.13e+01  0  1.15e+03  1.85e+01  2.26e+00  5.40e-01  1.05e-01   0.57
2007 03 11  1215   54170   44100  0  3.60e+02  2.59e+01  0  1.13e+03  1.71e+01  1.98e+00  5.14e-01  1.45e-01   0.63
2007 03 11  1220   54170   44400  0  3.48e+02  2.23e+01  0  1.15e+03  1.89e+01  2.40e+00  4.76e-01  1.74e-01   0.55
2007 03 11  1225   54170   44700  0  3.19e+02  2.45e+01  0  1.12e+03  1.75e+01  2.13e+00  4.78e-01  1.79e-01   0.44
2007 03 11  1230   54170   45000  0  4.35e+02  2.46e+01  0  1.13e+03  1.87e+01  1.92e+00  5.34e-01  1.93e-01   0.62
2007 03 11  1235   54170   45300  0  3.54e+02  2.55e+01  0  1.07e+03  1.77e+01  1.95e+00  5.91e-01  1.55e-01   0.33
2007 03 11  1240   54170   45600  0  4.47e+02  2.36e+01  0  1.19e+03  1.79e+01  2.43e+00  4.99e-01  1.48e-01   0.20
2007 03 11  1245   54170   45900  0  3.79e+02  2.18e+01  0  1.16e+03  1.92e+01  2.22e+00  3.43e-01  1.26e-01   0.31
2007 03 11  1250   54170   46200  0  3.77e+02  2.18e+01  0  1.13e+03  1.69e+01  2.28e+00  4.95e-01  1.74e-01   0.76
2007 03 11  1255   54170   46500  0  4.99e+02  2.11e+01  0  1.17e+03  2.04e+01  2.10e+00  5.53e-01  1.35e-01   0.45
2007 03 11  1300   54170   46800  0  3.44e+02  2.32e+01  0  1.18e+03  1.86e+01  1.90e+00  4.78e-01  1.37e-01   0.66
2007 03 11  1305   54170   47100  0  3.45e+02  2.57e+01  0  1.10e+03  1.81e+01  1.98e+00  5.53e-01  1.26e-01   0.62
2007 03 11  1310   54170   47400  0  4.24e+02  2.78e+01  0  1.10e+03  1.81e+01  1.95e+00  4.76e-01  1.06e-01   0.34
2007 03 11  1315   54170   47700  0  3.42e+02  2.49e+01  0  1.16e+03  1.88e+01  2.20e+00  5.40e-01  1.16e-01   0.17
2007 03 11  1320   54170   48000  0  4.22e+02  2.37e+01  0  1.15e+03  2.20e+01  2.40e+00  5.53e-01  1.16e-01   0.26
2007 03 11  1325   54170   48300  0  3.44e+02  2.64e+01  0  1.05e+03  2.15e+01  2.04e+00  6.67e-01  9.66e-02   0.33
2007 03 11  1330   54170   48600  0  4.11e+02  2.38e+01  0  1.17e+03  1.87e+01  2.49e+00  6.86e-01  2.11e-01   0.45
2007 03 11  1335   54170   48900  0  3.66e+02  2.39e+01  0  1.13e+03  1.99e+01  2.08e+00  4.40e-01  1.52e-01   0.68
2007 03 11  1340   54170   49200  0  3.45e+02  2.38e+01  0  1.15e+03  1.99e+01  2.75e+00  5.61e-01  9.48e-02   0.62
2007 03 11  1345   54170   49500  0  3.97e+02  2.30e+01  0  1.20e+03  1.77e+01  2.36e+00  6.44e-01  9.48e-02   0.18
2007 03 11  1350   54170   49800  0  3.30e+02  2.83e+01  0  1.15e+03  1.81e+01  2.47e+00  5.80e-01  1.07e-01   0.45
2007 03 11  1355   54170   50100  0  3.57e+02  2.28e+01  0  1.17e+03  2.08e+01  2.52e+00  5.20e-01  5.80e-02   0.21
2007 03 11  1400   54170   50400  0  3.55e+02  2.38e+01  0  1.06e+03  1.81e+01  2.51e+00  5.38e-01  1.26e-01   0.60
2007 03 11  1405   54170   50700  0  4.52e+02  2.28e+01  0  1.20e+03  2.19e+01  2.03e+00  4.99e-01  1.58e-01   0.49
2007 03 11  1410   54170   51000  0  3.65e+02  2.44e+01  0  1.14e+03  1.96e+01  1.86e+00  6.29e-01  1.74e-01   0.43
2007 03 11  1415   54170   51300  0  3.54e+02  2.36e+01  0  1.07e+03  1.86e+01  2.58e+00  6.48e-01  1.06e-01   0.06
2007 03 11  1420   54170   51600  0  4.38e+02  2.24e+01  0  1.17e+03  1.99e+01  2.13e+00  4.16e-01  1.58e-01   0.61
2007 03 11  1425   54170   51900  0  3.94e+02  2.21e+01  0  1.11e+03  2.10e+01  1.77e+00  4.57e-01  1.45e-01   0.79
2007 03 11  1430   54170   52200  0  3.95e+02  2.34e+01  0  1.16e+03  2.01e+01  2.13e+00  8.19e-01  1.55e-01   0.31
2007 03 11  1435   54170   52500  0  3.72e+02  2.30e+01  0  1.11e+03  2.00e+01  2.37e+00  6.10e-01  1.64e-01   0.48
2007 03 11  1440   54170   52800  0  3.84e+02  2.32e+01  0  1.13e+03  1.86e+01  1.84e+00  4.99e-01  1.26e-01   0.48
2007 03 11  1445   54170   53100  0  3.72e+02  2.22e+01  0  1.15e+03  1.97e+01  2.36e+00  2.29e-01  1.58e-01   0.86
2007 03 11  1450   54170   53400  0  4.15e+02  2.57e+01  0  1.06e+03  2.32e+01  2.07e+00  6.94e-01  1.68e-01   0.23
2007 03 11  1455   54170   53700  0  3.66e+02  2.49e+01  0  1.19e+03  2.04e+01  2.10e+00  4.78e-01  1.16e-01   0.42
2007 03 11  1500   54170   54000  0  3.51e+02  2.13e+01  0  1.22e+03  2.05e+01  2.01e+00  4.76e-01  1.55e-01   0.10
2007 03 11  1505   54170   54300  0  3.59e+02  2.29e+01  0  1.12e+03  2.14e+01  2.52e+00  6.67e-01  1.16e-01   0.25
2007 03 11  1510   54170   54600  0  4.60e+02  2.57e+01  0  1.12e+03  2.25e+01  2.52e+00  5.61e-01  1.58e-01   0.52
2007 03 11  1515   54170   54900  0  4.41e+02  2.62e+01  0  1.16e+03  1.83e+01  2.33e+00  5.98e-01  1.69e-01   0.04
2007 03 11  1520   54170   55200  0  4.04e+02  2.13e+01  0  1.16e+03  1.87e+01  2.56e+00  6.24e-01  9.48e-02   0.63
2007 03 11  1525   54170   55500  0  3.95e+02  2.72e+01  0  1.04e+03  2.04e+01  1.97e+00  5.40e-01  1.58e-01   0.13
2007 03 11  1530   54170   55800  0  5.17e+02  2.96e+01  0  1.16e+03  1.72e+01  2.30e+00  5.98e-01  1.16e-01   0.35
2007 03 11  1535   54170   56100  0  4.31e+02  2.55e+01  0  1.17e+03  1.71e+01  2.56e+00  3.33e-01  7.38e-02   0.62
2007 03 11  1540   54170   56400  0  3.32e+02  2.15e+01  0  1.10e+03  1.96e+01  2.43e+00  5.40e-01  1.37e-01   0.60
2007 03 11  1545   54170   56700  0  4.53e+02  2.16e+01  0  1.10e+03  1.96e+01  2.22e+00  5.45e-01  1.60e-01   0.21
2007 03 11  1550   54170   57000  0  3.69e+02  2.09e+01  0  1.14e+03  1.67e+01  2.33e+00  4.99e-01  9.27e-02   0.40
2007 03 11  1555   54170   57300  0  3.55e+02  2.34e+01  0  1.14e+03  1.66e+01  1.58e+00  5.45e-01  9.81e-02   0.18
2007 03 11  1600   54170   57600  0  4.73e+02  2.59e+01  0  1.09e+03  1.99e+01  2.23e+00  4.16e-01  1.16e-01   0.29
2007 03 11  1605   54170   57900  0  4.69e+02  2.07e+01  0  1.16e+03  1.91e+01  2.43e+00  6.86e-01  8.43e-02   0.96
2007 03 11  1610   54170   58200  0  4.17e+02  2.52e+01  0  1.16e+03  1.69e+01  2.41e+00  5.63e-01  8.91e-02   0.67
2007 03 11  1615   54170   58500  0  3.49e+02  2.42e+01  0  1.10e+03  1.97e+01  2.36e+00  4.78e-01  7.38e-02   0.22
2007 03 11  1620   54170   58800  0  4.44e+02  2.36e+01  0  1.17e+03  1.67e+01  2.36e+00  6.03e-01  1.16e-01   0.28
2007 03 11  1625   54170   59100  0  4.20e+02  2.34e+01  0  1.15e+03  1.62e+01  2.22e+00  4.57e-01  9.48e-02   0.47
2007 03 11  1630   54170   59400  0  3.46e+02  2.22e+01  0  1.21e+03  1.56e+01  2.16e+00  4.37e-01  9.48e-02   0.70
2007 03 11  1635   54170   59700  0  3.90e+02  2.75e+01  0  1.13e+03  1.68e+01  2.52e+00  5.53e-01  1.45e-01   0.43
2007 03 11  1640   54170   60000  0  4.05e+02  2.78e+01  0  1.14e+03  1.86e+01  2.07e+00  6.29e-01  1.16e-01   0.27
2007 03 11  1645   54170   60300  0  3.87e+02  2.47e+01  0  1.12e+03  1.84e+01  1.93e+00  5.82e-01  1.27e-01   0.26
2007 03 11  1650   54170   60600  0  3.54e+02  2.27e+01  0  1.10e+03  1.67e+01  1.80e+00  5.91e-01  1.26e-01   0.21
2007 03 11  1655   54170   60900  0  4.81e+02  2.34e+01  0  1.07e+03  1.73e+01  1.77e+00  3.81e-01  1.74e-01   0.49
2007 03 11  1700   54170   61200  0  4.46e+02  2.51e+01  0  1.16e+03  1.88e+01  2.36e+00  4.57e-01  8.43e-02   0.37
2007 03 11  1705   54170   61500  0  4.27e+02  2.48e+01  0  1.14e+03  1.79e+01  2.13e+00  4.38e-01  1.35e-01   0.97
2007 03 11  1710   54170   61800  0  4.73e+02  2.43e+01  0  1.18e+03  1.82e+01  2.70e+00  5.91e-01  8.43e-02   0.56
2007 03 11  1715   54170   62100  0  4.08e+02  2.80e+01  0  1.13e+03  1.95e+01  2.01e+00  3.43e-01  1.83e-01   0.29
2007 03 11  1720   54170   62400  0  3.70e+02  2.15e+01  0  1.15e+03  2.02e+01  2.39e+00  4.99e-01  1.05e-01   0.60
2007 03 11  1725   54170   62700  0  3.94e+02  2.94e+01  0  1.09e+03  1.95e+01  2.04e+00  7.05e-01  1.06e-01   0.63
2007 03 11  1730   54170   63000  0  4.73e+02  2.76e+01  0  1.20e+03  2.10e+01  2.22e+00  6.29e-01  1.93e-01   0.49
2007 03 11  1735   54170   63300  0  3.86e+02  2.26e+01  0  1.12e+03  1.85e+01  2.46e+00  5.61e-01  2.32e-01   0.52
2007 03 11  1740   54170   63600  0  4.00e+02  2.78e+01  0  1.16e+03  1.92e+01  1.92e+00  5.91e-01  1.16e-01   0.32
2007 03 11  1745   54170   63900  0  4.38e+02  2.32e+01  0  1.19e+03  2.01e+01  1.89e+00  6.48e-01  9.66e-02   0.51
2007 03 11  1750   54170   64200  0  4.02e+02  2.22e+01  0  1.16e+03  1.84e+01  2.19e+00  5.20e-01  1.51e-01   0.45
2007 03 11  1755   54170   64500  0  4.41e+02  2.16e+01  0  1.24e+03  2.17e+01  1.91e+00  4.75e-01  7.73e-02   0.15
2007 03 11  1800   54170   64800  0  4.92e+02  2.15e+01  0  1.13e+03  1.56e+01  1.84e+00  5.82e-01  1.69e-01   0.59
2007 03 11  1805   54170   65100  0  4.04e+02  2.82e+01  0  1.16e+03  1.28e+01  2.20e+00  4.57e-01  2.11e-01   0.47
2007 03 11  1810   54170   65400  0  3.86e+02  2.17e+01  0  1.18e+03  1.83e+01  2.16e+00  4.93e-01  1.25e-01   0.43
2007 03 11  1815   54170   65700  0  3.52e+02  2.55e+01  0  1.08e+03  1.88e+01  1.97e+00  4.78e-01  9.48e-02   0.36
2007 03 11  1820   54170   66000  0  4.36e+02  2.36e+01  0  1.16e+03  1.73e+01  2.46e+00  3.74e-01  1.26e-01   0.30
2007 03 11  1825   54170   66300  0  3.86e+02  2.35e+01  0  1.15e+03  1.85e+01  2.11e+00  5.03e-01  1.52e-01   0.38
2007 03 11  1830   54170   66600  0  3.57e+02  2.24e+01  0  1.10e+03  1.75e+01  2.23e+00  4.16e-01  1.26e-01   0.33
2007 03 11  1835   54170   66900  0  4.84e+02  2.50e+01  0  1.16e+03  1.89e+01  2.58e+00  7.39e-01  1.60e-01   0.43
2007 03 11  1840   54170   67200  0  3.91e+02  2.16e+01  0  1.09e+03  1.76e+01  2.29e+00  4.78e-01  1.37e-01   0.30
2007 03 11  1845   54170   67500  0  3.85e+02  2.51e+01  0  1.11e+03  1.77e+01  2.26e+00  6.44e-01  8.43e-02   0.34
2007 03 11  1850   54170   67800  0  4.09e+02  2.31e+01  0  1.08e+03  1.37e+01  1.89e+00  8.79e-01  1.43e-01   0.60
2007 03 11  1855   54170   68100  0  5.65e+02  2.72e+01  0  1.15e+03  1.70e+01  2.10e+00  3.53e-01  1.05e-01   0.63
2007 03 11  1900   54170   68400  0  4.27e+02  2.53e+01  0  1.19e+03  1.76e+01  2.16e+00  5.82e-01  7.38e-02   0.69
2007 03 11  1905   54170   68700  0  4.12e+02  2.39e+01  0  1.10e+03  1.56e+01  2.08e+00  4.57e-01  8.92e-02   0.10
2007 03 11  1910   54170   69000  0  4.52e+02  2.15e+01  0  1.17e+03  1.80e+01  2.03e+00  6.86e-01  1.90e-01   0.13
2007 03 11  1915   54170   69300  0  3.97e+02  2.23e+01  0  1.18e+03  1.74e+01  2.07e+00  4.95e-01  1.83e-01   0.21
2007 03 11  1920   54170   69600  0  4.05e+02  2.41e+01  0  1.07e+03  1.58e+01  1.86e+00  6.86e-01  1.45e-01   0.31
2007 03 11  1925   54170   69900  0  4.37e+02  2.36e+01  0  1.10e+03  1.60e+01  2.26e+00  6.24e-01  1.26e-01   0.45
2007 03 11  1930   54170   70200  0  5.24e+02  2.46e+01  0  1.14e+03  1.81e+01  2.25e+00  6.10e-01  1.35e-01   0.46
2007 03 11  1935   54170   70500  0  4.41e+02  2.18e+01  0  1.16e+03  2.05e+01  1.47e+00  6.48e-01  1.74e-01   0.52
2007 03 11  1940   54170   70800  0  3.91e+02  2.15e+01  0  1.14e+03  1.58e+01  2.33e+00  5.61e-01  1.16e-01   0.44
2007 03 11  1945   54170   71100  0  5.75e+02  2.59e+01  0  1.16e+03  1.74e+01  2.10e+00  7.24e-01  1.16e-01   0.31
2007 03 11  1950   54170   71400  9 -1.00e+05 -1.00e+05  9 -1.00e+05 -1.00e+05 -1.00e+05 -1.00e+05 -1.00e+05  -1.00
2007 03 11  1955   54170   71700  0  4.29e+02  2.66e+01  0  1.17e+03  1.58e+01  1.92e+00  5.91e-01  1.16e-01   0.16
2007 03 11  2000   54170   72000  0  4.94e+02  2.09e+01  0  1.13e+03  1.77e+01  1.97e+00  5.40e-01  9.27e-02   0.27
2007 03 11  2005   54170   72300  0  4.70e+02  2.64e+01  0  1.18e+03  1.96e+01  2.04e+00  4.00e-01  1.16e-01   0.17
2007 03 11  2010   54170   72600  0  3.94e+02  2.41e+01  0  1.16e+03  1.83e+01  1.92e+00  4.76e-01  9.66e-02   0.15
2007 03 11  2015   54170   72900  0  3.86e+02  2.78e+01  0  1.04e+03  1.64e+01  1.87e+00  5.20e-01  1.16e-01   0.23
2007 03 11  2020   54170   73200  0  5.24e+02  2.55e+01  0  1.14e+03  1.67e+01  2.22e+00  4.38e-01  1.45e-01   0.63
2007 03 11  2025   54170   73500  0  4.25e+02  2.32e+01  0  1.19e+03  1.73e+01  1.68e+00  5.14e-01  1.74e-01   0.28
2007 03 11  2030   54170   73800  0  3.61e+02  2.22e+01  0  1.12e+03  1.61e+01  2.20e+00  5.20e-01  1.16e-01   0.73
2007 03 11  2035   54170   74100  0  5.33e+02  2.65e+01  0  1.13e+03  1.94e+01  1.66e+00  6.51e-01  1.52e-01   0.38
2007 03 11  2040   54170   74400  0  3.75e+02  2.26e+01  0  1.14e+03  1.90e+01  2.13e+00  4.78e-01  1.05e-01   0.24
2007 03 11  2045   54170   74700  0  4.00e+02  2.45e+01  0  1.21e+03  1.85e+01  2.29e+00  7.07e-01  7.38e-02   0.61
2007 03 11  2050   54170   75000  0  4.66e+02  2.47e+01  0  1.10e+03  1.83e+01  2.44e+00  8.44e-01  5.80e-02   0.09
2007 03 11  2055   54170   75300  0  4.14e+02  2.38e+01  0  1.23e+03  1.77e+01  2.00e+00  6.65e-01  9.27e-02   0.25
2007 03 11  2100   54170   75600  0  4.06e+02  2.09e+01  0  1.18e+03  1.42e+01  2.39e+00  4.37e-01  1.37e-01   0.08
2007 03 11  2105   54170   75900  0  4.02e+02  2.42e+01  0  1.12e+03  1.69e+01  2.61e+00  4.57e-01  1.07e-01   0.38
2007 03 11  2110   54170   76200  0  5.14e+02  2.36e+01  0  1.24e+03  1.45e+01  2.03e+00  4.57e-01  1.26e-01   0.40
2007 03 11  2115   54170   76500  0  4.07e+02  2.71e+01  0  1.16e+03  1.61e+01  1.97e+00  5.80e-01  1.69e-01   0.63
2007 03 11  2120   54170   76800  0  3.88e+02  2.34e+01  0  1.19e+03  1.67e+01  2.13e+00  5.40e-01  1.16e-01   0.49
2007 03 11  2125   54170   77100  0  4.82e+02  2.84e+01  0  1.07e+03  1.65e+01  2.07e+00  4.78e-01  1.69e-01   0.06
2007 03 11  2130   54170   77400  0  4.27e+02  2.16e+01  0  1.20e+03  1.99e+01  2.36e+00  4.57e-01  1.25e-01   0.26
2007 03 11  2135   54170   77700  0  3.95e+02  2.01e+01  0  1.13e+03  1.66e+01  2.16e+00  4.57e-01  1.79e-01   0.31
2007 03 11  2140   54170   78000  0  4.38e+02  2.45e+01  0  1.04e+03  1.76e+01  1.44e+00  5.20e-01  9.48e-02   0.48
2007 03 11  2145   54170   78300  0  4.40e+02  2.52e+01  0  1.20e+03  1.76e+01  2.11e+00  8.09e-01  1.34e-01   0.07
2007 03 11  2150   54170   78600  0  4.54e+02  2.13e+01  0  1.17e+03  1.84e+01  2.46e+00  4.78e-01  1.69e-01   0.33
2007 03 11  2155   54170   78900  0  4.00e+02  2.27e+01  0  1.12e+03  1.76e+01  2.52e+00  3.43e-01  1.06e-01   0.35
2007 03 11  2200   54170   79200  0  5.01e+02  2.52e+01  0  1.19e+03  2.09e+01  1.83e+00  6.48e-01  1.45e-01   0.15
2007 03 11  2205   54170   79500  0  4.42e+02  2.57e+01  0  1.22e+03  2.01e+01  2.20e+00  3.74e-01  1.79e-01   0.40
2007 03 11  2210   54170   79800  0  3.59e+02  2.32e+01  0  1.17e+03  1.75e+01  2.52e+00  4.57e-01  1.06e-01   0.04
2007 03 11  2215   54170   80100  0  4.12e+02  2.23e+01  0  1.11e+03  1.85e+01  1.73e+00  5.72e-01  8.11e-02   0.87
2007 03 11  2220   54170   80400  0  4.58e+02  2.63e+01  0  1.11e+03  1.88e+01  2.12e+00  8.94e-01  4.21e-02   0.31
2007 03 11  2225   54170   80700  0  4.10e+02  2.43e+01  0  1.18e+03  1.66e+01  2.49e+00  4.76e-01  1.55e-01   0.34
2007 03 11  2230   54170   81000  0  3.79e+02  2.30e+01  0  1.15e+03  1.96e+01  1.95e+00  4.00e-01  1.35e-01   0.22
2007 03 11  2235   54170   81300  0  4.73e+02  2.82e+01  0  1.21e+03  1.71e+01  2.10e+00  5.53e-01  1.74e-01   0.18
2007 03 11  2240   54170   81600  0  4.02e+02  2.49e+01  0  1.15e+03  1.49e+01  2.29e+00  6.24e-01  1.16e-01   0.36
2007 03 11  2245   54170   81900  0  4.20e+02  2.29e+01  0  1.10e+03  1.70e+01  1.98e+00  5.34e-01  1.06e-01   0.57
2007 03 11  2250   54170   82200  0  5.05e+02  2.29e+01  0  1.10e+03  1.70e+01  2.55e+00  5.53e-01  1.48e-01   0.53
2007 03 11  2255   54170   82500  0  4.92e+02  2.09e+01  0  1.26e+03  1.56e+01  1.90e+00  5.82e-01  1.16e-01   0.12
2007 03 11  2300   54170   82800  0  4.64e+02  2.36e+01  0  1.19e+03  1.78e+01  2.16e+00  6.29e-01  8.69e-02   0.21
2007 03 11  2305   54170   83100  0  4.09e+02  2.57e+01  0  1.11e+03  1.78e+01  1.32e+00  4.57e-01  9.66e-02   0.36
2007 03 11  2310   54170   83400  0  4.67e+02  2.09e+01  0  1.11e+03  1.83e+01  2.75e+00  6.24e-01  1.58e-01   0.22
2007 03 11  2315   54170   83700  0  4.08e+02  2.30e+01  0  1.14e+03  1.85e+01  2.16e+00  6.41e-01  2.01e-01   0.41
2007 03 11  2320   54170   84000  0  4.29e+02  2.65e+01  0  1.17e+03  1.75e+01  2.27e+00  4.99e-01  1.48e-01   0.55
2007 03 11  2325   54170   84300  0  3.97e+02  2.36e+01  0  1.12e+03  1.66e+01  2.98e+00  4.99e-01  7.38e-02   0.10
2007 03 11  2330   54170   84600  0  4.21e+02  2.85e+01  0  1.19e+03  1.99e+01  2.47e+00  5.28e-01  8.02e-02   0.40
2007 03 11  2335   54170   84900  0  4.12e+02  2.62e+01  0  1.20e+03  1.97e+01  1.63e+00  7.89e-01  5.80e-02   0.73
2007 03 11  2340   54170   85200  0  3.51e+02  2.38e+01  0  1.06e+03  1.59e+01  2.03e+00  5.82e-01  8.11e-02   0.67
2007 03 11  2345   54170   85500  0  4.61e+02  2.16e+01  0  1.22e+03  1.62e+01  2.41e+00  7.21e-01  9.81e-02   0.15
2007 03 11  2350   54170   85800  0  5.10e+02  2.61e+01  0  1.16e+03  1.73e+01  1.84e+00  5.20e-01  1.79e-01   0.35
2007 03 11  2355   54170   86100  0  3.71e+02  2.13e+01  0  1.07e+03  1.53e+01  2.25e+00  4.40e-01  6.24e-02   0.29
