:Data_list: 20070712_ace_sis_5m.txt
:Created: 2007 Jul 13 0011 UT
# Prepared by the U.S. Dept. of Commerce, NOAA, Space Environment Center.
# Please send comments and suggestions to SEC.Webmaster@noaa.gov 
# 
# Units: proton flux p/cs2-sec-ster
# Status(S): 0 = nominal data, 1 to 8 = bad data record, 9 = no data
# Missing data values: -1.00e+05
# Source: ACE Satellite - Solar Isotope Spectrometer
#
# 5-minute averaged Real-time Integral Flux of High-energy Solar Protons
# 
#                 Modified Seconds
# UT Date   Time   Julian  of the      ---- Integral Proton Flux ----
# YR MO DA  HHMM     Day     Day       S    > 10 MeV    S    > 30 MeV
#--------------------------------------------------------------------
2007 07 12  0000    54293       0      0    1.91e+00    0    1.32e+00
2007 07 12  0005    54293     300      0    1.86e+00    0    1.29e+00
2007 07 12  0010    54293     600      0    1.83e+00    0    1.28e+00
2007 07 12  0015    54293     900      0    1.83e+00    0    1.29e+00
2007 07 12  0020    54293    1200      0    1.88e+00    0    1.32e+00
2007 07 12  0025    54293    1500      0    1.90e+00    0    1.32e+00
2007 07 12  0030    54293    1800      0    1.86e+00    0    1.29e+00
2007 07 12  0035    54293    2100      0    1.88e+00    0    1.31e+00
2007 07 12  0040    54293    2400      0    1.89e+00    0    1.33e+00
2007 07 12  0045    54293    2700      0    1.88e+00    0    1.32e+00
2007 07 12  0050    54293    3000      0    1.87e+00    0    1.31e+00
2007 07 12  0055    54293    3300      0    1.91e+00    0    1.35e+00
2007 07 12  0100    54293    3600      0    1.86e+00    0    1.32e+00
2007 07 12  0105    54293    3900      0    1.87e+00    0    1.30e+00
2007 07 12  0110    54293    4200      0    1.87e+00    0    1.31e+00
2007 07 12  0115    54293    4500      0    1.88e+00    0    1.31e+00
2007 07 12  0120    54293    4800      0    1.86e+00    0    1.30e+00
2007 07 12  0125    54293    5100      0    1.83e+00    0    1.28e+00
2007 07 12  0130    54293    5400      0    1.87e+00    0    1.30e+00
2007 07 12  0135    54293    5700      0    1.93e+00    0    1.35e+00
2007 07 12  0140    54293    6000      0    1.86e+00    0    1.30e+00
2007 07 12  0145    54293    6300      0    1.86e+00    0    1.30e+00
2007 07 12  0150    54293    6600      0    1.86e+00    0    1.29e+00
2007 07 12  0155    54293    6900      0    1.87e+00    0    1.30e+00
2007 07 12  0200    54293    7200      0    1.87e+00    0    1.30e+00
2007 07 12  0205    54293    7500      0    1.91e+00    0    1.33e+00
2007 07 12  0210    54293    7800      0    1.91e+00    0    1.33e+00
2007 07 12  0215    54293    8100      0    1.87e+00    0    1.30e+00
2007 07 12  0220    54293    8400      0    1.86e+00    0    1.30e+00
2007 07 12  0225    54293    8700      0    1.90e+00    0    1.33e+00
2007 07 12  0230    54293    9000      0    1.92e+00    0    1.33e+00
2007 07 12  0235    54293    9300      0    1.88e+00    0    1.32e+00
2007 07 12  0240    54293    9600      0    1.86e+00    0    1.30e+00
2007 07 12  0245    54293    9900      0    1.86e+00    0    1.29e+00
2007 07 12  0250    54293   10200      0    1.90e+00    0    1.34e+00
2007 07 12  0255    54293   10500      0    1.89e+00    0    1.31e+00
2007 07 12  0300    54293   10800      0    1.89e+00    0    1.32e+00
2007 07 12  0305    54293   11100      0    1.83e+00    0    1.28e+00
2007 07 12  0310    54293   11400      0    1.86e+00    0    1.30e+00
2007 07 12  0315    54293   11700      0    1.91e+00    0    1.35e+00
2007 07 12  0320    54293   12000      0    1.89e+00    0    1.33e+00
2007 07 12  0325    54293   12300      0    1.87e+00    0    1.31e+00
2007 07 12  0330    54293   12600      0    1.84e+00    0    1.27e+00
2007 07 12  0335    54293   12900      0    1.86e+00    0    1.31e+00
2007 07 12  0340    54293   13200      0    1.90e+00    0    1.33e+00
2007 07 12  0345    54293   13500      0    1.90e+00    0    1.33e+00
2007 07 12  0350    54293   13800      0    1.85e+00    0    1.31e+00
2007 07 12  0355    54293   14100      0    1.84e+00    0    1.28e+00
2007 07 12  0400    54293   14400      0    1.82e+00    0    1.27e+00
2007 07 12  0405    54293   14700      0    1.90e+00    0    1.34e+00
2007 07 12  0410    54293   15000      0    1.88e+00    0    1.33e+00
2007 07 12  0415    54293   15300      0    1.87e+00    0    1.32e+00
2007 07 12  0420    54293   15600      0    1.85e+00    0    1.29e+00
2007 07 12  0425    54293   15900      0    1.87e+00    0    1.32e+00
2007 07 12  0430    54293   16200      0    1.91e+00    0    1.33e+00
2007 07 12  0435    54293   16500      0    1.89e+00    0    1.34e+00
2007 07 12  0440    54293   16800      0    1.88e+00    0    1.30e+00
2007 07 12  0445    54293   17100      0    1.84e+00    0    1.30e+00
2007 07 12  0450    54293   17400      0    1.86e+00    0    1.31e+00
2007 07 12  0455    54293   17700      0    1.84e+00    0    1.27e+00
2007 07 12  0500    54293   18000      0    1.83e+00    0    1.29e+00
2007 07 12  0505    54293   18300      0    1.84e+00    0    1.28e+00
2007 07 12  0510    54293   18600      0    1.84e+00    0    1.29e+00
2007 07 12  0515    54293   18900      0    1.87e+00    0    1.30e+00
2007 07 12  0520    54293   19200      0    1.88e+00    0    1.31e+00
2007 07 12  0525    54293   19500      0    1.87e+00    0    1.30e+00
2007 07 12  0530    54293   19800      0    1.87e+00    0    1.31e+00
2007 07 12  0535    54293   20100      0    1.86e+00    0    1.30e+00
2007 07 12  0540    54293   20400      0    1.86e+00    0    1.29e+00
2007 07 12  0545    54293   20700      0    1.84e+00    0    1.28e+00
2007 07 12  0550    54293   21000      0    1.87e+00    0    1.30e+00
2007 07 12  0555    54293   21300      0    1.88e+00    0    1.31e+00
2007 07 12  0600    54293   21600      0    1.88e+00    0    1.32e+00
2007 07 12  0605    54293   21900      0    1.89e+00    0    1.33e+00
2007 07 12  0610    54293   22200      0    1.88e+00    0    1.30e+00
2007 07 12  0615    54293   22500      0    1.83e+00    0    1.28e+00
2007 07 12  0620    54293   22800      0    1.86e+00    0    1.30e+00
2007 07 12  0625    54293   23100      0    1.85e+00    0    1.30e+00
2007 07 12  0630    54293   23400      0    1.85e+00    0    1.30e+00
2007 07 12  0635    54293   23700      0    1.91e+00    0    1.33e+00
2007 07 12  0640    54293   24000      0    1.91e+00    0    1.33e+00
2007 07 12  0645    54293   24300      0    1.90e+00    0    1.35e+00
2007 07 12  0650    54293   24600      0    1.84e+00    0    1.29e+00
2007 07 12  0655    54293   24900      0    1.87e+00    0    1.31e+00
2007 07 12  0700    54293   25200      0    1.86e+00    0    1.30e+00
2007 07 12  0705    54293   25500      0    1.92e+00    0    1.33e+00
2007 07 12  0710    54293   25800      0    1.86e+00    0    1.31e+00
2007 07 12  0715    54293   26100      0    1.86e+00    0    1.28e+00
2007 07 12  0720    54293   26400      0    1.86e+00    0    1.30e+00
2007 07 12  0725    54293   26700      0    1.85e+00    0    1.30e+00
2007 07 12  0730    54293   27000      0    1.84e+00    0    1.28e+00
2007 07 12  0735    54293   27300      0    1.88e+00    0    1.31e+00
2007 07 12  0740    54293   27600      0    1.87e+00    0    1.30e+00
2007 07 12  0745    54293   27900      0    1.89e+00    0    1.32e+00
2007 07 12  0750    54293   28200      0    1.83e+00    0    1.27e+00
2007 07 12  0755    54293   28500      0    1.88e+00    0    1.33e+00
2007 07 12  0800    54293   28800      0    1.87e+00    0    1.31e+00
2007 07 12  0805    54293   29100      0    1.92e+00    0    1.34e+00
2007 07 12  0810    54293   29400      0    1.87e+00    0    1.31e+00
2007 07 12  0815    54293   29700      0    1.90e+00    0    1.33e+00
2007 07 12  0820    54293   30000      0    1.86e+00    0    1.30e+00
2007 07 12  0825    54293   30300      0    1.88e+00    0    1.31e+00
2007 07 12  0830    54293   30600      0    1.90e+00    0    1.32e+00
2007 07 12  0835    54293   30900      0    1.88e+00    0    1.30e+00
2007 07 12  0840    54293   31200      0    1.90e+00    0    1.33e+00
2007 07 12  0845    54293   31500      0    1.88e+00    0    1.32e+00
2007 07 12  0850    54293   31800      0    1.88e+00    0    1.32e+00
2007 07 12  0855    54293   32100      0    1.91e+00    0    1.33e+00
2007 07 12  0900    54293   32400      0    1.90e+00    0    1.32e+00
2007 07 12  0905    54293   32700      0    1.91e+00    0    1.32e+00
2007 07 12  0910    54293   33000      0    1.87e+00    0    1.30e+00
2007 07 12  0915    54293   33300      0    1.83e+00    0    1.27e+00
2007 07 12  0920    54293   33600      0    1.88e+00    0    1.31e+00
2007 07 12  0925    54293   33900      0    1.86e+00    0    1.30e+00
2007 07 12  0930    54293   34200      0    1.87e+00    0    1.31e+00
2007 07 12  0935    54293   34500      0    1.87e+00    0    1.31e+00
2007 07 12  0940    54293   34800      0    1.91e+00    0    1.33e+00
2007 07 12  0945    54293   35100      0    1.85e+00    0    1.29e+00
2007 07 12  0950    54293   35400      0    1.91e+00    0    1.33e+00
2007 07 12  0955    54293   35700      0    1.89e+00    0    1.32e+00
2007 07 12  1000    54293   36000      0    1.87e+00    0    1.31e+00
2007 07 12  1005    54293   36300      0    1.89e+00    0    1.32e+00
2007 07 12  1010    54293   36600      0    1.89e+00    0    1.32e+00
2007 07 12  1015    54293   36900      0    1.89e+00    0    1.33e+00
2007 07 12  1020    54293   37200      0    1.89e+00    0    1.32e+00
2007 07 12  1025    54293   37500      0    1.87e+00    0    1.31e+00
2007 07 12  1030    54293   37800      0    1.82e+00    0    1.28e+00
2007 07 12  1035    54293   38100      0    1.85e+00    0    1.29e+00
2007 07 12  1040    54293   38400      0    1.88e+00    0    1.32e+00
2007 07 12  1045    54293   38700      0    1.86e+00    0    1.30e+00
2007 07 12  1050    54293   39000      0    1.87e+00    0    1.30e+00
2007 07 12  1055    54293   39300      0    1.87e+00    0    1.32e+00
2007 07 12  1100    54293   39600      0    1.87e+00    0    1.32e+00
2007 07 12  1105    54293   39900      0    1.88e+00    0    1.31e+00
2007 07 12  1110    54293   40200      0    1.87e+00    0    1.31e+00
2007 07 12  1115    54293   40500      0    1.84e+00    0    1.29e+00
2007 07 12  1120    54293   40800      0    1.91e+00    0    1.32e+00
2007 07 12  1125    54293   41100      0    1.85e+00    0    1.30e+00
2007 07 12  1130    54293   41400      0    1.88e+00    0    1.32e+00
2007 07 12  1135    54293   41700      0    1.83e+00    0    1.27e+00
2007 07 12  1140    54293   42000      0    1.91e+00    0    1.33e+00
2007 07 12  1145    54293   42300      0    1.88e+00    0    1.31e+00
2007 07 12  1150    54293   42600      0    1.87e+00    0    1.30e+00
2007 07 12  1155    54293   42900      0    1.88e+00    0    1.32e+00
2007 07 12  1200    54293   43200      0    1.86e+00    0    1.31e+00
2007 07 12  1205    54293   43500      0    1.90e+00    0    1.33e+00
2007 07 12  1210    54293   43800      0    1.89e+00    0    1.31e+00
2007 07 12  1215    54293   44100      0    1.89e+00    0    1.32e+00
2007 07 12  1220    54293   44400      0    1.91e+00    0    1.34e+00
2007 07 12  1225    54293   44700      0    1.88e+00    0    1.30e+00
2007 07 12  1230    54293   45000      0    1.87e+00    0    1.31e+00
2007 07 12  1235    54293   45300      0    1.89e+00    0    1.32e+00
2007 07 12  1240    54293   45600      0    1.92e+00    0    1.35e+00
2007 07 12  1245    54293   45900      0    1.88e+00    0    1.30e+00
2007 07 12  1250    54293   46200      0    1.87e+00    0    1.30e+00
2007 07 12  1255    54293   46500      0    1.82e+00    0    1.27e+00
2007 07 12  1300    54293   46800      0    1.84e+00    0    1.29e+00
2007 07 12  1305    54293   47100      0    1.85e+00    0    1.30e+00
2007 07 12  1310    54293   47400      0    1.89e+00    0    1.31e+00
2007 07 12  1315    54293   47700      0    1.85e+00    0    1.30e+00
2007 07 12  1320    54293   48000      0    1.83e+00    0    1.29e+00
2007 07 12  1325    54293   48300      0    1.81e+00    0    1.26e+00
2007 07 12  1330    54293   48600      0    1.80e+00    0    1.26e+00
2007 07 12  1335    54293   48900      0    1.82e+00    0    1.27e+00
2007 07 12  1340    54293   49200      0    1.80e+00    0    1.27e+00
2007 07 12  1345    54293   49500      0    1.81e+00    0    1.25e+00
2007 07 12  1350    54293   49800      0    1.86e+00    0    1.29e+00
2007 07 12  1355    54293   50100      0    1.82e+00    0    1.27e+00
2007 07 12  1400    54293   50400      0    1.87e+00    0    1.31e+00
2007 07 12  1405    54293   50700      0    1.87e+00    0    1.31e+00
2007 07 12  1410    54293   51000      0    1.84e+00    0    1.30e+00
2007 07 12  1415    54293   51300      0    1.85e+00    0    1.30e+00
2007 07 12  1420    54293   51600      0    1.84e+00    0    1.28e+00
2007 07 12  1425    54293   51900      0    1.88e+00    0    1.30e+00
2007 07 12  1430    54293   52200      0    1.89e+00    0    1.32e+00
2007 07 12  1435    54293   52500      0    1.87e+00    0    1.30e+00
2007 07 12  1440    54293   52800      0    1.88e+00    0    1.30e+00
2007 07 12  1445    54293   53100      0    1.85e+00    0    1.30e+00
2007 07 12  1450    54293   53400      0    1.89e+00    0    1.31e+00
2007 07 12  1455    54293   53700      0    1.86e+00    0    1.30e+00
2007 07 12  1500    54293   54000      0    1.85e+00    0    1.29e+00
2007 07 12  1505    54293   54300      0    1.84e+00    0    1.27e+00
2007 07 12  1510    54293   54600      0    1.84e+00    0    1.28e+00
2007 07 12  1515    54293   54900      0    1.81e+00    0    1.26e+00
2007 07 12  1520    54293   55200      0    1.87e+00    0    1.30e+00
2007 07 12  1525    54293   55500      0    1.84e+00    0    1.29e+00
2007 07 12  1530    54293   55800      0    1.87e+00    0    1.30e+00
2007 07 12  1535    54293   56100      0    1.84e+00    0    1.29e+00
2007 07 12  1540    54293   56400      0    1.86e+00    0    1.31e+00
2007 07 12  1545    54293   56700      0    1.83e+00    0    1.28e+00
2007 07 12  1550    54293   57000      0    1.87e+00    0    1.31e+00
2007 07 12  1555    54293   57300      0    1.87e+00    0    1.31e+00
2007 07 12  1600    54293   57600      0    1.90e+00    0    1.33e+00
2007 07 12  1605    54293   57900      0    1.83e+00    0    1.27e+00
2007 07 12  1610    54293   58200      0    1.88e+00    0    1.32e+00
2007 07 12  1615    54293   58500      0    1.84e+00    0    1.28e+00
2007 07 12  1620    54293   58800      0    1.83e+00    0    1.29e+00
2007 07 12  1625    54293   59100      0    1.84e+00    0    1.28e+00
2007 07 12  1630    54293   59400      0    1.85e+00    0    1.30e+00
2007 07 12  1635    54293   59700      0    1.87e+00    0    1.32e+00
2007 07 12  1640    54293   60000      0    1.84e+00    0    1.29e+00
2007 07 12  1645    54293   60300      0    1.83e+00    0    1.28e+00
2007 07 12  1650    54293   60600      0    1.89e+00    0    1.33e+00
2007 07 12  1655    54293   60900      0    1.87e+00    0    1.30e+00
2007 07 12  1700    54293   61200      0    1.87e+00    0    1.30e+00
2007 07 12  1705    54293   61500      0    1.85e+00    0    1.30e+00
2007 07 12  1710    54293   61800      0    1.82e+00    0    1.27e+00
2007 07 12  1715    54293   62100      0    1.87e+00    0    1.32e+00
2007 07 12  1720    54293   62400      0    1.86e+00    0    1.31e+00
2007 07 12  1725    54293   62700      0    1.86e+00    0    1.30e+00
2007 07 12  1730    54293   63000      0    1.84e+00    0    1.29e+00
2007 07 12  1735    54293   63300      0    1.84e+00    0    1.27e+00
2007 07 12  1740    54293   63600      0    1.84e+00    0    1.29e+00
2007 07 12  1745    54293   63900      0    1.82e+00    0    1.27e+00
2007 07 12  1750    54293   64200      0    1.81e+00    0    1.27e+00
2007 07 12  1755    54293   64500      0    1.84e+00    0    1.28e+00
2007 07 12  1800    54293   64800      0    1.86e+00    0    1.30e+00
2007 07 12  1805    54293   65100      0    1.78e+00    0    1.24e+00
2007 07 12  1810    54293   65400      0    1.82e+00    0    1.28e+00
2007 07 12  1815    54293   65700      0    1.82e+00    0    1.27e+00
2007 07 12  1820    54293   66000      0    1.81e+00    0    1.25e+00
2007 07 12  1825    54293   66300      0    1.83e+00    0    1.30e+00
2007 07 12  1830    54293   66600      0    1.85e+00    0    1.28e+00
2007 07 12  1835    54293   66900      0    1.85e+00    0    1.29e+00
2007 07 12  1840    54293   67200      0    1.84e+00    0    1.29e+00
2007 07 12  1845    54293   67500      0    1.86e+00    0    1.32e+00
2007 07 12  1850    54293   67800      0    1.83e+00    0    1.27e+00
2007 07 12  1855    54293   68100      0    1.88e+00    0    1.31e+00
2007 07 12  1900    54293   68400      0    1.83e+00    0    1.28e+00
2007 07 12  1905    54293   68700      0    1.86e+00    0    1.31e+00
2007 07 12  1910    54293   69000      0    1.83e+00    0    1.27e+00
2007 07 12  1915    54293   69300      0    1.87e+00    0    1.29e+00
2007 07 12  1920    54293   69600      0    1.84e+00    0    1.28e+00
2007 07 12  1925    54293   69900      0    1.89e+00    0    1.33e+00
2007 07 12  1930    54293   70200      0    1.85e+00    0    1.29e+00
2007 07 12  1935    54293   70500      0    1.88e+00    0    1.30e+00
2007 07 12  1940    54293   70800      0    1.87e+00    0    1.33e+00
2007 07 12  1945    54293   71100      0    1.84e+00    0    1.29e+00
2007 07 12  1950    54293   71400      0    1.85e+00    0    1.30e+00
2007 07 12  1955    54293   71700      0    1.85e+00    0    1.29e+00
2007 07 12  2000    54293   72000      0    1.88e+00    0    1.31e+00
2007 07 12  2005    54293   72300      0    1.86e+00    0    1.31e+00
2007 07 12  2010    54293   72600      0    1.81e+00    0    1.27e+00
2007 07 12  2015    54293   72900      0    1.88e+00    0    1.32e+00
2007 07 12  2020    54293   73200      0    1.84e+00    0    1.29e+00
2007 07 12  2025    54293   73500      0    1.83e+00    0    1.28e+00
2007 07 12  2030    54293   73800      0    1.83e+00    0    1.27e+00
2007 07 12  2035    54293   74100      0    1.82e+00    0    1.27e+00
2007 07 12  2040    54293   74400      0    1.81e+00    0    1.26e+00
2007 07 12  2045    54293   74700      0    1.85e+00    0    1.31e+00
2007 07 12  2050    54293   75000      0    1.84e+00    0    1.29e+00
2007 07 12  2055    54293   75300      0    1.86e+00    0    1.29e+00
2007 07 12  2100    54293   75600      0    1.89e+00    0    1.33e+00
2007 07 12  2105    54293   75900      0    1.81e+00    0    1.25e+00
2007 07 12  2110    54293   76200      0    1.84e+00    0    1.28e+00
2007 07 12  2115    54293   76500      0    1.84e+00    0    1.28e+00
2007 07 12  2120    54293   76800      0    1.88e+00    0    1.32e+00
2007 07 12  2125    54293   77100      0    1.85e+00    0    1.30e+00
2007 07 12  2130    54293   77400      0    1.86e+00    0    1.31e+00
2007 07 12  2135    54293   77700      0    1.88e+00    0    1.32e+00
2007 07 12  2140    54293   78000      0    1.88e+00    0    1.29e+00
2007 07 12  2145    54293   78300      0    1.84e+00    0    1.29e+00
2007 07 12  2150    54293   78600      0    1.85e+00    0    1.29e+00
2007 07 12  2155    54293   78900      0    1.87e+00    0    1.31e+00
2007 07 12  2200    54293   79200      0    1.85e+00    0    1.29e+00
2007 07 12  2205    54293   79500      0    1.86e+00    0    1.31e+00
2007 07 12  2210    54293   79800      0    1.84e+00    0    1.28e+00
2007 07 12  2215    54293   80100      0    1.82e+00    0    1.27e+00
2007 07 12  2220    54293   80400      0    1.89e+00    0    1.32e+00
2007 07 12  2225    54293   80700      0    1.90e+00    0    1.32e+00
2007 07 12  2230    54293   81000      0    1.86e+00    0    1.28e+00
2007 07 12  2235    54293   81300      0    1.88e+00    0    1.32e+00
2007 07 12  2240    54293   81600      0    1.89e+00    0    1.32e+00
2007 07 12  2245    54293   81900      0    1.89e+00    0    1.29e+00
2007 07 12  2250    54293   82200      9   -1.00e+05    9   -1.00e+05
2007 07 12  2255    54293   82500      0    1.88e+00    0    1.32e+00
2007 07 12  2300    54293   82800      0    1.86e+00    0    1.30e+00
2007 07 12  2305    54293   83100      0    1.85e+00    0    1.30e+00
2007 07 12  2310    54293   83400      0    1.88e+00    0    1.32e+00
2007 07 12  2315    54293   83700      0    1.86e+00    0    1.31e+00
2007 07 12  2320    54293   84000      0    1.85e+00    0    1.29e+00
2007 07 12  2325    54293   84300      0    1.86e+00    0    1.29e+00
2007 07 12  2330    54293   84600      0    1.91e+00    0    1.34e+00
2007 07 12  2335    54293   84900      0    1.85e+00    0    1.30e+00
2007 07 12  2340    54293   85200      0    1.87e+00    0    1.30e+00
2007 07 12  2345    54293   85500      0    1.85e+00    0    1.30e+00
2007 07 12  2350    54293   85800      0    1.85e+00    0    1.30e+00
2007 07 12  2355    54293   86100      0    1.88e+00    0    1.30e+00
