:Data_list: 20070315_ace_sis_5m.txt
:Created: 2007 Mar 16 0011 UT
# Prepared by the U.S. Dept. of Commerce, NOAA, Space Environment Center.
# Please send comments and suggestions to SEC.Webmaster@noaa.gov 
# 
# Units: proton flux p/cs2-sec-ster
# Status(S): 0 = nominal data, 1 to 8 = bad data record, 9 = no data
# Missing data values: -1.00e+05
# Source: ACE Satellite - Solar Isotope Spectrometer
#
# 5-minute averaged Real-time Integral Flux of High-energy Solar Protons
# 
#                 Modified Seconds
# UT Date   Time   Julian  of the      ---- Integral Proton Flux ----
# YR MO DA  HHMM     Day     Day       S    > 10 MeV    S    > 30 MeV
#--------------------------------------------------------------------
2007 03 15  0000    54174       0      0    1.71e+00    0    1.19e+00
2007 03 15  0005    54174     300      0    1.69e+00    0    1.17e+00
2007 03 15  0010    54174     600      0    1.72e+00    0    1.21e+00
2007 03 15  0015    54174     900      0    1.72e+00    0    1.21e+00
2007 03 15  0020    54174    1200      0    1.71e+00    0    1.20e+00
2007 03 15  0025    54174    1500      0    1.69e+00    0    1.17e+00
2007 03 15  0030    54174    1800      9   -1.00e+05    9   -1.00e+05
2007 03 15  0035    54174    2100      9   -1.00e+05    9   -1.00e+05
2007 03 15  0040    54174    2400      0    1.75e+00    0    1.22e+00
2007 03 15  0045    54174    2700      0    1.67e+00    0    1.18e+00
2007 03 15  0050    54174    3000      0    1.70e+00    0    1.19e+00
2007 03 15  0055    54174    3300      0    1.68e+00    0    1.18e+00
2007 03 15  0100    54174    3600      0    1.73e+00    0    1.23e+00
2007 03 15  0105    54174    3900      0    1.74e+00    0    1.22e+00
2007 03 15  0110    54174    4200      0    1.74e+00    0    1.23e+00
2007 03 15  0115    54174    4500      0    1.70e+00    0    1.19e+00
2007 03 15  0120    54174    4800      0    1.73e+00    0    1.21e+00
2007 03 15  0125    54174    5100      0    1.76e+00    0    1.23e+00
2007 03 15  0130    54174    5400      0    1.70e+00    0    1.19e+00
2007 03 15  0135    54174    5700      0    1.74e+00    0    1.20e+00
2007 03 15  0140    54174    6000      0    1.71e+00    0    1.20e+00
2007 03 15  0145    54174    6300      0    1.73e+00    0    1.21e+00
2007 03 15  0150    54174    6600      9   -1.00e+05    9   -1.00e+05
2007 03 15  0155    54174    6900      9   -1.00e+05    9   -1.00e+05
2007 03 15  0200    54174    7200      9   -1.00e+05    9   -1.00e+05
2007 03 15  0205    54174    7500      9   -1.00e+05    9   -1.00e+05
2007 03 15  0210    54174    7800      9   -1.00e+05    9   -1.00e+05
2007 03 15  0215    54174    8100      9   -1.00e+05    9   -1.00e+05
2007 03 15  0220    54174    8400      9   -1.00e+05    9   -1.00e+05
2007 03 15  0225    54174    8700      9   -1.00e+05    9   -1.00e+05
2007 03 15  0230    54174    9000      9   -1.00e+05    9   -1.00e+05
2007 03 15  0235    54174    9300      9   -1.00e+05    9   -1.00e+05
2007 03 15  0240    54174    9600      9   -1.00e+05    9   -1.00e+05
2007 03 15  0245    54174    9900      9   -1.00e+05    9   -1.00e+05
2007 03 15  0250    54174   10200      9   -1.00e+05    9   -1.00e+05
2007 03 15  0255    54174   10500      9   -1.00e+05    9   -1.00e+05
2007 03 15  0300    54174   10800      9   -1.00e+05    9   -1.00e+05
2007 03 15  0305    54174   11100      0    1.74e+00    0    1.21e+00
2007 03 15  0310    54174   11400      0    1.77e+00    0    1.23e+00
2007 03 15  0315    54174   11700      0    1.71e+00    0    1.20e+00
2007 03 15  0320    54174   12000      0    1.72e+00    0    1.20e+00
2007 03 15  0325    54174   12300      0    1.70e+00    0    1.19e+00
2007 03 15  0330    54174   12600      0    1.73e+00    0    1.21e+00
2007 03 15  0335    54174   12900      0    1.72e+00    0    1.21e+00
2007 03 15  0340    54174   13200      0    1.71e+00    0    1.19e+00
2007 03 15  0345    54174   13500      0    1.69e+00    0    1.19e+00
2007 03 15  0350    54174   13800      0    1.67e+00    0    1.17e+00
2007 03 15  0355    54174   14100      9   -1.00e+05    9   -1.00e+05
2007 03 15  0400    54174   14400      9   -1.00e+05    9   -1.00e+05
2007 03 15  0405    54174   14700      9   -1.00e+05    9   -1.00e+05
2007 03 15  0410    54174   15000      0    1.68e+00    0    1.17e+00
2007 03 15  0415    54174   15300      0    1.73e+00    0    1.21e+00
2007 03 15  0420    54174   15600      0    1.72e+00    0    1.20e+00
2007 03 15  0425    54174   15900      0    1.77e+00    0    1.24e+00
2007 03 15  0430    54174   16200      0    1.73e+00    0    1.21e+00
2007 03 15  0435    54174   16500      0    1.69e+00    0    1.18e+00
2007 03 15  0440    54174   16800      0    1.68e+00    0    1.18e+00
2007 03 15  0445    54174   17100      0    1.70e+00    0    1.19e+00
2007 03 15  0450    54174   17400      0    1.73e+00    0    1.23e+00
2007 03 15  0455    54174   17700      0    1.70e+00    0    1.19e+00
2007 03 15  0500    54174   18000      0    1.73e+00    0    1.20e+00
2007 03 15  0505    54174   18300      0    1.73e+00    0    1.22e+00
2007 03 15  0510    54174   18600      0    1.75e+00    0    1.22e+00
2007 03 15  0515    54174   18900      0    1.71e+00    0    1.20e+00
2007 03 15  0520    54174   19200      0    1.71e+00    0    1.20e+00
2007 03 15  0525    54174   19500      0    1.72e+00    0    1.20e+00
2007 03 15  0530    54174   19800      0    1.69e+00    0    1.17e+00
2007 03 15  0535    54174   20100      0    1.75e+00    0    1.22e+00
2007 03 15  0540    54174   20400      0    1.71e+00    0    1.20e+00
2007 03 15  0545    54174   20700      0    1.73e+00    0    1.22e+00
2007 03 15  0550    54174   21000      0    1.72e+00    0    1.20e+00
2007 03 15  0555    54174   21300      0    1.72e+00    0    1.20e+00
2007 03 15  0600    54174   21600      9   -1.00e+05    9   -1.00e+05
2007 03 15  0605    54174   21900      9   -1.00e+05    9   -1.00e+05
2007 03 15  0610    54174   22200      9   -1.00e+05    9   -1.00e+05
2007 03 15  0615    54174   22500      9   -1.00e+05    9   -1.00e+05
2007 03 15  0620    54174   22800      9   -1.00e+05    9   -1.00e+05
2007 03 15  0625    54174   23100      9   -1.00e+05    9   -1.00e+05
2007 03 15  0630    54174   23400      9   -1.00e+05    9   -1.00e+05
2007 03 15  0635    54174   23700      0    1.72e+00    0    1.22e+00
2007 03 15  0640    54174   24000      0    1.71e+00    0    1.19e+00
2007 03 15  0645    54174   24300      0    1.69e+00    0    1.18e+00
2007 03 15  0650    54174   24600      0    1.75e+00    0    1.22e+00
2007 03 15  0655    54174   24900      0    1.71e+00    0    1.20e+00
2007 03 15  0700    54174   25200      0    1.71e+00    0    1.20e+00
2007 03 15  0705    54174   25500      0    1.68e+00    0    1.17e+00
2007 03 15  0710    54174   25800      0    1.70e+00    0    1.18e+00
2007 03 15  0715    54174   26100      0    1.71e+00    0    1.21e+00
2007 03 15  0720    54174   26400      0    1.73e+00    0    1.22e+00
2007 03 15  0725    54174   26700      0    1.70e+00    0    1.20e+00
2007 03 15  0730    54174   27000      0    1.72e+00    0    1.20e+00
2007 03 15  0735    54174   27300      0    1.71e+00    0    1.20e+00
2007 03 15  0740    54174   27600      0    1.68e+00    0    1.18e+00
2007 03 15  0745    54174   27900      0    1.75e+00    0    1.25e+00
2007 03 15  0750    54174   28200      0    1.71e+00    0    1.19e+00
2007 03 15  0755    54174   28500      0    1.73e+00    0    1.22e+00
2007 03 15  0800    54174   28800      0    1.67e+00    0    1.17e+00
2007 03 15  0805    54174   29100      0    1.70e+00    0    1.20e+00
2007 03 15  0810    54174   29400      0    1.72e+00    0    1.20e+00
2007 03 15  0815    54174   29700      0    1.71e+00    0    1.21e+00
2007 03 15  0820    54174   30000      0    1.71e+00    0    1.19e+00
2007 03 15  0825    54174   30300      0    1.71e+00    0    1.20e+00
2007 03 15  0830    54174   30600      0    1.71e+00    0    1.20e+00
2007 03 15  0835    54174   30900      0    1.71e+00    0    1.19e+00
2007 03 15  0840    54174   31200      0    1.67e+00    0    1.16e+00
2007 03 15  0845    54174   31500      0    1.69e+00    0    1.18e+00
2007 03 15  0850    54174   31800      0    1.73e+00    0    1.21e+00
2007 03 15  0855    54174   32100      0    1.69e+00    0    1.19e+00
2007 03 15  0900    54174   32400      0    1.72e+00    0    1.21e+00
2007 03 15  0905    54174   32700      0    1.70e+00    0    1.19e+00
2007 03 15  0910    54174   33000      0    1.73e+00    0    1.21e+00
2007 03 15  0915    54174   33300      0    1.70e+00    0    1.20e+00
2007 03 15  0920    54174   33600      0    1.74e+00    0    1.24e+00
2007 03 15  0925    54174   33900      0    1.69e+00    0    1.18e+00
2007 03 15  0930    54174   34200      0    1.74e+00    0    1.21e+00
2007 03 15  0935    54174   34500      0    1.70e+00    0    1.19e+00
2007 03 15  0940    54174   34800      0    1.68e+00    0    1.17e+00
2007 03 15  0945    54174   35100      0    1.72e+00    0    1.21e+00
2007 03 15  0950    54174   35400      0    1.71e+00    0    1.21e+00
2007 03 15  0955    54174   35700      0    1.72e+00    0    1.20e+00
2007 03 15  1000    54174   36000      0    1.75e+00    0    1.23e+00
2007 03 15  1005    54174   36300      0    1.73e+00    0    1.21e+00
2007 03 15  1010    54174   36600      0    1.71e+00    0    1.20e+00
2007 03 15  1015    54174   36900      0    1.69e+00    0    1.18e+00
2007 03 15  1020    54174   37200      0    1.72e+00    0    1.21e+00
2007 03 15  1025    54174   37500      0    1.75e+00    0    1.21e+00
2007 03 15  1030    54174   37800      0    1.77e+00    0    1.24e+00
2007 03 15  1035    54174   38100      0    1.72e+00    0    1.20e+00
2007 03 15  1040    54174   38400      0    1.73e+00    0    1.22e+00
2007 03 15  1045    54174   38700      0    1.69e+00    0    1.18e+00
2007 03 15  1050    54174   39000      0    1.70e+00    0    1.19e+00
2007 03 15  1055    54174   39300      0    1.69e+00    0    1.18e+00
2007 03 15  1100    54174   39600      0    1.72e+00    0    1.19e+00
2007 03 15  1105    54174   39900      0    1.73e+00    0    1.22e+00
2007 03 15  1110    54174   40200      0    1.71e+00    0    1.20e+00
2007 03 15  1115    54174   40500      0    1.68e+00    0    1.18e+00
2007 03 15  1120    54174   40800      0    1.74e+00    0    1.22e+00
2007 03 15  1125    54174   41100      0    1.69e+00    0    1.19e+00
2007 03 15  1130    54174   41400      0    1.72e+00    0    1.21e+00
2007 03 15  1135    54174   41700      0    1.72e+00    0    1.21e+00
2007 03 15  1140    54174   42000      0    1.74e+00    0    1.21e+00
2007 03 15  1145    54174   42300      0    1.78e+00    0    1.26e+00
2007 03 15  1150    54174   42600      0    1.81e+00    0    1.27e+00
2007 03 15  1155    54174   42900      0    1.70e+00    0    1.20e+00
2007 03 15  1200    54174   43200      0    1.75e+00    0    1.21e+00
2007 03 15  1205    54174   43500      0    1.77e+00    0    1.24e+00
2007 03 15  1210    54174   43800      0    1.72e+00    0    1.20e+00
2007 03 15  1215    54174   44100      0    1.77e+00    0    1.22e+00
2007 03 15  1220    54174   44400      0    1.72e+00    0    1.20e+00
2007 03 15  1225    54174   44700      0    1.64e+00    0    1.14e+00
2007 03 15  1230    54174   45000      0    1.70e+00    0    1.18e+00
2007 03 15  1235    54174   45300      0    1.79e+00    0    1.26e+00
2007 03 15  1240    54174   45600      0    1.75e+00    0    1.22e+00
2007 03 15  1245    54174   45900      0    1.76e+00    0    1.24e+00
2007 03 15  1250    54174   46200      0    1.75e+00    0    1.22e+00
2007 03 15  1255    54174   46500      0    1.77e+00    0    1.24e+00
2007 03 15  1300    54174   46800      0    1.76e+00    0    1.23e+00
2007 03 15  1305    54174   47100      0    1.75e+00    0    1.23e+00
2007 03 15  1310    54174   47400      0    1.69e+00    0    1.19e+00
2007 03 15  1315    54174   47700      0    1.76e+00    0    1.24e+00
2007 03 15  1320    54174   48000      0    1.72e+00    0    1.21e+00
2007 03 15  1325    54174   48300      0    1.74e+00    0    1.22e+00
2007 03 15  1330    54174   48600      0    1.75e+00    0    1.22e+00
2007 03 15  1335    54174   48900      0    1.76e+00    0    1.23e+00
2007 03 15  1340    54174   49200      0    1.75e+00    0    1.24e+00
2007 03 15  1345    54174   49500      0    1.70e+00    0    1.18e+00
2007 03 15  1350    54174   49800      0    1.72e+00    0    1.21e+00
2007 03 15  1355    54174   50100      0    1.74e+00    0    1.21e+00
2007 03 15  1400    54174   50400      0    1.72e+00    0    1.20e+00
2007 03 15  1405    54174   50700      0    1.73e+00    0    1.21e+00
2007 03 15  1410    54174   51000      0    1.64e+00    0    1.15e+00
2007 03 15  1415    54174   51300      0    1.72e+00    0    1.20e+00
2007 03 15  1420    54174   51600      0    1.73e+00    0    1.22e+00
2007 03 15  1425    54174   51900      0    1.72e+00    0    1.21e+00
2007 03 15  1430    54174   52200      0    1.73e+00    0    1.21e+00
2007 03 15  1435    54174   52500      0    1.72e+00    0    1.20e+00
2007 03 15  1440    54174   52800      0    1.77e+00    0    1.24e+00
2007 03 15  1445    54174   53100      0    1.72e+00    0    1.20e+00
2007 03 15  1450    54174   53400      0    1.77e+00    0    1.22e+00
2007 03 15  1455    54174   53700      0    1.73e+00    0    1.21e+00
2007 03 15  1500    54174   54000      0    1.75e+00    0    1.23e+00
2007 03 15  1505    54174   54300      0    1.73e+00    0    1.22e+00
2007 03 15  1510    54174   54600      0    1.75e+00    0    1.23e+00
2007 03 15  1515    54174   54900      0    1.72e+00    0    1.22e+00
2007 03 15  1520    54174   55200      0    1.69e+00    0    1.19e+00
2007 03 15  1525    54174   55500      0    1.74e+00    0    1.22e+00
2007 03 15  1530    54174   55800      0    1.72e+00    0    1.21e+00
2007 03 15  1535    54174   56100      0    1.75e+00    0    1.23e+00
2007 03 15  1540    54174   56400      0    1.72e+00    0    1.20e+00
2007 03 15  1545    54174   56700      0    1.71e+00    0    1.20e+00
2007 03 15  1550    54174   57000      0    1.77e+00    0    1.24e+00
2007 03 15  1555    54174   57300      0    1.73e+00    0    1.21e+00
2007 03 15  1600    54174   57600      0    1.73e+00    0    1.20e+00
2007 03 15  1605    54174   57900      0    1.72e+00    0    1.21e+00
2007 03 15  1610    54174   58200      0    1.71e+00    0    1.20e+00
2007 03 15  1615    54174   58500      0    1.75e+00    0    1.24e+00
2007 03 15  1620    54174   58800      0    1.72e+00    0    1.21e+00
2007 03 15  1625    54174   59100      0    1.74e+00    0    1.21e+00
2007 03 15  1630    54174   59400      0    1.73e+00    0    1.22e+00
2007 03 15  1635    54174   59700      0    1.73e+00    0    1.23e+00
2007 03 15  1640    54174   60000      0    1.73e+00    0    1.21e+00
2007 03 15  1645    54174   60300      0    1.74e+00    0    1.21e+00
2007 03 15  1650    54174   60600      0    1.70e+00    0    1.19e+00
2007 03 15  1655    54174   60900      0    1.73e+00    0    1.21e+00
2007 03 15  1700    54174   61200      0    1.73e+00    0    1.21e+00
2007 03 15  1705    54174   61500      0    1.73e+00    0    1.22e+00
2007 03 15  1710    54174   61800      0    1.71e+00    0    1.20e+00
2007 03 15  1715    54174   62100      0    1.70e+00    0    1.19e+00
2007 03 15  1720    54174   62400      0    1.74e+00    0    1.23e+00
2007 03 15  1725    54174   62700      0    1.72e+00    0    1.20e+00
2007 03 15  1730    54174   63000      0    1.74e+00    0    1.22e+00
2007 03 15  1735    54174   63300      0    1.73e+00    0    1.22e+00
2007 03 15  1740    54174   63600      0    1.74e+00    0    1.22e+00
2007 03 15  1745    54174   63900      0    1.72e+00    0    1.21e+00
2007 03 15  1750    54174   64200      0    1.71e+00    0    1.19e+00
2007 03 15  1755    54174   64500      0    1.74e+00    0    1.21e+00
2007 03 15  1800    54174   64800      0    1.76e+00    0    1.24e+00
2007 03 15  1805    54174   65100      0    1.72e+00    0    1.19e+00
2007 03 15  1810    54174   65400      0    1.75e+00    0    1.22e+00
2007 03 15  1815    54174   65700      0    1.73e+00    0    1.22e+00
2007 03 15  1820    54174   66000      0    1.74e+00    0    1.23e+00
2007 03 15  1825    54174   66300      0    1.70e+00    0    1.18e+00
2007 03 15  1830    54174   66600      0    1.76e+00    0    1.23e+00
2007 03 15  1835    54174   66900      0    1.70e+00    0    1.19e+00
2007 03 15  1840    54174   67200      0    1.74e+00    0    1.23e+00
2007 03 15  1845    54174   67500      0    1.71e+00    0    1.20e+00
2007 03 15  1850    54174   67800      0    1.70e+00    0    1.19e+00
2007 03 15  1855    54174   68100      0    1.66e+00    0    1.16e+00
2007 03 15  1900    54174   68400      0    1.74e+00    0    1.23e+00
2007 03 15  1905    54174   68700      0    1.70e+00    0    1.20e+00
2007 03 15  1910    54174   69000      0    1.71e+00    0    1.20e+00
2007 03 15  1915    54174   69300      0    1.71e+00    0    1.21e+00
2007 03 15  1920    54174   69600      0    1.71e+00    0    1.20e+00
2007 03 15  1925    54174   69900      0    1.75e+00    0    1.24e+00
2007 03 15  1930    54174   70200      0    1.73e+00    0    1.22e+00
2007 03 15  1935    54174   70500      0    1.76e+00    0    1.23e+00
2007 03 15  1940    54174   70800      0    1.74e+00    0    1.22e+00
2007 03 15  1945    54174   71100      0    1.73e+00    0    1.21e+00
2007 03 15  1950    54174   71400      0    1.69e+00    0    1.18e+00
2007 03 15  1955    54174   71700      0    1.77e+00    0    1.24e+00
2007 03 15  2000    54174   72000      0    1.74e+00    0    1.21e+00
2007 03 15  2005    54174   72300      0    1.74e+00    0    1.23e+00
2007 03 15  2010    54174   72600      0    1.72e+00    0    1.21e+00
2007 03 15  2015    54174   72900      0    1.75e+00    0    1.21e+00
2007 03 15  2020    54174   73200      0    1.73e+00    0    1.22e+00
2007 03 15  2025    54174   73500      0    1.74e+00    0    1.22e+00
2007 03 15  2030    54174   73800      0    1.70e+00    0    1.20e+00
2007 03 15  2035    54174   74100      0    1.73e+00    0    1.21e+00
2007 03 15  2040    54174   74400      0    1.72e+00    0    1.20e+00
2007 03 15  2045    54174   74700      0    1.72e+00    0    1.21e+00
2007 03 15  2050    54174   75000      0    1.72e+00    0    1.20e+00
2007 03 15  2055    54174   75300      0    1.71e+00    0    1.20e+00
2007 03 15  2100    54174   75600      0    1.70e+00    0    1.20e+00
2007 03 15  2105    54174   75900      0    1.75e+00    0    1.23e+00
2007 03 15  2110    54174   76200      0    1.73e+00    0    1.21e+00
2007 03 15  2115    54174   76500      0    1.71e+00    0    1.20e+00
2007 03 15  2120    54174   76800      0    1.71e+00    0    1.20e+00
2007 03 15  2125    54174   77100      0    1.75e+00    0    1.23e+00
2007 03 15  2130    54174   77400      0    1.71e+00    0    1.21e+00
2007 03 15  2135    54174   77700      0    1.73e+00    0    1.21e+00
2007 03 15  2140    54174   78000      0    1.73e+00    0    1.22e+00
2007 03 15  2145    54174   78300      0    1.75e+00    0    1.22e+00
2007 03 15  2150    54174   78600      0    1.74e+00    0    1.23e+00
2007 03 15  2155    54174   78900      0    1.69e+00    0    1.16e+00
2007 03 15  2200    54174   79200      0    1.71e+00    0    1.21e+00
2007 03 15  2205    54174   79500      0    1.73e+00    0    1.22e+00
2007 03 15  2210    54174   79800      0    1.73e+00    0    1.22e+00
2007 03 15  2215    54174   80100      0    1.73e+00    0    1.22e+00
2007 03 15  2220    54174   80400      0    1.73e+00    0    1.21e+00
2007 03 15  2225    54174   80700      0    1.74e+00    0    1.22e+00
2007 03 15  2230    54174   81000      0    1.69e+00    0    1.18e+00
2007 03 15  2235    54174   81300      0    1.72e+00    0    1.20e+00
2007 03 15  2240    54174   81600      0    1.72e+00    0    1.21e+00
2007 03 15  2245    54174   81900      0    1.68e+00    0    1.18e+00
2007 03 15  2250    54174   82200      0    1.75e+00    0    1.23e+00
2007 03 15  2255    54174   82500      0    1.76e+00    0    1.24e+00
2007 03 15  2300    54174   82800      0    1.75e+00    0    1.23e+00
2007 03 15  2305    54174   83100      0    1.69e+00    0    1.18e+00
2007 03 15  2310    54174   83400      0    1.72e+00    0    1.21e+00
2007 03 15  2315    54174   83700      0    1.70e+00    0    1.19e+00
2007 03 15  2320    54174   84000      0    1.67e+00    0    1.16e+00
2007 03 15  2325    54174   84300      0    1.73e+00    0    1.22e+00
2007 03 15  2330    54174   84600      0    1.72e+00    0    1.21e+00
2007 03 15  2335    54174   84900      0    1.70e+00    0    1.18e+00
2007 03 15  2340    54174   85200      0    1.74e+00    0    1.23e+00
2007 03 15  2345    54174   85500      0    1.68e+00    0    1.18e+00
2007 03 15  2350    54174   85800      0    1.72e+00    0    1.21e+00
2007 03 15  2355    54174   86100      0    1.71e+00    0    1.19e+00
