:Data_list: 20070331_ace_sis_5m.txt
:Created: 2007 Apr 01 0011 UT
# Prepared by the U.S. Dept. of Commerce, NOAA, Space Environment Center.
# Please send comments and suggestions to SEC.Webmaster@noaa.gov 
# 
# Units: proton flux p/cs2-sec-ster
# Status(S): 0 = nominal data, 1 to 8 = bad data record, 9 = no data
# Missing data values: -1.00e+05
# Source: ACE Satellite - Solar Isotope Spectrometer
#
# 5-minute averaged Real-time Integral Flux of High-energy Solar Protons
# 
#                 Modified Seconds
# UT Date   Time   Julian  of the      ---- Integral Proton Flux ----
# YR MO DA  HHMM     Day     Day       S    > 10 MeV    S    > 30 MeV
#--------------------------------------------------------------------
2007 03 31  0000    54190       0      0    1.83e+00    0    1.30e+00
2007 03 31  0005    54190     300      0    1.82e+00    0    1.28e+00
2007 03 31  0010    54190     600      0    1.85e+00    0    1.29e+00
2007 03 31  0015    54190     900      0    1.81e+00    0    1.26e+00
2007 03 31  0020    54190    1200      0    1.80e+00    0    1.25e+00
2007 03 31  0025    54190    1500      0    1.83e+00    0    1.29e+00
2007 03 31  0030    54190    1800      0    1.80e+00    0    1.25e+00
2007 03 31  0035    54190    2100      0    1.77e+00    0    1.24e+00
2007 03 31  0040    54190    2400      0    1.84e+00    0    1.28e+00
2007 03 31  0045    54190    2700      0    1.79e+00    0    1.25e+00
2007 03 31  0050    54190    3000      0    1.82e+00    0    1.27e+00
2007 03 31  0055    54190    3300      0    1.83e+00    0    1.28e+00
2007 03 31  0100    54190    3600      0    1.81e+00    0    1.28e+00
2007 03 31  0105    54190    3900      0    1.82e+00    0    1.28e+00
2007 03 31  0110    54190    4200      0    1.81e+00    0    1.26e+00
2007 03 31  0115    54190    4500      0    1.81e+00    0    1.27e+00
2007 03 31  0120    54190    4800      0    1.80e+00    0    1.25e+00
2007 03 31  0125    54190    5100      0    1.79e+00    0    1.26e+00
2007 03 31  0130    54190    5400      0    1.83e+00    0    1.28e+00
2007 03 31  0135    54190    5700      0    1.80e+00    0    1.26e+00
2007 03 31  0140    54190    6000      0    1.82e+00    0    1.27e+00
2007 03 31  0145    54190    6300      0    1.82e+00    0    1.26e+00
2007 03 31  0150    54190    6600      0    1.79e+00    0    1.26e+00
2007 03 31  0155    54190    6900      0    1.86e+00    0    1.32e+00
2007 03 31  0200    54190    7200      0    1.81e+00    0    1.26e+00
2007 03 31  0205    54190    7500      0    1.81e+00    0    1.28e+00
2007 03 31  0210    54190    7800      0    1.78e+00    0    1.24e+00
2007 03 31  0215    54190    8100      0    1.84e+00    0    1.28e+00
2007 03 31  0220    54190    8400      0    1.81e+00    0    1.27e+00
2007 03 31  0225    54190    8700      0    1.81e+00    0    1.26e+00
2007 03 31  0230    54190    9000      0    1.83e+00    0    1.28e+00
2007 03 31  0235    54190    9300      0    1.78e+00    0    1.25e+00
2007 03 31  0240    54190    9600      0    1.84e+00    0    1.29e+00
2007 03 31  0245    54190    9900      0    1.82e+00    0    1.30e+00
2007 03 31  0250    54190   10200      0    1.83e+00    0    1.30e+00
2007 03 31  0255    54190   10500      0    1.80e+00    0    1.26e+00
2007 03 31  0300    54190   10800      0    1.82e+00    0    1.27e+00
2007 03 31  0305    54190   11100      0    1.84e+00    0    1.29e+00
2007 03 31  0310    54190   11400      0    1.83e+00    0    1.28e+00
2007 03 31  0315    54190   11700      0    1.83e+00    0    1.28e+00
2007 03 31  0320    54190   12000      0    1.83e+00    0    1.28e+00
2007 03 31  0325    54190   12300      0    1.82e+00    0    1.29e+00
2007 03 31  0330    54190   12600      0    1.76e+00    0    1.23e+00
2007 03 31  0335    54190   12900      0    1.82e+00    0    1.28e+00
2007 03 31  0340    54190   13200      0    1.78e+00    0    1.24e+00
2007 03 31  0345    54190   13500      0    1.76e+00    0    1.24e+00
2007 03 31  0350    54190   13800      0    1.78e+00    0    1.25e+00
2007 03 31  0355    54190   14100      0    1.83e+00    0    1.29e+00
2007 03 31  0400    54190   14400      0    1.84e+00    0    1.29e+00
2007 03 31  0405    54190   14700      0    1.82e+00    0    1.27e+00
2007 03 31  0410    54190   15000      0    1.81e+00    0    1.26e+00
2007 03 31  0415    54190   15300      0    1.78e+00    0    1.25e+00
2007 03 31  0420    54190   15600      0    1.79e+00    0    1.25e+00
2007 03 31  0425    54190   15900      0    1.83e+00    0    1.28e+00
2007 03 31  0430    54190   16200      0    1.82e+00    0    1.26e+00
2007 03 31  0435    54190   16500      0    1.80e+00    0    1.24e+00
2007 03 31  0440    54190   16800      0    1.82e+00    0    1.27e+00
2007 03 31  0445    54190   17100      0    1.79e+00    0    1.25e+00
2007 03 31  0450    54190   17400      0    1.80e+00    0    1.26e+00
2007 03 31  0455    54190   17700      0    1.79e+00    0    1.24e+00
2007 03 31  0500    54190   18000      0    1.82e+00    0    1.28e+00
2007 03 31  0505    54190   18300      0    1.80e+00    0    1.26e+00
2007 03 31  0510    54190   18600      0    1.83e+00    0    1.28e+00
2007 03 31  0515    54190   18900      0    1.79e+00    0    1.25e+00
2007 03 31  0520    54190   19200      0    1.81e+00    0    1.26e+00
2007 03 31  0525    54190   19500      0    1.82e+00    0    1.27e+00
2007 03 31  0530    54190   19800      0    1.80e+00    0    1.27e+00
2007 03 31  0535    54190   20100      0    1.79e+00    0    1.23e+00
2007 03 31  0540    54190   20400      0    1.80e+00    0    1.26e+00
2007 03 31  0545    54190   20700      0    1.82e+00    0    1.28e+00
2007 03 31  0550    54190   21000      0    1.88e+00    0    1.32e+00
2007 03 31  0555    54190   21300      0    1.82e+00    0    1.28e+00
2007 03 31  0600    54190   21600      0    1.80e+00    0    1.26e+00
2007 03 31  0605    54190   21900      0    1.81e+00    0    1.27e+00
2007 03 31  0610    54190   22200      0    1.81e+00    0    1.26e+00
2007 03 31  0615    54190   22500      0    1.81e+00    0    1.28e+00
2007 03 31  0620    54190   22800      0    1.81e+00    0    1.27e+00
2007 03 31  0625    54190   23100      0    1.82e+00    0    1.30e+00
2007 03 31  0630    54190   23400      0    1.77e+00    0    1.24e+00
2007 03 31  0635    54190   23700      0    1.81e+00    0    1.27e+00
2007 03 31  0640    54190   24000      0    1.83e+00    0    1.29e+00
2007 03 31  0645    54190   24300      0    1.82e+00    0    1.28e+00
2007 03 31  0650    54190   24600      0    1.81e+00    0    1.27e+00
2007 03 31  0655    54190   24900      0    1.81e+00    0    1.27e+00
2007 03 31  0700    54190   25200      0    1.80e+00    0    1.26e+00
2007 03 31  0705    54190   25500      0    1.82e+00    0    1.28e+00
2007 03 31  0710    54190   25800      0    1.79e+00    0    1.26e+00
2007 03 31  0715    54190   26100      0    1.77e+00    0    1.24e+00
2007 03 31  0720    54190   26400      0    1.79e+00    0    1.24e+00
2007 03 31  0725    54190   26700      0    1.79e+00    0    1.26e+00
2007 03 31  0730    54190   27000      0    1.79e+00    0    1.27e+00
2007 03 31  0735    54190   27300      0    1.83e+00    0    1.30e+00
2007 03 31  0740    54190   27600      0    1.81e+00    0    1.27e+00
2007 03 31  0745    54190   27900      0    1.82e+00    0    1.28e+00
2007 03 31  0750    54190   28200      0    1.76e+00    0    1.24e+00
2007 03 31  0755    54190   28500      0    1.79e+00    0    1.25e+00
2007 03 31  0800    54190   28800      0    1.81e+00    0    1.26e+00
2007 03 31  0805    54190   29100      0    1.80e+00    0    1.25e+00
2007 03 31  0810    54190   29400      0    1.78e+00    0    1.25e+00
2007 03 31  0815    54190   29700      0    1.82e+00    0    1.27e+00
2007 03 31  0820    54190   30000      0    1.79e+00    0    1.25e+00
2007 03 31  0825    54190   30300      0    1.81e+00    0    1.27e+00
2007 03 31  0830    54190   30600      0    1.76e+00    0    1.22e+00
2007 03 31  0835    54190   30900      0    1.74e+00    0    1.22e+00
2007 03 31  0840    54190   31200      0    1.81e+00    0    1.27e+00
2007 03 31  0845    54190   31500      0    1.80e+00    0    1.28e+00
2007 03 31  0850    54190   31800      0    1.81e+00    0    1.28e+00
2007 03 31  0855    54190   32100      0    1.82e+00    0    1.27e+00
2007 03 31  0900    54190   32400      0    1.81e+00    0    1.27e+00
2007 03 31  0905    54190   32700      0    1.78e+00    0    1.23e+00
2007 03 31  0910    54190   33000      0    1.83e+00    0    1.29e+00
2007 03 31  0915    54190   33300      0    1.75e+00    0    1.22e+00
2007 03 31  0920    54190   33600      0    1.80e+00    0    1.25e+00
2007 03 31  0925    54190   33900      0    1.80e+00    0    1.26e+00
2007 03 31  0930    54190   34200      0    1.78e+00    0    1.25e+00
2007 03 31  0935    54190   34500      0    1.80e+00    0    1.27e+00
2007 03 31  0940    54190   34800      0    1.78e+00    0    1.25e+00
2007 03 31  0945    54190   35100      0    1.80e+00    0    1.26e+00
2007 03 31  0950    54190   35400      0    1.79e+00    0    1.25e+00
2007 03 31  0955    54190   35700      0    1.81e+00    0    1.26e+00
2007 03 31  1000    54190   36000      0    1.79e+00    0    1.26e+00
2007 03 31  1005    54190   36300      0    1.79e+00    0    1.27e+00
2007 03 31  1010    54190   36600      0    1.79e+00    0    1.24e+00
2007 03 31  1015    54190   36900      0    1.79e+00    0    1.25e+00
2007 03 31  1020    54190   37200      0    1.80e+00    0    1.26e+00
2007 03 31  1025    54190   37500      0    1.81e+00    0    1.27e+00
2007 03 31  1030    54190   37800      0    1.80e+00    0    1.26e+00
2007 03 31  1035    54190   38100      0    1.80e+00    0    1.27e+00
2007 03 31  1040    54190   38400      0    1.83e+00    0    1.29e+00
2007 03 31  1045    54190   38700      0    1.81e+00    0    1.27e+00
2007 03 31  1050    54190   39000      0    1.81e+00    0    1.27e+00
2007 03 31  1055    54190   39300      0    1.80e+00    0    1.27e+00
2007 03 31  1100    54190   39600      0    1.78e+00    0    1.25e+00
2007 03 31  1105    54190   39900      0    1.79e+00    0    1.25e+00
2007 03 31  1110    54190   40200      0    1.76e+00    0    1.24e+00
2007 03 31  1115    54190   40500      0    1.81e+00    0    1.26e+00
2007 03 31  1120    54190   40800      0    1.79e+00    0    1.24e+00
2007 03 31  1125    54190   41100      0    1.78e+00    0    1.25e+00
2007 03 31  1130    54190   41400      0    1.80e+00    0    1.26e+00
2007 03 31  1135    54190   41700      0    1.81e+00    0    1.27e+00
2007 03 31  1140    54190   42000      0    1.77e+00    0    1.23e+00
2007 03 31  1145    54190   42300      0    1.82e+00    0    1.28e+00
2007 03 31  1150    54190   42600      0    1.75e+00    0    1.24e+00
2007 03 31  1155    54190   42900      0    1.78e+00    0    1.24e+00
2007 03 31  1200    54190   43200      0    1.81e+00    0    1.28e+00
2007 03 31  1205    54190   43500      0    1.81e+00    0    1.27e+00
2007 03 31  1210    54190   43800      0    1.80e+00    0    1.25e+00
2007 03 31  1215    54190   44100      0    1.82e+00    0    1.28e+00
2007 03 31  1220    54190   44400      0    1.78e+00    0    1.24e+00
2007 03 31  1225    54190   44700      0    1.77e+00    0    1.24e+00
2007 03 31  1230    54190   45000      0    1.81e+00    0    1.27e+00
2007 03 31  1235    54190   45300      0    1.82e+00    0    1.28e+00
2007 03 31  1240    54190   45600      0    1.76e+00    0    1.23e+00
2007 03 31  1245    54190   45900      0    1.85e+00    0    1.29e+00
2007 03 31  1250    54190   46200      0    1.83e+00    0    1.28e+00
2007 03 31  1255    54190   46500      0    1.82e+00    0    1.27e+00
2007 03 31  1300    54190   46800      0    1.78e+00    0    1.25e+00
2007 03 31  1305    54190   47100      0    1.79e+00    0    1.26e+00
2007 03 31  1310    54190   47400      0    1.80e+00    0    1.25e+00
2007 03 31  1315    54190   47700      0    1.80e+00    0    1.26e+00
2007 03 31  1320    54190   48000      0    1.82e+00    0    1.28e+00
2007 03 31  1325    54190   48300      0    1.79e+00    0    1.25e+00
2007 03 31  1330    54190   48600      0    1.78e+00    0    1.26e+00
2007 03 31  1335    54190   48900      0    1.78e+00    0    1.25e+00
2007 03 31  1340    54190   49200      0    1.80e+00    0    1.24e+00
2007 03 31  1345    54190   49500      0    1.80e+00    0    1.26e+00
2007 03 31  1350    54190   49800      0    1.79e+00    0    1.25e+00
2007 03 31  1355    54190   50100      0    1.80e+00    0    1.26e+00
2007 03 31  1400    54190   50400      0    1.82e+00    0    1.27e+00
2007 03 31  1405    54190   50700      0    1.83e+00    0    1.29e+00
2007 03 31  1410    54190   51000      0    1.83e+00    0    1.29e+00
2007 03 31  1415    54190   51300      0    1.80e+00    0    1.26e+00
2007 03 31  1420    54190   51600      0    1.82e+00    0    1.29e+00
2007 03 31  1425    54190   51900      0    1.81e+00    0    1.29e+00
2007 03 31  1430    54190   52200      0    1.81e+00    0    1.27e+00
2007 03 31  1435    54190   52500      0    1.83e+00    0    1.29e+00
2007 03 31  1440    54190   52800      0    1.81e+00    0    1.26e+00
2007 03 31  1445    54190   53100      0    1.90e+00    0    1.36e+00
2007 03 31  1450    54190   53400      0    1.81e+00    0    1.27e+00
2007 03 31  1455    54190   53700      0    1.82e+00    0    1.27e+00
2007 03 31  1500    54190   54000      0    1.79e+00    0    1.26e+00
2007 03 31  1505    54190   54300      0    1.78e+00    0    1.24e+00
2007 03 31  1510    54190   54600      0    1.75e+00    0    1.22e+00
2007 03 31  1515    54190   54900      0    1.81e+00    0    1.27e+00
2007 03 31  1520    54190   55200      0    1.81e+00    0    1.27e+00
2007 03 31  1525    54190   55500      0    1.77e+00    0    1.24e+00
2007 03 31  1530    54190   55800      0    1.80e+00    0    1.25e+00
2007 03 31  1535    54190   56100      0    1.76e+00    0    1.23e+00
2007 03 31  1540    54190   56400      0    1.81e+00    0    1.26e+00
2007 03 31  1545    54190   56700      0    1.79e+00    0    1.23e+00
2007 03 31  1550    54190   57000      0    1.80e+00    0    1.26e+00
2007 03 31  1555    54190   57300      0    1.79e+00    0    1.25e+00
2007 03 31  1600    54190   57600      0    1.78e+00    0    1.26e+00
2007 03 31  1605    54190   57900      0    1.77e+00    0    1.25e+00
2007 03 31  1610    54190   58200      0    1.82e+00    0    1.27e+00
2007 03 31  1615    54190   58500      0    1.76e+00    0    1.22e+00
2007 03 31  1620    54190   58800      0    1.80e+00    0    1.27e+00
2007 03 31  1625    54190   59100      0    1.76e+00    0    1.23e+00
2007 03 31  1630    54190   59400      0    1.81e+00    0    1.28e+00
2007 03 31  1635    54190   59700      0    1.79e+00    0    1.26e+00
2007 03 31  1640    54190   60000      0    1.76e+00    0    1.22e+00
2007 03 31  1645    54190   60300      0    1.80e+00    0    1.27e+00
2007 03 31  1650    54190   60600      0    1.78e+00    0    1.24e+00
2007 03 31  1655    54190   60900      0    1.79e+00    0    1.24e+00
2007 03 31  1700    54190   61200      0    1.77e+00    0    1.24e+00
2007 03 31  1705    54190   61500      0    1.79e+00    0    1.25e+00
2007 03 31  1710    54190   61800      0    1.77e+00    0    1.24e+00
2007 03 31  1715    54190   62100      0    1.79e+00    0    1.25e+00
2007 03 31  1720    54190   62400      0    1.81e+00    0    1.27e+00
2007 03 31  1725    54190   62700      0    1.78e+00    0    1.25e+00
2007 03 31  1730    54190   63000      0    1.80e+00    0    1.26e+00
2007 03 31  1735    54190   63300      0    1.82e+00    0    1.28e+00
2007 03 31  1740    54190   63600      0    1.77e+00    0    1.24e+00
2007 03 31  1745    54190   63900      0    1.81e+00    0    1.26e+00
2007 03 31  1750    54190   64200      0    1.79e+00    0    1.25e+00
2007 03 31  1755    54190   64500      0    1.80e+00    0    1.26e+00
2007 03 31  1800    54190   64800      0    1.80e+00    0    1.26e+00
2007 03 31  1805    54190   65100      0    1.75e+00    0    1.22e+00
2007 03 31  1810    54190   65400      0    1.80e+00    0    1.26e+00
2007 03 31  1815    54190   65700      0    1.77e+00    0    1.23e+00
2007 03 31  1820    54190   66000      0    1.84e+00    0    1.29e+00
2007 03 31  1825    54190   66300      0    1.75e+00    0    1.24e+00
2007 03 31  1830    54190   66600      0    1.80e+00    0    1.26e+00
2007 03 31  1835    54190   66900      0    1.76e+00    0    1.24e+00
2007 03 31  1840    54190   67200      0    1.78e+00    0    1.24e+00
2007 03 31  1845    54190   67500      0    1.79e+00    0    1.25e+00
2007 03 31  1850    54190   67800      0    1.78e+00    0    1.24e+00
2007 03 31  1855    54190   68100      0    1.82e+00    0    1.29e+00
2007 03 31  1900    54190   68400      0    1.78e+00    0    1.24e+00
2007 03 31  1905    54190   68700      0    1.84e+00    0    1.28e+00
2007 03 31  1910    54190   69000      0    1.76e+00    0    1.23e+00
2007 03 31  1915    54190   69300      0    1.84e+00    0    1.30e+00
2007 03 31  1920    54190   69600      0    1.78e+00    0    1.25e+00
2007 03 31  1925    54190   69900      0    1.79e+00    0    1.26e+00
2007 03 31  1930    54190   70200      0    1.79e+00    0    1.24e+00
2007 03 31  1935    54190   70500      0    1.79e+00    0    1.25e+00
2007 03 31  1940    54190   70800      0    1.77e+00    0    1.24e+00
2007 03 31  1945    54190   71100      0    1.85e+00    0    1.29e+00
2007 03 31  1950    54190   71400      0    1.78e+00    0    1.24e+00
2007 03 31  1955    54190   71700      0    1.80e+00    0    1.24e+00
2007 03 31  2000    54190   72000      0    1.78e+00    0    1.23e+00
2007 03 31  2005    54190   72300      0    1.82e+00    0    1.27e+00
2007 03 31  2010    54190   72600      0    1.81e+00    0    1.27e+00
2007 03 31  2015    54190   72900      0    1.79e+00    0    1.25e+00
2007 03 31  2020    54190   73200      0    1.82e+00    0    1.26e+00
2007 03 31  2025    54190   73500      0    1.76e+00    0    1.23e+00
2007 03 31  2030    54190   73800      0    1.78e+00    0    1.25e+00
2007 03 31  2035    54190   74100      0    1.79e+00    0    1.25e+00
2007 03 31  2040    54190   74400      0    1.78e+00    0    1.25e+00
2007 03 31  2045    54190   74700      0    1.76e+00    0    1.22e+00
2007 03 31  2050    54190   75000      0    1.79e+00    0    1.26e+00
2007 03 31  2055    54190   75300      0    1.78e+00    0    1.25e+00
2007 03 31  2100    54190   75600      0    1.76e+00    0    1.23e+00
2007 03 31  2105    54190   75900      0    1.77e+00    0    1.24e+00
2007 03 31  2110    54190   76200      0    1.80e+00    0    1.27e+00
2007 03 31  2115    54190   76500      0    1.79e+00    0    1.24e+00
2007 03 31  2120    54190   76800      0    1.80e+00    0    1.27e+00
2007 03 31  2125    54190   77100      0    1.79e+00    0    1.25e+00
2007 03 31  2130    54190   77400      0    1.84e+00    0    1.29e+00
2007 03 31  2135    54190   77700      0    1.76e+00    0    1.24e+00
2007 03 31  2140    54190   78000      0    1.83e+00    0    1.28e+00
2007 03 31  2145    54190   78300      0    1.77e+00    0    1.24e+00
2007 03 31  2150    54190   78600      0    1.74e+00    0    1.21e+00
2007 03 31  2155    54190   78900      0    1.77e+00    0    1.23e+00
2007 03 31  2200    54190   79200      0    1.81e+00    0    1.27e+00
2007 03 31  2205    54190   79500      0    1.83e+00    0    1.29e+00
2007 03 31  2210    54190   79800      0    1.81e+00    0    1.26e+00
2007 03 31  2215    54190   80100      0    1.80e+00    0    1.28e+00
2007 03 31  2220    54190   80400      0    1.75e+00    0    1.23e+00
2007 03 31  2225    54190   80700      0    1.79e+00    0    1.25e+00
2007 03 31  2230    54190   81000      0    1.81e+00    0    1.28e+00
2007 03 31  2235    54190   81300      0    1.79e+00    0    1.27e+00
2007 03 31  2240    54190   81600      0    1.74e+00    0    1.22e+00
2007 03 31  2245    54190   81900      0    1.78e+00    0    1.24e+00
2007 03 31  2250    54190   82200      0    1.73e+00    0    1.21e+00
2007 03 31  2255    54190   82500      0    1.77e+00    0    1.24e+00
2007 03 31  2300    54190   82800      0    1.79e+00    0    1.25e+00
2007 03 31  2305    54190   83100      0    1.78e+00    0    1.24e+00
2007 03 31  2310    54190   83400      0    1.73e+00    0    1.21e+00
2007 03 31  2315    54190   83700      0    1.71e+00    0    1.20e+00
2007 03 31  2320    54190   84000      0    1.75e+00    0    1.23e+00
2007 03 31  2325    54190   84300      0    1.76e+00    0    1.23e+00
2007 03 31  2330    54190   84600      0    1.80e+00    0    1.27e+00
2007 03 31  2335    54190   84900      0    1.74e+00    0    1.22e+00
2007 03 31  2340    54190   85200      0    1.80e+00    0    1.27e+00
2007 03 31  2345    54190   85500      0    1.77e+00    0    1.23e+00
2007 03 31  2350    54190   85800      0    1.73e+00    0    1.21e+00
2007 03 31  2355    54190   86100      0    1.77e+00    0    1.24e+00
