:Data_list: 20071105_ace_epam_5m.txt
:Created: 2007 Nov 06 0011 UT
# Prepared by the U.S. Dept. of Commerce, NOAA, Space Weather Prediction Center
# Please send comments and suggestions to SWPC.Webmaster@noaa.gov 
# 
# Units: Differential Flux particles/cm2-s-ster-MeV
# Units: Anisotropy Index 0.0 - 2.0
# Status(S): 0 = nominal, 4,6,7,8 = bad data, unable to process, 9 = no data
# Missing data values: -1.00e+05, index = -1.00
# Source: ACE Satellite - Electron, Proton, and Alpha Monitor
#
#
#                      5-minute averaged Real-time Differential Electron and Proton Flux 
# 
#                Modified Seconds ---------------------------- Differential Flux ---------------------------
# UT Date   Time  Julian  of the  ----- Electron -----   ------------------- Protons keV -------------------   Anis.
# YR MO DA  HHMM    Day    Day    S    38-53   175-315   S    47-68   115-195   310-580   761-1220 1060-1900   Index
#-------------------------------------------------------------------------------------------------------------------
2007 11 05  0000   54409       0  0  5.85e+02  2.83e+01  0  1.30e+03  1.59e+01  2.22e+00  5.34e-01  1.64e-01   0.89
2007 11 05  0005   54409     300  0  5.86e+02  2.26e+01  0  1.24e+03  1.71e+01  1.87e+00  6.03e-01  1.69e-01   0.39
2007 11 05  0010   54409     600  0  6.12e+02  2.98e+01  0  1.24e+03  1.79e+01  2.69e+00  6.16e-01  1.60e-01   0.22
2007 11 05  0015   54409     900  0  8.01e+02  2.55e+01  0  1.31e+03  1.80e+01  2.43e+00  5.82e-01  1.16e-01   0.11
2007 11 05  0020   54409    1200  0  6.73e+02  2.69e+01  0  1.22e+03  1.68e+01  2.75e+00  5.61e-01  1.16e-01   0.31
2007 11 05  0025   54409    1500  0  5.83e+02  2.55e+01  0  1.19e+03  1.58e+01  2.08e+00  6.68e-01  1.87e-01   0.50
2007 11 05  0030   54409    1800  0  6.80e+02  2.84e+01  0  1.27e+03  1.70e+01  2.16e+00  5.40e-01  1.26e-01   0.20
2007 11 05  0035   54409    2100  0  5.80e+02  2.80e+01  0  1.24e+03  1.75e+01  2.69e+00  5.63e-01  1.96e-01   0.50
2007 11 05  0040   54409    2400  0  5.98e+02  2.81e+01  0  1.25e+03  1.71e+01  2.41e+00  7.56e-01  2.23e-01   0.27
2007 11 05  0045   54409    2700  0  6.35e+02  2.78e+01  0  1.19e+03  1.95e+01  2.59e+00  7.07e-01  1.69e-01   0.68
2007 11 05  0050   54409    3000  0  7.91e+02  2.52e+01  0  1.31e+03  2.00e+01  2.33e+00  7.21e-01  1.60e-01   0.12
2007 11 05  0055   54409    3300  0  6.66e+02  2.90e+01  0  1.25e+03  1.78e+01  1.70e+00  3.33e-01  1.16e-01   0.87
2007 11 05  0100   54409    3600  0  5.88e+02  2.71e+01  0  1.19e+03  1.92e+01  2.23e+00  4.80e-01  2.11e-01   0.58
2007 11 05  0105   54409    3900  0  6.53e+02  2.78e+01  0  1.25e+03  1.59e+01  2.22e+00  5.98e-01  2.32e-01   0.44
2007 11 05  0110   54409    4200  0  6.22e+02  2.84e+01  0  1.31e+03  1.76e+01  2.29e+00  5.82e-01  1.47e-01   0.43
2007 11 05  0115   54409    4500  0  6.61e+02  2.41e+01  0  1.26e+03  1.86e+01  2.58e+00  7.43e-01  1.74e-01   0.79
2007 11 05  0120   54409    4800  0  7.46e+02  2.19e+01  0  1.29e+03  1.75e+01  2.47e+00  5.45e-01  1.69e-01   0.28
2007 11 05  0125   54409    5100  0  5.29e+02  2.90e+01  0  1.27e+03  1.73e+01  1.90e+00  5.20e-01  1.69e-01   0.46
2007 11 05  0130   54409    5400  0  6.28e+02  2.48e+01  0  1.24e+03  1.75e+01  2.25e+00  5.34e-01  1.05e-01   0.33
2007 11 05  0135   54409    5700  0  6.22e+02  2.36e+01  0  1.16e+03  1.70e+01  1.98e+00  5.72e-01  1.74e-01   0.40
2007 11 05  0140   54409    6000  0  8.24e+02  2.69e+01  0  1.28e+03  1.83e+01  2.49e+00  4.57e-01  8.43e-02   0.91
2007 11 05  0145   54409    6300  0  6.05e+02  2.41e+01  0  1.32e+03  1.70e+01  2.28e+00  7.62e-01  1.74e-01   0.59
2007 11 05  0150   54409    6600  0  6.68e+02  2.71e+01  0  1.25e+03  2.19e+01  2.19e+00  4.95e-01  1.26e-01   0.42
2007 11 05  0155   54409    6900  0  7.37e+02  2.66e+01  0  1.26e+03  1.76e+01  2.49e+00  5.91e-01  1.74e-01   0.42
2007 11 05  0200   54409    7200  0  6.10e+02  2.62e+01  0  1.27e+03  1.83e+01  2.22e+00  7.05e-01  1.35e-01   0.30
2007 11 05  0205   54409    7500  0  5.52e+02  3.01e+01  0  1.30e+03  1.71e+01  2.19e+00  5.15e-01  1.55e-01   0.79
2007 11 05  0210   54409    7800  0  6.22e+02  2.44e+01  0  1.20e+03  1.97e+01  2.28e+00  5.34e-01  1.93e-01   0.62
2007 11 05  0215   54409    8100  0  6.31e+02  2.98e+01  0  1.23e+03  1.62e+01  2.07e+00  5.20e-01  1.39e-01   0.16
2007 11 05  0220   54409    8400  0  6.19e+02  2.78e+01  0  1.24e+03  1.65e+01  2.25e+00  5.91e-01  1.45e-01   0.27
2007 11 05  0225   54409    8700  0  6.02e+02  2.62e+01  0  1.20e+03  1.80e+01  1.89e+00  5.91e-01  6.76e-02   0.29
2007 11 05  0230   54409    9000  0  6.87e+02  2.80e+01  0  1.28e+03  1.83e+01  2.39e+00  6.86e-01  2.11e-01   0.16
2007 11 05  0235   54409    9300  0  5.94e+02  2.71e+01  0  1.29e+03  1.74e+01  2.22e+00  4.92e-01  1.87e-01   0.70
2007 11 05  0240   54409    9600  0  6.63e+02  2.52e+01  0  1.30e+03  1.86e+01  2.76e+00  4.95e-01  2.51e-01   0.25
2007 11 05  0245   54409    9900  0  6.71e+02  2.80e+01  0  1.24e+03  2.07e+01  2.33e+00  6.44e-01  1.69e-01   0.06
2007 11 05  0250   54409   10200  0  7.63e+02  2.70e+01  0  1.27e+03  1.93e+01  2.39e+00  6.33e-01  1.25e-01   0.51
2007 11 05  0255   54409   10500  0  6.48e+02  2.38e+01  0  1.25e+03  1.63e+01  2.72e+00  4.16e-01  1.37e-01   0.72
2007 11 05  0300   54409   10800  0  5.84e+02  2.44e+01  0  1.16e+03  2.14e+01  2.52e+00  7.28e-01  1.90e-01   0.65
2007 11 05  0305   54409   11100  0  7.14e+02  2.58e+01  0  1.30e+03  1.76e+01  1.91e+00  6.68e-01  2.14e-01   0.35
2007 11 05  0310   54409   11400  0  7.02e+02  2.59e+01  0  1.26e+03  1.68e+01  1.80e+00  7.28e-01  1.05e-01   0.54
2007 11 05  0315   54409   11700  0  5.97e+02  2.63e+01  0  1.24e+03  2.04e+01  1.78e+00  6.33e-01  1.52e-01   0.11
2007 11 05  0320   54409   12000  0  7.74e+02  2.37e+01  0  1.26e+03  1.75e+01  2.44e+00  6.33e-01  1.78e-01   0.27
2007 11 05  0325   54409   12300  0  5.77e+02  3.00e+01  0  1.28e+03  1.83e+01  2.20e+00  6.03e-01  1.37e-01   0.60
2007 11 05  0330   54409   12600  0  5.61e+02  2.91e+01  0  1.28e+03  1.64e+01  2.39e+00  6.33e-01  1.43e-01   0.09
2007 11 05  0335   54409   12900  0  6.24e+02  3.05e+01  0  1.26e+03  1.68e+01  2.29e+00  4.57e-01  1.58e-01   0.37
2007 11 05  0340   54409   13200  0  6.53e+02  2.67e+01  0  1.36e+03  1.78e+01  2.29e+00  5.61e-01  1.37e-01   0.53
2007 11 05  0345   54409   13500  0  6.23e+02  2.78e+01  0  1.29e+03  1.78e+01  2.00e+00  6.51e-01  1.69e-01   0.61
2007 11 05  0350   54409   13800  0  6.50e+02  2.80e+01  0  1.23e+03  2.30e+01  2.39e+00  6.24e-01  1.37e-01   0.22
2007 11 05  0355   54409   14100  0  6.93e+02  2.69e+01  0  1.27e+03  1.74e+01  2.31e+00  6.29e-01  1.26e-01   0.29
2007 11 05  0400   54409   14400  0  5.69e+02  2.75e+01  0  1.22e+03  1.87e+01  2.50e+00  7.21e-01  2.50e-01   0.28
2007 11 05  0405   54409   14700  0  6.30e+02  2.55e+01  0  1.21e+03  1.87e+01  1.97e+00  5.20e-01  1.90e-01   0.38
2007 11 05  0410   54409   15000  0  6.78e+02  2.98e+01  0  1.24e+03  1.83e+01  2.58e+00  5.72e-01  1.64e-01   0.57
2007 11 05  0415   54409   15300  0  8.12e+02  2.71e+01  0  1.24e+03  1.80e+01  2.19e+00  4.95e-01  1.55e-01   0.06
2007 11 05  0420   54409   15600  0  5.72e+02  2.57e+01  0  1.23e+03  1.56e+01  2.03e+00  5.20e-01  1.90e-01   0.14
2007 11 05  0425   54409   15900  0  6.85e+02  3.08e+01  0  1.20e+03  1.78e+01  1.71e+00  6.67e-01  2.22e-01   0.14
2007 11 05  0430   54409   16200  0  7.19e+02  2.94e+01  0  1.29e+03  1.91e+01  2.40e+00  5.53e-01  1.35e-01   0.12
2007 11 05  0435   54409   16500  0  6.13e+02  2.76e+01  0  1.33e+03  1.87e+01  2.49e+00  6.48e-01  1.55e-01   0.14
2007 11 05  0440   54409   16800  0  5.97e+02  2.82e+01  0  1.27e+03  1.70e+01  1.71e+00  4.57e-01  1.26e-01   0.88
2007 11 05  0445   54409   17100  0  7.79e+02  2.46e+01  0  1.29e+03  2.05e+01  2.37e+00  4.76e-01  1.35e-01   0.60
2007 11 05  0450   54409   17400  0  7.44e+02  2.57e+01  0  1.24e+03  1.84e+01  1.65e+00  4.76e-01  1.74e-01   0.25
2007 11 05  0455   54409   17700  0  7.08e+02  2.72e+01  0  1.26e+03  1.87e+01  2.95e+00  8.11e-01  1.26e-01   0.25
2007 11 05  0500   54409   18000  0  7.34e+02  3.03e+01  0  1.17e+03  1.75e+01  2.55e+00  7.24e-01  1.35e-01   0.48
2007 11 05  0505   54409   18300  0  9.16e+02  2.73e+01  0  1.34e+03  1.89e+01  1.89e+00  5.72e-01  1.16e-01   0.65
2007 11 05  0510   54409   18600  0  6.73e+02  2.47e+01  0  1.28e+03  1.75e+01  2.23e+00  5.20e-01  1.05e-01   0.41
2007 11 05  0515   54409   18900  0  6.58e+02  2.45e+01  0  1.20e+03  1.80e+01  2.47e+00  5.45e-01  1.60e-01   0.06
2007 11 05  0520   54409   19200  0  8.90e+02  2.64e+01  0  1.26e+03  1.88e+01  2.40e+00  6.29e-01  1.55e-01   0.64
2007 11 05  0525   54409   19500  0  5.57e+02  3.03e+01  0  1.26e+03  1.81e+01  1.67e+00  5.40e-01  1.90e-01   0.32
2007 11 05  0530   54409   19800  0  5.83e+02  2.65e+01  0  1.21e+03  1.76e+01  2.19e+00  5.10e-01  1.07e-01   0.65
2007 11 05  0535   54409   20100  0  6.15e+02  2.20e+01  0  1.21e+03  1.81e+01  1.87e+00  6.86e-01  9.48e-02   0.48
2007 11 05  0540   54409   20400  0  6.33e+02  2.80e+01  0  1.28e+03  1.61e+01  2.52e+00  5.61e-01  1.48e-01   0.22
2007 11 05  0545   54409   20700  0  6.80e+02  2.65e+01  0  1.27e+03  1.86e+01  2.22e+00  6.51e-01  1.05e-01   0.47
2007 11 05  0550   54409   21000  0  8.37e+02  3.17e+01  0  1.20e+03  2.02e+01  2.29e+00  6.03e-01  1.05e-01   0.41
2007 11 05  0555   54409   21300  0  8.81e+02  3.52e+01  0  1.26e+03  1.67e+01  1.97e+00  4.40e-01  1.52e-01   0.30
2007 11 05  0600   54409   21600  0  5.65e+02  3.09e+01  0  1.24e+03  1.90e+01  2.63e+00  5.98e-01  1.25e-01   0.33
2007 11 05  0605   54409   21900  0  6.58e+02  2.49e+01  0  1.25e+03  1.76e+01  2.39e+00  5.82e-01  1.79e-01   0.43
2007 11 05  0610   54409   22200  0  8.10e+02  2.78e+01  0  1.35e+03  1.66e+01  2.80e+00  4.93e-01  1.87e-01   0.40
2007 11 05  0615   54409   22500  0  6.82e+02  2.80e+01  0  1.31e+03  1.87e+01  2.00e+00  6.86e-01  2.53e-01   0.31
2007 11 05  0620   54409   22800  0  6.15e+02  2.74e+01  0  1.27e+03  1.68e+01  3.05e+00  6.24e-01  1.79e-01   0.43
2007 11 05  0625   54409   23100  0  7.82e+02  2.70e+01  0  1.20e+03  1.64e+01  2.63e+00  5.63e-01  1.96e-01   0.37
2007 11 05  0630   54409   23400  0  1.01e+03  2.71e+01  0  1.34e+03  1.65e+01  2.10e+00  8.52e-01  7.38e-02   0.23
2007 11 05  0635   54409   23700  0  8.93e+02  2.13e+01  0  1.44e+03  1.10e+01  2.34e+00  6.86e-01  0.00e+00   0.82
2007 11 05  0640   54409   24000  9 -1.00e+05 -1.00e+05  9 -1.00e+05 -1.00e+05 -1.00e+05 -1.00e+05 -1.00e+05  -1.00
2007 11 05  0645   54409   24300  9 -1.00e+05 -1.00e+05  9 -1.00e+05 -1.00e+05 -1.00e+05 -1.00e+05 -1.00e+05  -1.00
2007 11 05  0650   54409   24600  0  5.95e+02  3.26e+01  0  1.19e+03  1.13e+01  3.95e+00  8.31e-01  2.53e-01   0.46
2007 11 05  0655   54409   24900  0  6.04e+02  2.46e+01  0  1.29e+03  1.66e+01  1.86e+00  4.95e-01  1.74e-01   0.65
2007 11 05  0700   54409   25200  0  6.89e+02  2.82e+01  0  1.19e+03  1.86e+01  2.39e+00  4.37e-01  1.26e-01   0.61
2007 11 05  0705   54409   25500  0  6.53e+02  2.64e+01  0  1.30e+03  1.72e+01  2.37e+00  7.81e-01  2.12e-01   0.27
2007 11 05  0710   54409   25800  0  6.40e+02  2.80e+01  0  1.30e+03  1.78e+01  1.95e+00  5.34e-01  1.06e-01   0.35
2007 11 05  0715   54409   26100  0  5.68e+02  2.71e+01  0  1.16e+03  1.73e+01  2.40e+00  5.91e-01  1.35e-01   0.77
2007 11 05  0720   54409   26400  0  9.56e+02  2.66e+01  0  1.27e+03  1.75e+01  2.01e+00  4.76e-01  1.74e-01   0.50
2007 11 05  0725   54409   26700  0  5.67e+02  2.39e+01  0  1.28e+03  1.88e+01  2.61e+00  6.48e-01  1.74e-01   0.29
2007 11 05  0730   54409   27000  0  6.20e+02  2.59e+01  0  1.24e+03  1.88e+01  2.28e+00  4.00e-01  1.45e-01   0.23
2007 11 05  0735   54409   27300  0  6.64e+02  3.17e+01  0  1.28e+03  1.94e+01  2.56e+00  6.24e-01  1.90e-01   0.86
2007 11 05  0740   54409   27600  0  6.94e+02  2.55e+01  0  1.37e+03  1.79e+01  2.19e+00  5.72e-01  2.21e-01   0.40
2007 11 05  0745   54409   27900  0  6.25e+02  2.48e+01  0  1.29e+03  1.98e+01  2.13e+00  6.48e-01  1.84e-01   0.38
2007 11 05  0750   54409   28200  0  6.71e+02  2.71e+01  0  1.15e+03  1.85e+01  2.52e+00  5.40e-01  8.43e-02   0.27
2007 11 05  0755   54409   28500  0  6.85e+02  2.50e+01  0  1.35e+03  1.69e+01  2.22e+00  6.16e-01  1.69e-01   0.39
2007 11 05  0800   54409   28800  0  7.13e+02  3.19e+01  0  1.31e+03  1.72e+01  1.95e+00  4.00e-01  1.35e-01   0.83
2007 11 05  0805   54409   29100  0  9.14e+02  2.44e+01  0  1.25e+03  1.89e+01  2.59e+00  6.24e-01  1.90e-01   0.50
2007 11 05  0810   54409   29400  0  1.05e+03  2.89e+01  0  1.28e+03  2.02e+01  2.14e+00  7.56e-01  1.26e-01   0.25
2007 11 05  0815   54409   29700  0  8.17e+02  3.01e+01  0  1.29e+03  1.73e+01  2.36e+00  7.28e-01  2.00e-01   0.34
2007 11 05  0820   54409   30000  0  6.13e+02  2.98e+01  0  1.26e+03  1.79e+01  2.72e+00  5.61e-01  1.47e-01   0.31
2007 11 05  0825   54409   30300  0  6.57e+02  2.73e+01  0  1.20e+03  1.73e+01  2.44e+00  4.75e-01  1.52e-01   0.75
2007 11 05  0830   54409   30600  0  6.75e+02  2.32e+01  0  1.29e+03  1.85e+01  2.26e+00  6.65e-01  1.37e-01   0.10
2007 11 05  0835   54409   30900  0  6.41e+02  2.63e+01  0  1.27e+03  1.98e+01  2.14e+00  6.68e-01  2.05e-01   0.02
2007 11 05  0840   54409   31200  0  6.75e+02  3.25e+01  0  1.22e+03  1.66e+01  2.00e+00  7.21e-01  1.69e-01   0.20
2007 11 05  0845   54409   31500  0  7.54e+02  2.80e+01  0  1.28e+03  1.60e+01  2.70e+00  7.24e-01  3.28e-01   0.51
2007 11 05  0850   54409   31800  0  6.52e+02  2.94e+01  0  1.25e+03  1.75e+01  2.25e+00  6.16e-01  1.16e-01   0.00
2007 11 05  0855   54409   32100  0  6.90e+02  2.42e+01  0  1.32e+03  1.65e+01  2.36e+00  5.61e-01  1.05e-01   0.69
2007 11 05  0900   54409   32400  0  8.35e+02  2.96e+01  0  1.21e+03  1.67e+01  2.20e+00  7.07e-01  2.32e-01   0.38
2007 11 05  0905   54409   32700  0  6.91e+02  2.96e+01  0  1.33e+03  1.71e+01  2.16e+00  5.63e-01  2.32e-01   0.39
2007 11 05  0910   54409   33000  0  6.53e+02  2.45e+01  0  1.28e+03  1.64e+01  2.16e+00  5.82e-01  1.16e-01   0.24
2007 11 05  0915   54409   33300  0  5.92e+02  2.68e+01  0  1.16e+03  1.74e+01  2.37e+00  5.91e-01  1.55e-01   0.42
2007 11 05  0920   54409   33600  0  8.24e+02  2.73e+01  0  1.29e+03  1.75e+01  1.83e+00  7.39e-01  1.69e-01   0.23
2007 11 05  0925   54409   33900  0  6.57e+02  2.63e+01  0  1.30e+03  1.62e+01  2.20e+00  7.90e-01  8.43e-02   0.16
2007 11 05  0930   54409   34200  0  7.18e+02  2.69e+01  0  1.25e+03  1.79e+01  2.49e+00  6.48e-01  1.35e-01   0.10
2007 11 05  0935   54409   34500  0  8.09e+02  2.36e+01  0  1.28e+03  1.73e+01  2.40e+00  7.81e-01  2.22e-01   0.28
2007 11 05  0940   54409   34800  0  7.72e+02  3.03e+01  0  1.26e+03  1.91e+01  2.13e+00  6.03e-01  2.00e-01   0.54
2007 11 05  0945   54409   35100  0  6.51e+02  2.83e+01  0  1.28e+03  1.91e+01  1.74e+00  7.05e-01  1.64e-01   0.36
2007 11 05  0950   54409   35400  0  6.02e+02  2.36e+01  0  1.19e+03  1.77e+01  1.89e+00  6.48e-01  2.03e-01   0.29
2007 11 05  0955   54409   35700  0  7.39e+02  2.59e+01  0  1.30e+03  1.57e+01  2.55e+00  6.86e-01  1.64e-01   0.42
2007 11 05  1000   54409   36000  0  6.10e+02  2.23e+01  0  1.26e+03  1.73e+01  2.07e+00  5.15e-01  1.74e-01   0.63
2007 11 05  1005   54409   36300  0  6.88e+02  2.78e+01  0  1.19e+03  1.76e+01  2.10e+00  6.86e-01  1.16e-01   0.27
2007 11 05  1010   54409   36600  0  7.12e+02  3.21e+01  0  1.32e+03  1.75e+01  2.43e+00  4.57e-01  2.00e-01   1.08
2007 11 05  1015   54409   36900  0  6.70e+02  2.55e+01  0  1.28e+03  1.55e+01  2.25e+00  4.57e-01  1.06e-01   0.65
2007 11 05  1020   54409   37200  0  6.25e+02  2.20e+01  0  1.32e+03  1.89e+01  2.46e+00  6.10e-01  1.93e-01   0.69
2007 11 05  1025   54409   37500  0  6.51e+02  2.73e+01  0  1.18e+03  1.73e+01  2.13e+00  6.29e-01  1.64e-01   0.29
2007 11 05  1030   54409   37800  0  6.48e+02  2.51e+01  0  1.29e+03  1.81e+01  2.46e+00  4.57e-01  1.47e-01   1.05
2007 11 05  1035   54409   38100  0  6.35e+02  2.59e+01  0  1.25e+03  2.01e+01  2.61e+00  6.29e-01  1.55e-01   0.29
2007 11 05  1040   54409   38400  0  5.37e+02  2.55e+01  0  1.16e+03  1.76e+01  2.52e+00  5.72e-01  1.06e-01   0.23
2007 11 05  1045   54409   38700  0  7.52e+02  3.03e+01  0  1.30e+03  1.90e+01  2.62e+00  5.40e-01  1.85e-01   0.21
2007 11 05  1050   54409   39000  0  6.12e+02  1.91e+01  0  1.29e+03  1.70e+01  2.07e+00  5.34e-01  1.26e-01   0.35
2007 11 05  1055   54409   39300  0  6.18e+02  3.01e+01  0  1.29e+03  1.69e+01  1.98e+00  6.29e-01  2.12e-01   0.29
2007 11 05  1100   54409   39600  0  6.07e+02  2.44e+01  0  1.21e+03  1.68e+01  2.29e+00  5.61e-01  1.69e-01   1.03
2007 11 05  1105   54409   39900  0  7.57e+02  2.98e+01  0  1.29e+03  1.84e+01  1.69e+00  5.98e-01  1.87e-01   0.10
2007 11 05  1110   54409   40200  0  7.85e+02  2.90e+01  0  1.32e+03  1.69e+01  2.06e+00  5.82e-01  1.79e-01   0.79
2007 11 05  1115   54409   40500  0  6.87e+02  2.24e+01  0  1.19e+03  1.82e+01  2.03e+00  7.62e-01  1.42e-01   0.65
2007 11 05  1120   54409   40800  0  7.85e+02  2.98e+01  0  1.31e+03  1.77e+01  2.27e+00  5.63e-01  1.96e-01   0.31
2007 11 05  1125   54409   41100  0  6.62e+02  2.76e+01  0  1.27e+03  1.67e+01  2.13e+00  5.20e-01  1.26e-01   0.23
2007 11 05  1130   54409   41400  0  5.74e+02  2.40e+01  0  1.24e+03  1.54e+01  2.43e+00  5.20e-01  1.26e-01   0.29
2007 11 05  1135   54409   41700  0  6.87e+02  2.55e+01  0  1.29e+03  1.91e+01  2.47e+00  7.74e-01  1.52e-01   0.30
2007 11 05  1140   54409   42000  0  5.74e+02  2.49e+01  0  1.25e+03  1.73e+01  2.46e+00  7.90e-01  1.69e-01   0.65
2007 11 05  1145   54409   42300  0  6.83e+02  2.52e+01  0  1.22e+03  1.71e+01  2.36e+00  5.55e-01  1.49e-01   0.39
2007 11 05  1150   54409   42600  0  6.84e+02  2.92e+01  0  1.22e+03  1.85e+01  2.47e+00  4.63e-01  2.02e-01   0.57
2007 11 05  1155   54409   42900  0  9.04e+02  2.34e+01  0  1.30e+03  1.95e+01  2.46e+00  7.28e-01  1.90e-01   0.79
2007 11 05  1200   54409   43200  0  7.43e+02  2.81e+01  0  1.33e+03  1.57e+01  1.86e+00  8.27e-01  1.78e-01   0.39
2007 11 05  1205   54409   43500  0  8.48e+02  2.69e+01  0  1.19e+03  1.79e+01  2.29e+00  7.07e-01  1.79e-01   0.69
2007 11 05  1210   54409   43800  0  8.01e+02  3.21e+01  0  1.28e+03  1.95e+01  2.62e+00  7.90e-01  2.95e-01   0.12
2007 11 05  1215   54409   44100  0  6.76e+02  3.01e+01  0  1.28e+03  1.65e+01  2.08e+00  5.63e-01  2.23e-01   0.25
2007 11 05  1220   54409   44400  0  5.92e+02  2.86e+01  0  1.26e+03  1.85e+01  1.90e+00  5.82e-01  1.37e-01   0.63
2007 11 05  1225   54409   44700  0  6.73e+02  2.94e+01  0  1.22e+03  1.67e+01  1.62e+00  4.95e-01  1.06e-01   0.24
2007 11 05  1230   54409   45000  0  6.38e+02  2.48e+01  0  1.25e+03  1.81e+01  2.46e+00  6.29e-01  1.74e-01   0.43
2007 11 05  1235   54409   45300  0  7.59e+02  2.69e+01  0  1.30e+03  1.98e+01  1.90e+00  7.69e-01  1.69e-01   0.34
2007 11 05  1240   54409   45600  0  7.06e+02  2.76e+01  0  1.18e+03  1.91e+01  2.01e+00  6.10e-01  1.45e-01   0.00
2007 11 05  1245   54409   45900  0  7.54e+02  2.76e+01  0  1.30e+03  1.82e+01  2.70e+00  3.43e-01  1.93e-01   0.38
2007 11 05  1250   54409   46200  0  6.93e+02  2.38e+01  0  1.34e+03  1.94e+01  2.10e+00  6.03e-01  1.26e-01   0.34
2007 11 05  1255   54409   46500  0  6.49e+02  3.05e+01  0  1.28e+03  2.17e+01  1.80e+00  7.05e-01  7.38e-02   0.39
2007 11 05  1300   54409   46800  0  6.84e+02  2.75e+01  0  1.28e+03  1.84e+01  1.98e+00  4.95e-01  1.05e-01   0.44
2007 11 05  1305   54409   47100  0  8.47e+02  2.78e+01  0  1.25e+03  1.77e+01  2.07e+00  6.29e-01  1.84e-01   0.28
2007 11 05  1310   54409   47400  0  5.95e+02  2.71e+01  0  1.27e+03  1.87e+01  2.23e+00  5.82e-01  1.58e-01   0.21
2007 11 05  1315   54409   47700  0  7.32e+02  2.80e+01  0  1.17e+03  1.56e+01  2.34e+00  5.91e-01  1.74e-01   0.35
2007 11 05  1320   54409   48000  0  8.65e+02  2.91e+01  0  1.34e+03  1.93e+01  2.16e+00  6.48e-01  1.06e-01   0.55
2007 11 05  1325   54409   48300  0  5.63e+02  2.88e+01  0  1.32e+03  2.14e+01  2.52e+00  4.37e-01  1.48e-01   0.87
2007 11 05  1330   54409   48600  0  8.53e+02  2.21e+01  0  1.23e+03  1.77e+01  2.10e+00  6.29e-01  1.26e-01   0.64
2007 11 05  1335   54409   48900  0  9.09e+02  2.59e+01  0  1.29e+03  1.95e+01  2.40e+00  5.14e-01  1.26e-01   0.67
2007 11 05  1340   54409   49200  0  5.84e+02  2.73e+01  0  1.27e+03  1.94e+01  2.46e+00  5.20e-01  2.11e-01   0.33
2007 11 05  1345   54409   49500  0  5.59e+02  2.68e+01  0  1.26e+03  1.92e+01  2.44e+00  6.68e-01  1.16e-01   0.66
2007 11 05  1350   54409   49800  0  7.63e+02  2.86e+01  0  1.24e+03  1.50e+01  1.87e+00  6.03e-01  1.26e-01   0.28
2007 11 05  1355   54409   50100  0  8.50e+02  2.59e+01  0  1.30e+03  1.65e+01  1.67e+00  4.99e-01  2.32e-01   0.79
2007 11 05  1400   54409   50400  0  8.09e+02  2.37e+01  0  1.27e+03  1.79e+01  2.16e+00  5.45e-01  1.16e-01   0.66
2007 11 05  1405   54409   50700  0  8.42e+02  2.34e+01  0  1.19e+03  1.97e+01  2.36e+00  5.89e-01  1.69e-01   0.27
2007 11 05  1410   54409   51000  0  1.04e+03  2.53e+01  0  1.33e+03  1.90e+01  2.46e+00  5.40e-01  1.90e-01   0.11
2007 11 05  1415   54409   51300  0  7.77e+02  2.71e+01  0  1.26e+03  1.65e+01  2.36e+00  4.05e-01  2.23e-01   0.29
2007 11 05  1420   54409   51600  0  8.64e+02  2.69e+01  0  1.26e+03  1.81e+01  2.88e+00  6.86e-01  1.90e-01   0.37
2007 11 05  1425   54409   51900  0  7.62e+02  3.03e+01  0  1.31e+03  1.64e+01  2.25e+00  6.51e-01  1.96e-01   0.63
2007 11 05  1430   54409   52200  0  6.01e+02  2.55e+01  0  1.29e+03  1.91e+01  2.20e+00  4.16e-01  1.26e-01   0.11
2007 11 05  1435   54409   52500  0  7.20e+02  2.47e+01  0  1.29e+03  1.92e+01  2.10e+00  4.99e-01  1.16e-01   0.83
2007 11 05  1440   54409   52800  0  6.61e+02  2.68e+01  0  1.23e+03  1.95e+01  2.22e+00  5.28e-01  2.32e-01   0.04
2007 11 05  1445   54409   53100  0  9.49e+02  2.72e+01  0  1.32e+03  1.80e+01  2.49e+00  5.61e-01  1.26e-01   0.54
2007 11 05  1450   54409   53400  0  6.60e+02  2.67e+01  0  1.30e+03  1.80e+01  2.07e+00  5.20e-01  2.32e-01   0.40
2007 11 05  1455   54409   53700  0  5.92e+02  2.50e+01  0  1.20e+03  2.02e+01  2.14e+00  5.80e-01  1.43e-01   0.26
2007 11 05  1500   54409   54000  0  7.62e+02  2.74e+01  0  1.34e+03  1.80e+01  2.56e+00  6.65e-01  1.37e-01   0.57
2007 11 05  1505   54409   54300  0  8.26e+02  2.65e+01  0  1.30e+03  1.79e+01  1.97e+00  6.19e-01  1.75e-01   1.03
2007 11 05  1510   54409   54600  0  8.89e+02  3.15e+01  0  1.29e+03  1.85e+01  2.19e+00  5.91e-01  1.74e-01   0.23
2007 11 05  1515   54409   54900  0  8.39e+02  2.55e+01  0  1.22e+03  1.62e+01  2.43e+00  4.16e-01  1.48e-01   0.39
2007 11 05  1520   54409   55200  0  6.98e+02  2.52e+01  0  1.41e+03  1.97e+01  2.13e+00  6.67e-01  1.06e-01   0.16
2007 11 05  1525   54409   55500  0  7.16e+02  2.71e+01  0  1.33e+03  2.01e+01  2.01e+00  8.19e-01  1.64e-01   0.29
2007 11 05  1530   54409   55800  0  5.42e+02  2.82e+01  0  1.19e+03  1.85e+01  2.43e+00  4.78e-01  1.37e-01   0.34
2007 11 05  1535   54409   56100  0  7.66e+02  2.69e+01  0  1.30e+03  1.99e+01  2.04e+00  6.67e-01  1.93e-01   0.23
2007 11 05  1540   54409   56400  0  6.27e+02  2.60e+01  0  1.28e+03  1.45e+01  2.43e+00  5.53e-01  2.03e-01   0.30
2007 11 05  1545   54409   56700  0  5.92e+02  2.64e+01  0  1.25e+03  1.57e+01  2.46e+00  6.86e-01  2.03e-01   0.29
2007 11 05  1550   54409   57000  0  6.35e+02  2.63e+01  0  1.25e+03  1.99e+01  2.00e+00  7.48e-01  7.38e-02   0.35
2007 11 05  1555   54409   57300  0  7.97e+02  2.69e+01  0  1.31e+03  2.04e+01  2.94e+00  6.10e-01  1.93e-01   0.28
2007 11 05  1600   54409   57600  0  6.42e+02  2.75e+01  0  1.31e+03  1.72e+01  2.04e+00  8.19e-01  2.22e-01   0.24
2007 11 05  1605   54409   57900  0  6.60e+02  2.07e+01  0  1.23e+03  1.76e+01  2.46e+00  7.07e-01  1.37e-01   0.46
2007 11 05  1610   54409   58200  0  6.73e+02  2.73e+01  0  1.30e+03  1.84e+01  2.34e+00  7.24e-01  1.26e-01   0.66
2007 11 05  1615   54409   58500  0  7.06e+02  2.67e+01  0  1.30e+03  1.71e+01  2.31e+00  6.10e-01  1.45e-01   0.42
2007 11 05  1620   54409   58800  0  8.71e+02  2.94e+01  0  1.25e+03  1.71e+01  2.20e+00  6.03e-01  1.69e-01   0.37
2007 11 05  1625   54409   59100  0  8.03e+02  2.27e+01  0  1.27e+03  1.83e+01  2.66e+00  6.51e-01  9.48e-02   0.69
2007 11 05  1630   54409   59400  0  5.84e+02  2.61e+01  0  1.29e+03  1.95e+01  1.80e+00  7.28e-01  1.79e-01   0.29
2007 11 05  1635   54409   59700  0  7.34e+02  2.38e+01  0  1.27e+03  1.74e+01  2.49e+00  5.40e-01  1.69e-01   0.41
2007 11 05  1640   54409   60000  0  7.57e+02  2.58e+01  0  1.25e+03  1.75e+01  2.19e+00  6.16e-01  1.45e-01   0.12
2007 11 05  1645   54409   60300  0  6.82e+02  2.53e+01  0  1.39e+03  1.96e+01  2.16e+00  7.90e-01  9.48e-02   0.11
2007 11 05  1650   54409   60600  0  6.15e+02  2.78e+01  0  1.36e+03  1.77e+01  1.80e+00  5.82e-01  1.90e-01   0.73
2007 11 05  1655   54409   60900  0  7.91e+02  2.60e+01  0  1.23e+03  1.73e+01  2.36e+00  5.45e-01  1.07e-01   0.16
2007 11 05  1700   54409   61200  0  6.94e+02  2.59e+01  0  1.28e+03  2.00e+01  2.36e+00  6.03e-01  9.48e-02   0.43
2007 11 05  1705   54409   61500  0  5.95e+02  2.65e+01  0  1.27e+03  1.70e+01  2.33e+00  5.45e-01  2.05e-01   0.48
2007 11 05  1710   54409   61800  0  5.90e+02  2.83e+01  0  1.28e+03  1.71e+01  2.21e+00  5.42e-01  1.14e-01   0.29
2007 11 05  1715   54409   62100  0  6.71e+02  2.36e+01  0  1.22e+03  1.97e+01  2.26e+00  5.72e-01  2.32e-01   0.20
2007 11 05  1720   54409   62400  0  6.78e+02  2.88e+01  0  1.33e+03  1.74e+01  2.16e+00  5.10e-01  8.92e-02   0.44
2007 11 05  1725   54409   62700  0  5.73e+02  2.90e+01  0  1.29e+03  1.93e+01  2.34e+00  4.83e-01  7.00e-02   0.38
2007 11 05  1730   54409   63000  0  6.17e+02  2.45e+01  0  1.16e+03  1.94e+01  2.43e+00  6.65e-01  1.79e-01   0.18
2007 11 05  1735   54409   63300  0  7.80e+02  2.85e+01  0  1.30e+03  1.59e+01  2.16e+00  4.40e-01  1.07e-01   0.23
2007 11 05  1740   54409   63600  0  6.27e+02  2.85e+01  0  1.26e+03  2.03e+01  2.39e+00  5.58e-01  1.58e-01   0.44
2007 11 05  1745   54409   63900  0  6.42e+02  2.80e+01  0  1.24e+03  1.69e+01  2.01e+00  7.62e-01  1.45e-01   0.18
2007 11 05  1750   54409   64200  0  6.91e+02  2.18e+01  0  1.27e+03  1.75e+01  2.28e+00  5.72e-01  3.48e-02   0.33
2007 11 05  1755   54409   64500  0  7.94e+02  2.76e+01  0  1.28e+03  1.55e+01  2.29e+00  5.20e-01  1.16e-01   0.72
2007 11 05  1800   54409   64800  0  6.07e+02  2.99e+01  0  1.24e+03  1.97e+01  2.34e+00  3.12e-01  2.22e-01   0.15
2007 11 05  1805   54409   65100  0  6.37e+02  3.15e+01  0  1.23e+03  1.66e+01  2.67e+00  8.00e-01  1.37e-01   0.37
2007 11 05  1810   54409   65400  0  6.91e+02  2.65e+01  0  1.29e+03  1.84e+01  2.29e+00  6.65e-01  1.69e-01   0.61
2007 11 05  1815   54409   65700  0  7.08e+02  2.82e+01  0  1.35e+03  1.76e+01  2.16e+00  5.53e-01  1.93e-01   0.44
2007 11 05  1820   54409   66000  0  6.22e+02  2.69e+01  0  1.26e+03  1.99e+01  2.64e+00  5.72e-01  1.06e-01   0.43
2007 11 05  1825   54409   66300  0  7.77e+02  2.78e+01  0  1.28e+03  1.79e+01  2.01e+00  5.53e-01  2.32e-01   0.04
2007 11 05  1830   54409   66600  0  5.44e+02  2.53e+01  0  1.26e+03  1.81e+01  2.03e+00  7.07e-01  8.11e-02   0.27
2007 11 05  1835   54409   66900  0  5.84e+02  2.71e+01  0  1.27e+03  1.81e+01  2.79e+00  5.01e-01  1.17e-01   0.31
2007 11 05  1840   54409   67200  0  6.22e+02  2.67e+01  0  1.24e+03  1.84e+01  2.10e+00  7.05e-01  1.79e-01   0.26
2007 11 05  1845   54409   67500  0  7.63e+02  2.88e+01  0  1.31e+03  1.89e+01  1.97e+00  7.28e-01  1.47e-01   0.48
2007 11 05  1850   54409   67800  0  7.21e+02  2.94e+01  0  1.29e+03  1.84e+01  2.52e+00  6.10e-01  1.35e-01   0.80
2007 11 05  1855   54409   68100  0  5.40e+02  2.48e+01  0  1.16e+03  1.68e+01  1.83e+00  7.24e-01  3.48e-02   0.70
2007 11 05  1900   54409   68400  0  6.94e+02  3.00e+01  0  1.26e+03  1.95e+01  2.03e+00  4.16e-01  1.39e-01   0.59
2007 11 05  1905   54409   68700  0  5.78e+02  2.76e+01  0  1.27e+03  1.88e+01  2.11e+00  5.45e-01  1.34e-01   0.12
2007 11 05  1910   54409   69000  0  6.26e+02  2.53e+01  0  1.28e+03  1.80e+01  2.03e+00  6.03e-01  1.79e-01   0.24
2007 11 05  1915   54409   69300  0  5.97e+02  2.53e+01  0  1.28e+03  1.99e+01  2.23e+00  5.82e-01  1.37e-01   0.20
2007 11 05  1920   54409   69600  0  8.17e+02  3.24e+01  0  1.32e+03  1.92e+01  2.72e+00  4.75e-01  1.16e-01   0.22
2007 11 05  1925   54409   69900  0  6.37e+02  2.09e+01  0  1.26e+03  1.85e+01  2.43e+00  4.78e-01  2.00e-01   0.49
2007 11 05  1930   54409   70200  0  4.92e+02  2.61e+01  0  1.18e+03  1.71e+01  2.23e+00  7.07e-01  1.79e-01   0.26
2007 11 05  1935   54409   70500  0  6.91e+02  2.60e+01  0  1.27e+03  1.92e+01  2.19e+00  6.16e-01  1.34e-01   0.40
2007 11 05  1940   54409   70800  0  6.73e+02  2.69e+01  0  1.30e+03  1.73e+01  1.93e+00  3.89e-01  2.74e-01   0.66
2007 11 05  1945   54409   71100  0  6.20e+02  2.26e+01  0  1.25e+03  1.75e+01  2.02e+00  6.86e-01  2.23e-01   0.10
2007 11 05  1950   54409   71400  0  6.63e+02  3.07e+01  0  1.29e+03  1.76e+01  2.16e+00  5.61e-01  1.05e-01   0.27
2007 11 05  1955   54409   71700  0  6.57e+02  2.57e+01  0  1.27e+03  1.97e+01  2.13e+00  5.20e-01  1.37e-01   0.23
2007 11 05  2000   54409   72000  0  6.20e+02  2.32e+01  0  1.27e+03  1.87e+01  2.58e+00  4.75e-01  1.26e-01   0.25
2007 11 05  2005   54409   72300  0  6.31e+02  2.76e+01  0  1.17e+03  1.91e+01  2.49e+00  5.82e-01  1.16e-01   0.35
2007 11 05  2010   54409   72600  0  6.96e+02  2.94e+01  0  1.34e+03  1.69e+01  2.82e+00  6.03e-01  6.32e-02   0.54
2007 11 05  2015   54409   72900  0  7.31e+02  2.34e+01  0  1.32e+03  1.78e+01  2.72e+00  6.33e-01  1.07e-01   0.14
2007 11 05  2020   54409   73200  0  6.57e+02  2.60e+01  0  1.19e+03  2.01e+01  2.50e+00  6.96e-01  1.57e-01   0.09
2007 11 05  2025   54409   73500  0  6.53e+02  2.44e+01  0  1.35e+03  1.76e+01  2.13e+00  4.76e-01  1.55e-01   0.49
2007 11 05  2030   54409   73800  0  5.47e+02  2.59e+01  0  1.27e+03  1.76e+01  2.31e+00  5.53e-01  1.83e-01   0.33
2007 11 05  2035   54409   74100  0  5.61e+02  3.14e+01  0  1.33e+03  2.07e+01  2.57e+00  7.72e-01  1.01e-01   0.09
2007 11 05  2040   54409   74400  9 -1.00e+05 -1.00e+05  9 -1.00e+05 -1.00e+05 -1.00e+05 -1.00e+05 -1.00e+05  -1.00
2007 11 05  2045   54409   74700  9 -1.00e+05 -1.00e+05  9 -1.00e+05 -1.00e+05 -1.00e+05 -1.00e+05 -1.00e+05  -1.00
2007 11 05  2050   54409   75000  9 -1.00e+05 -1.00e+05  9 -1.00e+05 -1.00e+05 -1.00e+05 -1.00e+05 -1.00e+05  -1.00
2007 11 05  2055   54409   75300  9 -1.00e+05 -1.00e+05  9 -1.00e+05 -1.00e+05 -1.00e+05 -1.00e+05 -1.00e+05  -1.00
2007 11 05  2100   54409   75600  9 -1.00e+05 -1.00e+05  9 -1.00e+05 -1.00e+05 -1.00e+05 -1.00e+05 -1.00e+05  -1.00
2007 11 05  2105   54409   75900  9 -1.00e+05 -1.00e+05  9 -1.00e+05 -1.00e+05 -1.00e+05 -1.00e+05 -1.00e+05  -1.00
2007 11 05  2110   54409   76200  9 -1.00e+05 -1.00e+05  9 -1.00e+05 -1.00e+05 -1.00e+05 -1.00e+05 -1.00e+05  -1.00
2007 11 05  2115   54409   76500  9 -1.00e+05 -1.00e+05  9 -1.00e+05 -1.00e+05 -1.00e+05 -1.00e+05 -1.00e+05  -1.00
2007 11 05  2120   54409   76800  9 -1.00e+05 -1.00e+05  9 -1.00e+05 -1.00e+05 -1.00e+05 -1.00e+05 -1.00e+05  -1.00
2007 11 05  2125   54409   77100  9 -1.00e+05 -1.00e+05  9 -1.00e+05 -1.00e+05 -1.00e+05 -1.00e+05 -1.00e+05  -1.00
2007 11 05  2130   54409   77400  0  6.45e+02  2.39e+01  0  1.12e+03  1.34e+01  1.77e+00  6.57e-01  1.49e-01   0.18
2007 11 05  2135   54409   77700  0  8.02e+02  3.05e+01  0  1.32e+03  1.79e+01  2.04e+00  6.10e-01  7.38e-02   0.22
2007 11 05  2140   54409   78000  0  6.07e+02  2.78e+01  0  1.32e+03  1.52e+01  2.62e+00  4.78e-01  1.27e-01   0.49
2007 11 05  2145   54409   78300  0  6.35e+02  2.62e+01  0  1.22e+03  1.87e+01  2.25e+00  5.80e-01  1.16e-01   0.44
2007 11 05  2150   54409   78600  0  7.14e+02  2.71e+01  0  1.32e+03  1.83e+01  2.26e+00  6.03e-01  1.58e-01   0.33
2007 11 05  2155   54409   78900  0  5.79e+02  2.59e+01  0  1.33e+03  1.68e+01  2.49e+00  5.61e-01  2.00e-01   0.34
2007 11 05  2200   54409   79200  0  6.04e+02  2.53e+01  0  1.28e+03  1.92e+01  2.25e+00  6.51e-01  1.96e-01   0.30
2007 11 05  2205   54409   79500  0  6.78e+02  2.69e+01  0  1.21e+03  1.81e+01  2.46e+00  6.03e-01  9.48e-02   0.34
2007 11 05  2210   54409   79800  0  8.71e+02  2.71e+01  0  1.27e+03  2.02e+01  2.20e+00  4.99e-01  2.00e-01   0.34
2007 11 05  2215   54409   80100  0  7.66e+02  2.94e+01  0  1.34e+03  1.84e+01  2.19e+00  4.93e-01  2.23e-01   0.30
2007 11 05  2220   54409   80400  0  9.29e+02  2.45e+01  0  1.16e+03  1.95e+01  3.18e+00  4.57e-01  1.69e-01   0.73
2007 11 05  2225   54409   80700  0  8.96e+02  2.76e+01  0  1.30e+03  1.68e+01  2.47e+00  5.98e-01  3.03e-01   0.14
2007 11 05  2230   54409   81000  0  7.94e+02  2.67e+01  0  1.29e+03  1.94e+01  2.16e+00  5.61e-01  1.58e-01   0.26
2007 11 05  2235   54409   81300  0  7.63e+02  2.74e+01  0  1.25e+03  2.04e+01  2.43e+00  7.28e-01  1.79e-01   0.30
2007 11 05  2240   54409   81600  0  8.35e+02  2.31e+01  0  1.31e+03  1.83e+01  1.91e+00  5.63e-01  1.96e-01   0.89
2007 11 05  2245   54409   81900  0  6.93e+02  2.82e+01  0  1.24e+03  1.60e+01  1.97e+00  4.99e-01  1.16e-01   0.51
2007 11 05  2250   54409   82200  0  6.15e+02  2.63e+01  0  1.28e+03  1.89e+01  2.69e+00  7.07e-01  2.21e-01   0.31
2007 11 05  2255   54409   82500  0  7.07e+02  2.86e+01  0  1.22e+03  1.67e+01  1.80e+00  5.98e-01  1.96e-01   0.08
2007 11 05  2300   54409   82800  0  8.73e+02  2.70e+01  0  1.33e+03  1.73e+01  2.42e+00  5.26e-01  1.85e-01   0.60
2007 11 05  2305   54409   83100  0  5.85e+02  3.03e+01  0  1.30e+03  1.82e+01  2.45e+00  3.97e-01  1.43e-01   0.31
2007 11 05  2310   54409   83400  0  7.81e+02  2.68e+01  0  1.24e+03  1.80e+01  2.16e+00  5.14e-01  2.03e-01   0.54
2007 11 05  2315   54409   83700  0  7.90e+02  2.59e+01  0  1.35e+03  1.97e+01  2.26e+00  6.65e-01  1.48e-01   0.12
2007 11 05  2320   54409   84000  0  7.46e+02  2.37e+01  0  1.26e+03  1.92e+01  2.28e+00  5.15e-01  2.12e-01   0.39
2007 11 05  2325   54409   84300  0  6.45e+02  2.83e+01  0  1.24e+03  1.81e+01  2.25e+00  5.14e-01  2.03e-01   0.06
2007 11 05  2330   54409   84600  0  6.35e+02  2.88e+01  0  1.21e+03  1.77e+01  2.46e+00  4.37e-01  7.73e-02   0.47
2007 11 05  2335   54409   84900  0  6.60e+02  2.98e+01  0  1.32e+03  1.76e+01  2.22e+00  5.14e-01  1.35e-01   0.12
2007 11 05  2340   54409   85200  0  5.84e+02  2.98e+01  0  1.33e+03  1.58e+01  2.31e+00  6.48e-01  1.35e-01   0.41
2007 11 05  2345   54409   85500  0  5.61e+02  2.60e+01  0  1.23e+03  1.73e+01  2.64e+00  6.67e-01  1.06e-01   0.23
2007 11 05  2350   54409   85800  0  8.53e+02  2.94e+01  0  1.26e+03  1.83e+01  2.85e+00  5.82e-01  1.48e-01   0.36
2007 11 05  2355   54409   86100  0  6.55e+02  2.76e+01  0  1.31e+03  1.72e+01  2.07e+00  6.29e-01  1.93e-01   0.41
