:Data_list: 20071212_ace_epam_5m.txt
:Created: 2007 Dec 13 0011 UT
# Prepared by the U.S. Dept. of Commerce, NOAA, Space Weather Prediction Center
# Please send comments and suggestions to SWPC.Webmaster@noaa.gov 
# 
# Units: Differential Flux particles/cm2-s-ster-MeV
# Units: Anisotropy Index 0.0 - 2.0
# Status(S): 0 = nominal, 4,6,7,8 = bad data, unable to process, 9 = no data
# Missing data values: -1.00e+05, index = -1.00
# Source: ACE Satellite - Electron, Proton, and Alpha Monitor
#
#
#                      5-minute averaged Real-time Differential Electron and Proton Flux 
# 
#                Modified Seconds ---------------------------- Differential Flux ---------------------------
# UT Date   Time  Julian  of the  ----- Electron -----   ------------------- Protons keV -------------------   Anis.
# YR MO DA  HHMM    Day    Day    S    38-53   175-315   S    47-68   115-195   310-580   761-1220 1060-1900   Index
#-------------------------------------------------------------------------------------------------------------------
2007 12 12  0000   54446       0  0  7.23e+02  2.61e+01  0  2.13e+03  1.37e+02  1.27e+01  1.64e+00  6.53e-01   0.20
2007 12 12  0005   54446     300  0  6.53e+02  2.57e+01  0  2.15e+03  1.42e+02  1.40e+01  2.20e+00  5.88e-01   0.17
2007 12 12  0010   54446     600  0  6.84e+02  2.59e+01  0  1.91e+03  1.47e+02  1.33e+01  1.75e+00  4.74e-01   0.10
2007 12 12  0015   54446     900  0  8.84e+02  2.53e+01  0  2.04e+03  1.41e+02  1.51e+01  1.85e+00  6.43e-01   0.13
2007 12 12  0020   54446    1200  0  5.66e+02  2.52e+01  0  2.01e+03  1.28e+02  1.40e+01  2.11e+00  6.15e-01   0.35
2007 12 12  0025   54446    1500  0  5.34e+02  2.98e+01  0  1.97e+03  1.15e+02  1.08e+01  1.60e+00  4.85e-01   0.21
2007 12 12  0030   54446    1800  0  5.68e+02  3.13e+01  0  1.86e+03  1.04e+02  1.08e+01  2.12e+00  4.64e-01   0.32
2007 12 12  0035   54446    2100  0  6.52e+02  2.39e+01  0  1.91e+03  1.09e+02  1.07e+01  1.42e+00  4.19e-01   0.07
2007 12 12  0040   54446    2400  0  5.72e+02  2.53e+01  0  1.88e+03  1.06e+02  1.08e+01  1.66e+00  4.21e-01   0.31
2007 12 12  0045   54446    2700  0  5.51e+02  2.52e+01  0  1.77e+03  9.21e+01  1.05e+01  1.62e+00  5.22e-01   0.09
2007 12 12  0050   54446    3000  0  6.61e+02  2.66e+01  0  1.92e+03  1.08e+02  1.20e+01  1.72e+00  4.73e-01   0.36
2007 12 12  0055   54446    3300  0  5.54e+02  2.88e+01  0  1.91e+03  1.08e+02  1.13e+01  1.81e+00  6.32e-01   0.32
2007 12 12  0100   54446    3600  0  4.33e+02  2.52e+01  0  1.82e+03  9.74e+01  1.01e+01  1.92e+00  3.67e-01   0.15
2007 12 12  0105   54446    3900  0  6.42e+02  2.55e+01  0  1.90e+03  9.69e+01  9.68e+00  1.39e+00  4.93e-01   0.53
2007 12 12  0110   54446    4200  0  4.92e+02  2.59e+01  0  1.91e+03  1.03e+02  1.02e+01  2.16e+00  4.32e-01   0.16
2007 12 12  0115   54446    4500  0  5.57e+02  2.64e+01  0  1.91e+03  1.08e+02  1.17e+01  1.79e+00  3.67e-01   0.04
2007 12 12  0120   54446    4800  0  5.74e+02  2.57e+01  0  1.87e+03  1.04e+02  1.09e+01  2.29e+00  4.54e-01   0.07
2007 12 12  0125   54446    5100  0  8.05e+02  3.05e+01  0  1.89e+03  1.02e+02  1.03e+01  1.56e+00  5.02e-01   0.34
2007 12 12  0130   54446    5400  0  7.22e+02  2.72e+01  0  1.93e+03  9.96e+01  1.03e+01  1.85e+00  4.64e-01   0.22
2007 12 12  0135   54446    5700  0  7.13e+02  2.67e+01  0  1.88e+03  1.06e+02  1.08e+01  2.21e+00  3.38e-01   0.24
2007 12 12  0140   54446    6000  0  8.04e+02  2.85e+01  0  1.97e+03  9.69e+01  1.08e+01  1.68e+00  3.86e-01   0.36
2007 12 12  0145   54446    6300  0  5.88e+02  2.82e+01  0  1.93e+03  1.09e+02  9.97e+00  1.68e+00  4.11e-01   0.17
2007 12 12  0150   54446    6600  0  6.18e+02  2.37e+01  0  1.97e+03  1.09e+02  1.13e+01  1.83e+00  5.60e-01   0.35
2007 12 12  0155   54446    6900  0  6.07e+02  2.82e+01  0  1.98e+03  1.16e+02  1.12e+01  1.68e+00  4.35e-01   0.22
2007 12 12  0200   54446    7200  0  5.47e+02  2.63e+01  0  2.15e+03  1.21e+02  1.25e+01  2.22e+00  4.00e-01   0.16
2007 12 12  0205   54446    7500  0  6.98e+02  2.13e+01  0  2.20e+03  1.25e+02  1.16e+01  1.99e+00  4.55e-01   0.25
2007 12 12  0210   54446    7800  0  6.06e+02  2.74e+01  0  2.20e+03  1.24e+02  1.13e+01  2.14e+00  2.53e-01   0.09
2007 12 12  0215   54446    8100  0  7.36e+02  2.65e+01  0  2.28e+03  1.27e+02  1.10e+01  2.27e+00  4.74e-01   0.22
2007 12 12  0220   54446    8400  0  6.32e+02  2.11e+01  0  2.05e+03  1.02e+02  1.02e+01  1.85e+00  3.74e-01   0.26
2007 12 12  0225   54446    8700  0  5.66e+02  2.24e+01  0  2.18e+03  1.21e+02  1.08e+01  2.06e+00  4.32e-01   0.09
2007 12 12  0230   54446    9000  0  7.09e+02  2.28e+01  0  1.80e+03  7.69e+01  9.18e+00  2.16e+00  3.37e-01   0.06
2007 12 12  0235   54446    9300  0  7.04e+02  2.70e+01  0  1.76e+03  7.19e+01  8.74e+00  1.69e+00  3.30e-01   0.14
2007 12 12  0240   54446    9600  0  6.67e+02  2.84e+01  0  1.68e+03  7.15e+01  8.85e+00  1.62e+00  4.11e-01   0.09
2007 12 12  0245   54446    9900  0  6.18e+02  2.67e+01  0  1.58e+03  7.08e+01  8.18e+00  1.85e+00  3.39e-01   0.27
2007 12 12  0250   54446   10200  0  9.52e+02  2.88e+01  0  1.74e+03  6.80e+01  8.03e+00  1.37e+00  4.00e-01   0.05
2007 12 12  0255   54446   10500  0  5.05e+02  2.40e+01  0  1.80e+03  6.74e+01  7.18e+00  1.41e+00  4.21e-01   0.27
2007 12 12  0300   54446   10800  0  5.23e+02  2.40e+01  0  1.67e+03  6.86e+01  8.04e+00  1.50e+00  3.12e-01   0.29
2007 12 12  0305   54446   11100  0  7.16e+02  2.63e+01  0  1.73e+03  6.84e+01  7.15e+00  1.46e+00  3.16e-01   0.13
2007 12 12  0310   54446   11400  0  5.52e+02  2.45e+01  0  1.62e+03  5.84e+01  6.95e+00  1.27e+00  4.43e-01   0.28
2007 12 12  0315   54446   11700  0  5.45e+02  2.47e+01  0  1.71e+03  5.82e+01  7.10e+00  1.44e+00  1.69e-01   0.13
2007 12 12  0320   54446   12000  0  6.46e+02  2.34e+01  0  1.59e+03  6.03e+01  7.01e+00  1.85e+00  3.90e-01   0.16
2007 12 12  0325   54446   12300  0  8.47e+02  2.39e+01  0  1.80e+03  6.97e+01  7.39e+00  1.24e+00  3.77e-01   0.23
2007 12 12  0330   54446   12600  0  5.47e+02  2.44e+01  0  1.72e+03  6.36e+01  8.38e+00  1.35e+00  3.19e-01   0.30
2007 12 12  0335   54446   12900  0  5.90e+02  3.03e+01  0  1.50e+03  5.40e+01  6.39e+00  1.10e+00  3.58e-01   0.35
2007 12 12  0340   54446   13200  0  8.25e+02  2.53e+01  0  1.68e+03  5.65e+01  6.88e+00  1.83e+00  2.90e-01   0.28
2007 12 12  0345   54446   13500  0  8.04e+02  2.53e+01  0  1.63e+03  5.07e+01  6.73e+00  1.68e+00  3.38e-01   0.02
2007 12 12  0350   54446   13800  0  6.35e+02  2.16e+01  0  1.61e+03  5.22e+01  6.65e+00  1.48e+00  3.90e-01   0.33
2007 12 12  0355   54446   14100  0  6.94e+02  2.37e+01  0  1.62e+03  5.59e+01  7.33e+00  1.52e+00  3.86e-01   0.03
2007 12 12  0400   54446   14400  0  6.78e+02  2.21e+01  0  1.73e+03  5.96e+01  7.21e+00  1.33e+00  3.28e-01   0.24
2007 12 12  0405   54446   14700  0  6.17e+02  2.76e+01  0  1.79e+03  6.38e+01  8.02e+00  1.71e+00  3.38e-01   0.17
2007 12 12  0410   54446   15000  0  6.40e+02  2.67e+01  0  1.59e+03  5.98e+01  6.20e+00  1.25e+00  2.32e-01   0.30
2007 12 12  0415   54446   15300  0  7.19e+02  2.16e+01  0  1.69e+03  5.71e+01  7.60e+00  1.52e+00  3.86e-01   0.21
2007 12 12  0420   54446   15600  0  6.20e+02  2.32e+01  0  1.79e+03  6.55e+01  7.75e+00  1.30e+00  4.06e-01   0.26
2007 12 12  0425   54446   15900  0  5.09e+02  2.47e+01  0  1.67e+03  5.93e+01  6.26e+00  1.43e+00  2.53e-01   0.19
2007 12 12  0430   54446   16200  0  7.70e+02  2.25e+01  0  1.66e+03  5.29e+01  6.58e+00  1.28e+00  2.90e-01   0.21
2007 12 12  0435   54446   16500  0  5.32e+02  2.41e+01  0  1.65e+03  5.53e+01  7.15e+00  1.22e+00  3.57e-01   0.38
2007 12 12  0440   54446   16800  0  5.36e+02  2.92e+01  0  1.75e+03  6.11e+01  6.49e+00  1.35e+00  4.21e-01   0.57
2007 12 12  0445   54446   17100  0  5.81e+02  2.94e+01  0  2.13e+03  6.40e+01  6.57e+00  1.35e+00  2.94e-01   0.48
2007 12 12  0450   54446   17400  0  7.77e+02  2.72e+01  0  2.07e+03  6.27e+01  6.16e+00  1.68e+00  3.37e-01   0.25
2007 12 12  0455   54446   17700  0  6.10e+02  2.44e+01  0  1.98e+03  6.47e+01  6.62e+00  1.79e+00  3.48e-01   0.43
2007 12 12  0500   54446   18000  0  6.04e+02  2.39e+01  0  1.79e+03  5.23e+01  6.91e+00  1.67e+00  3.03e-01   0.24
2007 12 12  0505   54446   18300  0  6.42e+02  2.61e+01  0  1.81e+03  5.95e+01  7.67e+00  1.41e+00  3.48e-01   0.25
2007 12 12  0510   54446   18600  0  5.48e+02  2.49e+01  0  1.74e+03  5.98e+01  7.80e+00  1.54e+00  3.90e-01   0.13
2007 12 12  0515   54446   18900  0  5.45e+02  2.50e+01  0  1.58e+03  5.50e+01  6.85e+00  1.50e+00  3.74e-01   0.13
2007 12 12  0520   54446   19200  0  6.57e+02  3.23e+01  0  1.58e+03  5.85e+01  6.39e+00  1.79e+00  3.69e-01   0.12
2007 12 12  0525   54446   19500  0  6.41e+02  2.44e+01  0  1.76e+03  5.61e+01  6.71e+00  1.27e+00  3.66e-01   0.04
2007 12 12  0530   54446   19800  0  6.53e+02  2.28e+01  0  1.63e+03  5.62e+01  7.97e+00  1.35e+00  2.42e-01   0.26
2007 12 12  0535   54446   20100  0  6.46e+02  2.49e+01  0  1.57e+03  5.86e+01  7.38e+00  1.18e+00  2.74e-01   0.25
2007 12 12  0540   54446   20400  0  7.31e+02  2.39e+01  0  1.67e+03  5.60e+01  8.32e+00  1.25e+00  3.92e-01   0.21
2007 12 12  0545   54446   20700  0  5.84e+02  2.40e+01  0  1.66e+03  5.50e+01  7.05e+00  1.41e+00  4.11e-01   0.26
2007 12 12  0550   54446   21000  0  6.91e+02  2.18e+01  0  1.69e+03  6.83e+01  7.51e+00  1.27e+00  3.90e-01   0.40
2007 12 12  0555   54446   21300  0  7.57e+02  2.65e+01  0  1.78e+03  6.94e+01  8.13e+00  1.58e+00  4.46e-01   0.30
2007 12 12  0600   54446   21600  0  6.02e+02  2.78e+01  0  1.75e+03  6.98e+01  9.24e+00  1.41e+00  3.16e-01   0.79
2007 12 12  0605   54446   21900  0  6.08e+02  3.05e+01  0  1.74e+03  6.93e+01  8.80e+00  1.37e+00  5.12e-01   0.37
2007 12 12  0610   54446   22200  0  5.70e+02  2.78e+01  0  1.63e+03  6.68e+01  9.62e+00  1.68e+00  4.83e-01   0.52
2007 12 12  0615   54446   22500  0  7.02e+02  2.26e+01  0  1.72e+03  6.68e+01  7.93e+00  1.75e+00  4.43e-01   0.37
2007 12 12  0620   54446   22800  0  6.40e+02  2.48e+01  0  1.76e+03  6.91e+01  8.80e+00  1.24e+00  4.54e-01   0.33
2007 12 12  0625   54446   23100  0  6.03e+02  2.80e+01  0  1.55e+03  5.52e+01  6.79e+00  1.51e+00  3.19e-01   0.42
2007 12 12  0630   54446   23400  0  6.69e+02  2.49e+01  0  1.63e+03  4.76e+01  7.15e+00  1.18e+00  2.95e-01   0.32
2007 12 12  0635   54446   23700  0  5.79e+02  2.64e+01  0  1.67e+03  6.14e+01  7.69e+00  1.47e+00  3.57e-01   0.16
2007 12 12  0640   54446   24000  0  5.71e+02  2.47e+01  0  1.74e+03  6.50e+01  7.79e+00  1.60e+00  4.40e-01   0.69
2007 12 12  0645   54446   24300  9 -1.00e+05 -1.00e+05  9 -1.00e+05 -1.00e+05 -1.00e+05 -1.00e+05 -1.00e+05  -1.00
2007 12 12  0650   54446   24600  9 -1.00e+05 -1.00e+05  9 -1.00e+05 -1.00e+05 -1.00e+05 -1.00e+05 -1.00e+05  -1.00
2007 12 12  0655   54446   24900  9 -1.00e+05 -1.00e+05  9 -1.00e+05 -1.00e+05 -1.00e+05 -1.00e+05 -1.00e+05  -1.00
2007 12 12  0700   54446   25200  9 -1.00e+05 -1.00e+05  9 -1.00e+05 -1.00e+05 -1.00e+05 -1.00e+05 -1.00e+05  -1.00
2007 12 12  0705   54446   25500  9 -1.00e+05 -1.00e+05  9 -1.00e+05 -1.00e+05 -1.00e+05 -1.00e+05 -1.00e+05  -1.00
2007 12 12  0710   54446   25800  9 -1.00e+05 -1.00e+05  9 -1.00e+05 -1.00e+05 -1.00e+05 -1.00e+05 -1.00e+05  -1.00
2007 12 12  0715   54446   26100  9 -1.00e+05 -1.00e+05  9 -1.00e+05 -1.00e+05 -1.00e+05 -1.00e+05 -1.00e+05  -1.00
2007 12 12  0720   54446   26400  9 -1.00e+05 -1.00e+05  9 -1.00e+05 -1.00e+05 -1.00e+05 -1.00e+05 -1.00e+05  -1.00
2007 12 12  0725   54446   26700  9 -1.00e+05 -1.00e+05  9 -1.00e+05 -1.00e+05 -1.00e+05 -1.00e+05 -1.00e+05  -1.00
2007 12 12  0730   54446   27000  0  7.04e+02  2.58e+01  0  3.72e+03  1.34e+02  7.93e+00  1.48e+00  3.60e-01   0.32
2007 12 12  0735   54446   27300  0  5.99e+02  2.92e+01  0  1.61e+03  5.37e+01  7.70e+00  1.43e+00  4.21e-01   0.15
2007 12 12  0740   54446   27600  0  6.87e+02  2.29e+01  0  1.68e+03  5.60e+01  7.77e+00  1.51e+00  4.19e-01   0.30
2007 12 12  0745   54446   27900  0  6.17e+02  2.28e+01  0  1.70e+03  5.47e+01  7.31e+00  1.66e+00  3.69e-01   0.12
2007 12 12  0750   54446   28200  0  7.31e+02  2.78e+01  0  1.65e+03  6.56e+01  8.26e+00  1.64e+00  4.21e-01   0.37
2007 12 12  0755   54446   28500  0  6.69e+02  3.01e+01  0  1.67e+03  6.76e+01  7.85e+00  1.41e+00  3.12e-01   0.41
2007 12 12  0800   54446   28800  0  6.60e+02  2.80e+01  0  1.67e+03  6.01e+01  7.64e+00  1.58e+00  4.95e-01   0.09
2007 12 12  0805   54446   29100  0  6.50e+02  2.71e+01  0  1.76e+03  6.15e+01  7.35e+00  1.60e+00  3.83e-01   0.18
2007 12 12  0810   54446   29400  0  6.91e+02  2.90e+01  0  1.63e+03  6.36e+01  8.56e+00  1.37e+00  4.11e-01   0.30
2007 12 12  0815   54446   29700  0  6.37e+02  2.22e+01  0  1.71e+03  7.04e+01  8.65e+00  1.21e+00  4.43e-01   0.45
2007 12 12  0820   54446   30000  0  5.11e+02  2.45e+01  0  1.72e+03  6.87e+01  8.57e+00  1.48e+00  4.64e-01   0.03
2007 12 12  0825   54446   30300  0  5.74e+02  2.40e+01  0  1.53e+03  5.59e+01  5.97e+00  1.45e+00  2.53e-01   0.46
2007 12 12  0830   54446   30600  0  6.58e+02  2.71e+01  0  1.64e+03  5.01e+01  6.85e+00  1.23e+00  4.11e-01   0.36
2007 12 12  0835   54446   30900  0  5.10e+02  2.98e+01  0  1.59e+03  4.75e+01  6.10e+00  1.60e+00  3.30e-01   0.24
2007 12 12  0840   54446   31200  0  5.48e+02  2.76e+01  0  1.66e+03  5.58e+01  6.13e+00  1.48e+00  2.11e-01   0.22
2007 12 12  0845   54446   31500  0  6.12e+02  2.21e+01  0  1.50e+03  4.38e+01  6.16e+00  1.31e+00  2.51e-01   0.25
2007 12 12  0850   54446   31800  0  6.38e+02  2.64e+01  0  1.64e+03  4.12e+01  5.86e+00  1.47e+00  2.51e-01   0.27
2007 12 12  0855   54446   32100  0  5.74e+02  2.88e+01  0  1.56e+03  4.17e+01  5.77e+00  1.37e+00  2.84e-01   0.56
2007 12 12  0900   54446   32400  0  6.04e+02  2.46e+01  0  1.51e+03  4.12e+01  5.68e+00  1.37e+00  3.09e-01   0.22
2007 12 12  0905   54446   32700  0  7.29e+02  2.39e+01  0  1.60e+03  4.19e+01  5.77e+00  1.20e+00  2.51e-01   0.43
2007 12 12  0910   54446   33000  0  6.39e+02  2.49e+01  0  1.61e+03  4.36e+01  6.65e+00  1.25e+00  2.84e-01   0.26
2007 12 12  0915   54446   33300  0  6.33e+02  2.48e+01  0  1.50e+03  3.41e+01  5.23e+00  1.14e+00  2.12e-01   0.49
2007 12 12  0920   54446   33600  0  6.71e+02  2.55e+01  0  1.63e+03  4.08e+01  4.93e+00  1.05e+00  4.15e-01   0.46
2007 12 12  0925   54446   33900  0  6.48e+02  2.32e+01  0  1.62e+03  4.04e+01  5.92e+00  1.14e+00  2.80e-01   0.22
2007 12 12  0930   54446   34200  0  6.39e+02  2.82e+01  0  1.56e+03  4.56e+01  6.03e+00  1.12e+00  3.27e-01   0.63
2007 12 12  0935   54446   34500  0  6.30e+02  2.85e+01  0  1.50e+03  3.93e+01  5.17e+00  8.96e-01  2.41e-01   0.17
2007 12 12  0940   54446   34800  0  7.71e+02  2.89e+01  0  1.70e+03  3.72e+01  4.60e+00  1.14e+00  2.51e-01   0.31
2007 12 12  0945   54446   35100  0  6.39e+02  2.42e+01  0  1.63e+03  3.74e+01  4.82e+00  1.06e+00  2.74e-01   0.45
2007 12 12  0950   54446   35400  0  6.40e+02  2.44e+01  0  1.58e+03  4.09e+01  5.08e+00  1.28e+00  2.90e-01   0.58
2007 12 12  0955   54446   35700  0  7.06e+02  2.64e+01  0  2.14e+03  4.81e+01  5.20e+00  1.20e+00  3.77e-01   0.45
2007 12 12  1000   54446   36000  0  5.95e+02  2.22e+01  0  2.24e+03  4.46e+01  4.98e+00  1.06e+00  3.58e-01   0.10
2007 12 12  1005   54446   36300  0  6.82e+02  2.27e+01  0  3.05e+03  6.20e+01  4.47e+00  1.11e+00  2.67e-01   0.17
2007 12 12  1010   54446   36600  0  6.31e+02  2.20e+01  0  3.73e+03  7.02e+01  5.28e+00  1.33e+00  3.69e-01   0.17
2007 12 12  1015   54446   36900  0  7.27e+02  2.78e+01  0  4.60e+03  9.02e+01  4.95e+00  8.32e-01  3.90e-01   0.32
2007 12 12  1020   54446   37200  0  6.25e+02  2.60e+01  0  3.75e+03  1.01e+02  5.49e+00  1.00e+00  3.48e-01   0.13
2007 12 12  1025   54446   37500  0  6.27e+02  2.32e+01  0  3.50e+03  1.04e+02  6.43e+00  9.77e-01  3.27e-01   0.65
2007 12 12  1030   54446   37800  0  8.04e+02  2.16e+01  0  5.00e+03  1.06e+02  5.67e+00  1.02e+00  2.32e-01   0.37
2007 12 12  1035   54446   38100  0  5.57e+02  2.21e+01  0  2.11e+03  5.27e+01  4.63e+00  1.09e+00  2.85e-01   0.44
2007 12 12  1040   54446   38400  0  6.22e+02  2.59e+01  0  2.68e+03  7.07e+01  5.87e+00  1.39e+00  3.37e-01   0.13
2007 12 12  1045   54446   38700  0  6.56e+02  2.60e+01  0  2.83e+03  8.10e+01  5.46e+00  1.06e+00  3.39e-01   0.62
2007 12 12  1050   54446   39000  0  6.08e+02  2.74e+01  0  2.59e+03  7.69e+01  6.92e+00  8.94e-01  3.37e-01   0.45
2007 12 12  1055   54446   39300  0  5.68e+02  2.57e+01  0  1.67e+03  3.72e+01  4.85e+00  1.04e+00  2.95e-01   0.09
2007 12 12  1100   54446   39600  0  6.01e+02  2.78e+01  0  2.98e+03  1.20e+02  6.21e+00  1.16e+00  2.59e-01   0.55
2007 12 12  1105   54446   39900  0  7.12e+02  2.40e+01  0  2.09e+03  5.91e+01  5.11e+00  9.56e-01  1.16e-01   0.37
2007 12 12  1110   54446   40200  0  5.62e+02  2.55e+01  0  1.63e+03  3.81e+01  4.79e+00  1.08e+00  2.09e-01   0.50
2007 12 12  1115   54446   40500  0  5.43e+02  2.62e+01  0  1.61e+03  3.70e+01  5.41e+00  1.13e+00  2.41e-01   0.17
2007 12 12  1120   54446   40800  0  6.46e+02  2.71e+01  0  1.64e+03  4.10e+01  4.33e+00  7.90e-01  3.27e-01   0.11
2007 12 12  1125   54446   41100  0  5.37e+02  2.76e+01  0  1.80e+03  4.72e+01  5.41e+00  1.20e+00  3.57e-01   0.19
2007 12 12  1130   54446   41400  0  6.86e+02  2.11e+01  0  1.57e+03  3.05e+01  4.90e+00  7.62e-01  2.41e-01   0.23
2007 12 12  1135   54446   41700  0  5.99e+02  2.71e+01  0  1.51e+03  3.41e+01  5.31e+00  9.98e-01  3.27e-01   0.30
2007 12 12  1140   54446   42000  0  6.48e+02  2.23e+01  0  1.61e+03  3.31e+01  4.75e+00  1.03e+00  2.99e-01   0.42
2007 12 12  1145   54446   42300  0  5.37e+02  2.92e+01  0  2.33e+03  5.55e+01  4.45e+00  1.12e+00  2.32e-01   0.31
2007 12 12  1150   54446   42600  0  5.77e+02  2.88e+01  0  5.53e+03  1.36e+02  5.61e+00  1.06e+00  2.95e-01   0.07
2007 12 12  1155   54446   42900  0  6.50e+02  2.48e+01  0  7.57e+03  1.74e+02  6.52e+00  8.57e-01  2.32e-01   0.48
2007 12 12  1200   54446   43200  0  6.23e+02  2.46e+01  0  7.17e+03  1.62e+02  5.83e+00  9.15e-01  1.35e-01   0.52
2007 12 12  1205   54446   43500  0  5.39e+02  2.78e+01  0  7.89e+03  1.94e+02  6.37e+00  8.96e-01  2.70e-01   0.51
2007 12 12  1210   54446   43800  0  7.25e+02  2.78e+01  0  5.71e+03  1.82e+02  6.29e+00  8.73e-01  2.74e-01   0.23
2007 12 12  1215   54446   44100  0  6.40e+02  2.43e+01  0  3.40e+03  9.90e+01  5.71e+00  9.53e-01  2.61e-01   0.27
2007 12 12  1220   54446   44400  0  6.50e+02  2.76e+01  0  1.58e+03  3.71e+01  4.63e+00  1.07e+00  2.22e-01   0.21
2007 12 12  1225   54446   44700  0  1.38e+03  2.30e+01  0  1.52e+03  3.90e+01  5.18e+00  9.56e-01  3.06e-01   0.23
2007 12 12  1230   54446   45000  0  8.86e+02  2.66e+01  0  1.66e+03  3.84e+01  4.66e+00  8.38e-01  3.09e-01   0.21
2007 12 12  1235   54446   45300  0  5.74e+02  2.50e+01  0  1.69e+03  4.35e+01  4.99e+00  1.09e+00  3.09e-01   0.31
2007 12 12  1240   54446   45600  0  5.52e+02  3.03e+01  0  1.86e+03  4.31e+01  4.65e+00  8.73e-01  2.00e-01   0.23
2007 12 12  1245   54446   45900  0  7.04e+02  2.60e+01  0  1.82e+03  4.31e+01  5.24e+00  1.02e+00  1.60e-01   0.31
2007 12 12  1250   54446   46200  0  6.44e+02  2.42e+01  0  1.89e+03  5.23e+01  5.38e+00  9.35e-01  2.21e-01   0.23
2007 12 12  1255   54446   46500  0  5.07e+02  2.82e+01  0  1.87e+03  4.34e+01  5.21e+00  1.02e+00  3.27e-01   0.37
2007 12 12  1300   54446   46800  0  5.05e+02  2.69e+01  0  1.66e+03  5.23e+01  5.38e+00  1.02e+00  3.03e-01   0.48
2007 12 12  1305   54446   47100  0  7.71e+02  3.05e+01  0  1.70e+03  3.87e+01  5.47e+00  1.12e+00  3.28e-01   0.40
2007 12 12  1310   54446   47400  0  6.85e+02  2.43e+01  0  1.61e+03  3.85e+01  5.77e+00  9.77e-01  2.32e-01   0.40
2007 12 12  1315   54446   47700  0  5.46e+02  2.70e+01  0  1.54e+03  3.86e+01  4.13e+00  8.97e-01  2.32e-01   0.12
2007 12 12  1320   54446   48000  0  6.42e+02  2.80e+01  0  1.62e+03  3.46e+01  4.26e+00  7.48e-01  2.21e-01   0.71
2007 12 12  1325   54446   48300  0  5.92e+02  2.40e+01  0  1.64e+03  3.04e+01  4.46e+00  1.21e+00  2.74e-01   0.07
2007 12 12  1330   54446   48600  0  4.87e+02  2.34e+01  0  1.59e+03  3.31e+01  4.85e+00  7.04e-01  3.12e-01   0.59
2007 12 12  1335   54446   48900  0  5.90e+02  2.20e+01  0  1.57e+03  3.48e+01  4.79e+00  8.94e-01  3.16e-01   0.39
2007 12 12  1340   54446   49200  0  6.71e+02  2.98e+01  0  1.63e+03  3.68e+01  4.59e+00  8.52e-01  2.21e-01   0.47
2007 12 12  1345   54446   49500  0  5.71e+02  2.31e+01  0  1.63e+03  3.53e+01  4.47e+00  7.56e-01  2.94e-01   0.19
2007 12 12  1350   54446   49800  0  6.39e+02  2.59e+01  0  1.46e+03  2.98e+01  4.92e+00  9.77e-01  1.69e-01   0.26
2007 12 12  1355   54446   50100  0  6.82e+02  2.42e+01  0  1.57e+03  3.17e+01  3.91e+00  8.97e-01  3.12e-01   0.68
2007 12 12  1400   54446   50400  0  5.45e+02  2.49e+01  0  1.61e+03  3.14e+01  3.97e+00  9.98e-01  2.53e-01   0.07
2007 12 12  1405   54446   50700  0  5.68e+02  2.67e+01  0  1.60e+03  3.12e+01  4.39e+00  1.02e+00  2.42e-01   0.23
2007 12 12  1410   54446   51000  0  7.36e+02  2.91e+01  0  1.68e+03  3.35e+01  4.49e+00  8.27e-01  2.23e-01   0.10
2007 12 12  1415   54446   51300  0  6.60e+02  2.63e+01  0  1.61e+03  3.72e+01  4.13e+00  8.11e-01  2.95e-01   0.34
2007 12 12  1420   54446   51600  0  5.92e+02  2.53e+01  0  1.54e+03  3.44e+01  4.85e+00  7.90e-01  3.16e-01   0.37
2007 12 12  1425   54446   51900  0  5.77e+02  2.60e+01  0  1.47e+03  3.83e+01  4.58e+00  7.74e-01  3.21e-01   0.31
2007 12 12  1430   54446   52200  0  7.03e+02  2.38e+01  0  1.65e+03  4.25e+01  4.79e+00  1.12e+00  2.63e-01   0.13
2007 12 12  1435   54446   52500  0  6.28e+02  2.60e+01  0  1.66e+03  3.63e+01  5.20e+00  7.43e-01  2.80e-01   0.31
2007 12 12  1440   54446   52800  0  5.31e+02  2.48e+01  0  1.56e+03  3.64e+01  4.93e+00  1.14e+00  2.32e-01   0.36
2007 12 12  1445   54446   53100  0  7.97e+02  2.65e+01  0  1.59e+03  3.84e+01  5.34e+00  8.11e-01  2.53e-01   0.23
2007 12 12  1450   54446   53400  0  5.80e+02  2.07e+01  0  1.63e+03  3.53e+01  4.39e+00  9.15e-01  2.80e-01   0.12
2007 12 12  1455   54446   53700  0  5.49e+02  2.39e+01  0  1.58e+03  2.76e+01  4.06e+00  9.15e-01  2.41e-01   0.15
2007 12 12  1500   54446   54000  0  5.90e+02  2.30e+01  0  1.52e+03  3.63e+01  5.11e+00  9.98e-01  2.32e-01   0.02
2007 12 12  1505   54446   54300  0  6.03e+02  2.24e+01  0  1.60e+03  3.14e+01  3.90e+00  8.07e-01  2.25e-01   0.26
2007 12 12  1510   54446   54600  0  5.70e+02  2.43e+01  0  1.63e+03  3.37e+01  4.33e+00  1.01e+00  2.51e-01   0.37
2007 12 12  1515   54446   54900  0  6.58e+02  2.96e+01  0  1.53e+03  3.51e+01  4.03e+00  1.07e+00  2.23e-01   0.49
2007 12 12  1520   54446   55200  0  7.05e+02  2.59e+01  0  1.57e+03  2.88e+01  5.11e+00  8.73e-01  3.06e-01   0.40
2007 12 12  1525   54446   55500  0  5.77e+02  2.71e+01  0  1.53e+03  2.71e+01  3.52e+00  1.01e+00  2.61e-01   0.27
2007 12 12  1530   54446   55800  0  5.99e+02  3.03e+01  0  1.61e+03  3.00e+01  3.88e+00  8.96e-01  2.41e-01   0.30
2007 12 12  1535   54446   56100  0  6.61e+02  3.27e+01  0  1.55e+03  3.14e+01  3.83e+00  9.15e-01  3.06e-01   0.33
2007 12 12  1540   54446   56400  0  6.20e+02  2.30e+01  0  1.58e+03  2.87e+01  3.55e+00  9.53e-01  2.41e-01   0.18
2007 12 12  1545   54446   56700  0  5.34e+02  2.30e+01  0  1.57e+03  3.05e+01  3.97e+00  9.91e-01  1.93e-01   0.28
2007 12 12  1550   54446   57000  0  4.83e+02  2.51e+01  0  1.44e+03  2.36e+01  3.70e+00  8.11e-01  2.42e-01   0.28
2007 12 12  1555   54446   57300  0  6.58e+02  2.65e+01  0  1.56e+03  2.45e+01  3.38e+00  9.85e-01  2.32e-01   0.31
2007 12 12  1600   54446   57600  0  5.03e+02  2.94e+01  0  1.59e+03  2.32e+01  2.95e+00  6.03e-01  2.21e-01   0.13
2007 12 12  1605   54446   57900  0  5.32e+02  2.82e+01  0  1.53e+03  2.30e+01  3.05e+00  8.11e-01  2.42e-01   0.60
2007 12 12  1610   54446   58200  0  6.49e+02  2.81e+01  0  1.56e+03  2.17e+01  2.91e+00  9.67e-01  2.14e-01   0.48
2007 12 12  1615   54446   58500  0  6.06e+02  2.96e+01  0  1.56e+03  2.48e+01  3.51e+00  8.73e-01  1.69e-01   0.18
2007 12 12  1620   54446   58800  0  5.07e+02  2.69e+01  0  1.54e+03  2.38e+01  3.11e+00  8.11e-01  2.11e-01   0.89
2007 12 12  1625   54446   59100  0  5.34e+02  2.96e+01  0  1.50e+03  2.27e+01  3.63e+00  1.04e+00  1.87e-01   0.36
2007 12 12  1630   54446   59400  0  7.21e+02  2.65e+01  0  1.60e+03  2.30e+01  3.47e+00  8.31e-01  1.16e-01   0.40
2007 12 12  1635   54446   59700  0  6.61e+02  2.42e+01  0  1.58e+03  2.64e+01  3.94e+00  7.21e-01  2.23e-01   0.07
2007 12 12  1640   54446   60000  0  7.07e+02  2.78e+01  0  1.47e+03  2.23e+01  2.52e+00  1.02e+00  1.90e-01   0.19
2007 12 12  1645   54446   60300  0  1.45e+03  2.67e+01  0  1.62e+03  2.65e+01  3.31e+00  8.94e-01  1.37e-01   0.46
2007 12 12  1650   54446   60600  0  6.75e+02  2.52e+01  0  1.53e+03  2.60e+01  3.13e+00  8.79e-01  1.34e-01   0.38
2007 12 12  1655   54446   60900  0  6.30e+02  2.51e+01  0  1.53e+03  2.77e+01  3.84e+00  7.48e-01  1.47e-01   0.36
2007 12 12  1700   54446   61200  0  7.80e+02  2.53e+01  0  1.53e+03  3.00e+01  4.26e+00  7.69e-01  1.37e-01   0.43
2007 12 12  1705   54446   61500  0  7.49e+02  2.57e+01  0  1.60e+03  2.85e+01  3.49e+00  8.62e-01  2.23e-01   0.06
2007 12 12  1710   54446   61800  0  6.49e+02  2.38e+01  0  1.55e+03  2.47e+01  3.77e+00  9.98e-01  1.90e-01   0.32
2007 12 12  1715   54446   62100  0  7.77e+02  2.37e+01  0  1.42e+03  2.61e+01  3.85e+00  1.05e+00  1.64e-01   0.20
2007 12 12  1720   54446   62400  0  8.38e+02  2.41e+01  0  1.60e+03  2.60e+01  3.37e+00  9.72e-01  2.80e-01   0.52
2007 12 12  1725   54446   62700  0  6.24e+02  2.61e+01  0  1.62e+03  2.62e+01  3.44e+00  6.86e-01  1.37e-01   0.25
2007 12 12  1730   54446   63000  0  5.85e+02  1.88e+01  0  1.48e+03  2.55e+01  2.79e+00  6.67e-01  2.12e-01   0.07
2007 12 12  1735   54446   63300  0  5.89e+02  2.76e+01  0  1.54e+03  2.47e+01  3.31e+00  7.05e-01  1.64e-01   0.11
2007 12 12  1740   54446   63600  0  5.18e+02  2.53e+01  0  1.55e+03  2.38e+01  3.77e+00  8.52e-01  1.48e-01   0.23
2007 12 12  1745   54446   63900  0  5.84e+02  2.34e+01  0  1.56e+03  2.30e+01  3.25e+00  8.19e-01  2.32e-01   0.35
2007 12 12  1750   54446   64200  0  5.49e+02  2.96e+01  0  1.44e+03  2.41e+01  3.06e+00  8.57e-01  1.45e-01   0.33
2007 12 12  1755   54446   64500  0  6.63e+02  2.13e+01  0  1.56e+03  2.60e+01  3.70e+00  6.48e-01  1.74e-01   0.31
2007 12 12  1800   54446   64800  0  5.97e+02  2.47e+01  0  1.57e+03  2.49e+01  3.02e+00  7.48e-01  2.21e-01   0.25
2007 12 12  1805   54446   65100  0  6.37e+02  2.50e+01  0  1.47e+03  2.54e+01  3.73e+00  1.05e+00  2.03e-01   0.17
2007 12 12  1810   54446   65400  0  7.59e+02  2.53e+01  0  1.55e+03  2.16e+01  3.49e+00  8.57e-01  1.93e-01   0.39
2007 12 12  1815   54446   65700  0  6.43e+02  2.38e+01  0  1.56e+03  2.61e+01  3.70e+00  7.28e-01  2.20e-01   0.64
2007 12 12  1820   54446   66000  0  5.24e+02  2.68e+01  0  1.50e+03  2.44e+01  3.34e+00  7.05e-01  1.45e-01   0.55
2007 12 12  1825   54446   66300  0  6.47e+02  2.83e+01  0  1.54e+03  2.74e+01  3.70e+00  8.19e-01  2.22e-01   0.20
2007 12 12  1830   54446   66600  0  6.87e+02  2.47e+01  0  1.58e+03  2.82e+01  3.61e+00  8.94e-01  2.84e-01   0.36
2007 12 12  1835   54446   66900  0  6.85e+02  2.58e+01  0  1.55e+03  2.47e+01  3.11e+00  1.00e+00  2.32e-01   0.36
2007 12 12  1840   54446   67200  0  6.28e+02  2.51e+01  0  1.46e+03  2.46e+01  3.34e+00  7.69e-01  2.42e-01   0.49
2007 12 12  1845   54446   67500  0  6.65e+02  2.67e+01  0  1.56e+03  2.65e+01  3.25e+00  8.11e-01  2.21e-01   0.71
2007 12 12  1850   54446   67800  0  5.39e+02  2.81e+01  0  1.50e+03  3.00e+01  3.72e+00  8.44e-01  1.96e-01   0.25
2007 12 12  1855   54446   68100  0  5.08e+02  2.63e+01  0  1.50e+03  2.72e+01  4.06e+00  9.15e-01  2.32e-01   0.30
2007 12 12  1900   54446   68400  0  6.13e+02  2.51e+01  0  1.51e+03  2.72e+01  3.96e+00  8.83e-01  1.60e-01   0.12
2007 12 12  1905   54446   68700  0  5.46e+02  2.63e+01  0  1.59e+03  2.62e+01  3.36e+00  8.62e-01  2.59e-01   0.30
2007 12 12  1910   54446   69000  0  5.41e+02  2.36e+01  0  1.57e+03  2.16e+01  3.24e+00  1.08e+00  2.11e-01   0.25
2007 12 12  1915   54446   69300  0  5.22e+02  2.63e+01  0  1.46e+03  2.49e+01  3.58e+00  7.39e-01  1.87e-01   0.10
2007 12 12  1920   54446   69600  0  6.58e+02  2.73e+01  0  1.55e+03  2.56e+01  3.84e+00  8.11e-01  1.69e-01   0.42
2007 12 12  1925   54446   69900  0  6.30e+02  2.47e+01  0  1.54e+03  2.77e+01  3.54e+00  6.65e-01  2.11e-01   0.04
2007 12 12  1930   54446   70200  0  5.83e+02  2.39e+01  0  1.48e+03  2.70e+01  3.41e+00  6.51e-01  1.34e-01   0.37
2007 12 12  1935   54446   70500  0  6.79e+02  2.44e+01  0  1.55e+03  2.68e+01  3.67e+00  8.73e-01  2.32e-01   0.31
2007 12 12  1940   54446   70800  0  6.30e+02  2.67e+01  0  1.58e+03  2.49e+01  3.21e+00  7.69e-01  1.47e-01   0.21
2007 12 12  1945   54446   71100  0  5.75e+02  2.62e+01  0  1.50e+03  2.42e+01  3.80e+00  7.21e-01  1.87e-01   0.88
2007 12 12  1950   54446   71400  0  5.28e+02  2.61e+01  0  1.47e+03  2.37e+01  3.54e+00  6.03e-01  2.11e-01   0.45
2007 12 12  1955   54446   71700  0  6.18e+02  2.50e+01  0  1.61e+03  2.78e+01  3.64e+00  9.53e-01  2.03e-01   0.18
2007 12 12  2000   54446   72000  0  5.61e+02  2.29e+01  0  1.53e+03  2.91e+01  3.61e+00  7.24e-01  1.35e-01   0.18
2007 12 12  2005   54446   72300  0  5.41e+02  2.59e+01  0  1.41e+03  2.71e+01  3.64e+00  7.90e-01  2.00e-01   0.33
2007 12 12  2010   54446   72600  0  6.37e+02  2.48e+01  0  1.58e+03  2.36e+01  3.94e+00  7.62e-01  2.22e-01   0.57
2007 12 12  2015   54446   72900  0  5.65e+02  2.23e+01  0  1.51e+03  3.14e+01  3.97e+00  6.86e-01  2.22e-01   0.68
2007 12 12  2020   54446   73200  0  5.48e+02  2.74e+01  0  1.50e+03  2.61e+01  3.97e+00  8.52e-01  1.26e-01   0.23
2007 12 12  2025   54446   73500  0  5.79e+02  2.83e+01  0  1.51e+03  2.41e+01  3.91e+00  9.91e-01  2.22e-01   0.37
2007 12 12  2030   54446   73800  0  5.67e+02  2.16e+01  0  1.58e+03  3.03e+01  4.00e+00  7.43e-01  1.64e-01   0.32
2007 12 12  2035   54446   74100  0  5.75e+02  2.69e+01  0  1.56e+03  3.23e+01  3.40e+00  7.24e-01  2.41e-01   0.21
2007 12 12  2040   54446   74400  0  6.49e+02  2.63e+01  0  1.46e+03  2.84e+01  3.90e+00  1.10e+00  2.32e-01   0.24
2007 12 12  2045   54446   74700  0  7.34e+02  2.92e+01  0  1.57e+03  2.91e+01  4.30e+00  7.24e-01  2.32e-01   0.20
2007 12 12  2050   54446   75000  0  5.61e+02  2.66e+01  0  1.61e+03  3.44e+01  3.91e+00  8.19e-01  2.99e-01   0.11
2007 12 12  2055   54446   75300  0  5.00e+02  2.49e+01  0  1.53e+03  3.36e+01  3.31e+00  9.77e-01  2.21e-01   0.08
2007 12 12  2100   54446   75600  0  7.03e+02  2.23e+01  0  1.57e+03  3.06e+01  4.39e+00  8.57e-01  2.22e-01   0.57
2007 12 12  2105   54446   75900  0  4.60e+02  2.59e+01  0  1.59e+03  2.92e+01  4.06e+00  1.07e+00  2.22e-01   0.17
2007 12 12  2110   54446   76200  0  5.72e+02  2.69e+01  0  1.60e+03  2.85e+01  3.84e+00  7.48e-01  3.16e-01   0.28
2007 12 12  2115   54446   76500  0  5.36e+02  2.73e+01  0  1.53e+03  2.91e+01  3.69e+00  7.04e-01  1.96e-01   0.36
2007 12 12  2120   54446   76800  0  5.97e+02  2.22e+01  0  1.61e+03  2.72e+01  4.00e+00  9.56e-01  1.90e-01   0.49
2007 12 12  2125   54446   77100  0  4.27e+02  2.20e+01  0  1.53e+03  3.03e+01  4.52e+00  5.20e-01  2.21e-01   0.51
2007 12 12  2130   54446   77400  0  5.19e+02  2.76e+01  0  1.48e+03  3.42e+01  4.08e+00  6.68e-01  2.14e-01   0.73
2007 12 12  2135   54446   77700  0  6.37e+02  2.65e+01  0  1.57e+03  3.09e+01  3.77e+00  9.38e-01  1.69e-01   0.80
2007 12 12  2140   54446   78000  0  5.21e+02  2.16e+01  0  1.61e+03  3.35e+01  3.64e+00  8.73e-01  2.42e-01   0.45
2007 12 12  2145   54446   78300  0  5.51e+02  2.73e+01  0  1.52e+03  3.17e+01  4.05e+00  1.04e+00  1.87e-01   0.33
2007 12 12  2150   54446   78600  0  5.70e+02  2.20e+01  0  1.51e+03  3.13e+01  3.84e+00  7.07e-01  1.90e-01   0.44
2007 12 12  2155   54446   78900  0  5.37e+02  2.57e+01  0  1.57e+03  3.07e+01  4.35e+00  9.67e-01  1.84e-01   0.65
2007 12 12  2200   54446   79200  0  4.92e+02  2.18e+01  0  1.57e+03  2.80e+01  4.49e+00  8.73e-01  2.00e-01   0.40
2007 12 12  2205   54446   79500  0  5.61e+02  2.49e+01  0  1.44e+03  3.00e+01  3.77e+00  7.90e-01  2.11e-01   0.23
2007 12 12  2210   54446   79800  0  6.53e+02  2.55e+01  0  1.56e+03  2.18e+01  3.38e+00  6.51e-01  1.52e-01   0.23
2007 12 12  2215   54446   80100  0  5.57e+02  2.49e+01  0  1.58e+03  2.36e+01  2.92e+00  8.11e-01  1.79e-01   0.28
2007 12 12  2220   54446   80400  0  5.95e+02  3.19e+01  0  1.50e+03  2.25e+01  3.18e+00  7.07e-01  2.11e-01   0.37
2007 12 12  2225   54446   80700  0  7.74e+02  2.60e+01  0  1.53e+03  2.02e+01  3.36e+00  9.32e-01  1.69e-01   0.24
2007 12 12  2230   54446   81000  0  5.95e+02  2.96e+01  0  1.55e+03  2.15e+01  2.75e+00  8.11e-01  2.00e-01   0.13
2007 12 12  2235   54446   81300  0  6.31e+02  2.44e+01  0  1.53e+03  2.56e+01  2.91e+00  8.57e-01  2.70e-01   0.10
2007 12 12  2240   54446   81600  0  5.18e+02  2.69e+01  0  1.43e+03  2.59e+01  3.43e+00  9.34e-01  1.55e-01   0.26
2007 12 12  2245   54446   81900  0  6.30e+02  2.69e+01  0  1.63e+03  2.74e+01  3.05e+00  8.73e-01  1.79e-01   0.43
2007 12 12  2250   54446   82200  0  5.47e+02  2.69e+01  0  1.60e+03  3.03e+01  3.64e+00  8.19e-01  1.64e-01   0.71
2007 12 12  2255   54446   82500  0  5.77e+02  2.39e+01  0  1.47e+03  2.36e+01  3.70e+00  7.43e-01  1.26e-01   0.89
2007 12 12  2300   54446   82800  0  7.86e+02  2.49e+01  0  1.53e+03  2.29e+01  3.02e+00  8.73e-01  1.58e-01   0.39
2007 12 12  2305   54446   83100  0  4.94e+02  2.53e+01  0  1.57e+03  2.46e+01  3.04e+00  6.48e-01  2.03e-01   0.09
2007 12 12  2310   54446   83400  0  5.81e+02  1.97e+01  0  1.56e+03  2.50e+01  2.58e+00  6.67e-01  8.43e-02   0.07
2007 12 12  2315   54446   83700  0  5.75e+02  2.62e+01  0  1.49e+03  2.30e+01  3.12e+00  5.53e-01  7.73e-02   0.70
2007 12 12  2320   54446   84000  0  6.86e+02  2.30e+01  0  1.60e+03  2.91e+01  4.49e+00  8.73e-01  2.42e-01   0.35
2007 12 12  2325   54446   84300  0  5.34e+02  2.39e+01  0  1.64e+03  3.11e+01  3.58e+00  8.96e-01  1.45e-01   0.28
2007 12 12  2330   54446   84600  0  5.50e+02  2.52e+01  0  1.44e+03  2.59e+01  3.43e+00  9.53e-01  1.47e-01   0.22
2007 12 12  2335   54446   84900  0  7.83e+02  2.67e+01  0  1.60e+03  2.42e+01  2.59e+00  6.86e-01  2.11e-01   0.20
2007 12 12  2340   54446   85200  0  4.96e+02  2.46e+01  0  1.55e+03  2.31e+01  2.85e+00  8.00e-01  1.55e-01   0.51
2007 12 12  2345   54446   85500  0  5.62e+02  2.44e+01  0  1.56e+03  3.19e+01  3.91e+00  6.67e-01  2.80e-01   0.37
2007 12 12  2350   54446   85800  0  6.04e+02  2.65e+01  0  1.55e+03  2.98e+01  4.49e+00  8.11e-01  1.58e-01   0.08
2007 12 12  2355   54446   86100  0  6.24e+02  2.94e+01  0  1.60e+03  3.70e+01  3.55e+00  7.39e-01  2.14e-01   0.18
