:Data_list: 20071104_ace_sis_5m.txt
:Created: 2007 Nov 05 0011 UT
# Prepared by the U.S. Dept. of Commerce, NOAA, Space Weather Prediction Center
# Please send comments and suggestions to SWPC.Webmaster@noaa.gov 
# 
# Units: proton flux p/cs2-sec-ster
# Status(S): 0 = nominal data, 1 to 8 = bad data record, 9 = no data
# Missing data values: -1.00e+05
# Source: ACE Satellite - Solar Isotope Spectrometer
#
# 5-minute averaged Real-time Integral Flux of High-energy Solar Protons
# 
#                 Modified Seconds
# UT Date   Time   Julian  of the      ---- Integral Proton Flux ----
# YR MO DA  HHMM     Day     Day       S    > 10 MeV    S    > 30 MeV
#--------------------------------------------------------------------
2007 11 04  0000    54408       0      0    1.98e+00    0    1.36e+00
2007 11 04  0005    54408     300      0    1.98e+00    0    1.39e+00
2007 11 04  0010    54408     600      0    2.00e+00    0    1.39e+00
2007 11 04  0015    54408     900      0    1.98e+00    0    1.38e+00
2007 11 04  0020    54408    1200      0    2.01e+00    0    1.42e+00
2007 11 04  0025    54408    1500      0    2.01e+00    0    1.39e+00
2007 11 04  0030    54408    1800      0    2.04e+00    0    1.43e+00
2007 11 04  0035    54408    2100      0    1.99e+00    0    1.39e+00
2007 11 04  0040    54408    2400      0    1.94e+00    0    1.36e+00
2007 11 04  0045    54408    2700      0    2.02e+00    0    1.42e+00
2007 11 04  0050    54408    3000      0    1.97e+00    0    1.37e+00
2007 11 04  0055    54408    3300      0    1.97e+00    0    1.37e+00
2007 11 04  0100    54408    3600      0    1.99e+00    0    1.39e+00
2007 11 04  0105    54408    3900      0    2.00e+00    0    1.38e+00
2007 11 04  0110    54408    4200      0    1.98e+00    0    1.37e+00
2007 11 04  0115    54408    4500      0    1.98e+00    0    1.39e+00
2007 11 04  0120    54408    4800      0    1.96e+00    0    1.37e+00
2007 11 04  0125    54408    5100      0    1.98e+00    0    1.39e+00
2007 11 04  0130    54408    5400      0    1.96e+00    0    1.38e+00
2007 11 04  0135    54408    5700      0    1.99e+00    0    1.39e+00
2007 11 04  0140    54408    6000      0    1.94e+00    0    1.34e+00
2007 11 04  0145    54408    6300      0    2.00e+00    0    1.39e+00
2007 11 04  0150    54408    6600      0    1.97e+00    0    1.39e+00
2007 11 04  0155    54408    6900      0    1.99e+00    0    1.39e+00
2007 11 04  0200    54408    7200      0    1.97e+00    0    1.37e+00
2007 11 04  0205    54408    7500      0    1.96e+00    0    1.36e+00
2007 11 04  0210    54408    7800      0    1.98e+00    0    1.40e+00
2007 11 04  0215    54408    8100      0    2.04e+00    0    1.42e+00
2007 11 04  0220    54408    8400      0    2.05e+00    0    1.43e+00
2007 11 04  0225    54408    8700      0    2.01e+00    0    1.39e+00
2007 11 04  0230    54408    9000      0    1.97e+00    0    1.37e+00
2007 11 04  0235    54408    9300      0    2.00e+00    0    1.41e+00
2007 11 04  0240    54408    9600      0    1.97e+00    0    1.38e+00
2007 11 04  0245    54408    9900      0    1.97e+00    0    1.38e+00
2007 11 04  0250    54408   10200      0    1.97e+00    0    1.38e+00
2007 11 04  0255    54408   10500      0    1.97e+00    0    1.37e+00
2007 11 04  0300    54408   10800      0    1.95e+00    0    1.36e+00
2007 11 04  0305    54408   11100      0    2.04e+00    0    1.43e+00
2007 11 04  0310    54408   11400      0    1.98e+00    0    1.38e+00
2007 11 04  0315    54408   11700      0    1.97e+00    0    1.38e+00
2007 11 04  0320    54408   12000      0    1.96e+00    0    1.37e+00
2007 11 04  0325    54408   12300      0    2.00e+00    0    1.39e+00
2007 11 04  0330    54408   12600      0    2.01e+00    0    1.40e+00
2007 11 04  0335    54408   12900      0    2.03e+00    0    1.41e+00
2007 11 04  0340    54408   13200      0    2.02e+00    0    1.41e+00
2007 11 04  0345    54408   13500      0    2.01e+00    0    1.40e+00
2007 11 04  0350    54408   13800      0    2.01e+00    0    1.40e+00
2007 11 04  0355    54408   14100      0    1.98e+00    0    1.37e+00
2007 11 04  0400    54408   14400      0    2.03e+00    0    1.43e+00
2007 11 04  0405    54408   14700      0    2.02e+00    0    1.41e+00
2007 11 04  0410    54408   15000      0    1.99e+00    0    1.40e+00
2007 11 04  0415    54408   15300      0    2.01e+00    0    1.40e+00
2007 11 04  0420    54408   15600      0    2.00e+00    0    1.39e+00
2007 11 04  0425    54408   15900      0    1.98e+00    0    1.38e+00
2007 11 04  0430    54408   16200      0    1.97e+00    0    1.37e+00
2007 11 04  0435    54408   16500      0    2.01e+00    0    1.41e+00
2007 11 04  0440    54408   16800      0    2.02e+00    0    1.42e+00
2007 11 04  0445    54408   17100      0    1.99e+00    0    1.38e+00
2007 11 04  0450    54408   17400      0    2.01e+00    0    1.40e+00
2007 11 04  0455    54408   17700      0    2.01e+00    0    1.40e+00
2007 11 04  0500    54408   18000      0    2.00e+00    0    1.40e+00
2007 11 04  0505    54408   18300      0    2.03e+00    0    1.42e+00
2007 11 04  0510    54408   18600      0    2.00e+00    0    1.40e+00
2007 11 04  0515    54408   18900      0    2.02e+00    0    1.41e+00
2007 11 04  0520    54408   19200      0    1.99e+00    0    1.38e+00
2007 11 04  0525    54408   19500      0    2.01e+00    0    1.40e+00
2007 11 04  0530    54408   19800      0    2.00e+00    0    1.39e+00
2007 11 04  0535    54408   20100      0    1.97e+00    0    1.37e+00
2007 11 04  0540    54408   20400      0    2.00e+00    0    1.40e+00
2007 11 04  0545    54408   20700      0    2.01e+00    0    1.39e+00
2007 11 04  0550    54408   21000      0    2.01e+00    0    1.40e+00
2007 11 04  0555    54408   21300      0    1.98e+00    0    1.38e+00
2007 11 04  0600    54408   21600      0    2.05e+00    0    1.43e+00
2007 11 04  0605    54408   21900      0    1.99e+00    0    1.40e+00
2007 11 04  0610    54408   22200      0    2.02e+00    0    1.41e+00
2007 11 04  0615    54408   22500      0    1.99e+00    0    1.40e+00
2007 11 04  0620    54408   22800      0    1.95e+00    0    1.37e+00
2007 11 04  0625    54408   23100      0    2.00e+00    0    1.40e+00
2007 11 04  0630    54408   23400      0    2.00e+00    0    1.39e+00
2007 11 04  0635    54408   23700      0    1.99e+00    0    1.38e+00
2007 11 04  0640    54408   24000      9   -1.00e+05    9   -1.00e+05
2007 11 04  0645    54408   24300      9   -1.00e+05    9   -1.00e+05
2007 11 04  0650    54408   24600      9   -1.00e+05    9   -1.00e+05
2007 11 04  0655    54408   24900      0    1.92e+00    0    1.37e+00
2007 11 04  0700    54408   25200      0    1.98e+00    0    1.37e+00
2007 11 04  0705    54408   25500      0    1.98e+00    0    1.40e+00
2007 11 04  0710    54408   25800      0    1.98e+00    0    1.38e+00
2007 11 04  0715    54408   26100      0    1.99e+00    0    1.39e+00
2007 11 04  0720    54408   26400      0    2.01e+00    0    1.41e+00
2007 11 04  0725    54408   26700      0    1.98e+00    0    1.38e+00
2007 11 04  0730    54408   27000      0    2.00e+00    0    1.40e+00
2007 11 04  0735    54408   27300      0    1.98e+00    0    1.39e+00
2007 11 04  0740    54408   27600      0    1.99e+00    0    1.40e+00
2007 11 04  0745    54408   27900      0    2.03e+00    0    1.41e+00
2007 11 04  0750    54408   28200      0    2.02e+00    0    1.41e+00
2007 11 04  0755    54408   28500      0    2.00e+00    0    1.40e+00
2007 11 04  0800    54408   28800      0    2.03e+00    0    1.42e+00
2007 11 04  0805    54408   29100      0    1.97e+00    0    1.36e+00
2007 11 04  0810    54408   29400      0    2.01e+00    0    1.40e+00
2007 11 04  0815    54408   29700      0    2.05e+00    0    1.42e+00
2007 11 04  0820    54408   30000      0    2.02e+00    0    1.41e+00
2007 11 04  0825    54408   30300      0    1.98e+00    0    1.39e+00
2007 11 04  0830    54408   30600      0    1.99e+00    0    1.38e+00
2007 11 04  0835    54408   30900      0    2.00e+00    0    1.38e+00
2007 11 04  0840    54408   31200      0    1.98e+00    0    1.38e+00
2007 11 04  0845    54408   31500      0    2.01e+00    0    1.41e+00
2007 11 04  0850    54408   31800      0    2.03e+00    0    1.42e+00
2007 11 04  0855    54408   32100      0    2.02e+00    0    1.42e+00
2007 11 04  0900    54408   32400      0    2.03e+00    0    1.42e+00
2007 11 04  0905    54408   32700      0    1.96e+00    0    1.38e+00
2007 11 04  0910    54408   33000      0    2.01e+00    0    1.41e+00
2007 11 04  0915    54408   33300      0    2.00e+00    0    1.40e+00
2007 11 04  0920    54408   33600      0    2.02e+00    0    1.42e+00
2007 11 04  0925    54408   33900      0    2.00e+00    0    1.40e+00
2007 11 04  0930    54408   34200      0    2.01e+00    0    1.41e+00
2007 11 04  0935    54408   34500      0    2.04e+00    0    1.42e+00
2007 11 04  0940    54408   34800      0    2.01e+00    0    1.40e+00
2007 11 04  0945    54408   35100      0    1.96e+00    0    1.36e+00
2007 11 04  0950    54408   35400      0    2.04e+00    0    1.43e+00
2007 11 04  0955    54408   35700      0    2.04e+00    0    1.41e+00
2007 11 04  1000    54408   36000      0    2.03e+00    0    1.42e+00
2007 11 04  1005    54408   36300      0    1.92e+00    0    1.33e+00
2007 11 04  1010    54408   36600      0    2.04e+00    0    1.43e+00
2007 11 04  1015    54408   36900      0    2.01e+00    0    1.39e+00
2007 11 04  1020    54408   37200      0    1.99e+00    0    1.39e+00
2007 11 04  1025    54408   37500      0    2.03e+00    0    1.42e+00
2007 11 04  1030    54408   37800      0    2.08e+00    0    1.49e+00
2007 11 04  1035    54408   38100      0    2.07e+00    0    1.45e+00
2007 11 04  1040    54408   38400      0    2.05e+00    0    1.42e+00
2007 11 04  1045    54408   38700      0    2.01e+00    0    1.41e+00
2007 11 04  1050    54408   39000      0    2.00e+00    0    1.40e+00
2007 11 04  1055    54408   39300      0    2.06e+00    0    1.45e+00
2007 11 04  1100    54408   39600      0    2.04e+00    0    1.42e+00
2007 11 04  1105    54408   39900      0    1.99e+00    0    1.40e+00
2007 11 04  1110    54408   40200      0    1.98e+00    0    1.37e+00
2007 11 04  1115    54408   40500      0    2.00e+00    0    1.40e+00
2007 11 04  1120    54408   40800      0    2.01e+00    0    1.39e+00
2007 11 04  1125    54408   41100      0    1.99e+00    0    1.39e+00
2007 11 04  1130    54408   41400      0    2.01e+00    0    1.41e+00
2007 11 04  1135    54408   41700      0    2.01e+00    0    1.40e+00
2007 11 04  1140    54408   42000      0    2.00e+00    0    1.39e+00
2007 11 04  1145    54408   42300      0    2.03e+00    0    1.41e+00
2007 11 04  1150    54408   42600      0    2.01e+00    0    1.42e+00
2007 11 04  1155    54408   42900      0    2.03e+00    0    1.42e+00
2007 11 04  1200    54408   43200      0    1.98e+00    0    1.40e+00
2007 11 04  1205    54408   43500      0    2.01e+00    0    1.41e+00
2007 11 04  1210    54408   43800      0    1.99e+00    0    1.38e+00
2007 11 04  1215    54408   44100      0    2.04e+00    0    1.42e+00
2007 11 04  1220    54408   44400      0    2.01e+00    0    1.39e+00
2007 11 04  1225    54408   44700      0    2.02e+00    0    1.41e+00
2007 11 04  1230    54408   45000      0    2.04e+00    0    1.42e+00
2007 11 04  1235    54408   45300      0    2.01e+00    0    1.40e+00
2007 11 04  1240    54408   45600      0    2.01e+00    0    1.41e+00
2007 11 04  1245    54408   45900      0    2.00e+00    0    1.41e+00
2007 11 04  1250    54408   46200      0    2.02e+00    0    1.40e+00
2007 11 04  1255    54408   46500      0    2.01e+00    0    1.41e+00
2007 11 04  1300    54408   46800      0    2.05e+00    0    1.44e+00
2007 11 04  1305    54408   47100      0    2.00e+00    0    1.41e+00
2007 11 04  1310    54408   47400      0    2.00e+00    0    1.39e+00
2007 11 04  1315    54408   47700      0    2.00e+00    0    1.39e+00
2007 11 04  1320    54408   48000      0    1.95e+00    0    1.37e+00
2007 11 04  1325    54408   48300      0    1.99e+00    0    1.41e+00
2007 11 04  1330    54408   48600      0    2.07e+00    0    1.45e+00
2007 11 04  1335    54408   48900      0    2.02e+00    0    1.42e+00
2007 11 04  1340    54408   49200      0    2.00e+00    0    1.41e+00
2007 11 04  1345    54408   49500      0    1.99e+00    0    1.40e+00
2007 11 04  1350    54408   49800      0    1.97e+00    0    1.39e+00
2007 11 04  1355    54408   50100      0    2.00e+00    0    1.40e+00
2007 11 04  1400    54408   50400      0    1.95e+00    0    1.36e+00
2007 11 04  1405    54408   50700      0    1.98e+00    0    1.38e+00
2007 11 04  1410    54408   51000      0    2.01e+00    0    1.40e+00
2007 11 04  1415    54408   51300      0    1.99e+00    0    1.39e+00
2007 11 04  1420    54408   51600      0    2.01e+00    0    1.41e+00
2007 11 04  1425    54408   51900      0    1.98e+00    0    1.37e+00
2007 11 04  1430    54408   52200      0    1.98e+00    0    1.39e+00
2007 11 04  1435    54408   52500      0    2.01e+00    0    1.40e+00
2007 11 04  1440    54408   52800      0    1.96e+00    0    1.37e+00
2007 11 04  1445    54408   53100      0    1.95e+00    0    1.36e+00
2007 11 04  1450    54408   53400      0    1.96e+00    0    1.37e+00
2007 11 04  1455    54408   53700      0    2.02e+00    0    1.41e+00
2007 11 04  1500    54408   54000      0    2.00e+00    0    1.39e+00
2007 11 04  1505    54408   54300      0    1.97e+00    0    1.37e+00
2007 11 04  1510    54408   54600      0    1.98e+00    0    1.38e+00
2007 11 04  1515    54408   54900      0    1.97e+00    0    1.38e+00
2007 11 04  1520    54408   55200      0    1.99e+00    0    1.37e+00
2007 11 04  1525    54408   55500      0    2.01e+00    0    1.39e+00
2007 11 04  1530    54408   55800      0    2.00e+00    0    1.38e+00
2007 11 04  1535    54408   56100      0    2.01e+00    0    1.41e+00
2007 11 04  1540    54408   56400      0    1.96e+00    0    1.37e+00
2007 11 04  1545    54408   56700      0    1.77e+00    0    1.23e+00
2007 11 04  1550    54408   57000      0    2.00e+00    0    1.40e+00
2007 11 04  1555    54408   57300      0    2.02e+00    0    1.42e+00
2007 11 04  1600    54408   57600      0    1.93e+00    0    1.21e+00
2007 11 04  1605    54408   57900      0    1.99e+00    0    1.38e+00
2007 11 04  1610    54408   58200      0    1.98e+00    0    1.39e+00
2007 11 04  1615    54408   58500      0    1.99e+00    0    1.39e+00
2007 11 04  1620    54408   58800      0    2.04e+00    0    1.43e+00
2007 11 04  1625    54408   59100      0    1.96e+00    0    1.37e+00
2007 11 04  1630    54408   59400      0    2.02e+00    0    1.41e+00
2007 11 04  1635    54408   59700      0    2.00e+00    0    1.40e+00
2007 11 04  1640    54408   60000      0    1.94e+00    0    1.35e+00
2007 11 04  1645    54408   60300      0    1.93e+00    0    1.35e+00
2007 11 04  1650    54408   60600      0    1.98e+00    0    1.39e+00
2007 11 04  1655    54408   60900      0    1.94e+00    0    1.35e+00
2007 11 04  1700    54408   61200      0    1.96e+00    0    1.39e+00
2007 11 04  1705    54408   61500      0    1.98e+00    0    1.40e+00
2007 11 04  1710    54408   61800      0    2.01e+00    0    1.41e+00
2007 11 04  1715    54408   62100      0    2.01e+00    0    1.40e+00
2007 11 04  1720    54408   62400      0    2.04e+00    0    1.42e+00
2007 11 04  1725    54408   62700      0    1.96e+00    0    1.38e+00
2007 11 04  1730    54408   63000      0    1.98e+00    0    1.38e+00
2007 11 04  1735    54408   63300      0    2.02e+00    0    1.40e+00
2007 11 04  1740    54408   63600      0    1.99e+00    0    1.38e+00
2007 11 04  1745    54408   63900      0    1.98e+00    0    1.39e+00
2007 11 04  1750    54408   64200      0    1.98e+00    0    1.38e+00
2007 11 04  1755    54408   64500      0    1.94e+00    0    1.36e+00
2007 11 04  1800    54408   64800      0    1.95e+00    0    1.36e+00
2007 11 04  1805    54408   65100      0    1.97e+00    0    1.37e+00
2007 11 04  1810    54408   65400      0    1.97e+00    0    1.38e+00
2007 11 04  1815    54408   65700      0    1.99e+00    0    1.38e+00
2007 11 04  1820    54408   66000      0    2.03e+00    0    1.42e+00
2007 11 04  1825    54408   66300      0    2.03e+00    0    1.40e+00
2007 11 04  1830    54408   66600      0    1.98e+00    0    1.38e+00
2007 11 04  1835    54408   66900      0    1.95e+00    0    1.36e+00
2007 11 04  1840    54408   67200      0    1.98e+00    0    1.38e+00
2007 11 04  1845    54408   67500      0    2.01e+00    0    1.41e+00
2007 11 04  1850    54408   67800      0    1.99e+00    0    1.40e+00
2007 11 04  1855    54408   68100      0    2.02e+00    0    1.41e+00
2007 11 04  1900    54408   68400      0    2.01e+00    0    1.40e+00
2007 11 04  1905    54408   68700      0    1.97e+00    0    1.37e+00
2007 11 04  1910    54408   69000      0    1.97e+00    0    1.38e+00
2007 11 04  1915    54408   69300      0    1.98e+00    0    1.40e+00
2007 11 04  1920    54408   69600      0    1.98e+00    0    1.37e+00
2007 11 04  1925    54408   69900      0    1.97e+00    0    1.37e+00
2007 11 04  1930    54408   70200      0    2.01e+00    0    1.40e+00
2007 11 04  1935    54408   70500      0    2.00e+00    0    1.40e+00
2007 11 04  1940    54408   70800      0    1.98e+00    0    1.39e+00
2007 11 04  1945    54408   71100      0    1.96e+00    0    1.37e+00
2007 11 04  1950    54408   71400      0    1.97e+00    0    1.39e+00
2007 11 04  1955    54408   71700      0    1.96e+00    0    1.36e+00
2007 11 04  2000    54408   72000      0    1.97e+00    0    1.38e+00
2007 11 04  2005    54408   72300      0    2.00e+00    0    1.40e+00
2007 11 04  2010    54408   72600      0    1.96e+00    0    1.37e+00
2007 11 04  2015    54408   72900      0    2.00e+00    0    1.39e+00
2007 11 04  2020    54408   73200      0    1.91e+00    0    1.34e+00
2007 11 04  2025    54408   73500      0    1.99e+00    0    1.39e+00
2007 11 04  2030    54408   73800      0    2.02e+00    0    1.41e+00
2007 11 04  2035    54408   74100      0    2.00e+00    0    1.39e+00
2007 11 04  2040    54408   74400      0    1.99e+00    0    1.40e+00
2007 11 04  2045    54408   74700      0    2.02e+00    0    1.42e+00
2007 11 04  2050    54408   75000      9   -1.00e+05    9   -1.00e+05
2007 11 04  2055    54408   75300      9   -1.00e+05    9   -1.00e+05
2007 11 04  2100    54408   75600      9   -1.00e+05    9   -1.00e+05
2007 11 04  2105    54408   75900      9   -1.00e+05    9   -1.00e+05
2007 11 04  2110    54408   76200      9   -1.00e+05    9   -1.00e+05
2007 11 04  2115    54408   76500      9   -1.00e+05    9   -1.00e+05
2007 11 04  2120    54408   76800      9   -1.00e+05    9   -1.00e+05
2007 11 04  2125    54408   77100      9   -1.00e+05    9   -1.00e+05
2007 11 04  2130    54408   77400      0    2.08e+00    0    1.47e+00
2007 11 04  2135    54408   77700      0    2.02e+00    0    1.42e+00
2007 11 04  2140    54408   78000      0    1.91e+00    0    1.34e+00
2007 11 04  2145    54408   78300      0    2.05e+00    0    1.44e+00
2007 11 04  2150    54408   78600      0    2.03e+00    0    1.42e+00
2007 11 04  2155    54408   78900      0    2.05e+00    0    1.44e+00
2007 11 04  2200    54408   79200      0    2.03e+00    0    1.43e+00
2007 11 04  2205    54408   79500      0    2.00e+00    0    1.40e+00
2007 11 04  2210    54408   79800      0    2.02e+00    0    1.41e+00
2007 11 04  2215    54408   80100      0    2.02e+00    0    1.41e+00
2007 11 04  2220    54408   80400      0    1.98e+00    0    1.38e+00
2007 11 04  2225    54408   80700      0    1.96e+00    0    1.37e+00
2007 11 04  2230    54408   81000      0    2.00e+00    0    1.40e+00
2007 11 04  2235    54408   81300      0    1.99e+00    0    1.39e+00
2007 11 04  2240    54408   81600      0    2.01e+00    0    1.41e+00
2007 11 04  2245    54408   81900      0    2.00e+00    0    1.40e+00
2007 11 04  2250    54408   82200      0    2.04e+00    0    1.42e+00
2007 11 04  2255    54408   82500      0    1.92e+00    0    1.35e+00
2007 11 04  2300    54408   82800      0    1.99e+00    0    1.39e+00
2007 11 04  2305    54408   83100      0    2.01e+00    0    1.42e+00
2007 11 04  2310    54408   83400      0    2.02e+00    0    1.42e+00
2007 11 04  2315    54408   83700      0    2.03e+00    0    1.42e+00
2007 11 04  2320    54408   84000      0    1.99e+00    0    1.39e+00
2007 11 04  2325    54408   84300      0    2.04e+00    0    1.43e+00
2007 11 04  2330    54408   84600      0    2.00e+00    0    1.40e+00
2007 11 04  2335    54408   84900      0    2.02e+00    0    1.41e+00
2007 11 04  2340    54408   85200      0    2.03e+00    0    1.42e+00
2007 11 04  2345    54408   85500      0    1.98e+00    0    1.37e+00
2007 11 04  2350    54408   85800      0    2.01e+00    0    1.40e+00
2007 11 04  2355    54408   86100      0    1.99e+00    0    1.39e+00
