:Data_list: 20070204_ace_epam_5m.txt
:Created: 2007 Feb 05 0012 UT
# Prepared by the U.S. Dept. of Commerce, NOAA, Space Environment Center.
# Please send comments and suggestions to SEC.Webmaster@noaa.gov 
# 
# Units: Differential Flux particles/cm2-s-ster-MeV
# Units: Anisotropy Index 0.0 - 2.0
# Status(S): 0 = nominal, 4,6,7,8 = bad data, unable to process, 9 = no data
# Missing data values: -1.00e+05, index = -1.00
# Source: ACE Satellite - Electron, Proton, and Alpha Monitor
# 2004 Feb 04: see http://www.sec.noaa.gov/ftpdir/lists/ace/README for EPAM channel change notice.
#
#                      5-minute averaged Real-time Differential Electron and Proton Flux 
# 
#                Modified Seconds ---------------------------- Differential Flux --------------------------- 
# UT Date   Time  Julian  of the  ----- Electron -----   ------------------- Protons keV -------------------   Anis.
# YR MO DA  HHMM    Day    Day    S    38-53   175-315   S    47-68   115-195   310-580   761-1220 1060-1900   Ratio
#-------------------------------------------------------------------------------------------------------------------
2007 02 04  0000   54135       0  0  4.41e+02  2.37e+01  0  2.34e+03  3.81e+01  6.37e+00  2.10e+00  7.63e-01   0.37
2007 02 04  0005   54135     300  0  4.65e+02  2.34e+01  0  1.44e+03  3.74e+01  7.09e+00  2.21e+00  6.57e-01   0.31
2007 02 04  0010   54135     600  0  5.48e+02  2.20e+01  0  1.59e+03  3.68e+01  6.95e+00  2.16e+00  6.95e-01   0.18
2007 02 04  0015   54135     900  0  5.10e+02  2.31e+01  0  1.59e+03  3.53e+01  5.49e+00  1.85e+00  5.44e-01   0.40
2007 02 04  0020   54135    1200  0  4.64e+02  1.84e+01  0  1.59e+03  3.26e+01  5.44e+00  2.37e+00  4.53e-01   0.11
2007 02 04  0025   54135    1500  0  6.10e+02  2.18e+01  0  1.56e+03  3.30e+01  5.44e+00  1.52e+00  5.16e-01   0.41
2007 02 04  0030   54135    1800  0  4.94e+02  2.13e+01  0  1.59e+03  3.17e+01  6.18e+00  1.90e+00  5.62e-01   0.24
2007 02 04  0035   54135    2100  0  5.18e+02  2.30e+01  0  1.57e+03  3.33e+01  5.64e+00  1.87e+00  4.32e-01   0.30
2007 02 04  0040   54135    2400  0  5.19e+02  2.32e+01  0  1.52e+03  3.15e+01  6.06e+00  1.77e+00  4.95e-01   0.09
2007 02 04  0045   54135    2700  0  5.75e+02  2.32e+01  0  1.63e+03  2.73e+01  5.44e+00  1.88e+00  5.88e-01   0.18
2007 02 04  0050   54135    3000  0  5.48e+02  2.24e+01  0  1.64e+03  2.74e+01  6.10e+00  1.75e+00  4.85e-01   0.10
2007 02 04  0055   54135    3300  0  4.74e+02  2.41e+01  0  1.70e+03  3.22e+01  5.76e+00  1.91e+00  5.88e-01   0.18
2007 02 04  0100   54135    3600  0  5.54e+02  2.28e+01  0  1.77e+03  3.18e+01  5.54e+00  2.04e+00  6.01e-01   0.07
2007 02 04  0105   54135    3900  0  6.04e+02  2.18e+01  0  1.73e+03  2.93e+01  5.77e+00  1.83e+00  5.27e-01   0.13
2007 02 04  0110   54135    4200  0  4.41e+02  1.96e+01  0  1.81e+03  2.85e+01  5.58e+00  1.65e+00  5.35e-01   0.32
2007 02 04  0115   54135    4500  0  5.12e+02  2.18e+01  0  1.66e+03  2.72e+01  6.20e+00  1.83e+00  6.22e-01   0.27
2007 02 04  0120   54135    4800  0  5.74e+02  2.92e+01  0  1.68e+03  2.62e+01  5.34e+00  2.33e+00  5.06e-01   0.26
2007 02 04  0125   54135    5100  0  5.22e+02  2.47e+01  0  1.57e+03  2.74e+01  6.66e+00  2.16e+00  6.24e-01   0.45
2007 02 04  0130   54135    5400  0  4.89e+02  2.07e+01  0  1.33e+03  2.74e+01  5.90e+00  2.39e+00  3.90e-01   0.18
2007 02 04  0135   54135    5700  0  5.82e+02  2.23e+01  0  1.52e+03  2.48e+01  5.80e+00  2.93e+00  5.02e-01   0.19
2007 02 04  0140   54135    6000  0  4.98e+02  2.37e+01  0  1.50e+03  2.99e+01  5.32e+00  2.57e+00  5.99e-01   0.30
2007 02 04  0145   54135    6300  0  5.03e+02  2.24e+01  0  1.52e+03  2.79e+01  4.72e+00  2.20e+00  5.90e-01   0.22
2007 02 04  0150   54135    6600  0  5.44e+02  2.44e+01  0  1.48e+03  2.66e+01  6.01e+00  2.32e+00  5.31e-01   0.32
2007 02 04  0155   54135    6900  0  5.92e+02  2.34e+01  0  1.52e+03  2.62e+01  6.34e+00  2.29e+00  4.35e-01   0.34
2007 02 04  0200   54135    7200  0  5.47e+02  2.28e+01  0  1.46e+03  3.55e+01  6.62e+00  2.37e+00  7.90e-01   0.22
2007 02 04  0205   54135    7500  0  4.68e+02  2.46e+01  0  1.44e+03  3.23e+01  7.06e+00  1.75e+00  4.93e-01   0.05
2007 02 04  0210   54135    7800  0  6.22e+02  2.16e+01  0  1.60e+03  3.00e+01  6.58e+00  1.73e+00  5.22e-01   0.16
2007 02 04  0215   54135    8100  0  5.69e+02  2.32e+01  0  1.57e+03  3.15e+01  6.04e+00  2.06e+00  6.66e-01   0.30
2007 02 04  0220   54135    8400  0  4.78e+02  2.47e+01  0  1.50e+03  3.01e+01  6.62e+00  1.81e+00  5.90e-01   0.28
2007 02 04  0225   54135    8700  0  5.99e+02  2.32e+01  0  1.49e+03  2.82e+01  7.66e+00  1.83e+00  4.64e-01   0.24
2007 02 04  0230   54135    9000  0  4.68e+02  2.55e+01  0  1.52e+03  3.26e+01  6.67e+00  2.25e+00  6.66e-01   0.46
2007 02 04  0235   54135    9300  0  4.85e+02  2.15e+01  0  1.49e+03  3.14e+01  7.54e+00  2.00e+00  5.69e-01   0.19
2007 02 04  0240   54135    9600  0  5.70e+02  2.46e+01  0  1.42e+03  3.36e+01  7.48e+00  1.85e+00  7.15e-01   0.39
2007 02 04  0245   54135    9900  0  5.75e+02  2.25e+01  0  1.54e+03  3.45e+01  7.27e+00  1.83e+00  6.18e-01   0.13
2007 02 04  0250   54135   10200  0  5.30e+02  2.16e+01  0  1.53e+03  3.77e+01  7.74e+00  1.89e+00  6.11e-01   0.18
2007 02 04  0255   54135   10500  0  4.82e+02  2.18e+01  0  1.41e+03  3.45e+01  7.16e+00  2.39e+00  5.17e-01   0.28
2007 02 04  0300   54135   10800  0  5.97e+02  2.57e+01  0  1.56e+03  3.72e+01  7.64e+00  2.04e+00  6.85e-01   0.44
2007 02 04  0305   54135   11100  0  4.98e+02  2.03e+01  0  1.47e+03  3.00e+01  6.26e+00  2.12e+00  6.11e-01   0.31
2007 02 04  0310   54135   11400  0  5.45e+02  2.17e+01  0  1.43e+03  3.50e+01  6.96e+00  1.93e+00  6.51e-01   0.59
2007 02 04  0315   54135   11700  0  5.18e+02  2.38e+01  0  1.43e+03  3.50e+01  6.62e+00  2.49e+00  5.69e-01   0.35
2007 02 04  0320   54135   12000  0  5.16e+02  2.44e+01  0  1.54e+03  3.09e+01  6.88e+00  2.14e+00  4.74e-01   0.51
2007 02 04  0325   54135   12300  0  5.62e+02  2.39e+01  0  1.53e+03  2.94e+01  6.57e+00  2.25e+00  4.46e-01   0.36
2007 02 04  0330   54135   12600  0  4.85e+02  2.16e+01  0  1.43e+03  3.13e+01  6.72e+00  2.25e+00  5.90e-01   0.56
2007 02 04  0335   54135   12900  0  5.31e+02  2.45e+01  0  1.47e+03  3.04e+01  6.10e+00  2.27e+00  5.44e-01   0.53
2007 02 04  0340   54135   13200  0  4.69e+02  2.11e+01  0  1.46e+03  2.83e+01  5.57e+00  2.33e+00  4.53e-01   0.48
2007 02 04  0345   54135   13500  0  4.47e+02  2.61e+01  0  1.50e+03  3.10e+01  5.28e+00  1.97e+00  4.85e-01   0.21
2007 02 04  0350   54135   13800  0  5.66e+02  2.29e+01  0  1.51e+03  2.72e+01  5.49e+00  2.22e+00  5.62e-01   0.25
2007 02 04  0355   54135   14100  0  4.38e+02  2.63e+01  0  1.47e+03  3.04e+01  5.87e+00  1.77e+00  5.79e-01   0.43
2007 02 04  0400   54135   14400  0  4.31e+02  2.07e+01  0  1.46e+03  2.99e+01  5.83e+00  2.00e+00  5.69e-01   0.22
2007 02 04  0405   54135   14700  0  4.67e+02  1.91e+01  0  1.35e+03  2.76e+01  5.69e+00  1.78e+00  4.01e-01   0.40
2007 02 04  0410   54135   15000  0  5.77e+02  2.40e+01  0  1.44e+03  2.78e+01  5.38e+00  1.85e+00  5.58e-01   0.22
2007 02 04  0415   54135   15300  0  4.58e+02  2.37e+01  0  1.51e+03  2.56e+01  4.93e+00  1.83e+00  3.19e-01   0.26
2007 02 04  0420   54135   15600  0  4.83e+02  2.37e+01  0  1.43e+03  2.55e+01  5.44e+00  1.83e+00  3.67e-01   0.22
2007 02 04  0425   54135   15900  0  5.10e+02  1.99e+01  0  1.50e+03  2.54e+01  4.39e+00  1.83e+00  5.37e-01   0.23
2007 02 04  0430   54135   16200  0  4.28e+02  2.39e+01  0  1.42e+03  2.60e+01  4.78e+00  1.98e+00  4.93e-01   0.12
2007 02 04  0435   54135   16500  0  4.41e+02  2.16e+01  0  1.51e+03  2.89e+01  4.99e+00  1.91e+00  4.06e-01   0.39
2007 02 04  0440   54135   16800  0  5.00e+02  2.26e+01  0  1.36e+03  2.72e+01  4.26e+00  1.81e+00  4.53e-01   0.04
2007 02 04  0445   54135   17100  0  5.72e+02  2.43e+01  0  1.53e+03  2.59e+01  4.75e+00  1.98e+00  3.77e-01   0.09
2007 02 04  0450   54135   17400  0  4.40e+02  2.32e+01  0  1.47e+03  2.68e+01  5.38e+00  1.56e+00  3.67e-01   0.30
2007 02 04  0455   54135   17700  0  4.88e+02  2.57e+01  0  1.37e+03  2.47e+01  4.36e+00  1.66e+00  4.93e-01   0.04
2007 02 04  0500   54135   18000  0  6.04e+02  2.09e+01  0  1.50e+03  2.61e+01  4.72e+00  1.46e+00  3.27e-01   0.17
2007 02 04  0505   54135   18300  0  4.98e+02  2.27e+01  0  1.52e+03  2.41e+01  4.21e+00  1.43e+00  3.48e-01   0.27
2007 02 04  0510   54135   18600  0  4.38e+02  2.37e+01  0  1.49e+03  2.43e+01  4.09e+00  1.43e+00  2.80e-01   0.16
2007 02 04  0515   54135   18900  0  6.57e+02  2.13e+01  0  1.43e+03  2.29e+01  3.64e+00  1.43e+00  4.00e-01   0.42
2007 02 04  0520   54135   19200  0  4.73e+02  2.32e+01  0  1.48e+03  2.63e+01  4.27e+00  1.20e+00  3.38e-01   0.39
2007 02 04  0525   54135   19500  0  4.03e+02  2.36e+01  0  1.48e+03  2.48e+01  4.72e+00  1.14e+00  2.99e-01   0.13
2007 02 04  0530   54135   19800  0  4.00e+02  2.30e+01  0  1.34e+03  2.16e+01  3.74e+00  1.37e+00  2.95e-01   0.29
2007 02 04  0535   54135   20100  0  4.43e+02  2.04e+01  0  1.47e+03  2.46e+01  3.94e+00  1.21e+00  3.57e-01   0.69
2007 02 04  0540   54135   20400  0  3.88e+02  2.49e+01  0  1.49e+03  2.43e+01  4.62e+00  1.35e+00  3.37e-01   0.37
2007 02 04  0545   54135   20700  0  4.40e+02  2.38e+01  0  1.45e+03  2.32e+01  3.90e+00  1.12e+00  2.11e-01   0.27
2007 02 04  0550   54135   21000  0  5.08e+02  2.76e+01  0  1.50e+03  2.00e+01  3.44e+00  1.02e+00  3.39e-01   0.17
2007 02 04  0555   54135   21300  0  4.76e+02  2.40e+01  0  1.49e+03  2.27e+01  3.28e+00  1.39e+00  2.84e-01   0.38
2007 02 04  0600   54135   21600  0  4.53e+02  2.51e+01  0  1.45e+03  2.56e+01  3.28e+00  1.12e+00  4.53e-01   0.13
2007 02 04  0605   54135   21900  0  5.69e+02  2.47e+01  0  1.42e+03  2.56e+01  3.49e+00  1.09e+00  3.48e-01   0.30
2007 02 04  0610   54135   22200  0  4.22e+02  2.53e+01  0  1.51e+03  2.50e+01  4.23e+00  1.27e+00  2.63e-01   0.09
2007 02 04  0615   54135   22500  0  3.95e+02  2.37e+01  0  1.49e+03  2.44e+01  3.36e+00  9.85e-01  2.76e-01   0.40
2007 02 04  0620   54135   22800  0  4.08e+02  2.15e+01  0  1.38e+03  2.47e+01  4.16e+00  1.18e+00  3.48e-01   0.22
2007 02 04  0625   54135   23100  0  5.14e+02  2.28e+01  0  1.50e+03  2.29e+01  4.13e+00  1.39e+00  3.79e-01   0.49
2007 02 04  0630   54135   23400  0  4.56e+02  2.09e+01  0  1.52e+03  2.31e+01  3.22e+00  8.97e-01  3.39e-01   0.60
2007 02 04  0635   54135   23700  0  4.29e+02  2.07e+01  0  1.44e+03  2.27e+01  3.74e+00  1.10e+00  3.48e-01   0.63
2007 02 04  0640   54135   24000  0  5.28e+02  2.26e+01  0  1.40e+03  2.21e+01  3.51e+00  1.16e+00  2.11e-01   0.40
2007 02 04  0645   54135   24300  0  4.62e+02  2.04e+01  0  1.52e+03  2.39e+01  4.05e+00  1.27e+00  3.12e-01   0.21
2007 02 04  0650   54135   24600  0  4.67e+02  2.43e+01  0  1.45e+03  2.22e+01  3.57e+00  1.33e+00  2.63e-01   0.56
2007 02 04  0655   54135   24900  0  3.72e+02  2.32e+01  0  1.34e+03  2.17e+01  3.79e+00  1.05e+00  3.28e-01   0.17
2007 02 04  0700   54135   25200  0  5.47e+02  2.55e+01  0  1.47e+03  2.44e+01  3.46e+00  1.20e+00  2.51e-01   0.34
2007 02 04  0705   54135   25500  0  4.02e+02  2.38e+01  0  1.46e+03  2.27e+01  3.34e+00  1.46e+00  2.74e-01   0.11
2007 02 04  0710   54135   25800  0  3.95e+02  2.67e+01  0  1.48e+03  2.19e+01  3.91e+00  1.24e+00  3.67e-01   0.18
2007 02 04  0715   54135   26100  0  4.88e+02  2.23e+01  0  1.47e+03  2.35e+01  3.91e+00  1.24e+00  3.09e-01   0.36
2007 02 04  0720   54135   26400  0  4.29e+02  2.55e+01  0  1.50e+03  2.21e+01  3.15e+00  1.06e+00  3.06e-01   0.42
2007 02 04  0725   54135   26700  0  4.27e+02  2.04e+01  0  1.47e+03  2.51e+01  3.82e+00  1.31e+00  3.86e-01   0.19
2007 02 04  0730   54135   27000  0  4.20e+02  2.37e+01  0  1.44e+03  2.55e+01  4.00e+00  1.05e+00  3.09e-01   0.38
2007 02 04  0735   54135   27300  0  5.06e+02  2.43e+01  0  1.51e+03  2.29e+01  3.76e+00  1.43e+00  3.67e-01   0.28
2007 02 04  0740   54135   27600  0  4.27e+02  2.22e+01  0  1.45e+03  2.21e+01  3.93e+00  9.77e-01  2.32e-01   0.06
2007 02 04  0745   54135   27900  0  3.98e+02  2.13e+01  0  1.42e+03  2.45e+01  4.45e+00  1.14e+00  3.86e-01   0.10
2007 02 04  0750   54135   28200  0  5.42e+02  2.07e+01  0  1.54e+03  2.18e+01  3.85e+00  1.18e+00  3.96e-01   0.23
2007 02 04  0755   54135   28500  0  3.95e+02  2.42e+01  0  1.43e+03  2.47e+01  4.03e+00  9.56e-01  3.58e-01   0.68
2007 02 04  0800   54135   28800  0  4.17e+02  1.95e+01  0  1.53e+03  2.36e+01  3.40e+00  1.41e+00  3.09e-01   0.35
2007 02 04  0805   54135   29100  0  4.50e+02  2.20e+01  0  1.44e+03  2.04e+01  3.46e+00  9.72e-01  3.48e-01   0.33
2007 02 04  0810   54135   29400  0  5.70e+02  2.49e+01  0  1.53e+03  2.56e+01  3.21e+00  1.31e+00  3.37e-01   0.16
2007 02 04  0815   54135   29700  0  4.26e+02  2.18e+01  0  1.48e+03  2.41e+01  3.36e+00  9.85e-01  3.48e-01   0.15
2007 02 04  0820   54135   30000  0  4.40e+02  2.49e+01  0  1.40e+03  2.20e+01  2.95e+00  1.08e+00  1.69e-01   0.08
2007 02 04  0825   54135   30300  0  5.09e+02  2.13e+01  0  1.46e+03  2.02e+01  3.41e+00  1.37e+00  1.69e-01   0.44
2007 02 04  0830   54135   30600  0  4.38e+02  2.41e+01  0  1.45e+03  2.40e+01  3.04e+00  1.09e+00  2.50e-01   0.20
2007 02 04  0835   54135   30900  0  3.88e+02  2.09e+01  0  1.44e+03  2.27e+01  4.52e+00  9.35e-01  2.32e-01   0.40
2007 02 04  0840   54135   31200  0  4.91e+02  2.59e+01  0  1.47e+03  2.22e+01  4.03e+00  1.29e+00  5.48e-01   0.18
2007 02 04  0845   54135   31500  0  4.61e+02  2.21e+01  0  1.54e+03  2.18e+01  3.66e+00  1.16e+00  3.21e-01   0.47
2007 02 04  0850   54135   31800  0  4.22e+02  2.55e+01  0  1.50e+03  2.19e+01  3.87e+00  1.18e+00  4.11e-01   0.25
2007 02 04  0855   54135   32100  0  4.20e+02  2.71e+01  0  1.35e+03  2.17e+01  3.63e+00  9.50e-01  2.76e-01   0.31
2007 02 04  0900   54135   32400  0  5.03e+02  2.18e+01  0  1.47e+03  2.02e+01  3.44e+00  1.27e+00  2.84e-01   0.30
2007 02 04  0905   54135   32700  0  4.27e+02  2.28e+01  0  1.48e+03  2.32e+01  3.67e+00  9.35e-01  3.06e-01   0.08
2007 02 04  0910   54135   33000  0  3.98e+02  2.60e+01  0  1.40e+03  2.41e+01  3.97e+00  1.35e+00  3.12e-01   0.08
2007 02 04  0915   54135   33300  0  5.30e+02  2.51e+01  0  1.55e+03  2.38e+01  3.51e+00  8.94e-01  3.16e-01   0.15
2007 02 04  0920   54135   33600  0  4.46e+02  2.86e+01  0  1.44e+03  2.26e+01  4.29e+00  9.77e-01  3.48e-01   0.48
2007 02 04  0925   54135   33900  0  4.43e+02  2.50e+01  0  1.46e+03  2.57e+01  4.49e+00  1.37e+00  4.46e-01   0.17
2007 02 04  0930   54135   34200  0  5.10e+02  2.44e+01  0  1.39e+03  2.57e+01  3.18e+00  1.18e+00  3.27e-01   0.20
2007 02 04  0935   54135   34500  0  5.61e+02  2.48e+01  0  1.50e+03  2.56e+01  3.79e+00  1.22e+00  3.96e-01   0.32
2007 02 04  0940   54135   34800  0  5.83e+02  2.43e+01  0  1.47e+03  2.27e+01  4.30e+00  1.26e+00  2.80e-01   0.08
2007 02 04  0945   54135   35100  0  4.22e+02  2.13e+01  0  1.34e+03  2.30e+01  3.51e+00  1.29e+00  2.53e-01   0.28
2007 02 04  0950   54135   35400  0  6.20e+02  2.16e+01  0  1.51e+03  2.54e+01  3.85e+00  1.16e+00  4.15e-01   0.39
2007 02 04  0955   54135   35700  0  4.68e+02  2.66e+01  0  1.48e+03  2.43e+01  3.91e+00  1.37e+00  3.86e-01   0.15
2007 02 04  1000   54135   36000  0  4.18e+02  2.44e+01  0  1.45e+03  2.67e+01  4.20e+00  1.46e+00  3.06e-01   0.22
2007 02 04  1005   54135   36300  0  4.32e+02  2.02e+01  0  1.46e+03  2.31e+01  4.21e+00  1.22e+00  4.44e-01   0.15
2007 02 04  1010   54135   36600  0  4.51e+02  2.55e+01  0  1.49e+03  2.50e+01  4.03e+00  1.12e+00  4.44e-01   0.35
2007 02 04  1015   54135   36900  0  4.00e+02  2.59e+01  0  1.46e+03  2.29e+01  3.94e+00  1.11e+00  3.48e-01   0.34
2007 02 04  1020   54135   37200  0  4.05e+02  2.34e+01  0  1.35e+03  2.17e+01  4.16e+00  1.18e+00  3.69e-01   0.40
2007 02 04  1025   54135   37500  0  4.94e+02  2.52e+01  0  1.50e+03  2.46e+01  3.88e+00  1.31e+00  2.70e-01   0.19
2007 02 04  1030   54135   37800  0  4.89e+02  2.20e+01  0  1.52e+03  2.33e+01  3.91e+00  1.35e+00  2.61e-01   0.17
2007 02 04  1035   54135   38100  0  4.22e+02  2.59e+01  0  1.45e+03  2.19e+01  4.33e+00  1.21e+00  2.95e-01   0.22
2007 02 04  1040   54135   38400  0  5.54e+02  2.16e+01  0  1.43e+03  2.47e+01  4.03e+00  1.16e+00  4.06e-01   0.36
2007 02 04  1045   54135   38700  0  4.43e+02  2.37e+01  0  1.49e+03  2.21e+01  4.81e+00  1.20e+00  3.19e-01   0.26
2007 02 04  1050   54135   39000  0  5.00e+02  2.11e+01  0  1.49e+03  2.23e+01  4.06e+00  1.64e+00  4.11e-01   0.41
2007 02 04  1055   54135   39300  0  5.31e+02  2.47e+01  0  1.40e+03  2.10e+01  4.16e+00  1.23e+00  3.39e-01   0.17
2007 02 04  1100   54135   39600  0  5.34e+02  2.05e+01  0  1.51e+03  2.31e+01  3.47e+00  1.23e+00  3.90e-01   0.19
2007 02 04  1105   54135   39900  0  4.33e+02  2.13e+01  0  1.46e+03  2.68e+01  4.36e+00  1.56e+00  2.84e-01   0.35
2007 02 04  1110   54135   40200  0  4.99e+02  2.29e+01  0  1.36e+03  2.26e+01  4.27e+00  1.27e+00  2.67e-01   0.35
2007 02 04  1115   54135   40500  0  5.25e+02  2.18e+01  0  1.49e+03  2.41e+01  4.20e+00  1.58e+00  4.32e-01   0.28
2007 02 04  1120   54135   40800  0  4.31e+02  2.44e+01  0  1.47e+03  2.41e+01  4.92e+00  1.23e+00  2.84e-01   0.24
2007 02 04  1125   54135   41100  0  4.78e+02  2.27e+01  0  1.44e+03  2.58e+01  4.02e+00  1.37e+00  2.85e-01   0.25
2007 02 04  1130   54135   41400  0  4.15e+02  2.34e+01  0  1.42e+03  2.48e+01  3.74e+00  1.33e+00  4.74e-01   0.17
2007 02 04  1135   54135   41700  0  4.96e+02  2.00e+01  0  1.49e+03  2.42e+01  4.38e+00  1.34e+00  4.46e-01   0.20
2007 02 04  1140   54135   42000  0  4.44e+02  2.32e+01  0  1.48e+03  2.42e+01  4.85e+00  1.14e+00  3.37e-01   0.22
2007 02 04  1145   54135   42300  0  4.22e+02  2.22e+01  0  1.34e+03  2.60e+01  4.82e+00  1.27e+00  2.84e-01   0.22
2007 02 04  1150   54135   42600  0  5.36e+02  2.60e+01  0  1.50e+03  2.34e+01  3.99e+00  9.67e-01  4.73e-01   0.28
2007 02 04  1155   54135   42900  0  4.58e+02  2.36e+01  0  1.52e+03  2.53e+01  4.33e+00  1.29e+00  3.48e-01   0.26
2007 02 04  1200   54135   43200  0  4.88e+02  1.91e+01  0  1.43e+03  2.37e+01  4.51e+00  1.22e+00  3.77e-01   0.12
2007 02 04  1205   54135   43500  0  6.17e+02  2.64e+01  0  1.46e+03  2.40e+01  3.79e+00  1.68e+00  3.96e-01   0.21
2007 02 04  1210   54135   43800  0  5.07e+02  1.97e+01  0  1.43e+03  2.61e+01  4.69e+00  1.60e+00  3.69e-01   0.21
2007 02 04  1215   54135   44100  0  4.68e+02  2.25e+01  0  1.47e+03  2.10e+01  4.42e+00  1.49e+00  4.15e-01   0.26
2007 02 04  1220   54135   44400  0  3.97e+02  2.48e+01  0  1.36e+03  2.47e+01  4.12e+00  1.47e+00  3.77e-01   0.20
2007 02 04  1225   54135   44700  0  5.21e+02  2.53e+01  0  1.53e+03  2.50e+01  3.76e+00  1.11e+00  3.19e-01   0.16
2007 02 04  1230   54135   45000  0  4.28e+02  2.28e+01  0  1.49e+03  2.28e+01  4.06e+00  1.18e+00  3.27e-01   0.12
2007 02 04  1235   54135   45300  0  4.46e+02  2.53e+01  0  1.42e+03  2.30e+01  4.54e+00  1.51e+00  4.54e-01   0.09
2007 02 04  1240   54135   45600  0  5.89e+02  2.46e+01  0  1.48e+03  2.30e+01  4.18e+00  1.58e+00  4.25e-01   0.15
2007 02 04  1245   54135   45900  0  4.55e+02  2.40e+01  0  1.46e+03  2.43e+01  4.92e+00  1.81e+00  4.00e-01   0.09
2007 02 04  1250   54135   46200  0  4.84e+02  2.05e+01  0  1.43e+03  2.81e+01  4.66e+00  1.81e+00  4.15e-01   0.03
2007 02 04  1255   54135   46500  0  5.47e+02  2.20e+01  0  1.42e+03  2.56e+01  4.60e+00  1.30e+00  5.12e-01   0.19
2007 02 04  1300   54135   46800  0  5.93e+02  1.99e+01  0  1.54e+03  2.56e+01  5.34e+00  1.73e+00  4.11e-01   0.05
2007 02 04  1305   54135   47100  0  5.04e+02  2.04e+01  0  1.55e+03  2.79e+01  5.99e+00  1.37e+00  4.64e-01   0.08
2007 02 04  1310   54135   47400  0  5.00e+02  2.38e+01  0  1.37e+03  2.60e+01  4.85e+00  1.31e+00  5.90e-01   0.08
2007 02 04  1315   54135   47700  0  5.70e+02  2.09e+01  0  1.45e+03  2.61e+01  4.98e+00  1.08e+00  4.21e-01   0.23
2007 02 04  1320   54135   48000  0  4.59e+02  2.03e+01  0  1.42e+03  2.51e+01  5.35e+00  1.50e+00  4.72e-01   0.11
2007 02 04  1325   54135   48300  0  4.24e+02  2.36e+01  0  1.44e+03  2.38e+01  4.49e+00  1.41e+00  4.74e-01   0.19
2007 02 04  1330   54135   48600  0  5.28e+02  2.15e+01  0  1.45e+03  2.84e+01  4.56e+00  1.56e+00  5.06e-01   0.20
2007 02 04  1335   54135   48900  0  5.05e+02  2.26e+01  0  1.50e+03  2.57e+01  4.58e+00  1.57e+00  3.57e-01   0.05
2007 02 04  1340   54135   49200  0  4.60e+02  2.24e+01  0  1.48e+03  2.54e+01  4.16e+00  1.35e+00  4.43e-01   0.03
2007 02 04  1345   54135   49500  0  5.13e+02  2.21e+01  0  1.40e+03  2.81e+01  5.27e+00  1.64e+00  3.66e-01   0.40
2007 02 04  1350   54135   49800  0  6.82e+02  2.47e+01  0  1.53e+03  2.47e+01  4.65e+00  1.39e+00  3.06e-01   0.19
2007 02 04  1355   54135   50100  0  4.48e+02  2.29e+01  0  1.46e+03  2.48e+01  4.96e+00  1.45e+00  4.13e-01   0.30
2007 02 04  1400   54135   50400  0  4.74e+02  2.16e+01  0  1.45e+03  2.49e+01  4.23e+00  1.21e+00  5.58e-01   0.38
2007 02 04  1405   54135   50700  0  5.50e+02  2.16e+01  0  1.52e+03  2.83e+01  4.46e+00  1.52e+00  3.37e-01   0.12
2007 02 04  1410   54135   51000  0  4.17e+02  2.05e+01  0  1.51e+03  2.77e+01  4.59e+00  1.31e+00  4.32e-01   0.17
2007 02 04  1415   54135   51300  0  4.18e+02  2.03e+01  0  1.44e+03  2.78e+01  5.10e+00  1.46e+00  4.99e-01   0.21
2007 02 04  1420   54135   51600  0  4.91e+02  2.44e+01  0  1.42e+03  2.26e+01  5.38e+00  1.77e+00  5.58e-01   0.27
2007 02 04  1425   54135   51900  0  5.37e+02  2.44e+01  0  1.51e+03  2.62e+01  5.02e+00  1.77e+00  3.86e-01   0.19
2007 02 04  1430   54135   52200  0  5.22e+02  1.90e+01  0  1.52e+03  2.31e+01  4.96e+00  1.56e+00  3.77e-01   0.08
2007 02 04  1435   54135   52500  0  4.51e+02  2.20e+01  0  1.33e+03  2.81e+01  5.28e+00  1.58e+00  4.53e-01   0.34
2007 02 04  1440   54135   52800  0  6.78e+02  2.36e+01  0  1.52e+03  2.47e+01  4.87e+00  1.03e+00  4.83e-01   0.10
2007 02 04  1445   54135   53100  0  4.36e+02  2.53e+01  0  1.50e+03  2.32e+01  5.23e+00  1.62e+00  3.96e-01   0.49
2007 02 04  1450   54135   53400  0  4.13e+02  2.63e+01  0  1.45e+03  2.46e+01  4.85e+00  1.60e+00  4.53e-01   0.39
2007 02 04  1455   54135   53700  0  3.92e+02  2.29e+01  0  1.43e+03  2.57e+01  3.94e+00  1.49e+00  4.15e-01   0.07
2007 02 04  1500   54135   54000  0  4.50e+02  1.91e+01  0  1.54e+03  2.78e+01  4.99e+00  1.41e+00  4.64e-01   0.23
2007 02 04  1505   54135   54300  0  4.58e+02  2.36e+01  0  1.44e+03  2.39e+01  4.96e+00  1.31e+00  3.38e-01   0.15
2007 02 04  1510   54135   54600  0  3.48e+02  2.11e+01  0  1.36e+03  2.42e+01  4.59e+00  1.41e+00  3.58e-01   0.24
2007 02 04  1515   54135   54900  0  5.06e+02  2.25e+01  0  1.47e+03  2.58e+01  4.27e+00  1.39e+00  3.28e-01   0.39
2007 02 04  1520   54135   55200  0  4.70e+02  2.23e+01  0  1.56e+03  2.37e+01  4.72e+00  1.30e+00  5.80e-01   0.27
2007 02 04  1525   54135   55500  0  4.51e+02  2.28e+01  0  1.41e+03  2.58e+01  4.39e+00  1.52e+00  5.37e-01   0.13
2007 02 04  1530   54135   55800  0  5.19e+02  2.21e+01  0  1.49e+03  2.40e+01  4.99e+00  1.12e+00  3.67e-01   0.24
2007 02 04  1535   54135   56100  0  4.66e+02  2.21e+01  0  1.48e+03  2.49e+01  4.21e+00  1.43e+00  4.25e-01   0.10
2007 02 04  1540   54135   56400  0  4.20e+02  2.44e+01  0  1.49e+03  2.32e+01  3.84e+00  1.46e+00  4.53e-01   0.27
2007 02 04  1545   54135   56700  0  4.27e+02  2.39e+01  0  1.42e+03  2.25e+01  4.11e+00  1.23e+00  4.10e-01   0.18
2007 02 04  1550   54135   57000  0  5.38e+02  2.18e+01  0  1.52e+03  2.75e+01  4.20e+00  1.25e+00  3.79e-01   0.27
2007 02 04  1555   54135   57300  0  4.94e+02  2.34e+01  0  1.47e+03  2.47e+01  4.42e+00  1.46e+00  4.43e-01   0.41
2007 02 04  1600   54135   57600  0  3.46e+02  2.34e+01  0  1.43e+03  2.37e+01  4.10e+00  1.30e+00  4.10e-01   0.21
2007 02 04  1605   54135   57900  0  5.38e+02  2.63e+01  0  1.48e+03  2.52e+01  4.29e+00  1.58e+00  4.21e-01   0.27
2007 02 04  1610   54135   58200  0  4.27e+02  2.22e+01  0  1.48e+03  2.43e+01  4.52e+00  1.60e+00  3.90e-01   0.07
2007 02 04  1615   54135   58500  0  4.61e+02  2.13e+01  0  1.47e+03  2.44e+01  4.77e+00  1.55e+00  3.48e-01   0.32
2007 02 04  1620   54135   58800  0  4.82e+02  2.16e+01  0  1.41e+03  2.47e+01  4.82e+00  1.25e+00  4.00e-01   0.23
2007 02 04  1625   54135   59100  0  4.99e+02  2.29e+01  0  1.54e+03  2.49e+01  4.41e+00  1.74e+00  4.99e-01   0.13
2007 02 04  1630   54135   59400  0  4.17e+02  2.22e+01  0  1.44e+03  2.44e+01  4.39e+00  9.56e-01  2.95e-01   0.78
2007 02 04  1635   54135   59700  0  4.65e+02  1.95e+01  0  1.35e+03  2.56e+01  4.59e+00  1.64e+00  4.85e-01   0.18
2007 02 04  1640   54135   60000  0  5.68e+02  2.31e+01  0  1.48e+03  2.45e+01  4.19e+00  1.51e+00  3.39e-01   0.45
2007 02 04  1645   54135   60300  0  4.04e+02  2.49e+01  0  1.48e+03  2.42e+01  4.59e+00  1.33e+00  4.32e-01   0.42
2007 02 04  1650   54135   60600  0  4.49e+02  2.13e+01  0  1.49e+03  2.37e+01  3.80e+00  1.25e+00  4.11e-01   0.25
2007 02 04  1655   54135   60900  0  4.58e+02  2.47e+01  0  1.47e+03  2.61e+01  3.95e+00  1.37e+00  3.57e-01   0.09
2007 02 04  1700   54135   61200  0  4.11e+02  2.51e+01  0  1.43e+03  2.52e+01  4.06e+00  1.33e+00  4.11e-01   0.40
2007 02 04  1705   54135   61500  0  4.78e+02  2.09e+01  0  1.46e+03  2.27e+01  4.21e+00  1.20e+00  4.25e-01   0.15
2007 02 04  1710   54135   61800  0  3.70e+02  2.18e+01  0  1.31e+03  2.38e+01  3.76e+00  1.26e+00  4.83e-01   0.31
2007 02 04  1715   54135   62100  0  4.74e+02  2.16e+01  0  1.48e+03  2.93e+01  4.20e+00  1.25e+00  2.74e-01   0.15
2007 02 04  1720   54135   62400  0  4.12e+02  2.25e+01  0  1.44e+03  2.68e+01  5.02e+00  1.16e+00  3.96e-01   0.29
2007 02 04  1725   54135   62700  0  4.41e+02  2.43e+01  0  1.36e+03  2.60e+01  4.21e+00  1.49e+00  3.77e-01   0.40
2007 02 04  1730   54135   63000  0  5.18e+02  2.28e+01  0  1.43e+03  2.42e+01  4.33e+00  1.31e+00  2.53e-01   0.09
2007 02 04  1735   54135   63300  0  4.22e+02  2.18e+01  0  1.54e+03  2.25e+01  4.30e+00  1.26e+00  3.67e-01   0.05
2007 02 04  1740   54135   63600  0  4.71e+02  2.39e+01  0  1.47e+03  2.35e+01  3.94e+00  9.34e-01  3.28e-01   0.23
2007 02 04  1745   54135   63900  0  4.68e+02  2.34e+01  0  1.41e+03  2.51e+01  4.42e+00  1.18e+00  4.93e-01   0.24
2007 02 04  1750   54135   64200  0  5.57e+02  2.38e+01  0  1.48e+03  2.54e+01  3.51e+00  1.19e+00  4.11e-01   0.45
2007 02 04  1755   54135   64500  0  4.53e+02  2.50e+01  0  1.43e+03  2.26e+01  3.97e+00  1.22e+00  3.77e-01   0.34
2007 02 04  1800   54135   64800  0  4.78e+02  2.02e+01  0  1.32e+03  2.18e+01  3.94e+00  1.33e+00  4.06e-01   0.45
2007 02 04  1805   54135   65100  0  6.66e+02  2.42e+01  0  1.48e+03  2.32e+01  4.33e+00  1.12e+00  3.69e-01   0.12
2007 02 04  1810   54135   65400  0  4.88e+02  2.48e+01  0  1.47e+03  2.62e+01  4.06e+00  1.26e+00  3.28e-01   0.17
2007 02 04  1815   54135   65700  0  5.06e+02  2.41e+01  0  1.44e+03  2.45e+01  4.03e+00  1.18e+00  3.48e-01   0.24
2007 02 04  1820   54135   66000  0  5.63e+02  2.24e+01  0  1.44e+03  2.42e+01  3.64e+00  1.25e+00  3.48e-01   0.18
2007 02 04  1825   54135   66300  0  5.04e+02  2.19e+01  0  1.50e+03  2.37e+01  4.47e+00  1.46e+00  4.01e-01   0.14
2007 02 04  1830   54135   66600  0  3.91e+02  2.69e+01  0  1.45e+03  2.09e+01  5.05e+00  1.25e+00  4.32e-01   0.04
2007 02 04  1835   54135   66900  0  4.71e+02  2.67e+01  0  1.39e+03  2.38e+01  3.80e+00  1.06e+00  3.58e-01   0.18
2007 02 04  1840   54135   67200  0  6.14e+02  2.70e+01  0  1.45e+03  2.49e+01  3.99e+00  1.14e+00  4.37e-01   0.24
2007 02 04  1845   54135   67500  0  5.01e+02  2.30e+01  0  1.53e+03  2.38e+01  4.46e+00  1.19e+00  5.16e-01   0.34
2007 02 04  1850   54135   67800  0  5.39e+02  2.34e+01  0  1.34e+03  2.25e+01  4.69e+00  1.41e+00  3.69e-01   0.09
2007 02 04  1855   54135   68100  0  4.72e+02  2.37e+01  0  1.43e+03  2.41e+01  4.35e+00  9.85e-01  4.55e-01   0.50
2007 02 04  1900   54135   68400  0  3.54e+02  2.16e+01  0  1.49e+03  2.66e+01  4.00e+00  1.37e+00  3.48e-01   0.37
2007 02 04  1905   54135   68700  0  4.23e+02  2.50e+01  0  4.15e+03  3.58e+01  4.74e+00  1.11e+00  2.41e-01   0.25
2007 02 04  1910   54135   69000  0  4.74e+02  2.45e+01  0  5.86e+03  4.81e+01  3.93e+00  1.31e+00  4.43e-01   0.34
2007 02 04  1915   54135   69300  0  5.23e+02  2.30e+01  0  1.48e+03  2.78e+01  5.38e+00  1.56e+00  3.58e-01   0.34
2007 02 04  1920   54135   69600  0  4.27e+02  2.49e+01  0  1.51e+03  2.81e+01  6.93e+00  1.97e+00  4.90e-01   0.45
2007 02 04  1925   54135   69900  0  4.35e+02  2.53e+01  0  1.39e+03  2.66e+01  6.39e+00  1.58e+00  5.16e-01   0.54
2007 02 04  1930   54135   70200  0  5.10e+02  2.24e+01  0  1.52e+03  2.89e+01  6.69e+00  1.58e+00  5.48e-01   0.76
2007 02 04  1935   54135   70500  0  4.99e+02  2.58e+01  0  1.42e+03  2.92e+01  5.66e+00  1.76e+00  5.17e-01   0.45
2007 02 04  1940   54135   70800  0  4.33e+02  2.32e+01  0  1.44e+03  2.75e+01  5.93e+00  1.95e+00  4.00e-01   0.31
2007 02 04  1945   54135   71100  0  5.13e+02  2.37e+01  0  1.44e+03  2.57e+01  4.99e+00  1.45e+00  4.44e-01   0.23
2007 02 04  1950   54135   71400  0  4.75e+02  2.92e+01  0  1.49e+03  2.45e+01  3.61e+00  1.47e+00  4.35e-01   0.35
2007 02 04  1955   54135   71700  0  4.47e+02  2.32e+01  0  1.43e+03  2.42e+01  4.49e+00  1.33e+00  3.58e-01   0.36
2007 02 04  2000   54135   72000  0  4.88e+02  2.20e+01  0  1.39e+03  2.41e+01  4.60e+00  1.31e+00  4.25e-01   0.30
2007 02 04  2005   54135   72300  0  7.14e+02  2.29e+01  0  1.48e+03  2.58e+01  4.93e+00  1.39e+00  3.38e-01   0.37
2007 02 04  2010   54135   72600  0  4.82e+02  2.51e+01  0  1.45e+03  2.61e+01  4.69e+00  1.43e+00  3.69e-01   0.23
2007 02 04  2015   54135   72900  0  4.65e+02  1.98e+01  0  1.42e+03  2.33e+01  4.24e+00  1.54e+00  5.02e-01   0.40
2007 02 04  2020   54135   73200  0  5.36e+02  2.09e+01  0  1.48e+03  2.56e+01  5.80e+00  1.58e+00  3.48e-01   0.51
2007 02 04  2025   54135   73500  0  5.03e+02  2.85e+01  0  1.46e+03  2.86e+01  6.19e+00  1.91e+00  5.51e-01   0.64
2007 02 04  2030   54135   73800  0  4.24e+02  2.30e+01  0  1.47e+03  3.51e+01  5.83e+00  1.81e+00  6.43e-01   0.25
2007 02 04  2035   54135   74100  0  4.73e+02  2.20e+01  0  1.40e+03  3.26e+01  6.73e+00  1.96e+00  6.37e-01   0.34
2007 02 04  2040   54135   74400  0  6.20e+02  2.06e+01  0  1.54e+03  3.17e+01  7.51e+00  2.00e+00  5.60e-01   0.55
2007 02 04  2045   54135   74700  0  4.78e+02  2.38e+01  0  1.52e+03  3.33e+01  8.20e+00  2.20e+00  7.69e-01   0.27
2007 02 04  2050   54135   75000  0  4.51e+02  2.53e+01  0  1.39e+03  2.75e+01  7.09e+00  1.85e+00  6.18e-01   0.34
2007 02 04  2055   54135   75300  0  4.83e+02  2.25e+01  0  1.58e+03  3.06e+01  5.68e+00  1.52e+00  5.02e-01   0.20
2007 02 04  2100   54135   75600  0  4.42e+02  2.45e+01  0  1.48e+03  2.52e+01  4.69e+00  1.37e+00  3.16e-01   0.41
2007 02 04  2105   54135   75900  0  4.53e+02  2.40e+01  0  1.49e+03  2.71e+01  4.27e+00  1.07e+00  3.12e-01   0.46
2007 02 04  2110   54135   76200  0  4.73e+02  2.11e+01  0  1.47e+03  2.64e+01  3.61e+00  1.56e+00  2.32e-01   0.45
2007 02 04  2115   54135   76500  0  4.91e+02  2.61e+01  0  1.51e+03  2.64e+01  4.26e+00  1.52e+00  2.84e-01   0.20
2007 02 04  2120   54135   76800  0  4.33e+02  2.24e+01  0  1.45e+03  2.38e+01  4.08e+00  1.14e+00  4.10e-01   0.28
2007 02 04  2125   54135   77100  0  4.67e+02  1.99e+01  0  1.38e+03  2.78e+01  4.88e+00  1.21e+00  3.37e-01   0.50
2007 02 04  2130   54135   77400  0  5.93e+02  2.05e+01  0  1.55e+03  2.82e+01  4.29e+00  1.70e+00  5.06e-01   0.62
2007 02 04  2135   54135   77700  0  5.14e+02  2.34e+01  0  1.48e+03  2.82e+01  4.29e+00  1.10e+00  4.17e-01   0.34
2007 02 04  2140   54135   78000  0  4.29e+02  2.09e+01  0  1.51e+03  2.35e+01  3.67e+00  1.06e+00  4.85e-01   0.45
2007 02 04  2145   54135   78300  0  5.65e+02  2.13e+01  0  1.45e+03  2.42e+01  3.72e+00  1.18e+00  3.83e-01   0.36
2007 02 04  2150   54135   78600  0  4.55e+02  2.20e+01  0  1.49e+03  2.60e+01  3.90e+00  1.27e+00  2.95e-01   0.12
2007 02 04  2155   54135   78900  0  4.67e+02  2.44e+01  0  1.49e+03  2.38e+01  4.36e+00  1.27e+00  3.16e-01   0.17
2007 02 04  2200   54135   79200  0  5.16e+02  1.95e+01  0  1.43e+03  2.53e+01  4.19e+00  1.42e+00  2.76e-01   0.24
2007 02 04  2205   54135   79500  0  5.71e+02  2.34e+01  0  1.53e+03  2.62e+01  4.90e+00  1.51e+00  3.93e-01   0.15
2007 02 04  2210   54135   79800  0  4.83e+02  2.36e+01  0  1.46e+03  2.43e+01  4.13e+00  1.02e+00  2.42e-01   0.36
2007 02 04  2215   54135   80100  0  5.07e+02  2.27e+01  0  1.43e+03  2.32e+01  3.83e+00  9.85e-01  2.67e-01   0.34
2007 02 04  2220   54135   80400  0  5.48e+02  2.11e+01  0  1.49e+03  2.40e+01  3.64e+00  1.06e+00  2.11e-01   0.47
2007 02 04  2225   54135   80700  0  4.43e+02  2.41e+01  0  1.44e+03  2.49e+01  3.73e+00  1.20e+00  2.41e-01   0.23
2007 02 04  2230   54135   81000  0  4.85e+02  2.59e+01  0  1.45e+03  2.44e+01  2.82e+00  1.21e+00  3.33e-01   0.30
2007 02 04  2235   54135   81300  0  5.19e+02  2.63e+01  0  1.42e+03  2.21e+01  4.16e+00  1.33e+00  2.32e-01   0.19
2007 02 04  2240   54135   81600  0  5.74e+02  2.46e+01  0  1.50e+03  2.72e+01  4.06e+00  1.07e+00  2.51e-01   0.19
2007 02 04  2245   54135   81900  0  4.89e+02  2.36e+01  0  1.53e+03  2.59e+01  3.67e+00  1.21e+00  2.53e-01   0.18
2007 02 04  2250   54135   82200  9 -1.00e+05 -1.00e+05  9 -1.00e+05 -1.00e+05 -1.00e+05 -1.00e+05 -1.00e+05  -1.00
2007 02 04  2255   54135   82500  0  5.76e+02  2.74e+01  0  1.50e+03  2.39e+01  4.02e+00  9.05e-01  3.81e-01   0.36
2007 02 04  2300   54135   82800  0  4.75e+02  1.93e+01  0  1.45e+03  2.45e+01  3.43e+00  1.11e+00  4.15e-01   0.19
2007 02 04  2305   54135   83100  0  4.94e+02  2.36e+01  0  1.44e+03  2.68e+01  3.97e+00  1.16e+00  3.19e-01   0.30
2007 02 04  2310   54135   83400  0  5.84e+02  2.15e+01  0  1.44e+03  2.26e+01  4.46e+00  8.94e-01  3.37e-01   0.44
2007 02 04  2315   54135   83700  0  5.14e+02  2.52e+01  0  1.51e+03  2.36e+01  3.55e+00  9.72e-01  3.09e-01   0.35
2007 02 04  2320   54135   84000  0  5.21e+02  2.55e+01  0  1.42e+03  2.33e+01  3.46e+00  1.30e+00  2.41e-01   0.20
2007 02 04  2325   54135   84300  0  4.76e+02  2.53e+01  0  1.35e+03  2.62e+01  3.64e+00  1.37e+00  2.53e-01   0.30
2007 02 04  2330   54135   84600  0  5.85e+02  2.32e+01  0  1.49e+03  2.22e+01  4.06e+00  1.12e+00  2.99e-01   0.19
2007 02 04  2335   54135   84900  9 -1.00e+05 -1.00e+05  9 -1.00e+05 -1.00e+05 -1.00e+05 -1.00e+05 -1.00e+05  -1.00
2007 02 04  2340   54135   85200  9 -1.00e+05 -1.00e+05  9 -1.00e+05 -1.00e+05 -1.00e+05 -1.00e+05 -1.00e+05  -1.00
2007 02 04  2345   54135   85500  9 -1.00e+05 -1.00e+05  9 -1.00e+05 -1.00e+05 -1.00e+05 -1.00e+05 -1.00e+05  -1.00
2007 02 04  2350   54135   85800  9 -1.00e+05 -1.00e+05  9 -1.00e+05 -1.00e+05 -1.00e+05 -1.00e+05 -1.00e+05  -1.00
2007 02 04  2355   54135   86100  9 -1.00e+05 -1.00e+05  9 -1.00e+05 -1.00e+05 -1.00e+05 -1.00e+05 -1.00e+05  -1.00
