:Data_list: 20070424_ace_sis_5m.txt
:Created: 2007 Apr 25 0011 UT
# Prepared by the U.S. Dept. of Commerce, NOAA, Space Environment Center.
# Please send comments and suggestions to SEC.Webmaster@noaa.gov 
# 
# Units: proton flux p/cs2-sec-ster
# Status(S): 0 = nominal data, 1 to 8 = bad data record, 9 = no data
# Missing data values: -1.00e+05
# Source: ACE Satellite - Solar Isotope Spectrometer
#
# 5-minute averaged Real-time Integral Flux of High-energy Solar Protons
# 
#                 Modified Seconds
# UT Date   Time   Julian  of the      ---- Integral Proton Flux ----
# YR MO DA  HHMM     Day     Day       S    > 10 MeV    S    > 30 MeV
#--------------------------------------------------------------------
2007 04 24  0000    54214       0      0    1.83e+00    0    1.29e+00
2007 04 24  0005    54214     300      0    1.76e+00    0    1.23e+00
2007 04 24  0010    54214     600      0    1.82e+00    0    1.28e+00
2007 04 24  0015    54214     900      0    1.76e+00    0    1.23e+00
2007 04 24  0020    54214    1200      0    1.77e+00    0    1.25e+00
2007 04 24  0025    54214    1500      0    1.75e+00    0    1.22e+00
2007 04 24  0030    54214    1800      0    1.80e+00    0    1.26e+00
2007 04 24  0035    54214    2100      0    1.78e+00    0    1.25e+00
2007 04 24  0040    54214    2400      0    1.77e+00    0    1.24e+00
2007 04 24  0045    54214    2700      0    1.81e+00    0    1.27e+00
2007 04 24  0050    54214    3000      0    1.75e+00    0    1.21e+00
2007 04 24  0055    54214    3300      0    1.76e+00    0    1.23e+00
2007 04 24  0100    54214    3600      0    1.80e+00    0    1.26e+00
2007 04 24  0105    54214    3900      0    1.79e+00    0    1.25e+00
2007 04 24  0110    54214    4200      0    1.81e+00    0    1.25e+00
2007 04 24  0115    54214    4500      0    1.75e+00    0    1.23e+00
2007 04 24  0120    54214    4800      0    1.77e+00    0    1.23e+00
2007 04 24  0125    54214    5100      0    1.78e+00    0    1.25e+00
2007 04 24  0130    54214    5400      0    1.77e+00    0    1.24e+00
2007 04 24  0135    54214    5700      0    1.78e+00    0    1.26e+00
2007 04 24  0140    54214    6000      0    1.79e+00    0    1.25e+00
2007 04 24  0145    54214    6300      0    1.76e+00    0    1.23e+00
2007 04 24  0150    54214    6600      0    1.77e+00    0    1.24e+00
2007 04 24  0155    54214    6900      0    1.75e+00    0    1.23e+00
2007 04 24  0200    54214    7200      0    1.78e+00    0    1.24e+00
2007 04 24  0205    54214    7500      0    1.77e+00    0    1.23e+00
2007 04 24  0210    54214    7800      0    1.79e+00    0    1.24e+00
2007 04 24  0215    54214    8100      0    1.76e+00    0    1.23e+00
2007 04 24  0220    54214    8400      0    1.77e+00    0    1.23e+00
2007 04 24  0225    54214    8700      0    1.80e+00    0    1.26e+00
2007 04 24  0230    54214    9000      0    1.76e+00    0    1.24e+00
2007 04 24  0235    54214    9300      0    1.74e+00    0    1.22e+00
2007 04 24  0240    54214    9600      0    1.80e+00    0    1.25e+00
2007 04 24  0245    54214    9900      0    1.78e+00    0    1.25e+00
2007 04 24  0250    54214   10200      0    1.77e+00    0    1.24e+00
2007 04 24  0255    54214   10500      0    1.76e+00    0    1.24e+00
2007 04 24  0300    54214   10800      0    1.72e+00    0    1.20e+00
2007 04 24  0305    54214   11100      0    1.79e+00    0    1.26e+00
2007 04 24  0310    54214   11400      0    1.76e+00    0    1.24e+00
2007 04 24  0315    54214   11700      0    1.80e+00    0    1.25e+00
2007 04 24  0320    54214   12000      0    1.78e+00    0    1.25e+00
2007 04 24  0325    54214   12300      0    1.75e+00    0    1.22e+00
2007 04 24  0330    54214   12600      0    1.78e+00    0    1.25e+00
2007 04 24  0335    54214   12900      0    1.78e+00    0    1.26e+00
2007 04 24  0340    54214   13200      0    1.78e+00    0    1.23e+00
2007 04 24  0345    54214   13500      0    1.75e+00    0    1.22e+00
2007 04 24  0350    54214   13800      0    1.77e+00    0    1.23e+00
2007 04 24  0355    54214   14100      0    1.76e+00    0    1.24e+00
2007 04 24  0400    54214   14400      0    1.75e+00    0    1.21e+00
2007 04 24  0405    54214   14700      0    1.77e+00    0    1.24e+00
2007 04 24  0410    54214   15000      0    1.78e+00    0    1.26e+00
2007 04 24  0415    54214   15300      0    1.83e+00    0    1.29e+00
2007 04 24  0420    54214   15600      0    1.78e+00    0    1.25e+00
2007 04 24  0425    54214   15900      0    1.75e+00    0    1.22e+00
2007 04 24  0430    54214   16200      0    1.73e+00    0    1.21e+00
2007 04 24  0435    54214   16500      0    1.79e+00    0    1.26e+00
2007 04 24  0440    54214   16800      0    1.76e+00    0    1.24e+00
2007 04 24  0445    54214   17100      0    1.75e+00    0    1.23e+00
2007 04 24  0450    54214   17400      0    1.81e+00    0    1.28e+00
2007 04 24  0455    54214   17700      0    1.85e+00    0    1.30e+00
2007 04 24  0500    54214   18000      0    1.76e+00    0    1.24e+00
2007 04 24  0505    54214   18300      0    1.78e+00    0    1.24e+00
2007 04 24  0510    54214   18600      0    1.78e+00    0    1.25e+00
2007 04 24  0515    54214   18900      0    1.74e+00    0    1.22e+00
2007 04 24  0520    54214   19200      0    1.75e+00    0    1.23e+00
2007 04 24  0525    54214   19500      0    1.79e+00    0    1.25e+00
2007 04 24  0530    54214   19800      0    1.78e+00    0    1.23e+00
2007 04 24  0535    54214   20100      0    1.77e+00    0    1.24e+00
2007 04 24  0540    54214   20400      0    1.73e+00    0    1.20e+00
2007 04 24  0545    54214   20700      0    1.77e+00    0    1.25e+00
2007 04 24  0550    54214   21000      0    1.74e+00    0    1.22e+00
2007 04 24  0555    54214   21300      0    1.80e+00    0    1.26e+00
2007 04 24  0600    54214   21600      0    1.81e+00    0    1.27e+00
2007 04 24  0605    54214   21900      0    1.83e+00    0    1.29e+00
2007 04 24  0610    54214   22200      0    1.82e+00    0    1.26e+00
2007 04 24  0615    54214   22500      0    1.78e+00    0    1.25e+00
2007 04 24  0620    54214   22800      0    1.79e+00    0    1.26e+00
2007 04 24  0625    54214   23100      0    1.80e+00    0    1.25e+00
2007 04 24  0630    54214   23400      0    1.79e+00    0    1.24e+00
2007 04 24  0635    54214   23700      0    1.76e+00    0    1.23e+00
2007 04 24  0640    54214   24000      0    1.77e+00    0    1.25e+00
2007 04 24  0645    54214   24300      0    1.75e+00    0    1.24e+00
2007 04 24  0650    54214   24600      0    1.75e+00    0    1.23e+00
2007 04 24  0655    54214   24900      0    1.78e+00    0    1.27e+00
2007 04 24  0700    54214   25200      0    1.80e+00    0    1.25e+00
2007 04 24  0705    54214   25500      0    1.78e+00    0    1.27e+00
2007 04 24  0710    54214   25800      0    1.72e+00    0    1.21e+00
2007 04 24  0715    54214   26100      0    1.76e+00    0    1.24e+00
2007 04 24  0720    54214   26400      0    1.73e+00    0    1.21e+00
2007 04 24  0725    54214   26700      0    1.74e+00    0    1.20e+00
2007 04 24  0730    54214   27000      0    1.78e+00    0    1.24e+00
2007 04 24  0735    54214   27300      0    1.73e+00    0    1.21e+00
2007 04 24  0740    54214   27600      0    1.77e+00    0    1.25e+00
2007 04 24  0745    54214   27900      0    1.76e+00    0    1.23e+00
2007 04 24  0750    54214   28200      0    1.82e+00    0    1.27e+00
2007 04 24  0755    54214   28500      0    1.84e+00    0    1.29e+00
2007 04 24  0800    54214   28800      0    1.81e+00    0    1.27e+00
2007 04 24  0805    54214   29100      0    1.79e+00    0    1.26e+00
2007 04 24  0810    54214   29400      0    1.78e+00    0    1.24e+00
2007 04 24  0815    54214   29700      0    1.75e+00    0    1.24e+00
2007 04 24  0820    54214   30000      0    1.82e+00    0    1.27e+00
2007 04 24  0825    54214   30300      0    1.84e+00    0    1.29e+00
2007 04 24  0830    54214   30600      0    1.77e+00    0    1.23e+00
2007 04 24  0835    54214   30900      0    1.77e+00    0    1.23e+00
2007 04 24  0840    54214   31200      0    1.82e+00    0    1.27e+00
2007 04 24  0845    54214   31500      0    1.81e+00    0    1.27e+00
2007 04 24  0850    54214   31800      0    1.79e+00    0    1.24e+00
2007 04 24  0855    54214   32100      0    1.79e+00    0    1.25e+00
2007 04 24  0900    54214   32400      0    1.76e+00    0    1.23e+00
2007 04 24  0905    54214   32700      0    1.81e+00    0    1.26e+00
2007 04 24  0910    54214   33000      0    1.84e+00    0    1.30e+00
2007 04 24  0915    54214   33300      0    1.75e+00    0    1.23e+00
2007 04 24  0920    54214   33600      0    1.75e+00    0    1.23e+00
2007 04 24  0925    54214   33900      0    1.77e+00    0    1.24e+00
2007 04 24  0930    54214   34200      0    1.80e+00    0    1.28e+00
2007 04 24  0935    54214   34500      0    1.78e+00    0    1.25e+00
2007 04 24  0940    54214   34800      0    1.74e+00    0    1.22e+00
2007 04 24  0945    54214   35100      0    1.79e+00    0    1.26e+00
2007 04 24  0950    54214   35400      0    1.81e+00    0    1.26e+00
2007 04 24  0955    54214   35700      0    1.76e+00    0    1.23e+00
2007 04 24  1000    54214   36000      0    1.77e+00    0    1.24e+00
2007 04 24  1005    54214   36300      0    1.80e+00    0    1.27e+00
2007 04 24  1010    54214   36600      0    1.79e+00    0    1.25e+00
2007 04 24  1015    54214   36900      0    1.81e+00    0    1.27e+00
2007 04 24  1020    54214   37200      0    1.77e+00    0    1.23e+00
2007 04 24  1025    54214   37500      0    1.78e+00    0    1.24e+00
2007 04 24  1030    54214   37800      0    1.82e+00    0    1.28e+00
2007 04 24  1035    54214   38100      0    1.76e+00    0    1.24e+00
2007 04 24  1040    54214   38400      0    1.79e+00    0    1.26e+00
2007 04 24  1045    54214   38700      0    1.84e+00    0    1.30e+00
2007 04 24  1050    54214   39000      0    1.82e+00    0    1.27e+00
2007 04 24  1055    54214   39300      0    1.82e+00    0    1.28e+00
2007 04 24  1100    54214   39600      0    1.80e+00    0    1.26e+00
2007 04 24  1105    54214   39900      0    1.82e+00    0    1.28e+00
2007 04 24  1110    54214   40200      0    1.82e+00    0    1.26e+00
2007 04 24  1115    54214   40500      0    1.77e+00    0    1.25e+00
2007 04 24  1120    54214   40800      0    1.82e+00    0    1.27e+00
2007 04 24  1125    54214   41100      0    1.83e+00    0    1.29e+00
2007 04 24  1130    54214   41400      0    1.83e+00    0    1.29e+00
2007 04 24  1135    54214   41700      0    1.78e+00    0    1.25e+00
2007 04 24  1140    54214   42000      0    1.78e+00    0    1.24e+00
2007 04 24  1145    54214   42300      0    1.79e+00    0    1.25e+00
2007 04 24  1150    54214   42600      0    1.82e+00    0    1.26e+00
2007 04 24  1155    54214   42900      0    1.77e+00    0    1.25e+00
2007 04 24  1200    54214   43200      0    1.81e+00    0    1.27e+00
2007 04 24  1205    54214   43500      0    1.81e+00    0    1.28e+00
2007 04 24  1210    54214   43800      0    1.76e+00    0    1.22e+00
2007 04 24  1215    54214   44100      0    1.79e+00    0    1.24e+00
2007 04 24  1220    54214   44400      0    1.77e+00    0    1.23e+00
2007 04 24  1225    54214   44700      0    1.77e+00    0    1.24e+00
2007 04 24  1230    54214   45000      0    1.76e+00    0    1.23e+00
2007 04 24  1235    54214   45300      0    1.84e+00    0    1.28e+00
2007 04 24  1240    54214   45600      0    1.78e+00    0    1.25e+00
2007 04 24  1245    54214   45900      0    1.79e+00    0    1.25e+00
2007 04 24  1250    54214   46200      0    1.82e+00    0    1.28e+00
2007 04 24  1255    54214   46500      0    1.79e+00    0    1.24e+00
2007 04 24  1300    54214   46800      0    1.78e+00    0    1.24e+00
2007 04 24  1305    54214   47100      0    1.79e+00    0    1.26e+00
2007 04 24  1310    54214   47400      0    1.80e+00    0    1.25e+00
2007 04 24  1315    54214   47700      0    1.80e+00    0    1.25e+00
2007 04 24  1320    54214   48000      0    1.74e+00    0    1.22e+00
2007 04 24  1325    54214   48300      0    1.77e+00    0    1.25e+00
2007 04 24  1330    54214   48600      0    1.77e+00    0    1.25e+00
2007 04 24  1335    54214   48900      0    1.83e+00    0    1.29e+00
2007 04 24  1340    54214   49200      0    1.80e+00    0    1.27e+00
2007 04 24  1345    54214   49500      0    1.79e+00    0    1.25e+00
2007 04 24  1350    54214   49800      0    1.77e+00    0    1.22e+00
2007 04 24  1355    54214   50100      0    1.75e+00    0    1.23e+00
2007 04 24  1400    54214   50400      0    1.79e+00    0    1.26e+00
2007 04 24  1405    54214   50700      0    1.75e+00    0    1.23e+00
2007 04 24  1410    54214   51000      0    1.76e+00    0    1.23e+00
2007 04 24  1415    54214   51300      0    1.71e+00    0    1.18e+00
2007 04 24  1420    54214   51600      0    1.80e+00    0    1.27e+00
2007 04 24  1425    54214   51900      0    1.81e+00    0    1.28e+00
2007 04 24  1430    54214   52200      0    1.75e+00    0    1.22e+00
2007 04 24  1435    54214   52500      0    1.77e+00    0    1.25e+00
2007 04 24  1440    54214   52800      0    1.75e+00    0    1.22e+00
2007 04 24  1445    54214   53100      0    1.80e+00    0    1.27e+00
2007 04 24  1450    54214   53400      0    1.79e+00    0    1.25e+00
2007 04 24  1455    54214   53700      0    1.56e+00    0    1.10e+00
2007 04 24  1500    54214   54000      0    1.75e+00    0    1.23e+00
2007 04 24  1505    54214   54300      0    1.80e+00    0    1.25e+00
2007 04 24  1510    54214   54600      0    1.81e+00    0    1.27e+00
2007 04 24  1515    54214   54900      0    1.78e+00    0    1.24e+00
2007 04 24  1520    54214   55200      0    1.86e+00    0    1.29e+00
2007 04 24  1525    54214   55500      0    1.79e+00    0    1.25e+00
2007 04 24  1530    54214   55800      0    1.75e+00    0    1.22e+00
2007 04 24  1535    54214   56100      0    1.78e+00    0    1.25e+00
2007 04 24  1540    54214   56400      0    1.79e+00    0    1.25e+00
2007 04 24  1545    54214   56700      0    1.77e+00    0    1.23e+00
2007 04 24  1550    54214   57000      0    1.76e+00    0    1.23e+00
2007 04 24  1555    54214   57300      0    1.76e+00    0    1.22e+00
2007 04 24  1600    54214   57600      0    1.77e+00    0    1.23e+00
2007 04 24  1605    54214   57900      0    1.77e+00    0    1.23e+00
2007 04 24  1610    54214   58200      0    1.76e+00    0    1.23e+00
2007 04 24  1615    54214   58500      0    1.79e+00    0    1.25e+00
2007 04 24  1620    54214   58800      0    1.79e+00    0    1.25e+00
2007 04 24  1625    54214   59100      0    1.79e+00    0    1.25e+00
2007 04 24  1630    54214   59400      0    1.81e+00    0    1.26e+00
2007 04 24  1635    54214   59700      0    1.68e+00    0    1.17e+00
2007 04 24  1640    54214   60000      0    1.78e+00    0    1.24e+00
2007 04 24  1645    54214   60300      0    1.77e+00    0    1.23e+00
2007 04 24  1650    54214   60600      0    1.76e+00    0    1.23e+00
2007 04 24  1655    54214   60900      0    1.78e+00    0    1.24e+00
2007 04 24  1700    54214   61200      0    1.77e+00    0    1.23e+00
2007 04 24  1705    54214   61500      0    1.73e+00    0    1.20e+00
2007 04 24  1710    54214   61800      0    1.78e+00    0    1.24e+00
2007 04 24  1715    54214   62100      0    1.75e+00    0    1.24e+00
2007 04 24  1720    54214   62400      0    1.78e+00    0    1.24e+00
2007 04 24  1725    54214   62700      0    1.79e+00    0    1.24e+00
2007 04 24  1730    54214   63000      0    1.78e+00    0    1.25e+00
2007 04 24  1735    54214   63300      0    1.79e+00    0    1.27e+00
2007 04 24  1740    54214   63600      0    1.79e+00    0    1.25e+00
2007 04 24  1745    54214   63900      0    1.75e+00    0    1.23e+00
2007 04 24  1750    54214   64200      0    1.74e+00    0    1.22e+00
2007 04 24  1755    54214   64500      0    1.81e+00    0    1.27e+00
2007 04 24  1800    54214   64800      0    1.78e+00    0    1.25e+00
2007 04 24  1805    54214   65100      0    1.72e+00    0    1.19e+00
2007 04 24  1810    54214   65400      0    1.76e+00    0    1.22e+00
2007 04 24  1815    54214   65700      0    1.72e+00    0    1.20e+00
2007 04 24  1820    54214   66000      0    1.77e+00    0    1.23e+00
2007 04 24  1825    54214   66300      0    1.75e+00    0    1.23e+00
2007 04 24  1830    54214   66600      0    1.78e+00    0    1.25e+00
2007 04 24  1835    54214   66900      0    1.78e+00    0    1.26e+00
2007 04 24  1840    54214   67200      0    1.78e+00    0    1.24e+00
2007 04 24  1845    54214   67500      0    1.77e+00    0    1.24e+00
2007 04 24  1850    54214   67800      0    1.72e+00    0    1.20e+00
2007 04 24  1855    54214   68100      0    1.74e+00    0    1.20e+00
2007 04 24  1900    54214   68400      0    1.73e+00    0    1.20e+00
2007 04 24  1905    54214   68700      0    1.75e+00    0    1.22e+00
2007 04 24  1910    54214   69000      0    1.74e+00    0    1.21e+00
2007 04 24  1915    54214   69300      0    1.78e+00    0    1.25e+00
2007 04 24  1920    54214   69600      0    1.77e+00    0    1.23e+00
2007 04 24  1925    54214   69900      0    1.75e+00    0    1.22e+00
2007 04 24  1930    54214   70200      0    1.73e+00    0    1.20e+00
2007 04 24  1935    54214   70500      0    1.78e+00    0    1.25e+00
2007 04 24  1940    54214   70800      0    1.78e+00    0    1.26e+00
2007 04 24  1945    54214   71100      0    1.73e+00    0    1.21e+00
2007 04 24  1950    54214   71400      0    1.77e+00    0    1.24e+00
2007 04 24  1955    54214   71700      0    1.79e+00    0    1.26e+00
2007 04 24  2000    54214   72000      0    1.76e+00    0    1.23e+00
2007 04 24  2005    54214   72300      0    1.74e+00    0    1.22e+00
2007 04 24  2010    54214   72600      0    1.78e+00    0    1.25e+00
2007 04 24  2015    54214   72900      0    1.77e+00    0    1.26e+00
2007 04 24  2020    54214   73200      0    1.74e+00    0    1.21e+00
2007 04 24  2025    54214   73500      0    1.80e+00    0    1.26e+00
2007 04 24  2030    54214   73800      0    1.65e+00    0    1.14e+00
2007 04 24  2035    54214   74100      0    1.76e+00    0    1.25e+00
2007 04 24  2040    54214   74400      0    1.77e+00    0    1.23e+00
2007 04 24  2045    54214   74700      0    1.74e+00    0    1.22e+00
2007 04 24  2050    54214   75000      0    1.73e+00    0    1.21e+00
2007 04 24  2055    54214   75300      0    1.76e+00    0    1.24e+00
2007 04 24  2100    54214   75600      0    1.76e+00    0    1.22e+00
2007 04 24  2105    54214   75900      0    1.75e+00    0    1.22e+00
2007 04 24  2110    54214   76200      0    1.75e+00    0    1.22e+00
2007 04 24  2115    54214   76500      0    1.76e+00    0    1.24e+00
2007 04 24  2120    54214   76800      0    1.77e+00    0    1.23e+00
2007 04 24  2125    54214   77100      0    1.80e+00    0    1.24e+00
2007 04 24  2130    54214   77400      0    1.75e+00    0    1.23e+00
2007 04 24  2135    54214   77700      0    1.77e+00    0    1.23e+00
2007 04 24  2140    54214   78000      0    1.75e+00    0    1.23e+00
2007 04 24  2145    54214   78300      0    1.78e+00    0    1.25e+00
2007 04 24  2150    54214   78600      0    1.75e+00    0    1.24e+00
2007 04 24  2155    54214   78900      0    1.77e+00    0    1.24e+00
2007 04 24  2200    54214   79200      0    1.79e+00    0    1.25e+00
2007 04 24  2205    54214   79500      0    1.78e+00    0    1.25e+00
2007 04 24  2210    54214   79800      0    1.77e+00    0    1.24e+00
2007 04 24  2215    54214   80100      0    1.72e+00    0    1.20e+00
2007 04 24  2220    54214   80400      0    1.77e+00    0    1.26e+00
2007 04 24  2225    54214   80700      0    1.73e+00    0    1.22e+00
2007 04 24  2230    54214   81000      0    1.77e+00    0    1.24e+00
2007 04 24  2235    54214   81300      0    1.78e+00    0    1.24e+00
2007 04 24  2240    54214   81600      0    1.75e+00    0    1.23e+00
2007 04 24  2245    54214   81900      0    1.74e+00    0    1.21e+00
2007 04 24  2250    54214   82200      0    1.76e+00    0    1.25e+00
2007 04 24  2255    54214   82500      0    1.79e+00    0    1.24e+00
2007 04 24  2300    54214   82800      0    1.78e+00    0    1.25e+00
2007 04 24  2305    54214   83100      0    1.79e+00    0    1.27e+00
2007 04 24  2310    54214   83400      0    1.77e+00    0    1.24e+00
2007 04 24  2315    54214   83700      0    1.74e+00    0    1.22e+00
2007 04 24  2320    54214   84000      0    1.76e+00    0    1.23e+00
2007 04 24  2325    54214   84300      0    1.74e+00    0    1.21e+00
2007 04 24  2330    54214   84600      0    1.78e+00    0    1.24e+00
2007 04 24  2335    54214   84900      0    1.80e+00    0    1.24e+00
2007 04 24  2340    54214   85200      0    1.77e+00    0    1.24e+00
2007 04 24  2345    54214   85500      0    1.80e+00    0    1.25e+00
2007 04 24  2350    54214   85800      0    1.76e+00    0    1.22e+00
2007 04 24  2355    54214   86100      0    1.74e+00    0    1.20e+00
