:Data_list: 20070822_ace_sis_5m.txt
:Created: 2007 Aug 23 0011 UT
# Prepared by the U.S. Dept. of Commerce, NOAA, Space Environment Center.
# Please send comments and suggestions to SEC.Webmaster@noaa.gov 
# 
# Units: proton flux p/cs2-sec-ster
# Status(S): 0 = nominal data, 1 to 8 = bad data record, 9 = no data
# Missing data values: -1.00e+05
# Source: ACE Satellite - Solar Isotope Spectrometer
#
# 5-minute averaged Real-time Integral Flux of High-energy Solar Protons
# 
#                 Modified Seconds
# UT Date   Time   Julian  of the      ---- Integral Proton Flux ----
# YR MO DA  HHMM     Day     Day       S    > 10 MeV    S    > 30 MeV
#--------------------------------------------------------------------
2007 08 22  0000    54334       0      0    1.95e+00    0    1.36e+00
2007 08 22  0005    54334     300      0    1.94e+00    0    1.37e+00
2007 08 22  0010    54334     600      0    1.98e+00    0    1.37e+00
2007 08 22  0015    54334     900      0    1.92e+00    0    1.35e+00
2007 08 22  0020    54334    1200      0    1.89e+00    0    1.34e+00
2007 08 22  0025    54334    1500      0    1.93e+00    0    1.34e+00
2007 08 22  0030    54334    1800      0    1.93e+00    0    1.35e+00
2007 08 22  0035    54334    2100      0    1.97e+00    0    1.38e+00
2007 08 22  0040    54334    2400      0    1.96e+00    0    1.37e+00
2007 08 22  0045    54334    2700      0    1.99e+00    0    1.41e+00
2007 08 22  0050    54334    3000      0    1.90e+00    0    1.34e+00
2007 08 22  0055    54334    3300      0    1.94e+00    0    1.35e+00
2007 08 22  0100    54334    3600      0    1.93e+00    0    1.35e+00
2007 08 22  0105    54334    3900      0    1.95e+00    0    1.35e+00
2007 08 22  0110    54334    4200      0    1.97e+00    0    1.37e+00
2007 08 22  0115    54334    4500      0    1.96e+00    0    1.38e+00
2007 08 22  0120    54334    4800      0    1.93e+00    0    1.34e+00
2007 08 22  0125    54334    5100      0    1.90e+00    0    1.33e+00
2007 08 22  0130    54334    5400      0    1.95e+00    0    1.36e+00
2007 08 22  0135    54334    5700      0    1.93e+00    0    1.35e+00
2007 08 22  0140    54334    6000      0    1.95e+00    0    1.36e+00
2007 08 22  0145    54334    6300      0    1.93e+00    0    1.35e+00
2007 08 22  0150    54334    6600      0    1.96e+00    0    1.36e+00
2007 08 22  0155    54334    6900      0    1.95e+00    0    1.37e+00
2007 08 22  0200    54334    7200      0    1.97e+00    0    1.38e+00
2007 08 22  0205    54334    7500      0    1.92e+00    0    1.33e+00
2007 08 22  0210    54334    7800      0    1.91e+00    0    1.34e+00
2007 08 22  0215    54334    8100      0    1.94e+00    0    1.35e+00
2007 08 22  0220    54334    8400      0    1.94e+00    0    1.34e+00
2007 08 22  0225    54334    8700      0    1.95e+00    0    1.35e+00
2007 08 22  0230    54334    9000      0    1.95e+00    0    1.38e+00
2007 08 22  0235    54334    9300      0    1.95e+00    0    1.37e+00
2007 08 22  0240    54334    9600      0    1.94e+00    0    1.37e+00
2007 08 22  0245    54334    9900      0    1.94e+00    0    1.37e+00
2007 08 22  0250    54334   10200      0    1.91e+00    0    1.33e+00
2007 08 22  0255    54334   10500      0    1.93e+00    0    1.35e+00
2007 08 22  0300    54334   10800      0    1.95e+00    0    1.36e+00
2007 08 22  0305    54334   11100      0    1.92e+00    0    1.34e+00
2007 08 22  0310    54334   11400      0    1.94e+00    0    1.36e+00
2007 08 22  0315    54334   11700      0    1.93e+00    0    1.36e+00
2007 08 22  0320    54334   12000      0    1.95e+00    0    1.38e+00
2007 08 22  0325    54334   12300      0    1.92e+00    0    1.34e+00
2007 08 22  0330    54334   12600      0    1.93e+00    0    1.35e+00
2007 08 22  0335    54334   12900      0    1.99e+00    0    1.39e+00
2007 08 22  0340    54334   13200      0    1.93e+00    0    1.36e+00
2007 08 22  0345    54334   13500      0    1.92e+00    0    1.34e+00
2007 08 22  0350    54334   13800      0    1.92e+00    0    1.34e+00
2007 08 22  0355    54334   14100      0    1.91e+00    0    1.34e+00
2007 08 22  0400    54334   14400      0    2.01e+00    0    1.42e+00
2007 08 22  0405    54334   14700      0    1.93e+00    0    1.34e+00
2007 08 22  0410    54334   15000      0    1.93e+00    0    1.35e+00
2007 08 22  0415    54334   15300      0    1.98e+00    0    1.40e+00
2007 08 22  0420    54334   15600      0    1.96e+00    0    1.37e+00
2007 08 22  0425    54334   15900      0    1.97e+00    0    1.38e+00
2007 08 22  0430    54334   16200      0    1.93e+00    0    1.35e+00
2007 08 22  0435    54334   16500      0    1.91e+00    0    1.34e+00
2007 08 22  0440    54334   16800      0    1.98e+00    0    1.37e+00
2007 08 22  0445    54334   17100      0    1.95e+00    0    1.36e+00
2007 08 22  0450    54334   17400      0    1.92e+00    0    1.34e+00
2007 08 22  0455    54334   17700      0    1.96e+00    0    1.36e+00
2007 08 22  0500    54334   18000      0    1.93e+00    0    1.35e+00
2007 08 22  0505    54334   18300      0    1.94e+00    0    1.36e+00
2007 08 22  0510    54334   18600      0    1.89e+00    0    1.32e+00
2007 08 22  0515    54334   18900      0    1.93e+00    0    1.35e+00
2007 08 22  0520    54334   19200      0    1.98e+00    0    1.38e+00
2007 08 22  0525    54334   19500      0    1.93e+00    0    1.36e+00
2007 08 22  0530    54334   19800      0    1.93e+00    0    1.34e+00
2007 08 22  0535    54334   20100      0    1.96e+00    0    1.37e+00
2007 08 22  0540    54334   20400      0    1.91e+00    0    1.34e+00
2007 08 22  0545    54334   20700      0    1.97e+00    0    1.37e+00
2007 08 22  0550    54334   21000      0    1.92e+00    0    1.34e+00
2007 08 22  0555    54334   21300      0    1.94e+00    0    1.35e+00
2007 08 22  0600    54334   21600      0    1.95e+00    0    1.36e+00
2007 08 22  0605    54334   21900      0    1.93e+00    0    1.36e+00
2007 08 22  0610    54334   22200      0    1.91e+00    0    1.34e+00
2007 08 22  0615    54334   22500      0    1.93e+00    0    1.35e+00
2007 08 22  0620    54334   22800      0    1.90e+00    0    1.32e+00
2007 08 22  0625    54334   23100      0    1.96e+00    0    1.37e+00
2007 08 22  0630    54334   23400      0    1.91e+00    0    1.34e+00
2007 08 22  0635    54334   23700      0    1.90e+00    0    1.31e+00
2007 08 22  0640    54334   24000      0    1.93e+00    0    1.34e+00
2007 08 22  0645    54334   24300      0    1.97e+00    0    1.38e+00
2007 08 22  0650    54334   24600      0    1.94e+00    0    1.35e+00
2007 08 22  0655    54334   24900      0    1.93e+00    0    1.35e+00
2007 08 22  0700    54334   25200      0    2.00e+00    0    1.42e+00
2007 08 22  0705    54334   25500      0    1.96e+00    0    1.37e+00
2007 08 22  0710    54334   25800      0    1.93e+00    0    1.35e+00
2007 08 22  0715    54334   26100      0    1.94e+00    0    1.36e+00
2007 08 22  0720    54334   26400      0    1.97e+00    0    1.37e+00
2007 08 22  0725    54334   26700      0    1.94e+00    0    1.36e+00
2007 08 22  0730    54334   27000      0    1.92e+00    0    1.33e+00
2007 08 22  0735    54334   27300      0    1.96e+00    0    1.38e+00
2007 08 22  0740    54334   27600      0    1.97e+00    0    1.36e+00
2007 08 22  0745    54334   27900      0    1.94e+00    0    1.35e+00
2007 08 22  0750    54334   28200      0    1.97e+00    0    1.39e+00
2007 08 22  0755    54334   28500      0    1.97e+00    0    1.38e+00
2007 08 22  0800    54334   28800      0    2.00e+00    0    1.40e+00
2007 08 22  0805    54334   29100      0    1.92e+00    0    1.34e+00
2007 08 22  0810    54334   29400      0    1.93e+00    0    1.35e+00
2007 08 22  0815    54334   29700      0    1.93e+00    0    1.35e+00
2007 08 22  0820    54334   30000      0    1.96e+00    0    1.37e+00
2007 08 22  0825    54334   30300      0    1.93e+00    0    1.34e+00
2007 08 22  0830    54334   30600      0    1.93e+00    0    1.36e+00
2007 08 22  0835    54334   30900      0    1.96e+00    0    1.37e+00
2007 08 22  0840    54334   31200      0    1.95e+00    0    1.36e+00
2007 08 22  0845    54334   31500      0    1.93e+00    0    1.35e+00
2007 08 22  0850    54334   31800      0    1.99e+00    0    1.39e+00
2007 08 22  0855    54334   32100      0    1.97e+00    0    1.38e+00
2007 08 22  0900    54334   32400      0    1.93e+00    0    1.36e+00
2007 08 22  0905    54334   32700      0    1.91e+00    0    1.33e+00
2007 08 22  0910    54334   33000      0    1.95e+00    0    1.36e+00
2007 08 22  0915    54334   33300      0    1.98e+00    0    1.39e+00
2007 08 22  0920    54334   33600      0    1.94e+00    0    1.37e+00
2007 08 22  0925    54334   33900      0    1.94e+00    0    1.36e+00
2007 08 22  0930    54334   34200      0    1.96e+00    0    1.37e+00
2007 08 22  0935    54334   34500      0    1.98e+00    0    1.38e+00
2007 08 22  0940    54334   34800      0    1.93e+00    0    1.35e+00
2007 08 22  0945    54334   35100      0    1.93e+00    0    1.35e+00
2007 08 22  0950    54334   35400      0    1.93e+00    0    1.36e+00
2007 08 22  0955    54334   35700      0    1.95e+00    0    1.36e+00
2007 08 22  1000    54334   36000      0    1.89e+00    0    1.32e+00
2007 08 22  1005    54334   36300      0    1.96e+00    0    1.37e+00
2007 08 22  1010    54334   36600      0    1.91e+00    0    1.34e+00
2007 08 22  1015    54334   36900      0    1.90e+00    0    1.33e+00
2007 08 22  1020    54334   37200      0    1.98e+00    0    1.38e+00
2007 08 22  1025    54334   37500      0    1.95e+00    0    1.37e+00
2007 08 22  1030    54334   37800      0    1.91e+00    0    1.32e+00
2007 08 22  1035    54334   38100      0    1.95e+00    0    1.37e+00
2007 08 22  1040    54334   38400      0    1.96e+00    0    1.36e+00
2007 08 22  1045    54334   38700      0    1.95e+00    0    1.35e+00
2007 08 22  1050    54334   39000      0    1.96e+00    0    1.36e+00
2007 08 22  1055    54334   39300      0    1.92e+00    0    1.34e+00
2007 08 22  1100    54334   39600      0    1.98e+00    0    1.39e+00
2007 08 22  1105    54334   39900      0    1.94e+00    0    1.37e+00
2007 08 22  1110    54334   40200      0    1.93e+00    0    1.35e+00
2007 08 22  1115    54334   40500      0    1.99e+00    0    1.39e+00
2007 08 22  1120    54334   40800      0    1.95e+00    0    1.35e+00
2007 08 22  1125    54334   41100      0    1.94e+00    0    1.35e+00
2007 08 22  1130    54334   41400      0    1.93e+00    0    1.34e+00
2007 08 22  1135    54334   41700      0    1.95e+00    0    1.37e+00
2007 08 22  1140    54334   42000      0    1.92e+00    0    1.34e+00
2007 08 22  1145    54334   42300      0    1.94e+00    0    1.35e+00
2007 08 22  1150    54334   42600      0    1.96e+00    0    1.38e+00
2007 08 22  1155    54334   42900      0    1.91e+00    0    1.34e+00
2007 08 22  1200    54334   43200      0    1.94e+00    0    1.36e+00
2007 08 22  1205    54334   43500      0    1.98e+00    0    1.38e+00
2007 08 22  1210    54334   43800      0    1.93e+00    0    1.34e+00
2007 08 22  1215    54334   44100      0    1.97e+00    0    1.38e+00
2007 08 22  1220    54334   44400      0    1.94e+00    0    1.35e+00
2007 08 22  1225    54334   44700      0    1.91e+00    0    1.33e+00
2007 08 22  1230    54334   45000      0    1.97e+00    0    1.38e+00
2007 08 22  1235    54334   45300      0    1.97e+00    0    1.38e+00
2007 08 22  1240    54334   45600      0    1.91e+00    0    1.32e+00
2007 08 22  1245    54334   45900      0    1.95e+00    0    1.37e+00
2007 08 22  1250    54334   46200      0    1.95e+00    0    1.37e+00
2007 08 22  1255    54334   46500      0    1.95e+00    0    1.37e+00
2007 08 22  1300    54334   46800      0    1.91e+00    0    1.34e+00
2007 08 22  1305    54334   47100      0    1.92e+00    0    1.34e+00
2007 08 22  1310    54334   47400      0    1.93e+00    0    1.36e+00
2007 08 22  1315    54334   47700      0    1.93e+00    0    1.35e+00
2007 08 22  1320    54334   48000      0    1.91e+00    0    1.34e+00
2007 08 22  1325    54334   48300      0    1.93e+00    0    1.35e+00
2007 08 22  1330    54334   48600      0    1.92e+00    0    1.34e+00
2007 08 22  1335    54334   48900      0    1.94e+00    0    1.35e+00
2007 08 22  1340    54334   49200      0    1.93e+00    0    1.36e+00
2007 08 22  1345    54334   49500      0    1.91e+00    0    1.35e+00
2007 08 22  1350    54334   49800      0    1.93e+00    0    1.36e+00
2007 08 22  1355    54334   50100      0    1.95e+00    0    1.36e+00
2007 08 22  1400    54334   50400      0    1.94e+00    0    1.37e+00
2007 08 22  1405    54334   50700      0    1.90e+00    0    1.34e+00
2007 08 22  1410    54334   51000      0    1.94e+00    0    1.35e+00
2007 08 22  1415    54334   51300      0    1.94e+00    0    1.35e+00
2007 08 22  1420    54334   51600      0    1.95e+00    0    1.36e+00
2007 08 22  1425    54334   51900      0    1.93e+00    0    1.35e+00
2007 08 22  1430    54334   52200      0    1.94e+00    0    1.36e+00
2007 08 22  1435    54334   52500      0    1.94e+00    0    1.34e+00
2007 08 22  1440    54334   52800      0    1.93e+00    0    1.34e+00
2007 08 22  1445    54334   53100      0    1.94e+00    0    1.35e+00
2007 08 22  1450    54334   53400      0    1.92e+00    0    1.34e+00
2007 08 22  1455    54334   53700      0    1.95e+00    0    1.36e+00
2007 08 22  1500    54334   54000      0    1.88e+00    0    1.31e+00
2007 08 22  1505    54334   54300      0    1.95e+00    0    1.36e+00
2007 08 22  1510    54334   54600      0    1.93e+00    0    1.36e+00
2007 08 22  1515    54334   54900      0    1.90e+00    0    1.32e+00
2007 08 22  1520    54334   55200      0    1.94e+00    0    1.36e+00
2007 08 22  1525    54334   55500      0    1.97e+00    0    1.39e+00
2007 08 22  1530    54334   55800      0    1.95e+00    0    1.36e+00
2007 08 22  1535    54334   56100      0    1.96e+00    0    1.38e+00
2007 08 22  1540    54334   56400      0    1.97e+00    0    1.38e+00
2007 08 22  1545    54334   56700      0    1.90e+00    0    1.33e+00
2007 08 22  1550    54334   57000      0    1.94e+00    0    1.37e+00
2007 08 22  1555    54334   57300      0    1.93e+00    0    1.34e+00
2007 08 22  1600    54334   57600      0    1.92e+00    0    1.34e+00
2007 08 22  1605    54334   57900      0    1.89e+00    0    1.33e+00
2007 08 22  1610    54334   58200      0    1.90e+00    0    1.32e+00
2007 08 22  1615    54334   58500      0    1.93e+00    0    1.37e+00
2007 08 22  1620    54334   58800      0    1.90e+00    0    1.33e+00
2007 08 22  1625    54334   59100      0    1.91e+00    0    1.34e+00
2007 08 22  1630    54334   59400      0    1.95e+00    0    1.36e+00
2007 08 22  1635    54334   59700      0    1.94e+00    0    1.35e+00
2007 08 22  1640    54334   60000      0    1.95e+00    0    1.36e+00
2007 08 22  1645    54334   60300      0    1.91e+00    0    1.33e+00
2007 08 22  1650    54334   60600      0    1.93e+00    0    1.33e+00
2007 08 22  1655    54334   60900      0    1.91e+00    0    1.34e+00
2007 08 22  1700    54334   61200      0    1.91e+00    0    1.34e+00
2007 08 22  1705    54334   61500      0    1.93e+00    0    1.34e+00
2007 08 22  1710    54334   61800      0    1.97e+00    0    1.38e+00
2007 08 22  1715    54334   62100      0    1.95e+00    0    1.37e+00
2007 08 22  1720    54334   62400      0    1.89e+00    0    1.33e+00
2007 08 22  1725    54334   62700      0    1.93e+00    0    1.35e+00
2007 08 22  1730    54334   63000      0    1.92e+00    0    1.34e+00
2007 08 22  1735    54334   63300      0    1.90e+00    0    1.32e+00
2007 08 22  1740    54334   63600      0    1.92e+00    0    1.33e+00
2007 08 22  1745    54334   63900      0    1.90e+00    0    1.33e+00
2007 08 22  1750    54334   64200      0    1.96e+00    0    1.37e+00
2007 08 22  1755    54334   64500      0    1.98e+00    0    1.38e+00
2007 08 22  1800    54334   64800      0    1.95e+00    0    1.35e+00
2007 08 22  1805    54334   65100      0    2.00e+00    0    1.40e+00
2007 08 22  1810    54334   65400      0    1.90e+00    0    1.32e+00
2007 08 22  1815    54334   65700      0    1.92e+00    0    1.35e+00
2007 08 22  1820    54334   66000      0    1.93e+00    0    1.35e+00
2007 08 22  1825    54334   66300      0    1.96e+00    0    1.38e+00
2007 08 22  1830    54334   66600      0    1.93e+00    0    1.35e+00
2007 08 22  1835    54334   66900      0    1.92e+00    0    1.34e+00
2007 08 22  1840    54334   67200      0    1.91e+00    0    1.33e+00
2007 08 22  1845    54334   67500      0    1.93e+00    0    1.35e+00
2007 08 22  1850    54334   67800      0    1.92e+00    0    1.35e+00
2007 08 22  1855    54334   68100      0    1.93e+00    0    1.35e+00
2007 08 22  1900    54334   68400      0    1.93e+00    0    1.35e+00
2007 08 22  1905    54334   68700      0    1.92e+00    0    1.34e+00
2007 08 22  1910    54334   69000      0    1.94e+00    0    1.36e+00
2007 08 22  1915    54334   69300      0    1.92e+00    0    1.34e+00
2007 08 22  1920    54334   69600      0    1.92e+00    0    1.36e+00
2007 08 22  1925    54334   69900      0    1.93e+00    0    1.35e+00
2007 08 22  1930    54334   70200      0    1.96e+00    0    1.39e+00
2007 08 22  1935    54334   70500      0    1.94e+00    0    1.37e+00
2007 08 22  1940    54334   70800      0    1.93e+00    0    1.34e+00
2007 08 22  1945    54334   71100      0    1.93e+00    0    1.35e+00
2007 08 22  1950    54334   71400      0    1.92e+00    0    1.34e+00
2007 08 22  1955    54334   71700      0    1.92e+00    0    1.34e+00
2007 08 22  2000    54334   72000      0    1.93e+00    0    1.35e+00
2007 08 22  2005    54334   72300      0    1.93e+00    0    1.35e+00
2007 08 22  2010    54334   72600      0    1.94e+00    0    1.36e+00
2007 08 22  2015    54334   72900      0    1.94e+00    0    1.36e+00
2007 08 22  2020    54334   73200      0    1.93e+00    0    1.35e+00
2007 08 22  2025    54334   73500      0    2.00e+00    0    1.40e+00
2007 08 22  2030    54334   73800      0    1.92e+00    0    1.34e+00
2007 08 22  2035    54334   74100      0    1.94e+00    0    1.37e+00
2007 08 22  2040    54334   74400      0    1.90e+00    0    1.32e+00
2007 08 22  2045    54334   74700      0    1.94e+00    0    1.35e+00
2007 08 22  2050    54334   75000      0    1.95e+00    0    1.36e+00
2007 08 22  2055    54334   75300      0    1.95e+00    0    1.37e+00
2007 08 22  2100    54334   75600      0    1.90e+00    0    1.32e+00
2007 08 22  2105    54334   75900      0    1.96e+00    0    1.36e+00
2007 08 22  2110    54334   76200      0    1.97e+00    0    1.38e+00
2007 08 22  2115    54334   76500      0    1.95e+00    0    1.36e+00
2007 08 22  2120    54334   76800      0    1.94e+00    0    1.38e+00
2007 08 22  2125    54334   77100      0    1.92e+00    0    1.35e+00
2007 08 22  2130    54334   77400      0    1.92e+00    0    1.35e+00
2007 08 22  2135    54334   77700      0    1.96e+00    0    1.37e+00
2007 08 22  2140    54334   78000      0    1.92e+00    0    1.35e+00
2007 08 22  2145    54334   78300      0    1.92e+00    0    1.32e+00
2007 08 22  2150    54334   78600      0    1.96e+00    0    1.37e+00
2007 08 22  2155    54334   78900      0    1.91e+00    0    1.33e+00
2007 08 22  2200    54334   79200      0    1.94e+00    0    1.36e+00
2007 08 22  2205    54334   79500      0    1.90e+00    0    1.33e+00
2007 08 22  2210    54334   79800      0    1.94e+00    0    1.36e+00
2007 08 22  2215    54334   80100      0    1.96e+00    0    1.38e+00
2007 08 22  2220    54334   80400      0    1.96e+00    0    1.37e+00
2007 08 22  2225    54334   80700      0    1.92e+00    0    1.34e+00
2007 08 22  2230    54334   81000      0    1.94e+00    0    1.35e+00
2007 08 22  2235    54334   81300      0    1.93e+00    0    1.35e+00
2007 08 22  2240    54334   81600      0    1.94e+00    0    1.35e+00
2007 08 22  2245    54334   81900      0    1.91e+00    0    1.33e+00
2007 08 22  2250    54334   82200      0    1.93e+00    0    1.35e+00
2007 08 22  2255    54334   82500      0    1.92e+00    0    1.34e+00
2007 08 22  2300    54334   82800      0    1.93e+00    0    1.33e+00
2007 08 22  2305    54334   83100      0    1.96e+00    0    1.37e+00
2007 08 22  2310    54334   83400      0    1.97e+00    0    1.37e+00
2007 08 22  2315    54334   83700      0    1.95e+00    0    1.36e+00
2007 08 22  2320    54334   84000      0    1.91e+00    0    1.34e+00
2007 08 22  2325    54334   84300      0    1.92e+00    0    1.34e+00
2007 08 22  2330    54334   84600      0    1.92e+00    0    1.34e+00
2007 08 22  2335    54334   84900      0    1.92e+00    0    1.34e+00
2007 08 22  2340    54334   85200      0    1.92e+00    0    1.33e+00
2007 08 22  2345    54334   85500      0    1.93e+00    0    1.34e+00
2007 08 22  2350    54334   85800      0    1.93e+00    0    1.35e+00
2007 08 22  2355    54334   86100      0    1.91e+00    0    1.33e+00
