:Data_list: 20070406_ace_sis_5m.txt
:Created: 2007 Apr 07 0011 UT
# Prepared by the U.S. Dept. of Commerce, NOAA, Space Environment Center.
# Please send comments and suggestions to SEC.Webmaster@noaa.gov 
# 
# Units: proton flux p/cs2-sec-ster
# Status(S): 0 = nominal data, 1 to 8 = bad data record, 9 = no data
# Missing data values: -1.00e+05
# Source: ACE Satellite - Solar Isotope Spectrometer
#
# 5-minute averaged Real-time Integral Flux of High-energy Solar Protons
# 
#                 Modified Seconds
# UT Date   Time   Julian  of the      ---- Integral Proton Flux ----
# YR MO DA  HHMM     Day     Day       S    > 10 MeV    S    > 30 MeV
#--------------------------------------------------------------------
2007 04 06  0000    54196       0      0    1.84e+00    0    1.29e+00
2007 04 06  0005    54196     300      0    1.82e+00    0    1.29e+00
2007 04 06  0010    54196     600      0    1.79e+00    0    1.25e+00
2007 04 06  0015    54196     900      0    1.79e+00    0    1.24e+00
2007 04 06  0020    54196    1200      0    1.78e+00    0    1.24e+00
2007 04 06  0025    54196    1500      0    1.84e+00    0    1.29e+00
2007 04 06  0030    54196    1800      0    1.83e+00    0    1.29e+00
2007 04 06  0035    54196    2100      0    1.80e+00    0    1.25e+00
2007 04 06  0040    54196    2400      0    1.80e+00    0    1.25e+00
2007 04 06  0045    54196    2700      0    1.77e+00    0    1.24e+00
2007 04 06  0050    54196    3000      9   -1.00e+05    9   -1.00e+05
2007 04 06  0055    54196    3300      9   -1.00e+05    9   -1.00e+05
2007 04 06  0100    54196    3600      9   -1.00e+05    9   -1.00e+05
2007 04 06  0105    54196    3900      9   -1.00e+05    9   -1.00e+05
2007 04 06  0110    54196    4200      9   -1.00e+05    9   -1.00e+05
2007 04 06  0115    54196    4500      9   -1.00e+05    9   -1.00e+05
2007 04 06  0120    54196    4800      9   -1.00e+05    9   -1.00e+05
2007 04 06  0125    54196    5100      9   -1.00e+05    9   -1.00e+05
2007 04 06  0130    54196    5400      9   -1.00e+05    9   -1.00e+05
2007 04 06  0135    54196    5700      9   -1.00e+05    9   -1.00e+05
2007 04 06  0140    54196    6000      9   -1.00e+05    9   -1.00e+05
2007 04 06  0145    54196    6300      9   -1.00e+05    9   -1.00e+05
2007 04 06  0150    54196    6600      9   -1.00e+05    9   -1.00e+05
2007 04 06  0155    54196    6900      9   -1.00e+05    9   -1.00e+05
2007 04 06  0200    54196    7200      9   -1.00e+05    9   -1.00e+05
2007 04 06  0205    54196    7500      9   -1.00e+05    9   -1.00e+05
2007 04 06  0210    54196    7800      9   -1.00e+05    9   -1.00e+05
2007 04 06  0215    54196    8100      9   -1.00e+05    9   -1.00e+05
2007 04 06  0220    54196    8400      9   -1.00e+05    9   -1.00e+05
2007 04 06  0225    54196    8700      9   -1.00e+05    9   -1.00e+05
2007 04 06  0230    54196    9000      9   -1.00e+05    9   -1.00e+05
2007 04 06  0235    54196    9300      9   -1.00e+05    9   -1.00e+05
2007 04 06  0240    54196    9600      9   -1.00e+05    9   -1.00e+05
2007 04 06  0245    54196    9900      9   -1.00e+05    9   -1.00e+05
2007 04 06  0250    54196   10200      9   -1.00e+05    9   -1.00e+05
2007 04 06  0255    54196   10500      9   -1.00e+05    9   -1.00e+05
2007 04 06  0300    54196   10800      9   -1.00e+05    9   -1.00e+05
2007 04 06  0305    54196   11100      9   -1.00e+05    9   -1.00e+05
2007 04 06  0310    54196   11400      9   -1.00e+05    9   -1.00e+05
2007 04 06  0315    54196   11700      9   -1.00e+05    9   -1.00e+05
2007 04 06  0320    54196   12000      9   -1.00e+05    9   -1.00e+05
2007 04 06  0325    54196   12300      9   -1.00e+05    9   -1.00e+05
2007 04 06  0330    54196   12600      9   -1.00e+05    9   -1.00e+05
2007 04 06  0335    54196   12900      9   -1.00e+05    9   -1.00e+05
2007 04 06  0340    54196   13200      9   -1.00e+05    9   -1.00e+05
2007 04 06  0345    54196   13500      9   -1.00e+05    9   -1.00e+05
2007 04 06  0350    54196   13800      9   -1.00e+05    9   -1.00e+05
2007 04 06  0355    54196   14100      9   -1.00e+05    9   -1.00e+05
2007 04 06  0400    54196   14400      9   -1.00e+05    9   -1.00e+05
2007 04 06  0405    54196   14700      9   -1.00e+05    9   -1.00e+05
2007 04 06  0410    54196   15000      9   -1.00e+05    9   -1.00e+05
2007 04 06  0415    54196   15300      9   -1.00e+05    9   -1.00e+05
2007 04 06  0420    54196   15600      9   -1.00e+05    9   -1.00e+05
2007 04 06  0425    54196   15900      9   -1.00e+05    9   -1.00e+05
2007 04 06  0430    54196   16200      0    1.82e+00    0    1.26e+00
2007 04 06  0435    54196   16500      0    1.87e+00    0    1.31e+00
2007 04 06  0440    54196   16800      0    1.82e+00    0    1.29e+00
2007 04 06  0445    54196   17100      0    1.85e+00    0    1.30e+00
2007 04 06  0450    54196   17400      0    1.81e+00    0    1.27e+00
2007 04 06  0455    54196   17700      0    1.83e+00    0    1.28e+00
2007 04 06  0500    54196   18000      0    1.81e+00    0    1.27e+00
2007 04 06  0505    54196   18300      0    1.84e+00    0    1.31e+00
2007 04 06  0510    54196   18600      9   -1.00e+05    9   -1.00e+05
2007 04 06  0515    54196   18900      0    1.79e+00    0    1.23e+00
2007 04 06  0520    54196   19200      0    1.85e+00    0    1.28e+00
2007 04 06  0525    54196   19500      0    1.84e+00    0    1.28e+00
2007 04 06  0530    54196   19800      0    1.83e+00    0    1.27e+00
2007 04 06  0535    54196   20100      0    1.86e+00    0    1.30e+00
2007 04 06  0540    54196   20400      0    1.84e+00    0    1.28e+00
2007 04 06  0545    54196   20700      0    1.84e+00    0    1.30e+00
2007 04 06  0550    54196   21000      0    1.84e+00    0    1.29e+00
2007 04 06  0555    54196   21300      0    1.92e+00    0    1.36e+00
2007 04 06  0600    54196   21600      0    1.86e+00    0    1.30e+00
2007 04 06  0605    54196   21900      0    1.83e+00    0    1.30e+00
2007 04 06  0610    54196   22200      0    1.83e+00    0    1.28e+00
2007 04 06  0615    54196   22500      0    1.87e+00    0    1.32e+00
2007 04 06  0620    54196   22800      0    1.83e+00    0    1.29e+00
2007 04 06  0625    54196   23100      0    1.83e+00    0    1.27e+00
2007 04 06  0630    54196   23400      0    1.79e+00    0    1.25e+00
2007 04 06  0635    54196   23700      0    1.81e+00    0    1.26e+00
2007 04 06  0640    54196   24000      0    1.81e+00    0    1.27e+00
2007 04 06  0645    54196   24300      0    1.84e+00    0    1.29e+00
2007 04 06  0650    54196   24600      0    1.80e+00    0    1.24e+00
2007 04 06  0655    54196   24900      0    1.83e+00    0    1.28e+00
2007 04 06  0700    54196   25200      0    1.87e+00    0    1.30e+00
2007 04 06  0705    54196   25500      0    1.79e+00    0    1.27e+00
2007 04 06  0710    54196   25800      0    1.79e+00    0    1.24e+00
2007 04 06  0715    54196   26100      0    1.80e+00    0    1.27e+00
2007 04 06  0720    54196   26400      0    1.80e+00    0    1.27e+00
2007 04 06  0725    54196   26700      0    1.87e+00    0    1.30e+00
2007 04 06  0730    54196   27000      0    1.80e+00    0    1.25e+00
2007 04 06  0735    54196   27300      0    1.87e+00    0    1.31e+00
2007 04 06  0740    54196   27600      0    1.79e+00    0    1.26e+00
2007 04 06  0745    54196   27900      0    1.84e+00    0    1.29e+00
2007 04 06  0750    54196   28200      0    1.81e+00    0    1.27e+00
2007 04 06  0755    54196   28500      0    1.83e+00    0    1.28e+00
2007 04 06  0800    54196   28800      0    1.84e+00    0    1.29e+00
2007 04 06  0805    54196   29100      0    1.80e+00    0    1.26e+00
2007 04 06  0810    54196   29400      0    1.84e+00    0    1.29e+00
2007 04 06  0815    54196   29700      0    1.82e+00    0    1.27e+00
2007 04 06  0820    54196   30000      0    1.81e+00    0    1.26e+00
2007 04 06  0825    54196   30300      0    1.81e+00    0    1.28e+00
2007 04 06  0830    54196   30600      0    1.80e+00    0    1.27e+00
2007 04 06  0835    54196   30900      0    1.81e+00    0    1.26e+00
2007 04 06  0840    54196   31200      0    1.80e+00    0    1.25e+00
2007 04 06  0845    54196   31500      0    1.83e+00    0    1.29e+00
2007 04 06  0850    54196   31800      0    1.83e+00    0    1.28e+00
2007 04 06  0855    54196   32100      0    1.76e+00    0    1.22e+00
2007 04 06  0900    54196   32400      0    1.82e+00    0    1.27e+00
2007 04 06  0905    54196   32700      0    1.81e+00    0    1.26e+00
2007 04 06  0910    54196   33000      0    1.83e+00    0    1.28e+00
2007 04 06  0915    54196   33300      0    1.83e+00    0    1.29e+00
2007 04 06  0920    54196   33600      0    1.84e+00    0    1.27e+00
2007 04 06  0925    54196   33900      0    1.82e+00    0    1.27e+00
2007 04 06  0930    54196   34200      0    1.85e+00    0    1.31e+00
2007 04 06  0935    54196   34500      0    1.85e+00    0    1.28e+00
2007 04 06  0940    54196   34800      0    1.81e+00    0    1.27e+00
2007 04 06  0945    54196   35100      0    1.79e+00    0    1.25e+00
2007 04 06  0950    54196   35400      0    1.83e+00    0    1.28e+00
2007 04 06  0955    54196   35700      0    1.83e+00    0    1.27e+00
2007 04 06  1000    54196   36000      0    1.84e+00    0    1.30e+00
2007 04 06  1005    54196   36300      0    1.80e+00    0    1.27e+00
2007 04 06  1010    54196   36600      0    1.81e+00    0    1.26e+00
2007 04 06  1015    54196   36900      0    1.83e+00    0    1.29e+00
2007 04 06  1020    54196   37200      0    1.85e+00    0    1.29e+00
2007 04 06  1025    54196   37500      0    1.86e+00    0    1.31e+00
2007 04 06  1030    54196   37800      0    1.85e+00    0    1.30e+00
2007 04 06  1035    54196   38100      0    1.78e+00    0    1.25e+00
2007 04 06  1040    54196   38400      0    1.81e+00    0    1.27e+00
2007 04 06  1045    54196   38700      0    1.81e+00    0    1.26e+00
2007 04 06  1050    54196   39000      0    1.79e+00    0    1.26e+00
2007 04 06  1055    54196   39300      0    1.82e+00    0    1.27e+00
2007 04 06  1100    54196   39600      0    1.80e+00    0    1.26e+00
2007 04 06  1105    54196   39900      0    1.82e+00    0    1.27e+00
2007 04 06  1110    54196   40200      0    1.83e+00    0    1.29e+00
2007 04 06  1115    54196   40500      0    1.81e+00    0    1.26e+00
2007 04 06  1120    54196   40800      0    1.84e+00    0    1.28e+00
2007 04 06  1125    54196   41100      0    1.78e+00    0    1.24e+00
2007 04 06  1130    54196   41400      0    1.78e+00    0    1.25e+00
2007 04 06  1135    54196   41700      0    1.84e+00    0    1.30e+00
2007 04 06  1140    54196   42000      0    1.86e+00    0    1.29e+00
2007 04 06  1145    54196   42300      0    1.81e+00    0    1.28e+00
2007 04 06  1150    54196   42600      0    1.80e+00    0    1.26e+00
2007 04 06  1155    54196   42900      0    1.81e+00    0    1.26e+00
2007 04 06  1200    54196   43200      0    1.81e+00    0    1.27e+00
2007 04 06  1205    54196   43500      0    1.79e+00    0    1.25e+00
2007 04 06  1210    54196   43800      0    1.86e+00    0    1.30e+00
2007 04 06  1215    54196   44100      0    1.81e+00    0    1.27e+00
2007 04 06  1220    54196   44400      0    1.83e+00    0    1.28e+00
2007 04 06  1225    54196   44700      0    1.84e+00    0    1.30e+00
2007 04 06  1230    54196   45000      0    1.80e+00    0    1.26e+00
2007 04 06  1235    54196   45300      0    1.83e+00    0    1.29e+00
2007 04 06  1240    54196   45600      0    1.84e+00    0    1.29e+00
2007 04 06  1245    54196   45900      0    1.82e+00    0    1.28e+00
2007 04 06  1250    54196   46200      0    1.82e+00    0    1.27e+00
2007 04 06  1255    54196   46500      0    1.82e+00    0    1.27e+00
2007 04 06  1300    54196   46800      0    1.80e+00    0    1.27e+00
2007 04 06  1305    54196   47100      0    1.82e+00    0    1.27e+00
2007 04 06  1310    54196   47400      0    1.81e+00    0    1.26e+00
2007 04 06  1315    54196   47700      0    1.79e+00    0    1.25e+00
2007 04 06  1320    54196   48000      0    1.81e+00    0    1.26e+00
2007 04 06  1325    54196   48300      0    1.85e+00    0    1.30e+00
2007 04 06  1330    54196   48600      0    1.84e+00    0    1.29e+00
2007 04 06  1335    54196   48900      0    1.80e+00    0    1.26e+00
2007 04 06  1340    54196   49200      0    1.77e+00    0    1.24e+00
2007 04 06  1345    54196   49500      0    1.76e+00    0    1.23e+00
2007 04 06  1350    54196   49800      0    1.81e+00    0    1.27e+00
2007 04 06  1355    54196   50100      0    1.81e+00    0    1.27e+00
2007 04 06  1400    54196   50400      0    1.81e+00    0    1.26e+00
2007 04 06  1405    54196   50700      0    1.81e+00    0    1.27e+00
2007 04 06  1410    54196   51000      0    1.84e+00    0    1.30e+00
2007 04 06  1415    54196   51300      0    1.82e+00    0    1.29e+00
2007 04 06  1420    54196   51600      0    1.80e+00    0    1.25e+00
2007 04 06  1425    54196   51900      0    1.82e+00    0    1.29e+00
2007 04 06  1430    54196   52200      0    1.81e+00    0    1.26e+00
2007 04 06  1435    54196   52500      0    1.81e+00    0    1.26e+00
2007 04 06  1440    54196   52800      0    1.83e+00    0    1.27e+00
2007 04 06  1445    54196   53100      0    1.82e+00    0    1.28e+00
2007 04 06  1450    54196   53400      0    1.78e+00    0    1.25e+00
2007 04 06  1455    54196   53700      0    1.80e+00    0    1.26e+00
2007 04 06  1500    54196   54000      0    1.80e+00    0    1.26e+00
2007 04 06  1505    54196   54300      0    1.83e+00    0    1.27e+00
2007 04 06  1510    54196   54600      0    1.79e+00    0    1.25e+00
2007 04 06  1515    54196   54900      0    1.80e+00    0    1.27e+00
2007 04 06  1520    54196   55200      0    1.85e+00    0    1.30e+00
2007 04 06  1525    54196   55500      0    1.81e+00    0    1.26e+00
2007 04 06  1530    54196   55800      0    1.81e+00    0    1.26e+00
2007 04 06  1535    54196   56100      0    1.79e+00    0    1.25e+00
2007 04 06  1540    54196   56400      0    1.81e+00    0    1.27e+00
2007 04 06  1545    54196   56700      0    1.84e+00    0    1.27e+00
2007 04 06  1550    54196   57000      0    1.78e+00    0    1.23e+00
2007 04 06  1555    54196   57300      0    1.84e+00    0    1.29e+00
2007 04 06  1600    54196   57600      0    1.80e+00    0    1.27e+00
2007 04 06  1605    54196   57900      0    1.80e+00    0    1.26e+00
2007 04 06  1610    54196   58200      0    1.81e+00    0    1.26e+00
2007 04 06  1615    54196   58500      0    1.81e+00    0    1.28e+00
2007 04 06  1620    54196   58800      0    1.79e+00    0    1.27e+00
2007 04 06  1625    54196   59100      0    1.84e+00    0    1.29e+00
2007 04 06  1630    54196   59400      0    1.80e+00    0    1.26e+00
2007 04 06  1635    54196   59700      0    1.83e+00    0    1.26e+00
2007 04 06  1640    54196   60000      0    1.81e+00    0    1.25e+00
2007 04 06  1645    54196   60300      0    1.85e+00    0    1.29e+00
2007 04 06  1650    54196   60600      0    1.83e+00    0    1.28e+00
2007 04 06  1655    54196   60900      0    1.85e+00    0    1.29e+00
2007 04 06  1700    54196   61200      0    1.82e+00    0    1.28e+00
2007 04 06  1705    54196   61500      0    1.82e+00    0    1.27e+00
2007 04 06  1710    54196   61800      0    1.81e+00    0    1.26e+00
2007 04 06  1715    54196   62100      0    1.80e+00    0    1.27e+00
2007 04 06  1720    54196   62400      0    1.87e+00    0    1.31e+00
2007 04 06  1725    54196   62700      0    1.86e+00    0    1.30e+00
2007 04 06  1730    54196   63000      0    1.82e+00    0    1.28e+00
2007 04 06  1735    54196   63300      0    1.82e+00    0    1.28e+00
2007 04 06  1740    54196   63600      0    1.82e+00    0    1.28e+00
2007 04 06  1745    54196   63900      0    1.82e+00    0    1.28e+00
2007 04 06  1750    54196   64200      0    1.85e+00    0    1.29e+00
2007 04 06  1755    54196   64500      0    1.84e+00    0    1.28e+00
2007 04 06  1800    54196   64800      0    1.83e+00    0    1.29e+00
2007 04 06  1805    54196   65100      0    1.82e+00    0    1.27e+00
2007 04 06  1810    54196   65400      0    1.81e+00    0    1.28e+00
2007 04 06  1815    54196   65700      0    1.82e+00    0    1.28e+00
2007 04 06  1820    54196   66000      0    1.79e+00    0    1.26e+00
2007 04 06  1825    54196   66300      0    1.84e+00    0    1.29e+00
2007 04 06  1830    54196   66600      0    1.80e+00    0    1.25e+00
2007 04 06  1835    54196   66900      0    1.79e+00    0    1.24e+00
2007 04 06  1840    54196   67200      0    1.85e+00    0    1.30e+00
2007 04 06  1845    54196   67500      0    1.84e+00    0    1.29e+00
2007 04 06  1850    54196   67800      0    1.83e+00    0    1.29e+00
2007 04 06  1855    54196   68100      0    1.85e+00    0    1.30e+00
2007 04 06  1900    54196   68400      0    1.85e+00    0    1.30e+00
2007 04 06  1905    54196   68700      0    1.88e+00    0    1.32e+00
2007 04 06  1910    54196   69000      0    1.84e+00    0    1.28e+00
2007 04 06  1915    54196   69300      0    1.83e+00    0    1.29e+00
2007 04 06  1920    54196   69600      0    1.82e+00    0    1.28e+00
2007 04 06  1925    54196   69900      0    1.91e+00    0    1.35e+00
2007 04 06  1930    54196   70200      0    1.82e+00    0    1.28e+00
2007 04 06  1935    54196   70500      0    1.82e+00    0    1.27e+00
2007 04 06  1940    54196   70800      0    1.82e+00    0    1.29e+00
2007 04 06  1945    54196   71100      0    1.78e+00    0    1.25e+00
2007 04 06  1950    54196   71400      0    1.80e+00    0    1.26e+00
2007 04 06  1955    54196   71700      0    1.81e+00    0    1.26e+00
2007 04 06  2000    54196   72000      0    1.85e+00    0    1.30e+00
2007 04 06  2005    54196   72300      0    1.81e+00    0    1.28e+00
2007 04 06  2010    54196   72600      0    1.81e+00    0    1.28e+00
2007 04 06  2015    54196   72900      0    1.81e+00    0    1.27e+00
2007 04 06  2020    54196   73200      0    1.85e+00    0    1.30e+00
2007 04 06  2025    54196   73500      0    1.81e+00    0    1.26e+00
2007 04 06  2030    54196   73800      0    1.89e+00    0    1.33e+00
2007 04 06  2035    54196   74100      0    1.81e+00    0    1.27e+00
2007 04 06  2040    54196   74400      0    1.86e+00    0    1.29e+00
2007 04 06  2045    54196   74700      0    1.79e+00    0    1.26e+00
2007 04 06  2050    54196   75000      0    1.84e+00    0    1.29e+00
2007 04 06  2055    54196   75300      0    1.82e+00    0    1.28e+00
2007 04 06  2100    54196   75600      0    1.86e+00    0    1.31e+00
2007 04 06  2105    54196   75900      0    1.84e+00    0    1.29e+00
2007 04 06  2110    54196   76200      0    1.82e+00    0    1.26e+00
2007 04 06  2115    54196   76500      0    1.88e+00    0    1.32e+00
2007 04 06  2120    54196   76800      0    1.82e+00    0    1.28e+00
2007 04 06  2125    54196   77100      0    1.77e+00    0    1.24e+00
2007 04 06  2130    54196   77400      0    1.85e+00    0    1.30e+00
2007 04 06  2135    54196   77700      0    1.83e+00    0    1.28e+00
2007 04 06  2140    54196   78000      0    1.85e+00    0    1.30e+00
2007 04 06  2145    54196   78300      0    1.79e+00    0    1.25e+00
2007 04 06  2150    54196   78600      0    1.82e+00    0    1.29e+00
2007 04 06  2155    54196   78900      0    1.83e+00    0    1.28e+00
2007 04 06  2200    54196   79200      0    1.85e+00    0    1.30e+00
2007 04 06  2205    54196   79500      0    1.84e+00    0    1.30e+00
2007 04 06  2210    54196   79800      0    1.85e+00    0    1.29e+00
2007 04 06  2215    54196   80100      0    1.83e+00    0    1.29e+00
2007 04 06  2220    54196   80400      0    1.82e+00    0    1.27e+00
2007 04 06  2225    54196   80700      0    1.82e+00    0    1.28e+00
2007 04 06  2230    54196   81000      0    1.85e+00    0    1.29e+00
2007 04 06  2235    54196   81300      0    1.86e+00    0    1.30e+00
2007 04 06  2240    54196   81600      0    1.82e+00    0    1.27e+00
2007 04 06  2245    54196   81900      0    1.84e+00    0    1.28e+00
2007 04 06  2250    54196   82200      0    1.87e+00    0    1.30e+00
2007 04 06  2255    54196   82500      0    1.83e+00    0    1.28e+00
2007 04 06  2300    54196   82800      0    1.84e+00    0    1.29e+00
2007 04 06  2305    54196   83100      0    1.83e+00    0    1.27e+00
2007 04 06  2310    54196   83400      0    1.83e+00    0    1.28e+00
2007 04 06  2315    54196   83700      0    1.85e+00    0    1.29e+00
2007 04 06  2320    54196   84000      0    1.83e+00    0    1.28e+00
2007 04 06  2325    54196   84300      0    1.82e+00    0    1.28e+00
2007 04 06  2330    54196   84600      0    1.84e+00    0    1.30e+00
2007 04 06  2335    54196   84900      0    1.88e+00    0    1.32e+00
2007 04 06  2340    54196   85200      0    1.83e+00    0    1.27e+00
2007 04 06  2345    54196   85500      0    1.81e+00    0    1.27e+00
2007 04 06  2350    54196   85800      0    1.82e+00    0    1.28e+00
2007 04 06  2355    54196   86100      0    1.79e+00    0    1.25e+00
