:Data_list: 20070110_ace_sis_5m.txt
:Created: 2007 Jan 11 0011 UT
# Prepared by the U.S. Dept. of Commerce, NOAA, Space Environment Center.
# Please send comments and suggestions to SEC.Webmaster@noaa.gov 
# 
# Units: proton flux p/cs2-sec-ster
# Status(S): 0 = nominal data, 1 to 8 = bad data record, 9 = no data
# Missing data values: -1.00e+05
# Source: ACE Satellite - Solar Isotope Spectrometer
#
# 5-minute averaged Real-time Integral Flux of High-energy Solar Protons
# 
#                 Modified Seconds
# UT Date   Time   Julian  of the      ---- Integral Proton Flux ----
# YR MO DA  HHMM     Day     Day       S    > 10 MeV    S    > 30 MeV
#--------------------------------------------------------------------
2007 01 10  0000    54110       0      0    2.16e+00    0    1.51e+00
2007 01 10  0005    54110     300      0    2.10e+00    0    1.47e+00
2007 01 10  0010    54110     600      0    2.07e+00    0    1.44e+00
2007 01 10  0015    54110     900      0    1.89e+00    0    1.32e+00
2007 01 10  0020    54110    1200      0    1.84e+00    0    1.30e+00
2007 01 10  0025    54110    1500      0    1.78e+00    0    1.24e+00
2007 01 10  0030    54110    1800      0    1.78e+00    0    1.24e+00
2007 01 10  0035    54110    2100      0    1.86e+00    0    1.30e+00
2007 01 10  0040    54110    2400      0    2.21e+00    0    1.55e+00
2007 01 10  0045    54110    2700      0    2.13e+00    0    1.49e+00
2007 01 10  0050    54110    3000      0    2.06e+00    0    1.44e+00
2007 01 10  0055    54110    3300      0    1.86e+00    0    1.29e+00
2007 01 10  0100    54110    3600      0    1.84e+00    0    1.29e+00
2007 01 10  0105    54110    3900      0    1.73e+00    0    1.22e+00
2007 01 10  0110    54110    4200      0    1.92e+00    0    1.36e+00
2007 01 10  0115    54110    4500      0    2.16e+00    0    1.51e+00
2007 01 10  0120    54110    4800      0    2.08e+00    0    1.47e+00
2007 01 10  0125    54110    5100      0    2.04e+00    0    1.44e+00
2007 01 10  0130    54110    5400      0    1.83e+00    0    1.29e+00
2007 01 10  0135    54110    5700      0    1.79e+00    0    1.25e+00
2007 01 10  0140    54110    6000      0    1.76e+00    0    1.23e+00
2007 01 10  0145    54110    6300      0    2.07e+00    0    1.48e+00
2007 01 10  0150    54110    6600      0    2.17e+00    0    1.52e+00
2007 01 10  0155    54110    6900      9   -1.00e+05    9   -1.00e+05
2007 01 10  0200    54110    7200      9   -1.00e+05    9   -1.00e+05
2007 01 10  0205    54110    7500      9   -1.00e+05    9   -1.00e+05
2007 01 10  0210    54110    7800      9   -1.00e+05    9   -1.00e+05
2007 01 10  0215    54110    8100      9   -1.00e+05    9   -1.00e+05
2007 01 10  0220    54110    8400      9   -1.00e+05    9   -1.00e+05
2007 01 10  0225    54110    8700      9   -1.00e+05    9   -1.00e+05
2007 01 10  0230    54110    9000      9   -1.00e+05    9   -1.00e+05
2007 01 10  0235    54110    9300      9   -1.00e+05    9   -1.00e+05
2007 01 10  0240    54110    9600      9   -1.00e+05    9   -1.00e+05
2007 01 10  0245    54110    9900      0    1.79e+00    0    1.27e+00
2007 01 10  0250    54110   10200      0    1.75e+00    0    1.22e+00
2007 01 10  0255    54110   10500      0    1.76e+00    0    1.24e+00
2007 01 10  0300    54110   10800      0    1.72e+00    0    1.20e+00
2007 01 10  0305    54110   11100      0    1.73e+00    0    1.21e+00
2007 01 10  0310    54110   11400      0    1.78e+00    0    1.26e+00
2007 01 10  0315    54110   11700      0    1.77e+00    0    1.24e+00
2007 01 10  0320    54110   12000      0    1.78e+00    0    1.25e+00
2007 01 10  0325    54110   12300      0    1.75e+00    0    1.22e+00
2007 01 10  0330    54110   12600      0    1.74e+00    0    1.22e+00
2007 01 10  0335    54110   12900      0    1.97e+00    0    1.39e+00
2007 01 10  0340    54110   13200      0    2.22e+00    0    1.57e+00
2007 01 10  0345    54110   13500      0    2.15e+00    0    1.52e+00
2007 01 10  0350    54110   13800      0    2.09e+00    0    1.47e+00
2007 01 10  0355    54110   14100      0    1.90e+00    0    1.33e+00
2007 01 10  0400    54110   14400      0    1.87e+00    0    1.32e+00
2007 01 10  0405    54110   14700      0    1.76e+00    0    1.23e+00
2007 01 10  0410    54110   15000      0    1.99e+00    0    1.42e+00
2007 01 10  0415    54110   15300      0    2.18e+00    0    1.53e+00
2007 01 10  0420    54110   15600      0    2.11e+00    0    1.49e+00
2007 01 10  0425    54110   15900      0    2.01e+00    0    1.40e+00
2007 01 10  0430    54110   16200      0    1.91e+00    0    1.33e+00
2007 01 10  0435    54110   16500      0    1.79e+00    0    1.25e+00
2007 01 10  0440    54110   16800      0    1.76e+00    0    1.24e+00
2007 01 10  0445    54110   17100      0    1.74e+00    0    1.23e+00
2007 01 10  0450    54110   17400      0    1.72e+00    0    1.20e+00
2007 01 10  0455    54110   17700      0    1.77e+00    0    1.24e+00
2007 01 10  0500    54110   18000      0    1.88e+00    0    1.32e+00
2007 01 10  0505    54110   18300      0    2.21e+00    0    1.56e+00
2007 01 10  0510    54110   18600      0    2.10e+00    0    1.47e+00
2007 01 10  0515    54110   18900      0    2.08e+00    0    1.45e+00
2007 01 10  0520    54110   19200      0    1.93e+00    0    1.36e+00
2007 01 10  0525    54110   19500      0    1.88e+00    0    1.32e+00
2007 01 10  0530    54110   19800      0    1.78e+00    0    1.25e+00
2007 01 10  0535    54110   20100      0    1.86e+00    0    1.34e+00
2007 01 10  0540    54110   20400      0    1.77e+00    0    1.23e+00
2007 01 10  0545    54110   20700      0    1.77e+00    0    1.23e+00
2007 01 10  0550    54110   21000      0    1.75e+00    0    1.22e+00
2007 01 10  0555    54110   21300      0    1.75e+00    0    1.23e+00
2007 01 10  0600    54110   21600      0    1.79e+00    0    1.26e+00
2007 01 10  0605    54110   21900      0    1.74e+00    0    1.22e+00
2007 01 10  0610    54110   22200      0    1.74e+00    0    1.21e+00
2007 01 10  0615    54110   22500      0    1.70e+00    0    1.20e+00
2007 01 10  0620    54110   22800      0    1.73e+00    0    1.21e+00
2007 01 10  0625    54110   23100      0    1.77e+00    0    1.24e+00
2007 01 10  0630    54110   23400      0    1.68e+00    0    1.18e+00
2007 01 10  0635    54110   23700      0    1.76e+00    0    1.23e+00
2007 01 10  0640    54110   24000      0    1.72e+00    0    1.21e+00
2007 01 10  0645    54110   24300      0    1.78e+00    0    1.25e+00
2007 01 10  0650    54110   24600      0    1.78e+00    0    1.25e+00
2007 01 10  0655    54110   24900      0    1.74e+00    0    1.22e+00
2007 01 10  0700    54110   25200      0    1.77e+00    0    1.23e+00
2007 01 10  0705    54110   25500      0    1.75e+00    0    1.22e+00
2007 01 10  0710    54110   25800      0    1.71e+00    0    1.19e+00
2007 01 10  0715    54110   26100      0    1.74e+00    0    1.22e+00
2007 01 10  0720    54110   26400      0    1.73e+00    0    1.23e+00
2007 01 10  0725    54110   26700      0    1.88e+00    0    1.31e+00
2007 01 10  0730    54110   27000      0    2.10e+00    0    1.47e+00
2007 01 10  0735    54110   27300      0    2.08e+00    0    1.48e+00
2007 01 10  0740    54110   27600      0    2.09e+00    0    1.48e+00
2007 01 10  0745    54110   27900      0    1.85e+00    0    1.31e+00
2007 01 10  0750    54110   28200      0    1.84e+00    0    1.28e+00
2007 01 10  0755    54110   28500      0    1.73e+00    0    1.21e+00
2007 01 10  0800    54110   28800      0    2.01e+00    0    1.41e+00
2007 01 10  0805    54110   29100      0    2.15e+00    0    1.50e+00
2007 01 10  0810    54110   29400      0    2.11e+00    0    1.51e+00
2007 01 10  0815    54110   29700      0    2.03e+00    0    1.42e+00
2007 01 10  0820    54110   30000      0    1.84e+00    0    1.27e+00
2007 01 10  0825    54110   30300      0    1.80e+00    0    1.26e+00
2007 01 10  0830    54110   30600      0    1.74e+00    0    1.21e+00
2007 01 10  0835    54110   30900      0    1.78e+00    0    1.25e+00
2007 01 10  0840    54110   31200      0    1.71e+00    0    1.19e+00
2007 01 10  0845    54110   31500      0    2.18e+00    0    1.53e+00
2007 01 10  0850    54110   31800      0    2.13e+00    0    1.50e+00
2007 01 10  0855    54110   32100      0    2.04e+00    0    1.43e+00
2007 01 10  0900    54110   32400      0    1.93e+00    0    1.36e+00
2007 01 10  0905    54110   32700      0    1.83e+00    0    1.28e+00
2007 01 10  0910    54110   33000      0    1.75e+00    0    1.22e+00
2007 01 10  0915    54110   33300      0    1.91e+00    0    1.35e+00
2007 01 10  0920    54110   33600      0    2.19e+00    0    1.55e+00
2007 01 10  0925    54110   33900      0    2.07e+00    0    1.45e+00
2007 01 10  0930    54110   34200      0    2.05e+00    0    1.44e+00
2007 01 10  0935    54110   34500      0    1.90e+00    0    1.33e+00
2007 01 10  0940    54110   34800      0    1.85e+00    0    1.32e+00
2007 01 10  0945    54110   35100      0    1.79e+00    0    1.26e+00
2007 01 10  0950    54110   35400      0    1.91e+00    0    1.34e+00
2007 01 10  0955    54110   35700      0    2.16e+00    0    1.51e+00
2007 01 10  1000    54110   36000      0    2.10e+00    0    1.48e+00
2007 01 10  1005    54110   36300      0    2.06e+00    0    1.43e+00
2007 01 10  1010    54110   36600      0    1.87e+00    0    1.33e+00
2007 01 10  1015    54110   36900      0    1.84e+00    0    1.29e+00
2007 01 10  1020    54110   37200      0    1.75e+00    0    1.22e+00
2007 01 10  1025    54110   37500      0    2.01e+00    0    1.42e+00
2007 01 10  1030    54110   37800      0    2.17e+00    0    1.54e+00
2007 01 10  1035    54110   38100      0    2.10e+00    0    1.48e+00
2007 01 10  1040    54110   38400      0    2.05e+00    0    1.41e+00
2007 01 10  1045    54110   38700      0    1.88e+00    0    1.32e+00
2007 01 10  1050    54110   39000      0    1.85e+00    0    1.28e+00
2007 01 10  1055    54110   39300      0    1.71e+00    0    1.20e+00
2007 01 10  1100    54110   39600      0    2.03e+00    0    1.43e+00
2007 01 10  1105    54110   39900      0    2.24e+00    0    1.58e+00
2007 01 10  1110    54110   40200      0    2.07e+00    0    1.43e+00
2007 01 10  1115    54110   40500      0    2.04e+00    0    1.42e+00
2007 01 10  1120    54110   40800      0    1.85e+00    0    1.31e+00
2007 01 10  1125    54110   41100      0    1.79e+00    0    1.25e+00
2007 01 10  1130    54110   41400      0    1.77e+00    0    1.24e+00
2007 01 10  1135    54110   41700      0    2.17e+00    0    1.52e+00
2007 01 10  1140    54110   42000      0    2.22e+00    0    1.56e+00
2007 01 10  1145    54110   42300      0    2.14e+00    0    1.52e+00
2007 01 10  1150    54110   42600      0    2.06e+00    0    1.45e+00
2007 01 10  1155    54110   42900      0    1.94e+00    0    1.36e+00
2007 01 10  1200    54110   43200      0    1.82e+00    0    1.29e+00
2007 01 10  1205    54110   43500      0    1.74e+00    0    1.22e+00
2007 01 10  1210    54110   43800      0    2.11e+00    0    1.48e+00
2007 01 10  1215    54110   44100      0    2.15e+00    0    1.51e+00
2007 01 10  1220    54110   44400      0    2.03e+00    0    1.43e+00
2007 01 10  1225    54110   44700      0    1.88e+00    0    1.32e+00
2007 01 10  1230    54110   45000      0    1.81e+00    0    1.28e+00
2007 01 10  1235    54110   45300      0    1.79e+00    0    1.27e+00
2007 01 10  1240    54110   45600      0    1.86e+00    0    1.31e+00
2007 01 10  1245    54110   45900      0    2.16e+00    0    1.52e+00
2007 01 10  1250    54110   46200      0    2.14e+00    0    1.50e+00
2007 01 10  1255    54110   46500      0    2.07e+00    0    1.47e+00
2007 01 10  1300    54110   46800      0    1.83e+00    0    1.27e+00
2007 01 10  1305    54110   47100      0    1.85e+00    0    1.30e+00
2007 01 10  1310    54110   47400      0    1.75e+00    0    1.23e+00
2007 01 10  1315    54110   47700      0    1.77e+00    0    1.24e+00
2007 01 10  1320    54110   48000      0    1.74e+00    0    1.23e+00
2007 01 10  1325    54110   48300      0    1.79e+00    0    1.26e+00
2007 01 10  1330    54110   48600      0    1.75e+00    0    1.22e+00
2007 01 10  1335    54110   48900      0    2.24e+00    0    1.60e+00
2007 01 10  1340    54110   49200      0    2.12e+00    0    1.49e+00
2007 01 10  1345    54110   49500      0    2.05e+00    0    1.45e+00
2007 01 10  1350    54110   49800      0    1.94e+00    0    1.35e+00
2007 01 10  1355    54110   50100      0    1.87e+00    0    1.32e+00
2007 01 10  1400    54110   50400      0    1.78e+00    0    1.24e+00
2007 01 10  1405    54110   50700      0    1.82e+00    0    1.26e+00
2007 01 10  1410    54110   51000      0    2.24e+00    0    1.59e+00
2007 01 10  1415    54110   51300      0    2.15e+00    0    1.50e+00
2007 01 10  1420    54110   51600      0    2.09e+00    0    1.48e+00
2007 01 10  1425    54110   51900      0    1.99e+00    0    1.39e+00
2007 01 10  1430    54110   52200      0    1.88e+00    0    1.32e+00
2007 01 10  1435    54110   52500      0    1.75e+00    0    1.23e+00
2007 01 10  1440    54110   52800      0    1.88e+00    0    1.32e+00
2007 01 10  1445    54110   53100      0    2.23e+00    0    1.58e+00
2007 01 10  1450    54110   53400      0    2.11e+00    0    1.49e+00
2007 01 10  1455    54110   53700      0    2.10e+00    0    1.47e+00
2007 01 10  1500    54110   54000      0    1.93e+00    0    1.35e+00
2007 01 10  1505    54110   54300      0    1.90e+00    0    1.34e+00
2007 01 10  1510    54110   54600      0    1.75e+00    0    1.22e+00
2007 01 10  1515    54110   54900      0    2.00e+00    0    1.41e+00
2007 01 10  1520    54110   55200      0    2.23e+00    0    1.58e+00
2007 01 10  1525    54110   55500      0    2.19e+00    0    1.55e+00
2007 01 10  1530    54110   55800      0    2.11e+00    0    1.47e+00
2007 01 10  1535    54110   56100      0    1.87e+00    0    1.30e+00
2007 01 10  1540    54110   56400      0    1.86e+00    0    1.31e+00
2007 01 10  1545    54110   56700      0    1.78e+00    0    1.24e+00
2007 01 10  1550    54110   57000      0    2.04e+00    0    1.43e+00
2007 01 10  1555    54110   57300      0    2.19e+00    0    1.54e+00
2007 01 10  1600    54110   57600      0    2.09e+00    0    1.47e+00
2007 01 10  1605    54110   57900      0    2.05e+00    0    1.44e+00
2007 01 10  1610    54110   58200      0    1.89e+00    0    1.33e+00
2007 01 10  1615    54110   58500      0    1.86e+00    0    1.32e+00
2007 01 10  1620    54110   58800      0    1.67e+00    0    1.17e+00
2007 01 10  1625    54110   59100      0    2.11e+00    0    1.47e+00
2007 01 10  1630    54110   59400      0    2.21e+00    0    1.56e+00
2007 01 10  1635    54110   59700      0    2.13e+00    0    1.51e+00
2007 01 10  1640    54110   60000      0    2.02e+00    0    1.42e+00
2007 01 10  1645    54110   60300      0    1.96e+00    0    1.38e+00
2007 01 10  1650    54110   60600      0    1.81e+00    0    1.25e+00
2007 01 10  1655    54110   60900      0    1.80e+00    0    1.27e+00
2007 01 10  1700    54110   61200      0    2.20e+00    0    1.55e+00
2007 01 10  1705    54110   61500      0    2.17e+00    0    1.52e+00
2007 01 10  1710    54110   61800      0    2.12e+00    0    1.49e+00
2007 01 10  1715    54110   62100      0    2.04e+00    0    1.43e+00
2007 01 10  1720    54110   62400      0    1.97e+00    0    1.38e+00
2007 01 10  1725    54110   62700      0    1.78e+00    0    1.25e+00
2007 01 10  1730    54110   63000      0    1.88e+00    0    1.33e+00
2007 01 10  1735    54110   63300      0    2.23e+00    0    1.57e+00
2007 01 10  1740    54110   63600      0    2.16e+00    0    1.52e+00
2007 01 10  1745    54110   63900      0    2.11e+00    0    1.47e+00
2007 01 10  1750    54110   64200      0    1.97e+00    0    1.38e+00
2007 01 10  1755    54110   64500      0    1.90e+00    0    1.34e+00
2007 01 10  1800    54110   64800      0    1.78e+00    0    1.25e+00
2007 01 10  1805    54110   65100      0    1.92e+00    0    1.34e+00
2007 01 10  1810    54110   65400      0    2.22e+00    0    1.58e+00
2007 01 10  1815    54110   65700      0    2.18e+00    0    1.52e+00
2007 01 10  1820    54110   66000      0    2.14e+00    0    1.50e+00
2007 01 10  1825    54110   66300      0    2.02e+00    0    1.42e+00
2007 01 10  1830    54110   66600      0    1.88e+00    0    1.31e+00
2007 01 10  1835    54110   66900      0    1.76e+00    0    1.25e+00
2007 01 10  1840    54110   67200      0    2.05e+00    0    1.43e+00
2007 01 10  1845    54110   67500      0    2.24e+00    0    1.58e+00
2007 01 10  1850    54110   67800      0    2.14e+00    0    1.52e+00
2007 01 10  1855    54110   68100      0    2.08e+00    0    1.46e+00
2007 01 10  1900    54110   68400      0    1.94e+00    0    1.36e+00
2007 01 10  1905    54110   68700      0    1.84e+00    0    1.29e+00
2007 01 10  1910    54110   69000      0    1.82e+00    0    1.27e+00
2007 01 10  1915    54110   69300      0    2.10e+00    0    1.48e+00
2007 01 10  1920    54110   69600      0    2.25e+00    0    1.58e+00
2007 01 10  1925    54110   69900      0    2.13e+00    0    1.50e+00
2007 01 10  1930    54110   70200      0    2.10e+00    0    1.48e+00
2007 01 10  1935    54110   70500      0    1.96e+00    0    1.38e+00
2007 01 10  1940    54110   70800      0    1.84e+00    0    1.31e+00
2007 01 10  1945    54110   71100      0    1.75e+00    0    1.23e+00
2007 01 10  1950    54110   71400      0    2.16e+00    0    1.53e+00
2007 01 10  1955    54110   71700      0    2.21e+00    0    1.55e+00
2007 01 10  2000    54110   72000      0    2.14e+00    0    1.50e+00
2007 01 10  2005    54110   72300      0    2.05e+00    0    1.45e+00
2007 01 10  2010    54110   72600      0    1.92e+00    0    1.34e+00
2007 01 10  2015    54110   72900      0    1.85e+00    0    1.29e+00
2007 01 10  2020    54110   73200      0    1.78e+00    0    1.26e+00
2007 01 10  2025    54110   73500      0    2.24e+00    0    1.56e+00
2007 01 10  2030    54110   73800      0    2.15e+00    0    1.51e+00
2007 01 10  2035    54110   74100      0    2.15e+00    0    1.50e+00
2007 01 10  2040    54110   74400      0    1.99e+00    0    1.39e+00
2007 01 10  2045    54110   74700      0    1.95e+00    0    1.38e+00
2007 01 10  2050    54110   75000      0    1.81e+00    0    1.26e+00
2007 01 10  2055    54110   75300      0    1.71e+00    0    1.21e+00
2007 01 10  2100    54110   75600      0    1.80e+00    0    1.27e+00
2007 01 10  2105    54110   75900      0    2.00e+00    0    1.40e+00
2007 01 10  2110    54110   76200      0    2.18e+00    0    1.53e+00
2007 01 10  2115    54110   76500      0    2.14e+00    0    1.50e+00
2007 01 10  2120    54110   76800      0    2.07e+00    0    1.45e+00
2007 01 10  2125    54110   77100      0    1.87e+00    0    1.31e+00
2007 01 10  2130    54110   77400      0    1.84e+00    0    1.29e+00
2007 01 10  2135    54110   77700      0    1.81e+00    0    1.27e+00
2007 01 10  2140    54110   78000      0    2.10e+00    0    1.48e+00
2007 01 10  2145    54110   78300      0    2.19e+00    0    1.54e+00
2007 01 10  2150    54110   78600      0    2.07e+00    0    1.45e+00
2007 01 10  2155    54110   78900      0    2.06e+00    0    1.45e+00
2007 01 10  2200    54110   79200      0    1.89e+00    0    1.33e+00
2007 01 10  2205    54110   79500      0    1.80e+00    0    1.25e+00
2007 01 10  2210    54110   79800      0    1.76e+00    0    1.23e+00
2007 01 10  2215    54110   80100      0    2.15e+00    0    1.51e+00
2007 01 10  2220    54110   80400      0    2.21e+00    0    1.55e+00
2007 01 10  2225    54110   80700      0    2.14e+00    0    1.50e+00
2007 01 10  2230    54110   81000      0    1.98e+00    0    1.40e+00
2007 01 10  2235    54110   81300      0    1.85e+00    0    1.30e+00
2007 01 10  2240    54110   81600      0    1.80e+00    0    1.27e+00
2007 01 10  2245    54110   81900      0    1.81e+00    0    1.26e+00
2007 01 10  2250    54110   82200      0    2.20e+00    0    1.54e+00
2007 01 10  2255    54110   82500      0    2.18e+00    0    1.54e+00
2007 01 10  2300    54110   82800      0    2.25e+00    0    1.62e+00
2007 01 10  2305    54110   83100      9   -1.00e+05    9   -1.00e+05
2007 01 10  2310    54110   83400      0    2.02e+00    0    1.40e+00
2007 01 10  2315    54110   83700      0    1.82e+00    0    1.27e+00
2007 01 10  2320    54110   84000      0    1.84e+00    0    1.28e+00
2007 01 10  2325    54110   84300      0    2.26e+00    0    1.58e+00
2007 01 10  2330    54110   84600      0    2.20e+00    0    1.54e+00
2007 01 10  2335    54110   84900      0    2.14e+00    0    1.52e+00
2007 01 10  2340    54110   85200      0    2.06e+00    0    1.44e+00
2007 01 10  2345    54110   85500      9   -1.00e+05    9   -1.00e+05
2007 01 10  2350    54110   85800      9   -1.00e+05    9   -1.00e+05
2007 01 10  2355    54110   86100      9   -1.00e+05    9   -1.00e+05
