:Data_list: 20070218_ace_sis_5m.txt
:Created: 2007 Feb 19 0011 UT
# Prepared by the U.S. Dept. of Commerce, NOAA, Space Environment Center.
# Please send comments and suggestions to SEC.Webmaster@noaa.gov 
# 
# Units: proton flux p/cs2-sec-ster
# Status(S): 0 = nominal data, 1 to 8 = bad data record, 9 = no data
# Missing data values: -1.00e+05
# Source: ACE Satellite - Solar Isotope Spectrometer
#
# 5-minute averaged Real-time Integral Flux of High-energy Solar Protons
# 
#                 Modified Seconds
# UT Date   Time   Julian  of the      ---- Integral Proton Flux ----
# YR MO DA  HHMM     Day     Day       S    > 10 MeV    S    > 30 MeV
#--------------------------------------------------------------------
2007 02 18  0000    54149       0      0    1.70e+00    0    1.19e+00
2007 02 18  0005    54149     300      0    1.75e+00    0    1.22e+00
2007 02 18  0010    54149     600      0    1.72e+00    0    1.20e+00
2007 02 18  0015    54149     900      0    1.70e+00    0    1.19e+00
2007 02 18  0020    54149    1200      0    1.72e+00    0    1.21e+00
2007 02 18  0025    54149    1500      0    1.70e+00    0    1.20e+00
2007 02 18  0030    54149    1800      0    1.72e+00    0    1.21e+00
2007 02 18  0035    54149    2100      0    1.74e+00    0    1.23e+00
2007 02 18  0040    54149    2400      0    1.77e+00    0    1.24e+00
2007 02 18  0045    54149    2700      0    1.72e+00    0    1.21e+00
2007 02 18  0050    54149    3000      0    1.69e+00    0    1.17e+00
2007 02 18  0055    54149    3300      0    1.74e+00    0    1.23e+00
2007 02 18  0100    54149    3600      0    1.72e+00    0    1.20e+00
2007 02 18  0105    54149    3900      0    1.72e+00    0    1.20e+00
2007 02 18  0110    54149    4200      0    1.75e+00    0    1.24e+00
2007 02 18  0115    54149    4500      0    1.71e+00    0    1.20e+00
2007 02 18  0120    54149    4800      0    1.68e+00    0    1.18e+00
2007 02 18  0125    54149    5100      0    1.69e+00    0    1.19e+00
2007 02 18  0130    54149    5400      0    1.72e+00    0    1.21e+00
2007 02 18  0135    54149    5700      0    1.70e+00    0    1.19e+00
2007 02 18  0140    54149    6000      0    1.72e+00    0    1.19e+00
2007 02 18  0145    54149    6300      9   -1.00e+05    9   -1.00e+05
2007 02 18  0150    54149    6600      9   -1.00e+05    9   -1.00e+05
2007 02 18  0155    54149    6900      9   -1.00e+05    9   -1.00e+05
2007 02 18  0200    54149    7200      9   -1.00e+05    9   -1.00e+05
2007 02 18  0205    54149    7500      9   -1.00e+05    9   -1.00e+05
2007 02 18  0210    54149    7800      9   -1.00e+05    9   -1.00e+05
2007 02 18  0215    54149    8100      0    1.74e+00    0    1.22e+00
2007 02 18  0220    54149    8400      0    1.75e+00    0    1.23e+00
2007 02 18  0225    54149    8700      0    1.75e+00    0    1.22e+00
2007 02 18  0230    54149    9000      0    1.69e+00    0    1.17e+00
2007 02 18  0235    54149    9300      0    1.73e+00    0    1.21e+00
2007 02 18  0240    54149    9600      0    1.70e+00    0    1.20e+00
2007 02 18  0245    54149    9900      0    1.72e+00    0    1.21e+00
2007 02 18  0250    54149   10200      0    1.73e+00    0    1.22e+00
2007 02 18  0255    54149   10500      0    1.69e+00    0    1.18e+00
2007 02 18  0300    54149   10800      9   -1.00e+05    9   -1.00e+05
2007 02 18  0305    54149   11100      9   -1.00e+05    9   -1.00e+05
2007 02 18  0310    54149   11400      9   -1.00e+05    9   -1.00e+05
2007 02 18  0315    54149   11700      9   -1.00e+05    9   -1.00e+05
2007 02 18  0320    54149   12000      9   -1.00e+05    9   -1.00e+05
2007 02 18  0325    54149   12300      9   -1.00e+05    9   -1.00e+05
2007 02 18  0330    54149   12600      9   -1.00e+05    9   -1.00e+05
2007 02 18  0335    54149   12900      9   -1.00e+05    9   -1.00e+05
2007 02 18  0340    54149   13200      9   -1.00e+05    9   -1.00e+05
2007 02 18  0345    54149   13500      9   -1.00e+05    9   -1.00e+05
2007 02 18  0350    54149   13800      9   -1.00e+05    9   -1.00e+05
2007 02 18  0355    54149   14100      9   -1.00e+05    9   -1.00e+05
2007 02 18  0400    54149   14400      9   -1.00e+05    9   -1.00e+05
2007 02 18  0405    54149   14700      9   -1.00e+05    9   -1.00e+05
2007 02 18  0410    54149   15000      9   -1.00e+05    9   -1.00e+05
2007 02 18  0415    54149   15300      9   -1.00e+05    9   -1.00e+05
2007 02 18  0420    54149   15600      9   -1.00e+05    9   -1.00e+05
2007 02 18  0425    54149   15900      9   -1.00e+05    9   -1.00e+05
2007 02 18  0430    54149   16200      9   -1.00e+05    9   -1.00e+05
2007 02 18  0435    54149   16500      0    1.69e+00    0    1.20e+00
2007 02 18  0440    54149   16800      0    1.73e+00    0    1.21e+00
2007 02 18  0445    54149   17100      0    1.71e+00    0    1.20e+00
2007 02 18  0450    54149   17400      0    1.72e+00    0    1.20e+00
2007 02 18  0455    54149   17700      0    1.71e+00    0    1.19e+00
2007 02 18  0500    54149   18000      0    1.74e+00    0    1.23e+00
2007 02 18  0505    54149   18300      0    1.72e+00    0    1.22e+00
2007 02 18  0510    54149   18600      9   -1.00e+05    9   -1.00e+05
2007 02 18  0515    54149   18900      9   -1.00e+05    9   -1.00e+05
2007 02 18  0520    54149   19200      9   -1.00e+05    9   -1.00e+05
2007 02 18  0525    54149   19500      9   -1.00e+05    9   -1.00e+05
2007 02 18  0530    54149   19800      9   -1.00e+05    9   -1.00e+05
2007 02 18  0535    54149   20100      9   -1.00e+05    9   -1.00e+05
2007 02 18  0540    54149   20400      9   -1.00e+05    9   -1.00e+05
2007 02 18  0545    54149   20700      9   -1.00e+05    9   -1.00e+05
2007 02 18  0550    54149   21000      9   -1.00e+05    9   -1.00e+05
2007 02 18  0555    54149   21300      9   -1.00e+05    9   -1.00e+05
2007 02 18  0600    54149   21600      9   -1.00e+05    9   -1.00e+05
2007 02 18  0605    54149   21900      9   -1.00e+05    9   -1.00e+05
2007 02 18  0610    54149   22200      9   -1.00e+05    9   -1.00e+05
2007 02 18  0615    54149   22500      9   -1.00e+05    9   -1.00e+05
2007 02 18  0620    54149   22800      9   -1.00e+05    9   -1.00e+05
2007 02 18  0625    54149   23100      9   -1.00e+05    9   -1.00e+05
2007 02 18  0630    54149   23400      9   -1.00e+05    9   -1.00e+05
2007 02 18  0635    54149   23700      9   -1.00e+05    9   -1.00e+05
2007 02 18  0640    54149   24000      0    1.72e+00    0    1.18e+00
2007 02 18  0645    54149   24300      0    1.73e+00    0    1.21e+00
2007 02 18  0650    54149   24600      0    1.68e+00    0    1.16e+00
2007 02 18  0655    54149   24900      0    1.75e+00    0    1.23e+00
2007 02 18  0700    54149   25200      0    1.71e+00    0    1.20e+00
2007 02 18  0705    54149   25500      0    1.70e+00    0    1.19e+00
2007 02 18  0710    54149   25800      0    1.74e+00    0    1.22e+00
2007 02 18  0715    54149   26100      0    1.75e+00    0    1.23e+00
2007 02 18  0720    54149   26400      0    1.70e+00    0    1.20e+00
2007 02 18  0725    54149   26700      0    1.74e+00    0    1.23e+00
2007 02 18  0730    54149   27000      0    1.69e+00    0    1.18e+00
2007 02 18  0735    54149   27300      0    1.71e+00    0    1.19e+00
2007 02 18  0740    54149   27600      0    1.75e+00    0    1.22e+00
2007 02 18  0745    54149   27900      0    1.76e+00    0    1.23e+00
2007 02 18  0750    54149   28200      0    1.72e+00    0    1.22e+00
2007 02 18  0755    54149   28500      0    1.69e+00    0    1.19e+00
2007 02 18  0800    54149   28800      0    1.73e+00    0    1.21e+00
2007 02 18  0805    54149   29100      0    1.74e+00    0    1.21e+00
2007 02 18  0810    54149   29400      0    1.74e+00    0    1.22e+00
2007 02 18  0815    54149   29700      0    1.73e+00    0    1.22e+00
2007 02 18  0820    54149   30000      0    1.71e+00    0    1.21e+00
2007 02 18  0825    54149   30300      0    1.72e+00    0    1.21e+00
2007 02 18  0830    54149   30600      0    1.70e+00    0    1.19e+00
2007 02 18  0835    54149   30900      0    1.71e+00    0    1.21e+00
2007 02 18  0840    54149   31200      0    1.71e+00    0    1.20e+00
2007 02 18  0845    54149   31500      0    1.68e+00    0    1.16e+00
2007 02 18  0850    54149   31800      0    1.73e+00    0    1.20e+00
2007 02 18  0855    54149   32100      0    1.69e+00    0    1.19e+00
2007 02 18  0900    54149   32400      0    1.70e+00    0    1.19e+00
2007 02 18  0905    54149   32700      0    1.72e+00    0    1.20e+00
2007 02 18  0910    54149   33000      0    1.72e+00    0    1.21e+00
2007 02 18  0915    54149   33300      0    1.72e+00    0    1.20e+00
2007 02 18  0920    54149   33600      0    1.70e+00    0    1.19e+00
2007 02 18  0925    54149   33900      0    1.72e+00    0    1.21e+00
2007 02 18  0930    54149   34200      0    1.69e+00    0    1.20e+00
2007 02 18  0935    54149   34500      0    1.71e+00    0    1.20e+00
2007 02 18  0940    54149   34800      0    1.72e+00    0    1.21e+00
2007 02 18  0945    54149   35100      0    1.73e+00    0    1.22e+00
2007 02 18  0950    54149   35400      0    1.69e+00    0    1.19e+00
2007 02 18  0955    54149   35700      0    1.72e+00    0    1.19e+00
2007 02 18  1000    54149   36000      0    1.76e+00    0    1.23e+00
2007 02 18  1005    54149   36300      0    1.72e+00    0    1.21e+00
2007 02 18  1010    54149   36600      0    1.67e+00    0    1.16e+00
2007 02 18  1015    54149   36900      0    1.71e+00    0    1.20e+00
2007 02 18  1020    54149   37200      0    1.73e+00    0    1.20e+00
2007 02 18  1025    54149   37500      0    1.75e+00    0    1.24e+00
2007 02 18  1030    54149   37800      0    1.74e+00    0    1.22e+00
2007 02 18  1035    54149   38100      0    1.73e+00    0    1.22e+00
2007 02 18  1040    54149   38400      0    1.70e+00    0    1.20e+00
2007 02 18  1045    54149   38700      0    1.69e+00    0    1.19e+00
2007 02 18  1050    54149   39000      0    1.75e+00    0    1.23e+00
2007 02 18  1055    54149   39300      0    1.70e+00    0    1.20e+00
2007 02 18  1100    54149   39600      0    1.73e+00    0    1.21e+00
2007 02 18  1105    54149   39900      0    1.69e+00    0    1.19e+00
2007 02 18  1110    54149   40200      0    1.73e+00    0    1.22e+00
2007 02 18  1115    54149   40500      0    1.75e+00    0    1.23e+00
2007 02 18  1120    54149   40800      0    1.71e+00    0    1.20e+00
2007 02 18  1125    54149   41100      0    1.72e+00    0    1.21e+00
2007 02 18  1130    54149   41400      0    1.71e+00    0    1.20e+00
2007 02 18  1135    54149   41700      0    1.72e+00    0    1.21e+00
2007 02 18  1140    54149   42000      0    1.68e+00    0    1.18e+00
2007 02 18  1145    54149   42300      0    1.74e+00    0    1.22e+00
2007 02 18  1150    54149   42600      0    1.67e+00    0    1.17e+00
2007 02 18  1155    54149   42900      0    1.72e+00    0    1.21e+00
2007 02 18  1200    54149   43200      0    1.67e+00    0    1.17e+00
2007 02 18  1205    54149   43500      0    1.73e+00    0    1.22e+00
2007 02 18  1210    54149   43800      0    1.74e+00    0    1.22e+00
2007 02 18  1215    54149   44100      0    1.77e+00    0    1.23e+00
2007 02 18  1220    54149   44400      0    1.71e+00    0    1.19e+00
2007 02 18  1225    54149   44700      0    1.74e+00    0    1.21e+00
2007 02 18  1230    54149   45000      0    1.76e+00    0    1.25e+00
2007 02 18  1235    54149   45300      0    1.71e+00    0    1.20e+00
2007 02 18  1240    54149   45600      0    1.73e+00    0    1.21e+00
2007 02 18  1245    54149   45900      0    1.72e+00    0    1.21e+00
2007 02 18  1250    54149   46200      0    1.71e+00    0    1.20e+00
2007 02 18  1255    54149   46500      0    1.68e+00    0    1.18e+00
2007 02 18  1300    54149   46800      0    1.71e+00    0    1.20e+00
2007 02 18  1305    54149   47100      0    1.71e+00    0    1.21e+00
2007 02 18  1310    54149   47400      0    1.69e+00    0    1.18e+00
2007 02 18  1315    54149   47700      0    1.73e+00    0    1.21e+00
2007 02 18  1320    54149   48000      0    1.73e+00    0    1.21e+00
2007 02 18  1325    54149   48300      0    1.70e+00    0    1.19e+00
2007 02 18  1330    54149   48600      0    1.70e+00    0    1.18e+00
2007 02 18  1335    54149   48900      0    1.74e+00    0    1.22e+00
2007 02 18  1340    54149   49200      0    1.73e+00    0    1.21e+00
2007 02 18  1345    54149   49500      0    1.70e+00    0    1.18e+00
2007 02 18  1350    54149   49800      0    1.79e+00    0    1.25e+00
2007 02 18  1355    54149   50100      0    1.74e+00    0    1.21e+00
2007 02 18  1400    54149   50400      0    1.80e+00    0    1.26e+00
2007 02 18  1405    54149   50700      0    1.72e+00    0    1.20e+00
2007 02 18  1410    54149   51000      0    1.72e+00    0    1.20e+00
2007 02 18  1415    54149   51300      0    1.75e+00    0    1.21e+00
2007 02 18  1420    54149   51600      0    1.75e+00    0    1.22e+00
2007 02 18  1425    54149   51900      0    1.71e+00    0    1.20e+00
2007 02 18  1430    54149   52200      0    1.70e+00    0    1.18e+00
2007 02 18  1435    54149   52500      0    1.77e+00    0    1.24e+00
2007 02 18  1440    54149   52800      0    1.73e+00    0    1.21e+00
2007 02 18  1445    54149   53100      0    1.70e+00    0    1.20e+00
2007 02 18  1450    54149   53400      0    1.73e+00    0    1.21e+00
2007 02 18  1455    54149   53700      0    1.71e+00    0    1.18e+00
2007 02 18  1500    54149   54000      0    1.74e+00    0    1.22e+00
2007 02 18  1505    54149   54300      0    1.76e+00    0    1.22e+00
2007 02 18  1510    54149   54600      0    1.66e+00    0    1.16e+00
2007 02 18  1515    54149   54900      0    1.74e+00    0    1.22e+00
2007 02 18  1520    54149   55200      0    1.72e+00    0    1.21e+00
2007 02 18  1525    54149   55500      0    1.73e+00    0    1.22e+00
2007 02 18  1530    54149   55800      0    1.73e+00    0    1.21e+00
2007 02 18  1535    54149   56100      0    1.72e+00    0    1.20e+00
2007 02 18  1540    54149   56400      0    1.76e+00    0    1.23e+00
2007 02 18  1545    54149   56700      0    1.73e+00    0    1.21e+00
2007 02 18  1550    54149   57000      0    1.71e+00    0    1.20e+00
2007 02 18  1555    54149   57300      0    1.74e+00    0    1.22e+00
2007 02 18  1600    54149   57600      0    1.78e+00    0    1.25e+00
2007 02 18  1605    54149   57900      0    1.75e+00    0    1.23e+00
2007 02 18  1610    54149   58200      0    1.71e+00    0    1.20e+00
2007 02 18  1615    54149   58500      0    1.72e+00    0    1.20e+00
2007 02 18  1620    54149   58800      0    1.75e+00    0    1.23e+00
2007 02 18  1625    54149   59100      0    1.73e+00    0    1.21e+00
2007 02 18  1630    54149   59400      0    1.77e+00    0    1.23e+00
2007 02 18  1635    54149   59700      0    1.75e+00    0    1.22e+00
2007 02 18  1640    54149   60000      0    1.68e+00    0    1.18e+00
2007 02 18  1645    54149   60300      0    1.76e+00    0    1.24e+00
2007 02 18  1650    54149   60600      0    1.72e+00    0    1.20e+00
2007 02 18  1655    54149   60900      0    1.74e+00    0    1.21e+00
2007 02 18  1700    54149   61200      0    1.74e+00    0    1.23e+00
2007 02 18  1705    54149   61500      0    1.70e+00    0    1.19e+00
2007 02 18  1710    54149   61800      0    1.72e+00    0    1.20e+00
2007 02 18  1715    54149   62100      0    1.74e+00    0    1.23e+00
2007 02 18  1720    54149   62400      0    1.76e+00    0    1.24e+00
2007 02 18  1725    54149   62700      0    1.78e+00    0    1.23e+00
2007 02 18  1730    54149   63000      0    1.69e+00    0    1.19e+00
2007 02 18  1735    54149   63300      0    1.75e+00    0    1.23e+00
2007 02 18  1740    54149   63600      0    1.72e+00    0    1.20e+00
2007 02 18  1745    54149   63900      0    1.71e+00    0    1.21e+00
2007 02 18  1750    54149   64200      0    1.71e+00    0    1.21e+00
2007 02 18  1755    54149   64500      0    1.71e+00    0    1.20e+00
2007 02 18  1800    54149   64800      0    1.70e+00    0    1.19e+00
2007 02 18  1805    54149   65100      0    1.73e+00    0    1.22e+00
2007 02 18  1810    54149   65400      0    1.70e+00    0    1.19e+00
2007 02 18  1815    54149   65700      0    1.71e+00    0    1.20e+00
2007 02 18  1820    54149   66000      0    1.72e+00    0    1.20e+00
2007 02 18  1825    54149   66300      0    1.74e+00    0    1.23e+00
2007 02 18  1830    54149   66600      0    1.71e+00    0    1.19e+00
2007 02 18  1835    54149   66900      0    1.77e+00    0    1.24e+00
2007 02 18  1840    54149   67200      0    1.76e+00    0    1.24e+00
2007 02 18  1845    54149   67500      0    1.78e+00    0    1.24e+00
2007 02 18  1850    54149   67800      0    1.71e+00    0    1.20e+00
2007 02 18  1855    54149   68100      0    1.70e+00    0    1.20e+00
2007 02 18  1900    54149   68400      0    1.75e+00    0    1.23e+00
2007 02 18  1905    54149   68700      0    1.78e+00    0    1.25e+00
2007 02 18  1910    54149   69000      0    1.74e+00    0    1.21e+00
2007 02 18  1915    54149   69300      0    1.74e+00    0    1.21e+00
2007 02 18  1920    54149   69600      0    1.75e+00    0    1.23e+00
2007 02 18  1925    54149   69900      0    1.78e+00    0    1.25e+00
2007 02 18  1930    54149   70200      0    1.70e+00    0    1.18e+00
2007 02 18  1935    54149   70500      0    1.75e+00    0    1.22e+00
2007 02 18  1940    54149   70800      0    1.76e+00    0    1.23e+00
2007 02 18  1945    54149   71100      0    1.75e+00    0    1.24e+00
2007 02 18  1950    54149   71400      0    1.71e+00    0    1.20e+00
2007 02 18  1955    54149   71700      0    1.73e+00    0    1.21e+00
2007 02 18  2000    54149   72000      0    1.72e+00    0    1.20e+00
2007 02 18  2005    54149   72300      0    1.71e+00    0    1.20e+00
2007 02 18  2010    54149   72600      0    1.73e+00    0    1.20e+00
2007 02 18  2015    54149   72900      0    1.74e+00    0    1.22e+00
2007 02 18  2020    54149   73200      0    1.72e+00    0    1.20e+00
2007 02 18  2025    54149   73500      0    1.72e+00    0    1.20e+00
2007 02 18  2030    54149   73800      0    1.73e+00    0    1.21e+00
2007 02 18  2035    54149   74100      0    1.73e+00    0    1.21e+00
2007 02 18  2040    54149   74400      0    1.68e+00    0    1.17e+00
2007 02 18  2045    54149   74700      0    1.71e+00    0    1.20e+00
2007 02 18  2050    54149   75000      0    1.70e+00    0    1.19e+00
2007 02 18  2055    54149   75300      0    1.73e+00    0    1.21e+00
2007 02 18  2100    54149   75600      0    1.74e+00    0    1.21e+00
2007 02 18  2105    54149   75900      0    1.75e+00    0    1.23e+00
2007 02 18  2110    54149   76200      0    1.73e+00    0    1.22e+00
2007 02 18  2115    54149   76500      0    1.71e+00    0    1.19e+00
2007 02 18  2120    54149   76800      0    1.72e+00    0    1.19e+00
2007 02 18  2125    54149   77100      0    1.71e+00    0    1.18e+00
2007 02 18  2130    54149   77400      0    1.74e+00    0    1.23e+00
2007 02 18  2135    54149   77700      0    1.73e+00    0    1.21e+00
2007 02 18  2140    54149   78000      0    1.73e+00    0    1.22e+00
2007 02 18  2145    54149   78300      0    1.74e+00    0    1.20e+00
2007 02 18  2150    54149   78600      0    1.72e+00    0    1.20e+00
2007 02 18  2155    54149   78900      0    1.72e+00    0    1.21e+00
2007 02 18  2200    54149   79200      0    1.74e+00    0    1.21e+00
2007 02 18  2205    54149   79500      0    1.74e+00    0    1.21e+00
2007 02 18  2210    54149   79800      0    1.72e+00    0    1.21e+00
2007 02 18  2215    54149   80100      0    1.76e+00    0    1.24e+00
2007 02 18  2220    54149   80400      0    1.73e+00    0    1.21e+00
2007 02 18  2225    54149   80700      0    1.69e+00    0    1.18e+00
2007 02 18  2230    54149   81000      0    1.75e+00    0    1.23e+00
2007 02 18  2235    54149   81300      0    1.74e+00    0    1.21e+00
2007 02 18  2240    54149   81600      0    1.69e+00    0    1.18e+00
2007 02 18  2245    54149   81900      0    1.82e+00    0    1.26e+00
2007 02 18  2250    54149   82200      9   -1.00e+05    9   -1.00e+05
2007 02 18  2255    54149   82500      9   -1.00e+05    9   -1.00e+05
2007 02 18  2300    54149   82800      9   -1.00e+05    9   -1.00e+05
2007 02 18  2305    54149   83100      9   -1.00e+05    9   -1.00e+05
2007 02 18  2310    54149   83400      9   -1.00e+05    9   -1.00e+05
2007 02 18  2315    54149   83700      9   -1.00e+05    9   -1.00e+05
2007 02 18  2320    54149   84000      9   -1.00e+05    9   -1.00e+05
2007 02 18  2325    54149   84300      9   -1.00e+05    9   -1.00e+05
2007 02 18  2330    54149   84600      9   -1.00e+05    9   -1.00e+05
2007 02 18  2335    54149   84900      0    1.72e+00    0    1.21e+00
2007 02 18  2340    54149   85200      0    1.72e+00    0    1.20e+00
2007 02 18  2345    54149   85500      0    1.73e+00    0    1.22e+00
2007 02 18  2350    54149   85800      0    1.73e+00    0    1.20e+00
2007 02 18  2355    54149   86100      0    1.72e+00    0    1.20e+00
