:Data_list: 20071015_ace_sis_5m.txt
:Created: 2007 Oct 16 0011 UT
# Prepared by the U.S. Dept. of Commerce, NOAA, Space Weather Prediction Center
# Please send comments and suggestions to SWPC.Webmaster@noaa.gov 
# 
# Units: proton flux p/cs2-sec-ster
# Status(S): 0 = nominal data, 1 to 8 = bad data record, 9 = no data
# Missing data values: -1.00e+05
# Source: ACE Satellite - Solar Isotope Spectrometer
#
# 5-minute averaged Real-time Integral Flux of High-energy Solar Protons
# 
#                 Modified Seconds
# UT Date   Time   Julian  of the      ---- Integral Proton Flux ----
# YR MO DA  HHMM     Day     Day       S    > 10 MeV    S    > 30 MeV
#--------------------------------------------------------------------
2007 10 15  0000    54388       0      0    1.96e+00    0    1.37e+00
2007 10 15  0005    54388     300      0    1.98e+00    0    1.38e+00
2007 10 15  0010    54388     600      0    1.99e+00    0    1.39e+00
2007 10 15  0015    54388     900      0    1.94e+00    0    1.36e+00
2007 10 15  0020    54388    1200      0    1.98e+00    0    1.38e+00
2007 10 15  0025    54388    1500      0    1.96e+00    0    1.37e+00
2007 10 15  0030    54388    1800      0    2.00e+00    0    1.40e+00
2007 10 15  0035    54388    2100      0    1.99e+00    0    1.40e+00
2007 10 15  0040    54388    2400      0    1.95e+00    0    1.36e+00
2007 10 15  0045    54388    2700      0    1.97e+00    0    1.38e+00
2007 10 15  0050    54388    3000      0    1.97e+00    0    1.36e+00
2007 10 15  0055    54388    3300      0    1.94e+00    0    1.36e+00
2007 10 15  0100    54388    3600      0    1.98e+00    0    1.38e+00
2007 10 15  0105    54388    3900      0    1.94e+00    0    1.36e+00
2007 10 15  0110    54388    4200      0    1.97e+00    0    1.37e+00
2007 10 15  0115    54388    4500      0    2.01e+00    0    1.41e+00
2007 10 15  0120    54388    4800      0    1.99e+00    0    1.40e+00
2007 10 15  0125    54388    5100      0    2.01e+00    0    1.41e+00
2007 10 15  0130    54388    5400      0    1.94e+00    0    1.35e+00
2007 10 15  0135    54388    5700      0    1.96e+00    0    1.37e+00
2007 10 15  0140    54388    6000      0    2.00e+00    0    1.39e+00
2007 10 15  0145    54388    6300      0    2.00e+00    0    1.41e+00
2007 10 15  0150    54388    6600      0    2.00e+00    0    1.40e+00
2007 10 15  0155    54388    6900      0    1.99e+00    0    1.39e+00
2007 10 15  0200    54388    7200      0    1.99e+00    0    1.40e+00
2007 10 15  0205    54388    7500      0    1.96e+00    0    1.37e+00
2007 10 15  0210    54388    7800      0    1.95e+00    0    1.35e+00
2007 10 15  0215    54388    8100      0    1.98e+00    0    1.39e+00
2007 10 15  0220    54388    8400      0    1.97e+00    0    1.37e+00
2007 10 15  0225    54388    8700      0    1.99e+00    0    1.39e+00
2007 10 15  0230    54388    9000      0    1.95e+00    0    1.37e+00
2007 10 15  0235    54388    9300      0    1.98e+00    0    1.38e+00
2007 10 15  0240    54388    9600      0    2.01e+00    0    1.41e+00
2007 10 15  0245    54388    9900      0    1.97e+00    0    1.39e+00
2007 10 15  0250    54388   10200      0    1.93e+00    0    1.35e+00
2007 10 15  0255    54388   10500      0    2.01e+00    0    1.41e+00
2007 10 15  0300    54388   10800      0    1.95e+00    0    1.37e+00
2007 10 15  0305    54388   11100      0    1.91e+00    0    1.34e+00
2007 10 15  0310    54388   11400      0    2.00e+00    0    1.40e+00
2007 10 15  0315    54388   11700      0    1.94e+00    0    1.35e+00
2007 10 15  0320    54388   12000      0    1.92e+00    0    1.35e+00
2007 10 15  0325    54388   12300      0    1.95e+00    0    1.36e+00
2007 10 15  0330    54388   12600      0    1.99e+00    0    1.39e+00
2007 10 15  0335    54388   12900      0    1.97e+00    0    1.36e+00
2007 10 15  0340    54388   13200      0    1.98e+00    0    1.39e+00
2007 10 15  0345    54388   13500      0    1.97e+00    0    1.37e+00
2007 10 15  0350    54388   13800      0    1.97e+00    0    1.37e+00
2007 10 15  0355    54388   14100      0    1.97e+00    0    1.38e+00
2007 10 15  0400    54388   14400      0    1.97e+00    0    1.38e+00
2007 10 15  0405    54388   14700      0    1.84e+00    0    1.28e+00
2007 10 15  0410    54388   15000      0    1.98e+00    0    1.38e+00
2007 10 15  0415    54388   15300      0    1.92e+00    0    1.35e+00
2007 10 15  0420    54388   15600      0    1.93e+00    0    1.34e+00
2007 10 15  0425    54388   15900      0    1.95e+00    0    1.35e+00
2007 10 15  0430    54388   16200      0    1.98e+00    0    1.38e+00
2007 10 15  0435    54388   16500      0    1.98e+00    0    1.39e+00
2007 10 15  0440    54388   16800      0    2.00e+00    0    1.40e+00
2007 10 15  0445    54388   17100      0    1.97e+00    0    1.37e+00
2007 10 15  0450    54388   17400      0    1.97e+00    0    1.40e+00
2007 10 15  0455    54388   17700      0    1.97e+00    0    1.38e+00
2007 10 15  0500    54388   18000      0    1.98e+00    0    1.38e+00
2007 10 15  0505    54388   18300      0    1.97e+00    0    1.39e+00
2007 10 15  0510    54388   18600      0    2.00e+00    0    1.39e+00
2007 10 15  0515    54388   18900      0    1.98e+00    0    1.38e+00
2007 10 15  0520    54388   19200      0    2.01e+00    0    1.42e+00
2007 10 15  0525    54388   19500      0    1.98e+00    0    1.38e+00
2007 10 15  0530    54388   19800      0    1.94e+00    0    1.36e+00
2007 10 15  0535    54388   20100      0    1.97e+00    0    1.37e+00
2007 10 15  0540    54388   20400      0    1.99e+00    0    1.40e+00
2007 10 15  0545    54388   20700      0    1.95e+00    0    1.35e+00
2007 10 15  0550    54388   21000      0    1.98e+00    0    1.38e+00
2007 10 15  0555    54388   21300      0    2.02e+00    0    1.43e+00
2007 10 15  0600    54388   21600      0    1.93e+00    0    1.35e+00
2007 10 15  0605    54388   21900      0    1.95e+00    0    1.37e+00
2007 10 15  0610    54388   22200      0    1.93e+00    0    1.35e+00
2007 10 15  0615    54388   22500      0    1.93e+00    0    1.35e+00
2007 10 15  0620    54388   22800      0    1.95e+00    0    1.36e+00
2007 10 15  0625    54388   23100      0    1.95e+00    0    1.35e+00
2007 10 15  0630    54388   23400      0    1.97e+00    0    1.38e+00
2007 10 15  0635    54388   23700      0    1.99e+00    0    1.40e+00
2007 10 15  0640    54388   24000      0    1.90e+00    0    1.33e+00
2007 10 15  0645    54388   24300      0    1.95e+00    0    1.37e+00
2007 10 15  0650    54388   24600      0    1.96e+00    0    1.37e+00
2007 10 15  0655    54388   24900      0    1.92e+00    0    1.35e+00
2007 10 15  0700    54388   25200      0    1.92e+00    0    1.35e+00
2007 10 15  0705    54388   25500      0    1.96e+00    0    1.36e+00
2007 10 15  0710    54388   25800      0    1.96e+00    0    1.37e+00
2007 10 15  0715    54388   26100      0    2.01e+00    0    1.40e+00
2007 10 15  0720    54388   26400      0    1.95e+00    0    1.36e+00
2007 10 15  0725    54388   26700      0    1.98e+00    0    1.38e+00
2007 10 15  0730    54388   27000      0    1.96e+00    0    1.38e+00
2007 10 15  0735    54388   27300      0    1.97e+00    0    1.38e+00
2007 10 15  0740    54388   27600      0    1.94e+00    0    1.36e+00
2007 10 15  0745    54388   27900      0    1.96e+00    0    1.37e+00
2007 10 15  0750    54388   28200      0    1.93e+00    0    1.36e+00
2007 10 15  0755    54388   28500      0    1.92e+00    0    1.35e+00
2007 10 15  0800    54388   28800      0    1.92e+00    0    1.34e+00
2007 10 15  0805    54388   29100      0    1.96e+00    0    1.37e+00
2007 10 15  0810    54388   29400      0    1.95e+00    0    1.35e+00
2007 10 15  0815    54388   29700      0    1.97e+00    0    1.38e+00
2007 10 15  0820    54388   30000      0    1.96e+00    0    1.37e+00
2007 10 15  0825    54388   30300      0    1.98e+00    0    1.38e+00
2007 10 15  0830    54388   30600      0    1.95e+00    0    1.38e+00
2007 10 15  0835    54388   30900      0    1.98e+00    0    1.38e+00
2007 10 15  0840    54388   31200      0    1.97e+00    0    1.38e+00
2007 10 15  0845    54388   31500      0    2.02e+00    0    1.42e+00
2007 10 15  0850    54388   31800      0    1.94e+00    0    1.37e+00
2007 10 15  0855    54388   32100      0    1.99e+00    0    1.39e+00
2007 10 15  0900    54388   32400      0    1.98e+00    0    1.38e+00
2007 10 15  0905    54388   32700      0    1.96e+00    0    1.38e+00
2007 10 15  0910    54388   33000      0    1.97e+00    0    1.38e+00
2007 10 15  0915    54388   33300      0    1.96e+00    0    1.37e+00
2007 10 15  0920    54388   33600      0    1.96e+00    0    1.36e+00
2007 10 15  0925    54388   33900      0    1.96e+00    0    1.37e+00
2007 10 15  0930    54388   34200      0    1.96e+00    0    1.36e+00
2007 10 15  0935    54388   34500      0    1.96e+00    0    1.36e+00
2007 10 15  0940    54388   34800      0    1.97e+00    0    1.38e+00
2007 10 15  0945    54388   35100      0    1.96e+00    0    1.37e+00
2007 10 15  0950    54388   35400      0    1.96e+00    0    1.37e+00
2007 10 15  0955    54388   35700      0    1.97e+00    0    1.38e+00
2007 10 15  1000    54388   36000      0    1.96e+00    0    1.39e+00
2007 10 15  1005    54388   36300      0    1.98e+00    0    1.39e+00
2007 10 15  1010    54388   36600      0    1.98e+00    0    1.39e+00
2007 10 15  1015    54388   36900      0    1.98e+00    0    1.39e+00
2007 10 15  1020    54388   37200      0    2.00e+00    0    1.39e+00
2007 10 15  1025    54388   37500      0    1.92e+00    0    1.34e+00
2007 10 15  1030    54388   37800      0    1.96e+00    0    1.37e+00
2007 10 15  1035    54388   38100      0    1.94e+00    0    1.36e+00
2007 10 15  1040    54388   38400      0    1.97e+00    0    1.37e+00
2007 10 15  1045    54388   38700      0    1.94e+00    0    1.34e+00
2007 10 15  1050    54388   39000      0    1.97e+00    0    1.36e+00
2007 10 15  1055    54388   39300      0    1.95e+00    0    1.36e+00
2007 10 15  1100    54388   39600      0    1.99e+00    0    1.40e+00
2007 10 15  1105    54388   39900      0    1.99e+00    0    1.39e+00
2007 10 15  1110    54388   40200      0    1.96e+00    0    1.37e+00
2007 10 15  1115    54388   40500      0    2.00e+00    0    1.39e+00
2007 10 15  1120    54388   40800      0    1.97e+00    0    1.37e+00
2007 10 15  1125    54388   41100      0    1.96e+00    0    1.37e+00
2007 10 15  1130    54388   41400      0    1.96e+00    0    1.37e+00
2007 10 15  1135    54388   41700      0    1.97e+00    0    1.38e+00
2007 10 15  1140    54388   42000      0    1.97e+00    0    1.37e+00
2007 10 15  1145    54388   42300      0    1.97e+00    0    1.38e+00
2007 10 15  1150    54388   42600      0    2.00e+00    0    1.39e+00
2007 10 15  1155    54388   42900      0    1.95e+00    0    1.35e+00
2007 10 15  1200    54388   43200      0    1.97e+00    0    1.38e+00
2007 10 15  1205    54388   43500      0    1.98e+00    0    1.38e+00
2007 10 15  1210    54388   43800      0    1.99e+00    0    1.40e+00
2007 10 15  1215    54388   44100      0    1.98e+00    0    1.40e+00
2007 10 15  1220    54388   44400      0    1.97e+00    0    1.37e+00
2007 10 15  1225    54388   44700      0    1.96e+00    0    1.36e+00
2007 10 15  1230    54388   45000      0    1.96e+00    0    1.36e+00
2007 10 15  1235    54388   45300      0    1.94e+00    0    1.35e+00
2007 10 15  1240    54388   45600      0    2.00e+00    0    1.39e+00
2007 10 15  1245    54388   45900      0    1.98e+00    0    1.38e+00
2007 10 15  1250    54388   46200      0    1.99e+00    0    1.38e+00
2007 10 15  1255    54388   46500      0    1.98e+00    0    1.39e+00
2007 10 15  1300    54388   46800      0    2.00e+00    0    1.39e+00
2007 10 15  1305    54388   47100      0    1.97e+00    0    1.36e+00
2007 10 15  1310    54388   47400      0    1.98e+00    0    1.38e+00
2007 10 15  1315    54388   47700      0    1.96e+00    0    1.37e+00
2007 10 15  1320    54388   48000      0    1.98e+00    0    1.39e+00
2007 10 15  1325    54388   48300      0    1.99e+00    0    1.38e+00
2007 10 15  1330    54388   48600      0    2.03e+00    0    1.42e+00
2007 10 15  1335    54388   48900      0    1.95e+00    0    1.36e+00
2007 10 15  1340    54388   49200      0    1.98e+00    0    1.39e+00
2007 10 15  1345    54388   49500      0    1.93e+00    0    1.35e+00
2007 10 15  1350    54388   49800      0    1.93e+00    0    1.34e+00
2007 10 15  1355    54388   50100      0    2.02e+00    0    1.41e+00
2007 10 15  1400    54388   50400      0    1.97e+00    0    1.38e+00
2007 10 15  1405    54388   50700      0    1.97e+00    0    1.38e+00
2007 10 15  1410    54388   51000      0    1.99e+00    0    1.39e+00
2007 10 15  1415    54388   51300      0    1.99e+00    0    1.39e+00
2007 10 15  1420    54388   51600      0    1.97e+00    0    1.37e+00
2007 10 15  1425    54388   51900      0    2.01e+00    0    1.39e+00
2007 10 15  1430    54388   52200      0    1.96e+00    0    1.36e+00
2007 10 15  1435    54388   52500      0    1.92e+00    0    1.34e+00
2007 10 15  1440    54388   52800      0    1.98e+00    0    1.38e+00
2007 10 15  1445    54388   53100      0    1.96e+00    0    1.38e+00
2007 10 15  1450    54388   53400      0    2.02e+00    0    1.41e+00
2007 10 15  1455    54388   53700      0    2.00e+00    0    1.39e+00
2007 10 15  1500    54388   54000      0    2.03e+00    0    1.42e+00
2007 10 15  1505    54388   54300      0    1.98e+00    0    1.39e+00
2007 10 15  1510    54388   54600      0    1.91e+00    0    1.34e+00
2007 10 15  1515    54388   54900      0    1.97e+00    0    1.39e+00
2007 10 15  1520    54388   55200      0    1.92e+00    0    1.35e+00
2007 10 15  1525    54388   55500      0    1.96e+00    0    1.37e+00
2007 10 15  1530    54388   55800      0    1.98e+00    0    1.38e+00
2007 10 15  1535    54388   56100      0    1.95e+00    0    1.35e+00
2007 10 15  1540    54388   56400      0    1.99e+00    0    1.39e+00
2007 10 15  1545    54388   56700      0    1.94e+00    0    1.37e+00
2007 10 15  1550    54388   57000      0    1.99e+00    0    1.39e+00
2007 10 15  1555    54388   57300      0    2.03e+00    0    1.43e+00
2007 10 15  1600    54388   57600      0    1.99e+00    0    1.39e+00
2007 10 15  1605    54388   57900      0    1.96e+00    0    1.37e+00
2007 10 15  1610    54388   58200      0    2.00e+00    0    1.40e+00
2007 10 15  1615    54388   58500      0    1.99e+00    0    1.42e+00
2007 10 15  1620    54388   58800      9   -1.00e+05    9   -1.00e+05
2007 10 15  1625    54388   59100      9   -1.00e+05    9   -1.00e+05
2007 10 15  1630    54388   59400      9   -1.00e+05    9   -1.00e+05
2007 10 15  1635    54388   59700      0    1.94e+00    0    1.36e+00
2007 10 15  1640    54388   60000      0    1.97e+00    0    1.36e+00
2007 10 15  1645    54388   60300      0    2.03e+00    0    1.44e+00
2007 10 15  1650    54388   60600      0    2.03e+00    0    1.41e+00
2007 10 15  1655    54388   60900      0    1.96e+00    0    1.38e+00
2007 10 15  1700    54388   61200      0    2.00e+00    0    1.40e+00
2007 10 15  1705    54388   61500      0    1.97e+00    0    1.37e+00
2007 10 15  1710    54388   61800      0    1.98e+00    0    1.38e+00
2007 10 15  1715    54388   62100      0    1.99e+00    0    1.39e+00
2007 10 15  1720    54388   62400      0    2.00e+00    0    1.41e+00
2007 10 15  1725    54388   62700      0    1.98e+00    0    1.39e+00
2007 10 15  1730    54388   63000      0    1.98e+00    0    1.38e+00
2007 10 15  1735    54388   63300      0    1.99e+00    0    1.39e+00
2007 10 15  1740    54388   63600      0    1.97e+00    0    1.36e+00
2007 10 15  1745    54388   63900      0    1.96e+00    0    1.36e+00
2007 10 15  1750    54388   64200      0    2.00e+00    0    1.40e+00
2007 10 15  1755    54388   64500      0    1.98e+00    0    1.39e+00
2007 10 15  1800    54388   64800      0    1.96e+00    0    1.38e+00
2007 10 15  1805    54388   65100      0    2.00e+00    0    1.40e+00
2007 10 15  1810    54388   65400      0    1.96e+00    0    1.37e+00
2007 10 15  1815    54388   65700      0    1.99e+00    0    1.39e+00
2007 10 15  1820    54388   66000      0    1.96e+00    0    1.38e+00
2007 10 15  1825    54388   66300      0    1.96e+00    0    1.37e+00
2007 10 15  1830    54388   66600      0    1.97e+00    0    1.38e+00
2007 10 15  1835    54388   66900      0    1.96e+00    0    1.37e+00
2007 10 15  1840    54388   67200      0    1.97e+00    0    1.38e+00
2007 10 15  1845    54388   67500      0    1.99e+00    0    1.39e+00
2007 10 15  1850    54388   67800      0    1.99e+00    0    1.39e+00
2007 10 15  1855    54388   68100      0    2.02e+00    0    1.42e+00
2007 10 15  1900    54388   68400      0    1.97e+00    0    1.38e+00
2007 10 15  1905    54388   68700      0    2.00e+00    0    1.39e+00
2007 10 15  1910    54388   69000      0    2.01e+00    0    1.39e+00
2007 10 15  1915    54388   69300      0    2.00e+00    0    1.40e+00
2007 10 15  1920    54388   69600      0    2.00e+00    0    1.40e+00
2007 10 15  1925    54388   69900      0    1.97e+00    0    1.38e+00
2007 10 15  1930    54388   70200      0    1.98e+00    0    1.39e+00
2007 10 15  1935    54388   70500      0    1.98e+00    0    1.40e+00
2007 10 15  1940    54388   70800      0    2.00e+00    0    1.39e+00
2007 10 15  1945    54388   71100      0    2.02e+00    0    1.42e+00
2007 10 15  1950    54388   71400      0    1.96e+00    0    1.37e+00
2007 10 15  1955    54388   71700      0    1.97e+00    0    1.37e+00
2007 10 15  2000    54388   72000      0    1.95e+00    0    1.35e+00
2007 10 15  2005    54388   72300      0    1.98e+00    0    1.39e+00
2007 10 15  2010    54388   72600      0    1.97e+00    0    1.38e+00
2007 10 15  2015    54388   72900      0    2.00e+00    0    1.41e+00
2007 10 15  2020    54388   73200      0    1.94e+00    0    1.37e+00
2007 10 15  2025    54388   73500      0    1.98e+00    0    1.39e+00
2007 10 15  2030    54388   73800      0    1.94e+00    0    1.35e+00
2007 10 15  2035    54388   74100      0    1.98e+00    0    1.39e+00
2007 10 15  2040    54388   74400      0    1.97e+00    0    1.38e+00
2007 10 15  2045    54388   74700      0    1.95e+00    0    1.37e+00
2007 10 15  2050    54388   75000      0    1.98e+00    0    1.39e+00
2007 10 15  2055    54388   75300      0    1.97e+00    0    1.39e+00
2007 10 15  2100    54388   75600      0    1.95e+00    0    1.35e+00
2007 10 15  2105    54388   75900      0    2.03e+00    0    1.41e+00
2007 10 15  2110    54388   76200      0    1.96e+00    0    1.38e+00
2007 10 15  2115    54388   76500      0    1.97e+00    0    1.38e+00
2007 10 15  2120    54388   76800      0    1.90e+00    0    1.31e+00
2007 10 15  2125    54388   77100      9   -1.00e+05    9   -1.00e+05
2007 10 15  2130    54388   77400      9   -1.00e+05    9   -1.00e+05
2007 10 15  2135    54388   77700      9   -1.00e+05    9   -1.00e+05
2007 10 15  2140    54388   78000      0    1.94e+00    0    1.35e+00
2007 10 15  2145    54388   78300      0    1.97e+00    0    1.39e+00
2007 10 15  2150    54388   78600      0    1.98e+00    0    1.39e+00
2007 10 15  2155    54388   78900      0    1.97e+00    0    1.37e+00
2007 10 15  2200    54388   79200      0    1.99e+00    0    1.40e+00
2007 10 15  2205    54388   79500      0    2.00e+00    0    1.39e+00
2007 10 15  2210    54388   79800      0    1.98e+00    0    1.36e+00
2007 10 15  2215    54388   80100      0    2.00e+00    0    1.39e+00
2007 10 15  2220    54388   80400      0    1.98e+00    0    1.39e+00
2007 10 15  2225    54388   80700      0    1.96e+00    0    1.36e+00
2007 10 15  2230    54388   81000      0    2.01e+00    0    1.41e+00
2007 10 15  2235    54388   81300      0    1.93e+00    0    1.35e+00
2007 10 15  2240    54388   81600      0    1.99e+00    0    1.40e+00
2007 10 15  2245    54388   81900      0    1.98e+00    0    1.38e+00
2007 10 15  2250    54388   82200      0    1.97e+00    0    1.39e+00
2007 10 15  2255    54388   82500      0    1.99e+00    0    1.39e+00
2007 10 15  2300    54388   82800      0    1.97e+00    0    1.38e+00
2007 10 15  2305    54388   83100      0    1.96e+00    0    1.37e+00
2007 10 15  2310    54388   83400      0    1.95e+00    0    1.36e+00
2007 10 15  2315    54388   83700      0    1.99e+00    0    1.40e+00
2007 10 15  2320    54388   84000      0    2.00e+00    0    1.41e+00
2007 10 15  2325    54388   84300      0    2.00e+00    0    1.42e+00
2007 10 15  2330    54388   84600      0    1.97e+00    0    1.38e+00
2007 10 15  2335    54388   84900      0    1.96e+00    0    1.38e+00
2007 10 15  2340    54388   85200      0    1.99e+00    0    1.38e+00
2007 10 15  2345    54388   85500      0    1.96e+00    0    1.36e+00
2007 10 15  2350    54388   85800      0    1.93e+00    0    1.33e+00
2007 10 15  2355    54388   86100      0    2.01e+00    0    1.40e+00
