:Data_list: 20070127_ace_epam_5m.txt
:Created: 2007 Jan 28 0012 UT
# Prepared by the U.S. Dept. of Commerce, NOAA, Space Environment Center.
# Please send comments and suggestions to SEC.Webmaster@noaa.gov 
# 
# Units: Differential Flux particles/cm2-s-ster-MeV
# Units: Anisotropy Index 0.0 - 2.0
# Status(S): 0 = nominal, 4,6,7,8 = bad data, unable to process, 9 = no data
# Missing data values: -1.00e+05, index = -1.00
# Source: ACE Satellite - Electron, Proton, and Alpha Monitor
# 2004 Feb 04: see http://www.sec.noaa.gov/ftpdir/lists/ace/README for EPAM channel change notice.
#
#                      5-minute averaged Real-time Differential Electron and Proton Flux 
# 
#                Modified Seconds ---------------------------- Differential Flux --------------------------- 
# UT Date   Time  Julian  of the  ----- Electron -----   ------------------- Protons keV -------------------   Anis.
# YR MO DA  HHMM    Day    Day    S    38-53   175-315   S    47-68   115-195   310-580   761-1220 1060-1900   Ratio
#-------------------------------------------------------------------------------------------------------------------
2007 01 27  0000   54127       0  0  1.33e+03  2.39e+01  0  1.55e+03  2.04e+01  2.40e+00  7.05e-01  2.90e-01   0.06
2007 01 27  0005   54127     300  0  1.28e+03  2.71e+01  0  1.41e+03  2.21e+01  2.34e+00  5.72e-01  1.83e-01   0.10
2007 01 27  0010   54127     600  0  1.35e+03  2.57e+01  0  1.52e+03  2.17e+01  2.46e+00  7.28e-01  1.58e-01   0.15
2007 01 27  0015   54127     900  0  1.37e+03  2.42e+01  0  1.57e+03  2.17e+01  2.19e+00  7.39e-01  1.96e-01   0.29
2007 01 27  0020   54127    1200  0  1.30e+03  2.43e+01  0  1.56e+03  1.98e+01  1.98e+00  5.53e-01  2.12e-01   0.38
2007 01 27  0025   54127    1500  0  1.33e+03  2.30e+01  0  1.51e+03  2.29e+01  2.72e+00  6.24e-01  1.26e-01   0.31
2007 01 27  0030   54127    1800  0  1.40e+03  2.57e+01  0  1.58e+03  1.92e+01  2.06e+00  6.86e-01  2.12e-01   0.12
2007 01 27  0035   54127    2100  0  1.30e+03  2.42e+01  0  1.54e+03  1.60e+01  2.75e+00  4.78e-01  1.90e-01   0.42
2007 01 27  0040   54127    2400  0  1.23e+03  2.76e+01  0  1.38e+03  2.09e+01  2.23e+00  4.16e-01  1.69e-01   0.37
2007 01 27  0045   54127    2700  0  1.38e+03  2.50e+01  0  1.54e+03  2.25e+01  2.77e+00  7.56e-01  1.96e-01   0.37
2007 01 27  0050   54127    3000  0  1.29e+03  2.24e+01  0  1.49e+03  2.37e+01  2.85e+00  7.48e-01  1.16e-01   0.38
2007 01 27  0055   54127    3300  0  1.33e+03  2.22e+01  0  1.45e+03  1.99e+01  2.55e+00  6.51e-01  2.76e-01   0.26
2007 01 27  0100   54127    3600  0  1.41e+03  2.17e+01  0  1.54e+03  1.79e+01  2.44e+00  6.86e-01  2.85e-01   0.30
2007 01 27  0105   54127    3900  0  1.38e+03  2.61e+01  0  1.49e+03  1.97e+01  2.79e+00  7.28e-01  1.90e-01   0.45
2007 01 27  0110   54127    4200  0  1.39e+03  2.21e+01  0  1.54e+03  2.03e+01  2.63e+00  7.39e-01  1.83e-01   0.23
2007 01 27  0115   54127    4500  0  1.28e+03  3.03e+01  0  1.40e+03  2.28e+01  2.13e+00  8.11e-01  1.90e-01   0.25
2007 01 27  0120   54127    4800  0  1.50e+03  2.30e+01  0  1.59e+03  1.97e+01  2.56e+00  4.57e-01  2.21e-01   0.58
2007 01 27  0125   54127    5100  0  1.43e+03  2.37e+01  0  1.58e+03  2.13e+01  2.50e+00  7.39e-01  1.96e-01   0.34
2007 01 27  0130   54127    5400  0  1.26e+03  3.09e+01  0  1.40e+03  2.07e+01  2.46e+00  6.65e-01  1.16e-01   0.24
2007 01 27  0135   54127    5700  0  1.38e+03  2.29e+01  0  1.54e+03  2.05e+01  2.49e+00  8.00e-01  2.03e-01   0.14
2007 01 27  0140   54127    6000  0  1.36e+03  2.39e+01  0  1.53e+03  1.80e+01  2.80e+00  6.51e-01  1.43e-01   0.42
2007 01 27  0145   54127    6300  0  1.27e+03  2.42e+01  0  1.53e+03  1.85e+01  2.20e+00  5.40e-01  2.00e-01   0.38
2007 01 27  0150   54127    6600  0  1.30e+03  2.83e+01  0  1.44e+03  2.20e+01  2.97e+00  3.62e-01  2.03e-01   0.52
2007 01 27  0155   54127    6900  0  1.24e+03  2.62e+01  0  1.54e+03  2.37e+01  2.67e+00  7.81e-01  2.51e-01   0.50
2007 01 27  0200   54127    7200  0  1.29e+03  2.51e+01  0  1.48e+03  2.28e+01  2.23e+00  7.07e-01  1.79e-01   0.33
2007 01 27  0205   54127    7500  0  1.29e+03  2.75e+01  0  1.41e+03  2.03e+01  2.88e+00  5.34e-01  9.66e-02   0.37
2007 01 27  0210   54127    7800  0  1.42e+03  2.71e+01  0  1.51e+03  2.13e+01  2.91e+00  8.38e-01  1.84e-01   0.80
2007 01 27  0215   54127    8100  0  1.26e+03  2.92e+01  0  1.55e+03  1.93e+01  1.92e+00  8.19e-01  1.45e-01   0.27
2007 01 27  0220   54127    8400  0  1.26e+03  2.48e+01  0  1.48e+03  1.97e+01  2.85e+00  5.72e-01  1.83e-01   0.28
2007 01 27  0225   54127    8700  0  1.37e+03  2.57e+01  0  1.55e+03  1.92e+01  2.64e+00  7.05e-01  1.74e-01   0.42
2007 01 27  0230   54127    9000  0  1.31e+03  2.71e+01  0  1.46e+03  1.91e+01  2.43e+00  7.05e-01  1.26e-01   0.11
2007 01 27  0235   54127    9300  0  1.34e+03  2.80e+01  0  1.48e+03  2.15e+01  2.56e+00  6.65e-01  1.37e-01   0.12
2007 01 27  0240   54127    9600  0  1.41e+03  2.83e+01  0  1.37e+03  1.69e+01  3.03e+00  5.34e-01  2.03e-01   0.12
2007 01 27  0245   54127    9900  0  1.39e+03  2.44e+01  0  1.55e+03  2.25e+01  2.16e+00  7.81e-01  1.93e-01   0.12
2007 01 27  0250   54127   10200  0  1.52e+03  2.63e+01  0  1.51e+03  2.06e+01  2.16e+00  6.65e-01  1.79e-01   0.09
2007 01 27  0255   54127   10500  0  1.33e+03  2.76e+01  0  1.40e+03  2.25e+01  2.08e+00  5.28e-01  1.78e-01   0.63
2007 01 27  0300   54127   10800  0  1.42e+03  2.14e+01  0  1.51e+03  1.92e+01  2.16e+00  8.19e-01  1.83e-01   0.44
2007 01 27  0305   54127   11100  0  1.37e+03  2.94e+01  0  1.51e+03  1.94e+01  2.56e+00  5.61e-01  2.42e-01   0.84
2007 01 27  0310   54127   11400  0  1.40e+03  2.62e+01  0  1.50e+03  2.03e+01  2.69e+00  8.09e-01  2.94e-01   0.53
2007 01 27  0315   54127   11700  0  1.34e+03  2.45e+01  0  1.48e+03  2.08e+01  2.56e+00  6.44e-01  2.00e-01   0.30
2007 01 27  0320   54127   12000  0  1.36e+03  2.63e+01  0  1.47e+03  2.04e+01  2.72e+00  8.11e-01  2.21e-01   0.11
2007 01 27  0325   54127   12300  0  1.34e+03  2.60e+01  0  1.60e+03  1.81e+01  2.02e+00  7.56e-01  2.23e-01   0.11
2007 01 27  0330   54127   12600  0  1.36e+03  2.32e+01  0  1.41e+03  1.85e+01  2.10e+00  6.86e-01  1.90e-01   0.38
2007 01 27  0335   54127   12900  0  1.41e+03  2.71e+01  0  1.56e+03  2.05e+01  3.13e+00  5.80e-01  1.60e-01   0.19
2007 01 27  0340   54127   13200  0  1.22e+03  2.32e+01  0  1.51e+03  2.05e+01  2.80e+00  7.39e-01  1.69e-01   0.08
2007 01 27  0345   54127   13500  0  1.09e+03  2.71e+01  0  1.52e+03  2.02e+01  2.36e+00  6.65e-01  2.11e-01   0.28
2007 01 27  0350   54127   13800  0  1.15e+03  2.35e+01  0  1.50e+03  2.18e+01  2.66e+00  6.51e-01  1.60e-01   0.22
2007 01 27  0355   54127   14100  0  1.07e+03  2.30e+01  0  1.51e+03  2.21e+01  2.26e+00  8.11e-01  1.79e-01   0.49
2007 01 27  0400   54127   14400  0  1.24e+03  2.53e+01  0  1.45e+03  2.06e+01  2.26e+00  4.99e-01  1.48e-01   0.55
2007 01 27  0405   54127   14700  0  1.16e+03  2.68e+01  0  1.41e+03  1.95e+01  2.41e+00  7.04e-01  2.05e-01   0.17
2007 01 27  0410   54127   15000  0  1.14e+03  2.55e+01  0  1.58e+03  2.06e+01  2.79e+00  4.99e-01  1.42e-01   0.12
2007 01 27  0415   54127   15300  0  1.03e+03  2.64e+01  0  1.56e+03  1.98e+01  2.13e+00  8.00e-01  1.45e-01   0.35
2007 01 27  0420   54127   15600  0  1.11e+03  3.03e+01  0  1.46e+03  2.34e+01  1.75e+00  6.86e-01  2.50e-01   0.31
2007 01 27  0425   54127   15900  0  1.13e+03  2.49e+01  0  1.47e+03  2.22e+01  2.66e+00  4.99e-01  2.53e-01   0.74
2007 01 27  0430   54127   16200  0  1.18e+03  2.53e+01  0  1.49e+03  2.01e+01  2.97e+00  4.95e-01  1.74e-01   0.41
2007 01 27  0435   54127   16500  0  1.10e+03  2.53e+01  0  1.48e+03  2.16e+01  2.64e+00  8.95e-01  1.26e-01   0.35
2007 01 27  0440   54127   16800  0  1.25e+03  2.22e+01  0  1.48e+03  2.11e+01  2.13e+00  6.65e-01  1.26e-01   0.32
2007 01 27  0445   54127   17100  0  1.18e+03  2.66e+01  0  1.56e+03  2.02e+01  2.25e+00  5.34e-01  2.41e-01   0.32
2007 01 27  0450   54127   17400  0  1.14e+03  2.87e+01  0  1.54e+03  1.82e+01  2.22e+00  5.91e-01  1.26e-01   0.06
2007 01 27  0455   54127   17700  0  1.01e+03  2.21e+01  0  1.42e+03  2.02e+01  2.88e+00  6.48e-01  1.16e-01   0.17
2007 01 27  0500   54127   18000  0  1.08e+03  2.53e+01  0  1.49e+03  2.12e+01  2.37e+00  4.57e-01  2.90e-01   0.50
2007 01 27  0505   54127   18300  0  1.04e+03  2.64e+01  0  1.49e+03  2.04e+01  2.22e+00  5.34e-01  1.83e-01   0.25
2007 01 27  0510   54127   18600  0  1.05e+03  2.53e+01  0  1.53e+03  2.06e+01  2.22e+00  6.29e-01  2.03e-01   0.12
2007 01 27  0515   54127   18900  0  1.14e+03  2.67e+01  0  1.49e+03  2.11e+01  2.82e+00  5.40e-01  1.26e-01   0.39
2007 01 27  0520   54127   19200  0  1.21e+03  2.59e+01  0  1.50e+03  2.17e+01  2.07e+00  5.91e-01  2.12e-01   0.41
2007 01 27  0525   54127   19500  0  1.14e+03  2.48e+01  0  1.54e+03  2.15e+01  2.46e+00  7.43e-01  1.90e-01   0.25
2007 01 27  0530   54127   19800  0  1.13e+03  2.32e+01  0  1.42e+03  2.18e+01  2.56e+00  7.07e-01  1.48e-01   0.13
2007 01 27  0535   54127   20100  0  1.18e+03  2.81e+01  0  1.53e+03  1.95e+01  2.50e+00  6.33e-01  2.05e-01   0.51
2007 01 27  0540   54127   20400  0  1.11e+03  2.78e+01  0  1.53e+03  2.05e+01  2.61e+00  6.29e-01  2.12e-01   0.71
2007 01 27  0545   54127   20700  0  1.17e+03  2.15e+01  0  1.44e+03  1.92e+01  2.39e+00  6.44e-01  2.00e-01   0.55
2007 01 27  0550   54127   21000  0  1.23e+03  2.45e+01  0  1.46e+03  2.04e+01  2.63e+00  6.68e-01  2.05e-01   0.23
2007 01 27  0555   54127   21300  0  1.14e+03  2.28e+01  0  1.45e+03  2.19e+01  2.82e+00  8.11e-01  1.79e-01   0.38
2007 01 27  0600   54127   21600  0  1.06e+03  2.78e+01  0  1.45e+03  2.00e+01  2.82e+00  6.86e-01  1.79e-01   0.49
2007 01 27  0605   54127   21900  0  1.09e+03  2.86e+01  0  1.42e+03  2.07e+01  2.14e+00  5.63e-01  1.34e-01   0.88
2007 01 27  0610   54127   22200  0  1.24e+03  2.45e+01  0  1.55e+03  2.08e+01  1.80e+00  8.31e-01  1.58e-01   0.39
2007 01 27  0615   54127   22500  0  1.09e+03  2.71e+01  0  1.53e+03  2.04e+01  2.38e+00  4.22e-01  2.14e-01   1.05
2007 01 27  0620   54127   22800  0  1.10e+03  2.39e+01  0  1.45e+03  2.04e+01  2.61e+00  7.04e-01  1.87e-01   0.36
2007 01 27  0625   54127   23100  0  1.16e+03  2.38e+01  0  1.55e+03  2.07e+01  2.33e+00  7.69e-01  1.74e-01   0.43
2007 01 27  0630   54127   23400  0  1.08e+03  2.49e+01  0  1.49e+03  1.88e+01  2.83e+00  4.92e-01  2.76e-01   0.46
2007 01 27  0635   54127   23700  0  1.16e+03  2.65e+01  0  1.44e+03  1.96e+01  2.46e+00  6.86e-01  1.58e-01   0.04
2007 01 27  0640   54127   24000  0  1.09e+03  2.82e+01  0  1.47e+03  1.80e+01  2.43e+00  5.82e-01  1.05e-01   0.25
2007 01 27  0645   54127   24300  0  1.14e+03  2.34e+01  0  1.51e+03  2.03e+01  2.66e+00  5.10e-01  1.43e-01   0.09
2007 01 27  0650   54127   24600  0  1.15e+03  2.53e+01  0  1.50e+03  2.10e+01  2.29e+00  7.69e-01  1.26e-01   0.11
2007 01 27  0655   54127   24900  0  1.01e+03  2.73e+01  0  1.43e+03  1.84e+01  2.10e+00  6.48e-01  2.03e-01   0.60
2007 01 27  0700   54127   25200  0  1.14e+03  2.63e+01  0  1.56e+03  1.83e+01  2.50e+00  6.86e-01  2.05e-01   0.25
2007 01 27  0705   54127   25500  0  1.16e+03  2.30e+01  0  1.52e+03  2.23e+01  2.07e+00  6.03e-01  2.21e-01   0.34
2007 01 27  0710   54127   25800  0  1.05e+03  2.89e+01  0  1.50e+03  1.88e+01  2.43e+00  6.67e-01  1.93e-01   0.27
2007 01 27  0715   54127   26100  0  1.26e+03  2.37e+01  0  1.49e+03  2.23e+01  2.16e+00  5.72e-01  1.47e-01   0.21
2007 01 27  0720   54127   26400  0  1.01e+03  2.22e+01  0  1.49e+03  1.89e+01  2.59e+00  7.90e-01  2.00e-01   0.36
2007 01 27  0725   54127   26700  0  1.10e+03  2.55e+01  0  1.54e+03  1.98e+01  2.10e+00  6.48e-01  2.22e-01   0.46
2007 01 27  0730   54127   27000  0  1.21e+03  2.06e+01  0  1.38e+03  1.79e+01  2.49e+00  5.34e-01  1.83e-01   1.06
2007 01 27  0735   54127   27300  0  1.18e+03  2.43e+01  0  1.54e+03  1.78e+01  2.28e+00  6.67e-01  2.41e-01   0.39
2007 01 27  0740   54127   27600  0  1.14e+03  2.52e+01  0  1.52e+03  2.20e+01  2.58e+00  7.05e-01  1.55e-01   0.13
2007 01 27  0745   54127   27900  0  1.08e+03  2.89e+01  0  1.44e+03  1.95e+01  2.61e+00  6.10e-01  1.93e-01   0.59
2007 01 27  0750   54127   28200  0  1.17e+03  2.44e+01  0  1.53e+03  2.16e+01  2.31e+00  7.05e-01  1.64e-01   0.14
2007 01 27  0755   54127   28500  0  1.19e+03  3.01e+01  0  1.47e+03  2.11e+01  2.26e+00  5.20e-01  9.48e-02   0.23
2007 01 27  0800   54127   28800  0  1.05e+03  2.60e+01  0  1.54e+03  2.13e+01  2.34e+00  6.10e-01  1.16e-01   0.46
2007 01 27  0805   54127   29100  0  1.17e+03  2.16e+01  0  1.49e+03  1.74e+01  1.98e+00  6.48e-01  8.43e-02   0.18
2007 01 27  0810   54127   29400  0  1.21e+03  2.69e+01  0  1.54e+03  2.07e+01  2.69e+00  5.20e-01  2.11e-01   0.43
2007 01 27  0815   54127   29700  0  1.09e+03  2.52e+01  0  1.53e+03  2.13e+01  2.47e+00  5.10e-01  2.05e-01   0.27
2007 01 27  0820   54127   30000  0  1.15e+03  2.75e+01  0  1.37e+03  1.99e+01  2.67e+00  6.67e-01  1.35e-01   0.25
2007 01 27  0825   54127   30300  0  1.33e+03  2.76e+01  0  1.52e+03  1.83e+01  2.62e+00  5.40e-01  8.43e-02   0.53
2007 01 27  0830   54127   30600  0  1.13e+03  2.58e+01  0  1.50e+03  2.29e+01  2.33e+00  4.22e-01  1.78e-01   0.21
2007 01 27  0835   54127   30900  0  1.09e+03  2.72e+01  0  1.50e+03  2.08e+01  2.33e+00  7.69e-01  1.26e-01   0.19
2007 01 27  0840   54127   31200  0  1.22e+03  2.28e+01  0  1.48e+03  1.95e+01  2.20e+00  6.65e-01  1.69e-01   0.52
2007 01 27  0845   54127   31500  0  1.19e+03  2.39e+01  0  1.54e+03  1.88e+01  2.22e+00  6.86e-01  2.05e-01   0.24
2007 01 27  0850   54127   31800  0  1.15e+03  2.57e+01  0  1.53e+03  2.16e+01  2.69e+00  5.82e-01  1.69e-01   0.23
2007 01 27  0855   54127   32100  0  1.26e+03  2.06e+01  0  1.37e+03  2.04e+01  2.41e+00  7.56e-01  2.14e-01   0.55
2007 01 27  0900   54127   32400  0  1.38e+03  2.26e+01  0  1.53e+03  1.69e+01  2.30e+00  8.79e-01  2.23e-01   0.36
2007 01 27  0905   54127   32700  0  1.26e+03  2.90e+01  0  1.48e+03  1.76e+01  2.85e+00  5.40e-01  9.48e-02   0.06
2007 01 27  0910   54127   33000  0  1.34e+03  2.49e+01  0  1.43e+03  2.10e+01  2.72e+00  7.21e-01  1.43e-01   0.16
2007 01 27  0915   54127   33300  0  1.25e+03  2.88e+01  0  1.53e+03  1.83e+01  2.56e+00  6.65e-01  1.51e-01   0.30
2007 01 27  0920   54127   33600  0  1.22e+03  2.55e+01  0  1.43e+03  2.17e+01  2.29e+00  8.11e-01  2.09e-01   0.27
2007 01 27  0925   54127   33900  0  1.23e+03  2.13e+01  0  1.48e+03  1.55e+01  2.30e+00  7.21e-01  1.69e-01   0.30
2007 01 27  0930   54127   34200  0  1.53e+03  2.74e+01  0  1.44e+03  2.06e+01  1.84e+00  6.44e-01  2.63e-01   0.34
2007 01 27  0935   54127   34500  0  1.44e+03  2.62e+01  0  1.54e+03  1.95e+01  2.28e+00  6.48e-01  2.22e-01   0.49
2007 01 27  0940   54127   34800  0  1.29e+03  2.58e+01  0  1.50e+03  1.87e+01  2.50e+00  4.92e-01  2.50e-01   0.06
2007 01 27  0945   54127   35100  0  1.32e+03  2.40e+01  0  1.46e+03  1.80e+01  2.95e+00  4.78e-01  2.42e-01   0.36
2007 01 27  0950   54127   35400  0  1.35e+03  2.50e+01  0  1.52e+03  1.97e+01  2.04e+00  6.29e-01  2.99e-01   0.49
2007 01 27  0955   54127   35700  0  1.33e+03  2.41e+01  0  1.53e+03  1.76e+01  2.10e+00  7.05e-01  2.22e-01   0.75
2007 01 27  1000   54127   36000  0  1.40e+03  2.90e+01  0  1.57e+03  1.98e+01  2.95e+00  7.28e-01  1.69e-01   0.09
2007 01 27  1005   54127   36300  0  1.29e+03  2.30e+01  0  1.46e+03  2.12e+01  2.46e+00  4.95e-01  1.74e-01   0.70
2007 01 27  1010   54127   36600  0  1.39e+03  2.50e+01  0  1.52e+03  2.19e+01  2.79e+00  6.10e-01  2.70e-01   0.46
2007 01 27  1015   54127   36900  0  1.23e+03  2.50e+01  0  1.44e+03  1.94e+01  3.06e+00  6.67e-01  2.61e-01   0.40
2007 01 27  1020   54127   37200  0  1.35e+03  2.57e+01  0  1.38e+03  2.02e+01  2.55e+00  8.19e-01  1.93e-01   0.16
2007 01 27  1025   54127   37500  0  1.53e+03  2.60e+01  0  1.48e+03  1.54e+01  2.40e+00  6.29e-01  1.45e-01   0.43
2007 01 27  1030   54127   37800  0  1.38e+03  2.16e+01  0  1.58e+03  2.01e+01  2.58e+00  6.86e-01  1.16e-01   0.20
2007 01 27  1035   54127   38100  0  1.22e+03  2.30e+01  0  1.45e+03  1.80e+01  2.10e+00  8.31e-01  2.00e-01   0.30
2007 01 27  1040   54127   38400  0  1.40e+03  2.82e+01  0  1.55e+03  2.10e+01  2.40e+00  1.01e+00  2.03e-01   0.02
2007 01 27  1045   54127   38700  0  1.26e+03  2.52e+01  0  1.49e+03  1.96e+01  2.28e+00  7.43e-01  2.99e-01   0.32
2007 01 27  1050   54127   39000  0  1.36e+03  2.61e+01  0  1.48e+03  1.95e+01  2.49e+00  5.82e-01  2.95e-01   0.61
2007 01 27  1055   54127   39300  0  1.45e+03  2.35e+01  0  1.38e+03  2.14e+01  2.05e+00  8.27e-01  2.32e-01   0.56
2007 01 27  1100   54127   39600  0  1.39e+03  2.85e+01  0  1.60e+03  2.26e+01  2.73e+00  5.91e-01  2.51e-01   0.30
2007 01 27  1105   54127   39900  0  1.24e+03  2.78e+01  0  1.51e+03  2.31e+01  3.05e+00  7.07e-01  2.21e-01   0.34
2007 01 27  1110   54127   40200  0  1.33e+03  2.89e+01  0  1.45e+03  2.06e+01  2.80e+00  5.98e-01  1.87e-01   0.11
2007 01 27  1115   54127   40500  0  1.49e+03  2.26e+01  0  1.49e+03  2.35e+01  2.62e+00  8.94e-01  2.74e-01   0.23
2007 01 27  1120   54127   40800  0  1.21e+03  2.63e+01  0  1.54e+03  2.10e+01  2.88e+00  6.24e-01  2.32e-01   0.48
2007 01 27  1125   54127   41100  0  1.23e+03  2.73e+01  0  1.48e+03  2.19e+01  2.36e+00  7.74e-01  1.96e-01   0.25
2007 01 27  1130   54127   41400  0  1.21e+03  3.29e+01  0  1.42e+03  2.30e+01  2.95e+00  7.28e-01  2.32e-01   0.21
2007 01 27  1135   54127   41700  0  1.21e+03  2.76e+01  0  1.58e+03  2.05e+01  2.75e+00  7.04e-01  1.34e-01   0.52
2007 01 27  1140   54127   42000  0  1.14e+03  2.16e+01  0  1.52e+03  1.93e+01  2.22e+00  4.40e-01  2.14e-01   0.17
2007 01 27  1145   54127   42300  0  1.17e+03  2.44e+01  0  1.41e+03  1.99e+01  2.49e+00  8.11e-01  2.00e-01   0.48
2007 01 27  1150   54127   42600  0  1.24e+03  2.83e+01  0  1.48e+03  2.01e+01  2.08e+00  4.40e-01  2.23e-01   0.11
2007 01 27  1155   54127   42900  0  1.28e+03  2.45e+01  0  1.54e+03  1.98e+01  2.56e+00  5.20e-01  1.79e-01   0.69
2007 01 27  1200   54127   43200  0  1.18e+03  2.57e+01  0  1.47e+03  1.79e+01  2.23e+00  5.20e-01  2.63e-01   0.76
2007 01 27  1205   54127   43500  0  1.25e+03  2.83e+01  0  1.48e+03  2.21e+01  3.05e+00  6.86e-01  1.34e-01   0.38
2007 01 27  1210   54127   43800  0  1.15e+03  2.51e+01  0  1.47e+03  1.83e+01  3.05e+00  8.11e-01  1.26e-01   0.23
2007 01 27  1215   54127   44100  0  1.27e+03  2.50e+01  0  1.44e+03  1.97e+01  2.97e+00  6.86e-01  2.12e-01   0.28
2007 01 27  1220   54127   44400  0  1.20e+03  2.53e+01  0  1.42e+03  2.02e+01  2.52e+00  6.86e-01  1.96e-01   0.61
2007 01 27  1225   54127   44700  0  1.24e+03  2.90e+01  0  1.55e+03  2.09e+01  2.59e+00  8.32e-01  1.58e-01   0.16
2007 01 27  1230   54127   45000  0  1.17e+03  2.69e+01  0  1.51e+03  2.30e+01  2.58e+00  7.05e-01  2.70e-01   0.64
2007 01 27  1235   54127   45300  0  1.19e+03  2.85e+01  0  1.44e+03  2.32e+01  2.79e+00  4.76e-01  1.55e-01   0.29
2007 01 27  1240   54127   45600  0  1.28e+03  2.53e+01  0  1.51e+03  2.29e+01  2.62e+00  4.99e-01  1.69e-01   0.16
2007 01 27  1245   54127   45900  0  1.15e+03  2.68e+01  0  1.52e+03  2.03e+01  2.40e+00  5.72e-01  2.51e-01   0.72
2007 01 27  1250   54127   46200  0  1.23e+03  2.30e+01  0  1.57e+03  2.17e+01  2.73e+00  5.53e-01  1.74e-01   0.54
2007 01 27  1255   54127   46500  0  1.23e+03  2.60e+01  0  1.49e+03  1.98e+01  2.34e+00  9.53e-01  1.55e-01   0.11
2007 01 27  1300   54127   46800  0  1.21e+03  2.92e+01  0  1.49e+03  1.92e+01  2.10e+00  5.14e-01  2.03e-01   0.70
2007 01 27  1305   54127   47100  0  1.23e+03  2.41e+01  0  1.53e+03  2.09e+01  2.22e+00  4.76e-01  2.03e-01   0.27
2007 01 27  1310   54127   47400  0  1.35e+03  2.59e+01  0  1.43e+03  2.23e+01  3.15e+00  6.86e-01  1.74e-01   0.30
2007 01 27  1315   54127   47700  0  1.41e+03  2.32e+01  0  1.49e+03  2.09e+01  2.75e+00  6.86e-01  1.58e-01   0.54
2007 01 27  1320   54127   48000  0  1.29e+03  2.62e+01  0  1.50e+03  2.15e+01  2.52e+00  4.99e-01  2.41e-01   0.39
2007 01 27  1325   54127   48300  0  1.43e+03  2.25e+01  0  1.47e+03  1.97e+01  2.88e+00  5.91e-01  1.83e-01   0.46
2007 01 27  1330   54127   48600  0  1.30e+03  2.67e+01  0  1.50e+03  2.21e+01  2.36e+00  7.69e-01  1.16e-01   0.41
2007 01 27  1335   54127   48900  0  1.22e+03  2.63e+01  0  1.55e+03  2.05e+01  2.75e+00  5.45e-01  1.43e-01   0.38
2007 01 27  1340   54127   49200  0  1.23e+03  2.98e+01  0  1.51e+03  1.93e+01  2.88e+00  5.53e-01  1.06e-01   0.34
2007 01 27  1345   54127   49500  0  1.16e+03  3.00e+01  0  1.43e+03  2.33e+01  2.56e+00  7.07e-01  2.32e-01   0.42
2007 01 27  1350   54127   49800  0  1.29e+03  2.27e+01  0  1.53e+03  2.18e+01  2.02e+00  3.69e-01  1.34e-01   0.45
2007 01 27  1355   54127   50100  0  1.18e+03  2.47e+01  0  1.49e+03  2.15e+01  2.07e+00  8.52e-01  1.48e-01   0.22
2007 01 27  1400   54127   50400  0  1.21e+03  2.49e+01  0  1.42e+03  2.38e+01  2.36e+00  7.21e-01  2.32e-01   0.31
2007 01 27  1405   54127   50700  0  1.31e+03  2.11e+01  0  1.50e+03  1.83e+01  2.49e+00  7.07e-01  1.79e-01   0.29
2007 01 27  1410   54127   51000  0  1.31e+03  2.73e+01  0  1.53e+03  2.39e+01  2.55e+00  4.41e-01  2.57e-01   0.80
2007 01 27  1415   54127   51300  0  1.25e+03  2.83e+01  0  1.48e+03  2.24e+01  2.30e+00  5.95e-01  2.39e-01   0.57
2007 01 27  1420   54127   51600  0  1.21e+03  2.61e+01  0  1.45e+03  2.31e+01  2.05e+00  5.23e-01  1.77e-01   0.57
2007 01 27  1425   54127   51900  0  1.15e+03  2.49e+01  0  1.50e+03  2.12e+01  2.41e+00  6.40e-01  1.27e-01   0.35
2007 01 27  1430   54127   52200  0  1.23e+03  2.48e+01  0  1.57e+03  2.31e+01  2.31e+00  5.91e-01  2.03e-01   0.50
2007 01 27  1435   54127   52500  0  1.29e+03  2.32e+01  0  1.36e+03  2.05e+01  2.54e+00  6.17e-01  1.51e-01   0.16
2007 01 27  1440   54127   52800  0  1.37e+03  2.41e+01  0  1.54e+03  2.09e+01  2.61e+00  3.05e-01  1.58e-01   0.83
2007 01 27  1445   54127   53100  0  1.31e+03  2.39e+01  0  1.50e+03  2.21e+01  2.61e+00  5.14e-01  1.64e-01   0.66
2007 01 27  1450   54127   53400  0  1.28e+03  2.25e+01  0  1.47e+03  1.95e+01  2.22e+00  4.95e-01  2.12e-01   0.50
2007 01 27  1455   54127   53700  0  1.31e+03  2.62e+01  0  1.46e+03  2.29e+01  2.28e+00  7.24e-01  1.74e-01   0.03
2007 01 27  1500   54127   54000  0  1.27e+03  2.60e+01  0  1.58e+03  1.98e+01  2.28e+00  7.05e-01  2.51e-01   0.37
2007 01 27  1505   54127   54300  0  1.22e+03  2.52e+01  0  1.50e+03  2.23e+01  2.73e+00  6.86e-01  2.12e-01   0.16
2007 01 27  1510   54127   54600  0  1.16e+03  2.55e+01  0  1.42e+03  2.20e+01  2.26e+00  6.86e-01  2.95e-01   0.33
2007 01 27  1515   54127   54900  0  1.40e+03  2.75e+01  0  1.52e+03  2.08e+01  2.40e+00  6.29e-01  2.32e-01   0.79
2007 01 27  1520   54127   55200  0  1.33e+03  2.88e+01  0  1.64e+03  1.86e+01  2.88e+00  6.77e-01  1.94e-01   0.45
2007 01 27  1525   54127   55500  0  1.33e+03  2.59e+01  0  1.47e+03  2.05e+01  2.28e+00  6.24e-01  2.46e-01   0.33
2007 01 27  1530   54127   55800  0  1.37e+03  2.49e+01  0  1.50e+03  2.33e+01  2.91e+00  5.63e-01  1.60e-01   0.55
2007 01 27  1535   54127   56100  0  1.34e+03  2.16e+01  0  1.49e+03  2.20e+01  2.28e+00  7.62e-01  1.39e-01   0.37
2007 01 27  1540   54127   56400  0  1.25e+03  2.24e+01  0  1.46e+03  2.23e+01  2.10e+00  8.52e-01  9.48e-02   0.39
2007 01 27  1545   54127   56700  0  1.27e+03  2.91e+01  0  1.36e+03  1.99e+01  2.75e+00  6.68e-01  2.32e-01   0.15
2007 01 27  1550   54127   57000  0  1.38e+03  2.88e+01  0  1.55e+03  2.06e+01  2.13e+00  5.20e-01  1.58e-01   0.45
2007 01 27  1555   54127   57300  0  1.16e+03  2.09e+01  0  1.55e+03  2.01e+01  2.36e+00  5.20e-01  1.69e-01   0.68
2007 01 27  1600   54127   57600  0  1.27e+03  2.68e+01  0  1.44e+03  2.17e+01  2.41e+00  7.74e-01  1.78e-01   0.44
2007 01 27  1605   54127   57900  0  1.35e+03  2.82e+01  0  1.52e+03  2.11e+01  2.56e+00  6.65e-01  3.48e-01   0.17
2007 01 27  1610   54127   58200  0  1.34e+03  2.78e+01  0  1.52e+03  2.15e+01  2.55e+00  9.15e-01  1.34e-01   0.13
2007 01 27  1615   54127   58500  0  1.26e+03  2.86e+01  0  1.52e+03  2.36e+01  2.27e+00  8.09e-01  2.23e-01   0.49
2007 01 27  1620   54127   58800  0  1.30e+03  2.61e+01  0  1.48e+03  2.29e+01  2.23e+00  7.07e-01  2.63e-01   0.27
2007 01 27  1625   54127   59100  0  1.30e+03  2.53e+01  0  1.53e+03  2.19e+01  2.50e+00  6.68e-01  1.60e-01   0.43
2007 01 27  1630   54127   59400  0  1.22e+03  2.53e+01  0  1.47e+03  2.11e+01  2.62e+00  6.24e-01  1.26e-01   0.46
2007 01 27  1635   54127   59700  0  1.26e+03  2.16e+01  0  1.42e+03  2.10e+01  2.72e+00  7.90e-01  1.90e-01   0.05
2007 01 27  1640   54127   60000  0  1.36e+03  2.58e+01  0  1.50e+03  2.15e+01  3.02e+00  6.33e-01  1.43e-01   0.55
2007 01 27  1645   54127   60300  0  1.37e+03  2.47e+01  0  1.50e+03  2.31e+01  2.88e+00  7.48e-01  1.90e-01   0.15
2007 01 27  1650   54127   60600  0  1.39e+03  2.18e+01  0  1.47e+03  2.06e+01  2.55e+00  7.05e-01  2.51e-01   0.31
2007 01 27  1655   54127   60900  0  1.37e+03  2.31e+01  0  1.51e+03  2.02e+01  2.61e+00  5.80e-01  1.87e-01   0.32
2007 01 27  1700   54127   61200  0  1.25e+03  2.55e+01  0  1.54e+03  1.92e+01  2.43e+00  7.90e-01  2.11e-01   0.35
2007 01 27  1705   54127   61500  0  1.25e+03  2.13e+01  0  1.50e+03  1.90e+01  2.67e+00  6.48e-01  1.45e-01   0.45
2007 01 27  1710   54127   61800  0  1.35e+03  2.59e+01  0  1.40e+03  2.18e+01  2.79e+00  7.43e-01  7.38e-02   0.80
2007 01 27  1715   54127   62100  0  1.36e+03  2.53e+01  0  1.54e+03  2.54e+01  2.98e+00  7.07e-01  1.93e-01   0.14
2007 01 27  1720   54127   62400  0  1.23e+03  2.55e+01  0  1.58e+03  2.26e+01  2.91e+00  6.10e-01  1.06e-01   0.46
2007 01 27  1725   54127   62700  0  1.28e+03  2.29e+01  0  1.44e+03  2.22e+01  2.94e+00  7.62e-01  1.37e-01   0.66
2007 01 27  1730   54127   63000  0  1.32e+03  2.62e+01  0  1.54e+03  2.15e+01  2.67e+00  5.91e-01  1.16e-01   0.23
2007 01 27  1735   54127   63300  0  1.21e+03  2.59e+01  0  1.49e+03  2.27e+01  2.52e+00  7.62e-01  1.26e-01   0.08
2007 01 27  1740   54127   63600  0  1.22e+03  2.68e+01  0  1.45e+03  2.13e+01  2.04e+00  8.00e-01  2.51e-01   0.28
2007 01 27  1745   54127   63900  0  1.36e+03  2.50e+01  0  1.47e+03  2.42e+01  2.53e+00  8.28e-01  1.85e-01   0.30
2007 01 27  1750   54127   64200  0  1.29e+03  3.21e+01  0  1.58e+03  2.02e+01  3.08e+00  3.95e-01  1.16e-01   0.34
2007 01 27  1755   54127   64500  0  1.30e+03  2.87e+01  0  1.50e+03  2.35e+01  2.94e+00  5.91e-01  2.03e-01   0.26
2007 01 27  1800   54127   64800  0  1.23e+03  2.57e+01  0  1.39e+03  2.14e+01  2.73e+00  6.48e-01  1.93e-01   0.58
2007 01 27  1805   54127   65100  0  1.31e+03  2.69e+01  0  1.51e+03  2.21e+01  2.46e+00  6.65e-01  1.05e-01   0.15
2007 01 27  1810   54127   65400  0  1.21e+03  2.35e+01  0  1.56e+03  2.37e+01  2.39e+00  6.86e-01  2.23e-01   0.70
2007 01 27  1815   54127   65700  0  1.19e+03  2.85e+01  0  1.53e+03  2.40e+01  2.43e+00  6.48e-01  1.26e-01   0.39
2007 01 27  1820   54127   66000  0  1.26e+03  2.20e+01  0  1.47e+03  2.29e+01  2.49e+00  6.03e-01  1.05e-01   0.16
2007 01 27  1825   54127   66300  0  1.28e+03  2.58e+01  0  1.50e+03  2.20e+01  2.16e+00  7.04e-01  1.60e-01   0.23
2007 01 27  1830   54127   66600  0  1.27e+03  2.76e+01  0  1.48e+03  2.28e+01  2.52e+00  5.82e-01  2.11e-01   0.48
2007 01 27  1835   54127   66900  0  1.15e+03  2.63e+01  0  1.39e+03  1.98e+01  2.88e+00  6.44e-01  2.32e-01   0.41
2007 01 27  1840   54127   67200  0  1.37e+03  2.73e+01  0  1.51e+03  2.10e+01  2.58e+00  4.57e-01  1.43e-01   0.71
2007 01 27  1845   54127   67500  0  1.24e+03  2.72e+01  0  1.50e+03  2.07e+01  2.43e+00  4.16e-01  1.90e-01   0.15
2007 01 27  1850   54127   67800  0  1.21e+03  2.49e+01  0  1.45e+03  2.09e+01  2.66e+00  8.62e-01  2.14e-01   0.44
2007 01 27  1855   54127   68100  0  1.32e+03  2.76e+01  0  1.49e+03  2.15e+01  2.55e+00  6.86e-01  2.14e-01   0.46
2007 01 27  1900   54127   68400  0  1.31e+03  2.28e+01  0  1.51e+03  2.31e+01  2.36e+00  7.07e-01  2.11e-01   0.35
2007 01 27  1905   54127   68700  0  1.28e+03  2.50e+01  0  1.52e+03  2.12e+01  2.75e+00  6.51e-01  1.96e-01   0.26
2007 01 27  1910   54127   69000  0  1.34e+03  2.80e+01  0  1.43e+03  2.25e+01  2.33e+00  5.20e-01  1.79e-01   0.30
2007 01 27  1915   54127   69300  0  1.39e+03  2.65e+01  0  1.60e+03  2.07e+01  2.66e+00  7.07e-01  1.79e-01   0.38
2007 01 27  1920   54127   69600  0  1.23e+03  2.37e+01  0  1.50e+03  2.27e+01  3.44e+00  5.98e-01  1.78e-01   0.48
2007 01 27  1925   54127   69900  0  1.36e+03  2.96e+01  0  1.44e+03  1.99e+01  2.72e+00  7.48e-01  1.48e-01   0.70
2007 01 27  1930   54127   70200  0  1.46e+03  2.39e+01  0  1.53e+03  2.20e+01  2.46e+00  4.57e-01  1.93e-01   0.85
2007 01 27  1935   54127   70500  0  1.28e+03  2.57e+01  0  1.49e+03  2.12e+01  2.16e+00  6.16e-01  1.87e-01   0.42
2007 01 27  1940   54127   70800  0  1.31e+03  2.53e+01  0  1.53e+03  2.19e+01  2.33e+00  8.11e-01  2.00e-01   0.26
2007 01 27  1945   54127   71100  0  1.32e+03  2.55e+01  0  1.46e+03  2.10e+01  2.22e+00  4.57e-01  1.83e-01   0.37
2007 01 27  1950   54127   71400  0  1.25e+03  2.48e+01  0  1.51e+03  2.33e+01  2.61e+00  5.14e-01  2.99e-01   0.66
2007 01 27  1955   54127   71700  0  1.14e+03  2.98e+01  0  1.49e+03  1.97e+01  2.66e+00  6.24e-01  2.11e-01   0.27
2007 01 27  2000   54127   72000  0  1.29e+03  2.43e+01  0  1.41e+03  1.94e+01  3.21e+00  5.91e-01  2.32e-01   0.36
2007 01 27  2005   54127   72300  0  1.42e+03  2.98e+01  0  1.52e+03  2.30e+01  2.55e+00  7.05e-01  1.74e-01   0.28
2007 01 27  2010   54127   72600  0  1.27e+03  2.66e+01  0  1.54e+03  2.04e+01  1.77e+00  7.43e-01  1.45e-01   0.14
2007 01 27  2015   54127   72900  0  1.29e+03  2.53e+01  0  1.43e+03  1.81e+01  3.03e+00  7.05e-01  2.03e-01   0.31
2007 01 27  2020   54127   73200  0  1.32e+03  2.66e+01  0  1.57e+03  1.94e+01  2.07e+00  6.67e-01  1.83e-01   0.62
2007 01 27  2025   54127   73500  0  1.33e+03  2.62e+01  0  1.44e+03  1.77e+01  2.25e+00  8.57e-01  2.80e-01   0.08
2007 01 27  2030   54127   73800  0  1.32e+03  2.55e+01  0  1.50e+03  1.78e+01  2.52e+00  7.69e-01  2.11e-01   0.67
2007 01 27  2035   54127   74100  0  1.22e+03  2.83e+01  0  1.41e+03  2.00e+01  2.61e+00  8.95e-01  1.45e-01   0.52
2007 01 27  2040   54127   74400  0  1.35e+03  2.64e+01  0  1.53e+03  1.95e+01  2.70e+00  5.53e-01  2.22e-01   0.58
2007 01 27  2045   54127   74700  0  1.29e+03  2.76e+01  0  1.47e+03  2.02e+01  2.29e+00  7.69e-01  2.32e-01   0.29
2007 01 27  2050   54127   75000  0  1.38e+03  3.06e+01  0  1.43e+03  2.03e+01  2.63e+00  5.63e-01  2.67e-01   0.11
2007 01 27  2055   54127   75300  0  1.47e+03  2.98e+01  0  1.51e+03  1.73e+01  2.37e+00  8.19e-01  1.35e-01   0.30
2007 01 27  2100   54127   75600  0  1.30e+03  2.76e+01  0  1.49e+03  1.77e+01  2.88e+00  6.44e-01  1.16e-01   0.04
2007 01 27  2105   54127   75900  0  1.31e+03  2.65e+01  0  1.46e+03  2.19e+01  3.00e+00  7.74e-01  2.05e-01   0.42
2007 01 27  2110   54127   76200  0  1.43e+03  2.03e+01  0  1.48e+03  1.87e+01  2.33e+00  9.56e-01  1.79e-01   0.07
2007 01 27  2115   54127   76500  0  1.31e+03  3.05e+01  0  1.52e+03  2.12e+01  2.59e+00  7.69e-01  1.90e-01   0.37
2007 01 27  2120   54127   76800  0  1.36e+03  2.62e+01  0  1.48e+03  1.99e+01  2.41e+00  6.33e-01  2.32e-01   0.17
2007 01 27  2125   54127   77100  0  1.34e+03  2.90e+01  0  1.37e+03  1.97e+01  2.29e+00  8.52e-01  2.32e-01   0.59
2007 01 27  2130   54127   77400  0  1.38e+03  2.42e+01  0  1.50e+03  2.25e+01  2.39e+00  5.63e-01  1.60e-01   0.86
2007 01 27  2135   54127   77700  0  1.24e+03  3.07e+01  0  1.53e+03  1.96e+01  2.75e+00  6.16e-01  2.14e-01   0.64
2007 01 27  2140   54127   78000  0  1.27e+03  2.71e+01  0  1.46e+03  2.01e+01  2.26e+00  8.31e-01  1.69e-01   0.10
2007 01 27  2145   54127   78300  0  1.40e+03  2.68e+01  0  1.49e+03  2.02e+01  2.39e+00  6.68e-01  2.05e-01   0.49
2007 01 27  2150   54127   78600  0  1.31e+03  2.63e+01  0  1.49e+03  2.09e+01  2.66e+00  6.24e-01  2.95e-01   0.20
2007 01 27  2155   54127   78900  0  1.28e+03  2.51e+01  0  1.53e+03  2.10e+01  2.82e+00  5.61e-01  2.21e-01   0.57
2007 01 27  2200   54127   79200  0  1.35e+03  2.57e+01  0  1.41e+03  2.07e+01  2.39e+00  5.63e-01  2.23e-01   0.49
2007 01 27  2205   54127   79500  0  1.33e+03  2.92e+01  0  1.56e+03  1.91e+01  2.59e+00  5.61e-01  1.26e-01   0.34
2007 01 27  2210   54127   79800  0  1.32e+03  2.53e+01  0  1.55e+03  1.95e+01  2.55e+00  6.67e-01  1.93e-01   0.07
2007 01 27  2215   54127   80100  0  1.34e+03  3.29e+01  0  1.46e+03  2.11e+01  2.88e+00  5.28e-01  1.78e-01   0.72
2007 01 27  2220   54127   80400  0  1.35e+03  2.67e+01  0  1.54e+03  2.06e+01  2.98e+00  8.32e-01  2.00e-01   0.19
2007 01 27  2225   54127   80700  0  1.38e+03  2.41e+01  0  1.50e+03  2.08e+01  2.55e+00  8.19e-01  1.16e-01   0.42
2007 01 27  2230   54127   81000  0  1.26e+03  2.98e+01  0  1.47e+03  2.04e+01  2.43e+00  9.15e-01  2.70e-01   0.14
2007 01 27  2235   54127   81300  0  1.33e+03  2.34e+01  0  1.45e+03  2.01e+01  2.23e+00  6.44e-01  1.90e-01   0.57
2007 01 27  2240   54127   81600  0  1.35e+03  2.83e+01  0  1.55e+03  2.17e+01  3.06e+00  6.67e-01  1.26e-01   0.34
2007 01 27  2245   54127   81900  0  1.25e+03  2.36e+01  0  1.50e+03  2.21e+01  2.16e+00  7.62e-01  2.51e-01   0.22
2007 01 27  2250   54127   82200  0  1.29e+03  2.34e+01  0  1.38e+03  2.30e+01  2.76e+00  6.48e-01  2.32e-01   0.58
2007 01 27  2255   54127   82500  0  1.42e+03  2.23e+01  0  1.55e+03  2.30e+01  2.67e+00  8.38e-01  2.12e-01   0.47
2007 01 27  2300   54127   82800  0  1.27e+03  2.41e+01  0  1.48e+03  2.19e+01  2.79e+00  8.19e-01  2.32e-01   0.35
2007 01 27  2305   54127   83100  0  1.35e+03  2.69e+01  0  1.52e+03  2.16e+01  2.55e+00  7.81e-01  1.93e-01   0.57
2007 01 27  2310   54127   83400  0  1.38e+03  2.20e+01  0  1.48e+03  2.42e+01  2.00e+00  7.69e-01  2.42e-01   0.21
2007 01 27  2315   54127   83700  0  1.37e+03  2.32e+01  0  1.50e+03  2.13e+01  3.12e+00  4.95e-01  1.48e-01   0.72
2007 01 27  2320   54127   84000  0  1.33e+03  2.46e+01  0  1.46e+03  2.15e+01  2.79e+00  7.43e-01  2.41e-01   0.31
2007 01 27  2325   54127   84300  0  1.32e+03  2.51e+01  0  1.35e+03  2.04e+01  3.02e+00  6.24e-01  1.37e-01   0.20
2007 01 27  2330   54127   84600  0  1.30e+03  2.80e+01  0  1.49e+03  2.28e+01  2.77e+00  6.68e-01  1.78e-01   0.18
2007 01 27  2335   54127   84900  0  1.34e+03  2.73e+01  0  1.51e+03  2.20e+01  3.31e+00  8.77e-01  3.09e-01   0.13
2007 01 27  2340   54127   85200  0  1.33e+03  2.45e+01  0  1.47e+03  2.10e+01  2.46e+00  7.69e-01  2.74e-01   0.57
2007 01 27  2345   54127   85500  0  1.32e+03  2.50e+01  0  1.50e+03  2.48e+01  2.80e+00  7.39e-01  1.16e-01   0.19
2007 01 27  2350   54127   85800  0  1.33e+03  2.67e+01  0  1.49e+03  2.37e+01  3.02e+00  6.44e-01  2.32e-01   0.46
2007 01 27  2355   54127   86100  0  1.25e+03  2.53e+01  0  1.51e+03  2.20e+01  2.75e+00  8.31e-01  2.42e-01   0.28
