:Data_list: 20080424_ace_epam_5m.txt
:Created: 2008 Apr 25 0011 UT
# Prepared by the U.S. Dept. of Commerce, NOAA, Space Weather Prediction Center
# Please send comments and suggestions to SWPC.Webmaster@noaa.gov 
# 
# Units: Differential Flux particles/cm2-s-ster-MeV
# Units: Anisotropy Index 0.0 - 2.0
# Status(S): 0 = nominal, 4,6,7,8 = bad data, unable to process, 9 = no data
# Missing data values: -1.00e+05, index = -1.00
# Source: ACE Satellite - Electron, Proton, and Alpha Monitor
#
#
#                      5-minute averaged Real-time Differential Electron and Proton Flux 
# 
#                Modified Seconds ---------------------------- Differential Flux ---------------------------
# UT Date   Time  Julian  of the  ----- Electron -----   ------------------- Protons keV -------------------   Anis.
# YR MO DA  HHMM    Day    Day    S    38-53   175-315   S    47-68   115-195   310-580   761-1220 1060-1900   Index
#-------------------------------------------------------------------------------------------------------------------
2008 04 24  0000   54580       0  0  4.72e+02  2.59e+01  0  9.66e+02  2.41e+01  2.85e+00  5.82e-01  1.97e-01   0.19
2008 04 24  0005   54580     300  0  5.10e+02  2.22e+01  0  8.66e+02  2.60e+01  3.19e+00  5.45e-01  1.52e-01   0.24
2008 04 24  0010   54580     600  0  5.77e+02  2.78e+01  0  9.15e+02  2.49e+01  2.49e+00  5.61e-01  1.58e-01   0.42
2008 04 24  0015   54580     900  0  4.78e+02  2.78e+01  0  9.38e+02  2.86e+01  3.28e+00  6.29e-01  1.83e-01   0.16
2008 04 24  0020   54580    1200  0  5.52e+02  2.62e+01  0  9.50e+02  3.05e+01  2.83e+00  6.51e-01  2.05e-01   0.41
2008 04 24  0025   54580    1500  0  5.00e+02  2.59e+01  0  9.06e+02  3.54e+01  2.92e+00  6.24e-01  2.00e-01   0.46
2008 04 24  0030   54580    1800  0  5.37e+02  3.14e+01  0  9.88e+02  3.21e+01  2.97e+00  7.24e-01  1.93e-01   0.06
2008 04 24  0035   54580    2100  0  4.22e+02  2.52e+01  0  9.80e+02  3.22e+01  2.76e+00  4.76e-01  1.74e-01   0.34
2008 04 24  0040   54580    2400  0  4.87e+02  2.32e+01  0  8.54e+02  2.93e+01  3.31e+00  5.40e-01  1.69e-01   0.35
2008 04 24  0045   54580    2700  0  4.96e+02  2.76e+01  0  9.37e+02  3.14e+01  2.34e+00  7.05e-01  1.35e-01   0.44
2008 04 24  0050   54580    3000  0  4.81e+02  2.82e+01  0  9.42e+02  3.38e+01  2.64e+00  6.10e-01  1.64e-01   0.21
2008 04 24  0055   54580    3300  0  4.70e+02  2.25e+01  0  9.60e+02  3.39e+01  2.82e+00  4.76e-01  1.84e-01   0.25
2008 04 24  0100   54580    3600  0  5.28e+02  2.75e+01  0  9.84e+02  3.29e+01  3.28e+00  5.53e-01  2.41e-01   0.74
2008 04 24  0105   54580    3900  0  5.44e+02  2.59e+01  0  2.36e+04  3.26e+02  3.91e+00  7.05e-01  1.35e-01   0.32
2008 04 24  0110   54580    4200  0  5.69e+02  2.21e+01  0  6.36e+03  4.54e+01  9.77e+00  5.14e-01  3.09e-01   0.21
2008 04 24  0115   54580    4500  0  4.51e+02  2.24e+01  0  9.00e+02  6.77e+01  3.21e+00  7.28e-01  1.47e-01   0.22
2008 04 24  0120   54580    4800  0  5.39e+02  2.55e+01  0  4.51e+04  7.21e+02  1.20e+01  5.53e-01  1.51e-01   0.48
2008 04 24  0125   54580    5100  0  4.60e+02  2.62e+01  0  2.53e+03  8.16e+01  3.43e+00  4.95e-01  1.16e-01   0.22
2008 04 24  0130   54580    5400  0  4.40e+02  2.59e+01  0  9.16e+02  2.91e+01  2.59e+00  5.61e-01  1.26e-01   0.20
2008 04 24  0135   54580    5700  0  5.63e+02  2.45e+01  0  9.28e+02  2.34e+01  2.39e+00  7.39e-01  2.23e-01   0.28
2008 04 24  0140   54580    6000  0  4.60e+02  2.34e+01  0  9.02e+02  2.76e+01  3.12e+00  6.48e-01  1.35e-01   0.30
2008 04 24  0145   54580    6300  0  4.38e+02  2.51e+01  0  9.12e+02  3.00e+01  2.59e+00  4.57e-01  2.11e-01   0.27
2008 04 24  0150   54580    6600  0  4.46e+02  2.78e+01  0  8.56e+02  2.99e+01  2.41e+00  5.28e-01  1.34e-01   0.29
2008 04 24  0155   54580    6900  0  4.81e+02  2.73e+01  0  9.21e+02  2.87e+01  3.02e+00  4.16e-01  7.73e-02   0.19
2008 04 24  0200   54580    7200  0  4.22e+02  2.51e+01  0  9.83e+02  3.16e+01  2.39e+00  4.78e-01  1.69e-01   0.04
2008 04 24  0205   54580    7500  0  4.60e+02  2.68e+01  0  8.93e+02  2.75e+01  3.00e+00  6.33e-01  1.69e-01   0.63
2008 04 24  0210   54580    7800  0  5.54e+02  2.80e+01  0  9.16e+02  2.35e+01  2.13e+00  4.99e-01  1.47e-01   0.62
2008 04 24  0215   54580    8100  0  4.70e+02  2.94e+01  0  8.68e+02  1.87e+01  2.36e+00  5.10e-01  1.60e-01   0.35
2008 04 24  0220   54580    8400  0  4.55e+02  2.63e+01  0  8.49e+02  1.84e+01  2.36e+00  5.63e-01  1.07e-01   0.46
2008 04 24  0225   54580    8700  0  4.78e+02  2.57e+01  0  8.20e+02  1.88e+01  2.36e+00  7.69e-01  1.69e-01   0.61
2008 04 24  0230   54580    9000  0  4.67e+02  2.58e+01  0  9.02e+02  1.86e+01  2.66e+00  5.28e-01  1.43e-01   0.49
2008 04 24  0235   54580    9300  0  4.92e+02  2.63e+01  0  8.87e+02  1.78e+01  2.69e+00  4.37e-01  1.90e-01   0.56
2008 04 24  0240   54580    9600  0  4.42e+02  2.32e+01  0  8.13e+02  2.29e+01  2.79e+00  5.40e-01  1.16e-01   0.52
2008 04 24  0245   54580    9900  0  5.40e+02  2.73e+01  0  8.66e+02  1.80e+01  1.97e+00  3.69e-01  2.41e-01   0.74
2008 04 24  0250   54580   10200  0  4.92e+02  2.78e+01  0  8.84e+02  1.77e+01  2.59e+00  3.33e-01  1.05e-01   0.63
2008 04 24  0255   54580   10500  0  4.13e+02  2.73e+01  0  8.72e+02  1.97e+01  2.37e+00  4.57e-01  1.55e-01   0.18
2008 04 24  0300   54580   10800  0  5.41e+02  2.53e+01  0  8.55e+02  1.73e+01  2.33e+00  5.80e-01  9.81e-02   0.19
2008 04 24  0305   54580   11100  0  4.24e+02  2.36e+01  0  8.92e+02  1.83e+01  2.10e+00  5.61e-01  1.58e-01   0.19
2008 04 24  0310   54580   11400  0  4.47e+02  2.53e+01  0  8.67e+02  1.56e+01  2.46e+00  5.34e-01  8.69e-02   0.66
2008 04 24  0315   54580   11700  0  5.34e+02  2.55e+01  0  8.38e+02  1.60e+01  2.34e+00  7.62e-01  1.93e-01   0.20
2008 04 24  0320   54580   12000  0  5.75e+02  2.55e+01  0  9.02e+02  1.87e+01  2.49e+00  6.24e-01  8.43e-02   0.17
2008 04 24  0325   54580   12300  0  3.98e+02  2.44e+01  0  9.12e+02  1.86e+01  2.19e+00  4.76e-01  1.16e-01   0.54
2008 04 24  0330   54580   12600  0  4.58e+02  2.68e+01  0  8.16e+02  1.95e+01  2.34e+00  6.48e-01  1.16e-01   0.46
2008 04 24  0335   54580   12900  0  5.19e+02  2.25e+01  0  9.78e+02  1.76e+01  2.22e+00  6.10e-01  1.16e-01   0.05
2008 04 24  0340   54580   13200  0  4.60e+02  2.73e+01  0  8.87e+02  1.98e+01  2.19e+00  4.37e-01  4.64e-02   0.31
2008 04 24  0345   54580   13500  0  4.63e+02  2.85e+01  0  8.67e+02  1.74e+01  2.31e+00  6.86e-01  8.69e-02   0.12
2008 04 24  0350   54580   13800  0  4.35e+02  2.62e+01  0  8.46e+02  1.78e+01  2.25e+00  7.24e-01  1.05e-01   0.09
2008 04 24  0355   54580   14100  0  4.78e+02  2.28e+01  0  9.25e+02  1.87e+01  2.03e+00  6.86e-01  1.37e-01   0.69
2008 04 24  0400   54580   14400  0  4.56e+02  2.69e+01  0  9.49e+02  1.77e+01  2.40e+00  5.53e-01  2.22e-01   0.27
2008 04 24  0405   54580   14700  0  4.30e+02  2.37e+01  0  8.24e+02  2.01e+01  2.43e+00  4.95e-01  1.55e-01   0.38
2008 04 24  0410   54580   15000  0  4.60e+02  2.55e+01  0  9.09e+02  1.88e+01  1.80e+00  7.07e-01  1.69e-01   0.56
2008 04 24  0415   54580   15300  0  5.09e+02  2.63e+01  0  8.47e+02  1.77e+01  2.36e+00  5.28e-01  1.43e-01   0.46
2008 04 24  0420   54580   15600  0  4.60e+02  2.66e+01  0  8.67e+02  1.76e+01  2.28e+00  5.34e-01  1.35e-01   0.65
2008 04 24  0425   54580   15900  0  4.98e+02  2.67e+01  0  9.14e+02  1.62e+01  2.23e+00  5.82e-01  2.11e-01   0.36
2008 04 24  0430   54580   16200  0  4.56e+02  2.37e+01  0  8.91e+02  1.89e+01  2.08e+00  6.33e-01  1.07e-01   0.33
2008 04 24  0435   54580   16500  0  3.93e+02  2.65e+01  0  8.85e+02  1.94e+01  2.00e+00  4.99e-01  1.90e-01   0.65
2008 04 24  0440   54580   16800  0  4.28e+02  2.20e+01  0  8.08e+02  1.88e+01  1.84e+00  4.78e-01  2.00e-01   0.41
2008 04 24  0445   54580   17100  0  4.95e+02  2.63e+01  0  8.86e+02  1.74e+01  2.44e+00  5.63e-01  2.32e-01   0.53
2008 04 24  0450   54580   17400  0  3.97e+02  3.01e+01  0  8.80e+02  1.63e+01  2.39e+00  7.28e-01  1.26e-01   0.45
2008 04 24  0455   54580   17700  0  4.58e+02  2.53e+01  0  8.43e+02  2.11e+01  2.52e+00  4.93e-01  1.06e-01   0.52
2008 04 24  0500   54580   18000  0  4.82e+02  2.26e+01  0  9.18e+02  1.89e+01  2.88e+00  5.80e-01  1.16e-01   0.30
2008 04 24  0505   54580   18300  0  3.97e+02  2.59e+01  0  8.69e+02  1.65e+01  2.56e+00  7.48e-01  1.47e-01   0.30
2008 04 24  0510   54580   18600  0  4.01e+02  2.49e+01  0  8.84e+02  1.95e+01  2.11e+00  6.68e-01  1.34e-01   0.34
2008 04 24  0515   54580   18900  0  4.76e+02  2.80e+01  0  8.13e+02  1.76e+01  2.20e+00  5.40e-01  1.79e-01   0.35
2008 04 24  0520   54580   19200  0  4.98e+02  2.71e+01  0  8.86e+02  1.83e+01  2.36e+00  4.16e-01  2.00e-01   0.40
2008 04 24  0525   54580   19500  0  4.41e+02  2.13e+01  0  9.22e+02  1.79e+01  2.30e+00  5.98e-01  1.60e-01   0.62
2008 04 24  0530   54580   19800  0  4.29e+02  2.13e+01  0  8.06e+02  1.56e+01  2.09e+00  5.72e-01  1.16e-01   0.56
2008 04 24  0535   54580   20100  0  5.77e+02  2.32e+01  0  8.78e+02  1.87e+01  2.20e+00  5.95e-01  2.32e-01   0.62
2008 04 24  0540   54580   20400  0  4.29e+02  2.26e+01  0  8.36e+02  1.71e+01  2.14e+00  5.28e-01  1.96e-01   1.04
2008 04 24  0545   54580   20700  0  5.16e+02  2.45e+01  0  8.55e+02  1.74e+01  2.23e+00  5.61e-01  2.11e-01   0.34
2008 04 24  0550   54580   21000  0  4.75e+02  2.41e+01  0  8.74e+02  1.77e+01  2.01e+00  5.72e-01  1.55e-01   0.34
2008 04 24  0555   54580   21300  0  4.93e+02  2.36e+01  0  8.67e+02  1.73e+01  2.31e+00  5.61e-01  2.12e-01   0.35
2008 04 24  0600   54580   21600  0  3.59e+02  2.57e+01  0  8.90e+02  1.75e+01  2.00e+00  3.53e-01  1.48e-01   0.29
2008 04 24  0605   54580   21900  0  4.49e+02  2.46e+01  0  8.60e+02  1.67e+01  2.19e+00  5.34e-01  2.22e-01   0.44
2008 04 24  0610   54580   22200  0  5.24e+02  2.75e+01  0  8.96e+02  1.89e+01  2.16e+00  6.48e-01  1.93e-01   0.19
2008 04 24  0615   54580   22500  0  4.66e+02  2.52e+01  0  9.10e+02  1.85e+01  1.95e+00  5.34e-01  1.37e-01   0.37
2008 04 24  0620   54580   22800  0  4.55e+02  2.99e+01  0  8.33e+02  1.66e+01  2.52e+00  6.29e-01  1.55e-01   0.11
2008 04 24  0625   54580   23100  0  4.96e+02  2.29e+01  0  9.06e+02  1.60e+01  1.83e+00  3.43e-01  1.74e-01   0.38
2008 04 24  0630   54580   23400  0  4.29e+02  2.64e+01  0  8.82e+02  1.80e+01  2.70e+00  6.67e-01  1.06e-01   0.64
2008 04 24  0635   54580   23700  0  4.34e+02  2.61e+01  0  8.83e+02  1.62e+01  2.36e+00  4.57e-01  2.00e-01   0.68
2008 04 24  0640   54580   24000  0  4.23e+02  2.41e+01  0  7.95e+02  1.86e+01  2.25e+00  6.29e-01  1.64e-01   0.24
2008 04 24  0645   54580   24300  0  4.50e+02  2.62e+01  0  9.31e+02  1.86e+01  2.43e+00  6.10e-01  1.64e-01   0.25
2008 04 24  0650   54580   24600  0  4.15e+02  2.88e+01  0  8.65e+02  1.97e+01  1.90e+00  7.48e-01  1.47e-01   0.34
2008 04 24  0655   54580   24900  0  4.09e+02  2.29e+01  0  8.50e+02  1.74e+01  2.75e+00  6.86e-01  1.87e-01   0.14
2008 04 24  0700   54580   25200  0  5.31e+02  2.80e+01  0  8.94e+02  1.62e+01  2.76e+00  5.53e-01  2.90e-01   0.34
2008 04 24  0705   54580   25500  0  4.67e+02  2.20e+01  0  8.63e+02  1.63e+01  1.97e+00  5.82e-01  7.38e-02   0.34
2008 04 24  0710   54580   25800  0  4.47e+02  2.52e+01  0  8.92e+02  1.89e+01  2.16e+00  6.68e-01  1.87e-01   0.51
2008 04 24  0715   54580   26100  0  5.88e+02  2.51e+01  0  8.34e+02  1.46e+01  2.13e+00  6.86e-01  8.43e-02   0.66
2008 04 24  0720   54580   26400  0  5.45e+02  2.42e+01  0  8.82e+02  1.65e+01  2.66e+00  5.61e-01  1.79e-01   0.41
2008 04 24  0725   54580   26700  0  4.67e+02  2.96e+01  0  8.96e+02  1.63e+01  2.36e+00  6.68e-01  1.69e-01   0.32
2008 04 24  0730   54580   27000  0  4.35e+02  2.90e+01  0  8.06e+02  1.71e+01  2.52e+00  4.99e-01  1.05e-01   0.11
2008 04 24  0735   54580   27300  0  5.37e+02  2.98e+01  0  8.58e+02  1.68e+01  1.91e+00  5.10e-01  1.34e-01   0.08
2008 04 24  0740   54580   27600  0  4.47e+02  2.63e+01  0  8.79e+02  1.85e+01  1.91e+00  6.51e-01  1.43e-01   0.28
2008 04 24  0745   54580   27900  0  4.78e+02  2.13e+01  0  8.75e+02  1.96e+01  2.20e+00  5.20e-01  1.69e-01   0.23
2008 04 24  0750   54580   28200  0  4.70e+02  2.67e+01  0  8.79e+02  1.85e+01  2.19e+00  5.63e-01  1.34e-01   0.38
2008 04 24  0755   54580   28500  0  3.66e+02  2.49e+01  0  8.87e+02  1.47e+01  1.93e+00  5.40e-01  1.03e-01   0.49
2008 04 24  0800   54580   28800  0  4.62e+02  3.00e+01  0  8.35e+02  1.56e+01  2.36e+00  7.90e-01  1.26e-01   0.38
2008 04 24  0805   54580   29100  0  4.68e+02  2.63e+01  0  7.88e+02  1.73e+01  2.02e+00  4.40e-01  2.32e-01   1.00
2008 04 24  0810   54580   29400  0  5.28e+02  2.45e+01  0  9.41e+02  2.12e+01  2.16e+00  4.78e-01  2.32e-01   0.10
2008 04 24  0815   54580   29700  0  3.97e+02  2.92e+01  0  9.02e+02  1.64e+01  2.22e+00  5.91e-01  1.74e-01   0.17
2008 04 24  0820   54580   30000  0  4.53e+02  2.60e+01  0  8.31e+02  1.50e+01  2.00e+00  5.80e-01  1.43e-01   0.61
2008 04 24  0825   54580   30300  0  5.07e+02  2.80e+01  0  9.76e+02  1.69e+01  2.07e+00  6.86e-01  1.16e-01   0.92
2008 04 24  0830   54580   30600  0  4.09e+02  2.73e+01  0  8.58e+02  1.72e+01  2.25e+00  5.72e-01  1.93e-01   0.56
2008 04 24  0835   54580   30900  0  4.71e+02  2.44e+01  0  9.56e+02  1.67e+01  1.89e+00  7.43e-01  1.64e-01   0.19
2008 04 24  0840   54580   31200  0  6.28e+02  2.49e+01  0  8.18e+02  1.71e+01  2.00e+00  6.86e-01  5.27e-02   0.36
2008 04 24  0845   54580   31500  0  4.55e+02  2.71e+01  0  9.09e+02  1.98e+01  2.25e+00  4.00e-01  1.84e-01   0.61
2008 04 24  0850   54580   31800  0  4.27e+02  2.57e+01  0  8.85e+02  1.84e+01  2.43e+00  4.76e-01  1.26e-01   0.19
2008 04 24  0855   54580   32100  0  4.74e+02  2.69e+01  0  7.99e+02  1.65e+01  1.86e+00  7.05e-01  1.16e-01   0.27
2008 04 24  0900   54580   32400  0  5.21e+02  2.73e+01  0  9.22e+02  1.58e+01  2.19e+00  6.29e-01  1.79e-01   0.14
2008 04 24  0905   54580   32700  0  4.23e+02  2.37e+01  0  8.52e+02  1.44e+01  1.80e+00  6.86e-01  1.06e-01   0.16
2008 04 24  0910   54580   33000  0  5.09e+02  2.99e+01  0  8.91e+02  1.63e+01  2.13e+00  6.29e-01  1.45e-01   0.33
2008 04 24  0915   54580   33300  0  5.07e+02  2.49e+01  0  9.06e+02  1.81e+01  1.70e+00  5.61e-01  1.79e-01   0.35
2008 04 24  0920   54580   33600  0  5.14e+02  2.34e+01  0  9.34e+02  1.71e+01  1.71e+00  4.38e-01  1.74e-01   0.55
2008 04 24  0925   54580   33900  0  4.17e+02  2.98e+01  0  8.76e+02  2.00e+01  2.19e+00  5.53e-01  1.74e-01   0.19
2008 04 24  0930   54580   34200  0  4.22e+02  2.94e+01  0  8.35e+02  1.87e+01  2.39e+00  5.20e-01  1.69e-01   0.61
2008 04 24  0935   54580   34500  0  5.08e+02  2.81e+01  0  9.29e+02  1.82e+01  1.94e+00  4.40e-01  1.07e-01   0.51
2008 04 24  0940   54580   34800  0  4.28e+02  2.60e+01  0  9.37e+02  1.85e+01  2.67e+00  6.10e-01  1.45e-01   0.30
2008 04 24  0945   54580   35100  0  4.12e+02  2.51e+01  0  8.17e+02  1.88e+01  1.90e+00  6.44e-01  1.27e-01   0.84
2008 04 24  0950   54580   35400  0  5.14e+02  2.24e+01  0  8.87e+02  1.80e+01  2.19e+00  5.63e-01  1.69e-01   0.37
2008 04 24  0955   54580   35700  0  4.20e+02  2.78e+01  0  8.69e+02  1.84e+01  1.93e+00  4.99e-01  1.26e-01   0.46
2008 04 24  1000   54580   36000  0  4.71e+02  2.32e+01  0  8.64e+02  1.77e+01  2.29e+00  6.86e-01  1.37e-01   0.33
2008 04 24  1005   54580   36300  0  5.20e+02  2.49e+01  0  8.03e+02  1.67e+01  2.33e+00  6.16e-01  1.34e-01   0.53
2008 04 24  1010   54580   36600  0  6.40e+02  2.94e+01  0  9.44e+02  1.91e+01  2.65e+00  5.82e-01  1.69e-01   0.55
2008 04 24  1015   54580   36900  0  4.18e+02  2.81e+01  0  8.98e+02  1.87e+01  1.86e+00  5.80e-01  1.78e-01   0.52
2008 04 24  1020   54580   37200  0  4.21e+02  2.80e+01  0  8.33e+02  1.68e+01  2.47e+00  6.16e-01  1.52e-01   0.46
2008 04 24  1025   54580   37500  0  6.02e+02  2.61e+01  0  8.63e+02  1.75e+01  2.10e+00  4.99e-01  1.26e-01   0.47
2008 04 24  1030   54580   37800  0  4.29e+02  2.32e+01  0  8.60e+02  1.92e+01  2.30e+00  4.40e-01  2.03e-01   0.76
2008 04 24  1035   54580   38100  0  4.36e+02  2.44e+01  0  8.91e+02  1.92e+01  1.87e+00  5.61e-01  1.79e-01   0.35
2008 04 24  1040   54580   38400  0  5.10e+02  2.38e+01  0  8.79e+02  1.74e+01  2.10e+00  5.20e-01  1.48e-01   0.74
2008 04 24  1045   54580   38700  0  6.14e+02  2.63e+01  0  9.02e+02  1.63e+01  2.08e+00  7.04e-01  1.69e-01   0.10
2008 04 24  1050   54580   39000  0  4.71e+02  2.16e+01  0  8.71e+02  1.77e+01  2.33e+00  7.28e-01  1.69e-01   0.85
2008 04 24  1055   54580   39300  0  4.72e+02  2.66e+01  0  7.73e+02  1.48e+01  2.85e+00  3.24e-01  1.74e-01   0.37
2008 04 24  1100   54580   39600  0  5.72e+02  2.52e+01  0  8.53e+02  1.87e+01  2.47e+00  6.68e-01  1.69e-01   0.50
2008 04 24  1105   54580   39900  0  5.19e+02  2.07e+01  0  8.98e+02  1.69e+01  1.87e+00  5.40e-01  1.79e-01   0.13
2008 04 24  1110   54580   40200  0  4.76e+02  2.96e+01  0  8.58e+02  1.66e+01  2.37e+00  3.81e-01  1.06e-01   0.53
2008 04 24  1115   54580   40500  0  5.69e+02  2.34e+01  0  8.90e+02  1.63e+01  2.16e+00  4.57e-01  1.35e-01   0.41
2008 04 24  1120   54580   40800  0  4.98e+02  2.69e+01  0  1.10e+03  2.17e+01  1.84e+00  3.74e-01  1.26e-01   0.77
2008 04 24  1125   54580   41100  0  4.39e+02  3.03e+01  0  1.01e+03  2.16e+01  1.86e+00  5.34e-01  1.16e-01   0.43
2008 04 24  1130   54580   41400  0  4.84e+02  2.11e+01  0  8.10e+02  1.88e+01  2.19e+00  4.38e-01  1.55e-01   0.23
2008 04 24  1135   54580   41700  0  5.75e+02  2.43e+01  0  8.63e+02  1.70e+01  2.25e+00  6.48e-01  1.16e-01   0.29
2008 04 24  1140   54580   42000  0  4.73e+02  2.62e+01  0  9.04e+02  1.70e+01  2.49e+00  7.62e-01  8.69e-02   0.16
2008 04 24  1145   54580   42300  0  4.08e+02  2.52e+01  0  8.42e+02  1.71e+01  1.92e+00  5.14e-01  1.74e-01   0.20
2008 04 24  1150   54580   42600  0  5.23e+02  3.12e+01  0  8.60e+02  1.78e+01  2.28e+00  4.95e-01  1.37e-01   0.20
2008 04 24  1155   54580   42900  0  4.92e+02  2.63e+01  0  8.39e+02  1.76e+01  2.13e+00  5.61e-01  7.38e-02   0.27
2008 04 24  1200   54580   43200  0  4.23e+02  2.53e+01  0  8.66e+02  1.85e+01  1.95e+00  6.86e-01  1.16e-01   0.65
2008 04 24  1205   54580   43500  0  5.65e+02  2.55e+01  0  8.47e+02  1.85e+01  2.01e+00  3.81e-01  1.84e-01   0.24
2008 04 24  1210   54580   43800  0  5.43e+02  2.72e+01  0  1.11e+03  2.12e+01  2.03e+00  6.03e-01  2.11e-01   0.20
2008 04 24  1215   54580   44100  0  5.07e+02  2.73e+01  0  1.32e+03  2.56e+01  2.30e+00  5.98e-01  1.52e-01   0.28
2008 04 24  1220   54580   44400  0  4.07e+02  2.41e+01  0  8.13e+02  1.73e+01  1.89e+00  4.95e-01  1.45e-01   0.45
2008 04 24  1225   54580   44700  0  5.70e+02  2.76e+01  0  8.97e+02  1.64e+01  1.97e+00  4.37e-01  1.37e-01   0.28
2008 04 24  1230   54580   45000  0  4.78e+02  2.39e+01  0  8.89e+02  1.71e+01  2.25e+00  6.51e-01  5.27e-02   0.33
2008 04 24  1235   54580   45300  0  4.05e+02  2.57e+01  0  8.40e+02  1.98e+01  2.33e+00  6.24e-01  1.39e-01   0.56
2008 04 24  1240   54580   45600  0  4.76e+02  2.26e+01  0  9.18e+02  1.68e+01  2.26e+00  8.31e-01  1.58e-01   0.04
2008 04 24  1245   54580   45900  0  4.84e+02  2.94e+01  0  8.93e+02  1.56e+01  1.91e+00  5.10e-01  1.52e-01   0.53
2008 04 24  1250   54580   46200  0  4.58e+02  2.94e+01  0  8.80e+02  1.46e+01  2.43e+00  4.37e-01  9.48e-02   0.26
2008 04 24  1255   54580   46500  0  4.40e+02  2.78e+01  0  8.14e+02  1.66e+01  2.75e+00  6.68e-01  9.27e-02   0.47
2008 04 24  1300   54580   46800  0  4.79e+02  2.75e+01  0  8.93e+02  1.69e+01  2.11e+00  5.98e-01  1.16e-01   0.09
2008 04 24  1305   54580   47100  0  4.71e+02  2.88e+01  0  8.90e+02  1.77e+01  2.26e+00  5.40e-01  1.05e-01   0.08
2008 04 24  1310   54580   47400  0  4.37e+02  2.39e+01  0  8.30e+02  1.57e+01  1.94e+00  6.33e-01  8.92e-02   0.33
2008 04 24  1315   54580   47700  0  5.52e+02  2.40e+01  0  8.54e+02  1.67e+01  2.79e+00  6.65e-01  1.90e-01   0.27
2008 04 24  1320   54580   48000  0  5.05e+02  2.67e+01  0  8.89e+02  1.76e+01  2.00e+00  7.07e-01  2.11e-01   0.40
2008 04 24  1325   54580   48300  0  5.00e+02  2.55e+01  0  8.77e+02  1.66e+01  2.41e+00  5.28e-01  1.52e-01   0.98
2008 04 24  1330   54580   48600  0  5.33e+02  2.28e+01  0  7.83e+02  1.77e+01  2.43e+00  5.40e-01  1.03e-01   0.29
2008 04 24  1335   54580   48900  0  6.45e+02  2.71e+01  0  8.72e+02  1.65e+01  2.40e+00  5.91e-01  1.16e-01   0.69
2008 04 24  1340   54580   49200  0  5.40e+02  2.62e+01  0  9.07e+02  1.74e+01  2.25e+00  5.10e-01  1.69e-01   0.57
2008 04 24  1345   54580   49500  0  4.33e+02  2.59e+01  0  8.03e+02  1.56e+01  2.03e+00  6.03e-01  1.05e-01   0.54
2008 04 24  1350   54580   49800  0  5.56e+02  2.34e+01  0  8.91e+02  1.74e+01  2.01e+00  6.48e-01  1.84e-01   0.20
2008 04 24  1355   54580   50100  0  4.25e+02  2.52e+01  0  8.40e+02  1.62e+01  2.76e+00  4.19e-01  1.35e-01   0.22
2008 04 24  1400   54580   50400  0  5.23e+02  2.73e+01  0  8.63e+02  1.80e+01  2.49e+00  6.86e-01  1.16e-01   0.23
2008 04 24  1405   54580   50700  0  5.62e+02  2.04e+01  0  8.36e+02  1.82e+01  2.01e+00  5.53e-01  1.55e-01   0.40
2008 04 24  1410   54580   51000  0  4.94e+02  2.36e+01  0  9.13e+02  1.70e+01  2.37e+00  4.76e-01  1.93e-01   0.43
2008 04 24  1415   54580   51300  0  4.51e+02  2.68e+01  0  8.66e+02  1.88e+01  2.01e+00  5.53e-01  1.55e-01   0.21
2008 04 24  1420   54580   51600  0  4.80e+02  2.64e+01  0  8.36e+02  1.71e+01  2.37e+00  6.29e-01  1.84e-01   0.33
2008 04 24  1425   54580   51900  0  5.80e+02  3.05e+01  0  8.80e+02  1.81e+01  2.34e+00  5.72e-01  1.26e-01   0.24
2008 04 24  1430   54580   52200  0  4.68e+02  2.25e+01  0  8.79e+02  1.67e+01  2.07e+00  6.48e-01  1.93e-01   0.20
2008 04 24  1435   54580   52500  0  4.71e+02  2.07e+01  0  8.56e+02  2.27e+01  2.59e+00  6.03e-01  1.37e-01   0.67
2008 04 24  1440   54580   52800  0  5.09e+02  2.44e+01  0  1.36e+03  3.17e+01  2.40e+00  5.91e-01  2.51e-01   0.64
2008 04 24  1445   54580   53100  0  5.08e+02  2.55e+01  0  1.35e+03  3.81e+01  2.64e+00  6.10e-01  1.26e-01   0.25
2008 04 24  1450   54580   53400  0  4.58e+02  3.07e+01  0  3.08e+03  1.29e+02  3.15e+00  7.28e-01  1.37e-01   0.13
2008 04 24  1455   54580   53700  0  4.29e+02  2.53e+01  0  8.97e+02  2.71e+01  2.47e+00  4.05e-01  1.78e-01   0.57
2008 04 24  1500   54580   54000  0  4.94e+02  2.91e+01  0  7.26e+03  2.40e+02  3.55e+00  4.38e-01  1.45e-01   0.40
2008 04 24  1505   54580   54300  0  4.40e+02  2.40e+01  0  1.52e+04  5.81e+02  8.46e+00  4.57e-01  1.58e-01   0.26
2008 04 24  1510   54580   54600  0  4.35e+02  2.70e+01  0  1.06e+04  2.75e+02  5.44e+00  5.98e-01  1.43e-01   0.82
2008 04 24  1515   54580   54900  0  5.44e+02  2.74e+01  0  2.07e+03  7.54e+01  3.15e+00  6.03e-01  1.26e-01   0.37
2008 04 24  1520   54580   55200  0  3.95e+02  2.45e+01  0  9.52e+02  1.81e+01  2.79e+00  7.28e-01  1.37e-01   0.89
2008 04 24  1525   54580   55500  0  4.91e+02  2.81e+01  0  8.82e+02  2.11e+01  2.39e+00  7.21e-01  1.74e-01   0.19
2008 04 24  1530   54580   55800  0  4.65e+02  2.28e+01  0  8.95e+02  2.05e+01  1.87e+00  6.24e-01  1.48e-01   0.26
2008 04 24  1535   54580   56100  0  5.08e+02  3.01e+01  0  8.92e+02  1.66e+01  1.94e+00  5.45e-01  1.07e-01   0.79
2008 04 24  1540   54580   56400  0  4.81e+02  2.62e+01  0  8.92e+02  1.69e+01  1.86e+00  5.45e-01  1.34e-01   0.20
2008 04 24  1545   54580   56700  0  4.15e+02  2.57e+01  0  8.33e+02  1.67e+01  2.52e+00  4.99e-01  1.16e-01   1.00
2008 04 24  1550   54580   57000  0  5.36e+02  2.45e+01  0  9.12e+02  2.04e+01  2.00e+00  5.80e-01  1.25e-01   0.29
2008 04 24  1555   54580   57300  0  6.20e+02  2.45e+01  0  9.05e+02  2.01e+01  2.20e+00  4.99e-01  1.58e-01   0.10
2008 04 24  1600   54580   57600  0  4.33e+02  2.38e+01  0  9.03e+02  2.35e+01  2.49e+00  4.37e-01  1.79e-01   0.70
2008 04 24  1605   54580   57900  0  5.36e+02  2.52e+01  0  8.82e+02  1.86e+01  1.58e+00  6.16e-01  1.45e-01   0.45
2008 04 24  1610   54580   58200  0  4.62e+02  2.38e+01  0  8.50e+02  1.83e+01  2.26e+00  5.40e-01  9.48e-02   0.28
2008 04 24  1615   54580   58500  0  4.71e+02  2.62e+01  0  9.04e+02  1.74e+01  2.55e+00  7.24e-01  9.66e-02   0.08
2008 04 24  1620   54580   58800  0  4.55e+02  2.70e+01  0  8.53e+02  1.72e+01  2.22e+00  5.98e-01  1.07e-01   0.52
2008 04 24  1625   54580   59100  0  5.03e+02  2.51e+01  0  9.62e+02  2.02e+01  2.56e+00  4.99e-01  2.11e-01   0.34
2008 04 24  1630   54580   59400  0  4.61e+02  2.59e+01  0  9.91e+02  1.94e+01  2.25e+00  7.43e-01  2.80e-01   0.32
2008 04 24  1635   54580   59700  0  4.37e+02  2.75e+01  0  8.90e+02  1.83e+01  2.43e+00  5.72e-01  7.73e-02   0.66
2008 04 24  1640   54580   60000  0  5.09e+02  2.22e+01  0  9.49e+02  2.43e+01  1.97e+00  8.31e-01  8.43e-02   0.59
2008 04 24  1645   54580   60300  0  4.73e+02  2.34e+01  0  8.83e+02  1.94e+01  2.25e+00  7.05e-01  1.55e-01   0.50
2008 04 24  1650   54580   60600  0  3.97e+02  2.39e+01  0  8.96e+02  1.93e+01  2.07e+00  4.95e-01  1.55e-01   0.56
2008 04 24  1655   54580   60900  0  5.93e+02  2.50e+01  0  8.66e+02  1.42e+01  2.40e+00  5.91e-01  1.16e-01   0.27
2008 04 24  1700   54580   61200  0  4.73e+02  2.76e+01  0  9.59e+02  1.63e+01  2.01e+00  4.19e-01  1.16e-01   0.66
2008 04 24  1705   54580   61500  0  4.42e+02  2.64e+01  0  8.65e+02  1.65e+01  1.86e+00  6.29e-01  1.35e-01   0.49
2008 04 24  1710   54580   61800  0  4.25e+02  2.41e+01  0  8.33e+02  1.67e+01  2.25e+00  4.57e-01  1.26e-01   0.14
2008 04 24  1715   54580   62100  0  4.56e+02  2.72e+01  0  9.06e+02  1.88e+01  2.36e+00  6.44e-01  1.69e-01   0.52
2008 04 24  1720   54580   62400  0  4.25e+02  2.46e+01  0  8.56e+02  1.71e+01  2.40e+00  4.57e-01  1.06e-01   0.78
2008 04 24  1725   54580   62700  0  4.48e+02  2.53e+01  0  8.75e+02  1.91e+01  2.40e+00  7.81e-01  1.26e-01   0.37
2008 04 24  1730   54580   63000  0  4.29e+02  2.86e+01  0  8.96e+02  1.73e+01  1.93e+00  8.52e-01  2.11e-01   0.32
2008 04 24  1735   54580   63300  0  4.79e+02  2.29e+01  0  8.58e+02  1.68e+01  2.00e+00  5.98e-01  1.16e-01   0.56
2008 04 24  1740   54580   63600  0  4.51e+02  2.25e+01  0  8.55e+02  1.65e+01  2.34e+00  6.29e-01  1.16e-01   0.23
2008 04 24  1745   54580   63900  0  4.09e+02  2.57e+01  0  8.32e+02  1.83e+01  2.23e+00  4.78e-01  1.37e-01   0.27
2008 04 24  1750   54580   64200  0  5.45e+02  2.76e+01  0  8.97e+02  1.51e+01  1.97e+00  4.57e-01  1.43e-01   0.26
2008 04 24  1755   54580   64500  0  4.35e+02  2.71e+01  0  9.17e+02  1.76e+01  2.95e+00  4.99e-01  8.43e-02   0.29
2008 04 24  1800   54580   64800  0  4.40e+02  2.20e+01  0  8.58e+02  1.80e+01  2.26e+00  5.82e-01  1.16e-01   0.31
2008 04 24  1805   54580   65100  0  5.59e+02  2.29e+01  0  9.03e+02  1.80e+01  2.27e+00  5.28e-01  1.43e-01   0.59
2008 04 24  1810   54580   65400  0  4.56e+02  2.69e+01  0  8.72e+02  1.74e+01  2.46e+00  7.69e-01  1.69e-01   0.44
2008 04 24  1815   54580   65700  0  4.76e+02  2.52e+01  0  1.01e+03  1.96e+01  2.22e+00  5.63e-01  1.78e-01   0.59
2008 04 24  1820   54580   66000  0  4.55e+02  2.45e+01  0  9.90e+02  1.92e+01  2.44e+00  6.16e-01  1.60e-01   0.70
2008 04 24  1825   54580   66300  0  6.31e+02  2.55e+01  0  9.86e+02  2.09e+01  2.95e+00  5.41e-01  1.16e-01   0.49
2008 04 24  1830   54580   66600  0  4.70e+02  2.65e+01  0  9.02e+02  1.85e+01  2.22e+00  5.63e-01  1.60e-01   0.62
2008 04 24  1835   54580   66900  0  4.33e+02  2.96e+01  0  8.76e+02  1.97e+01  2.13e+00  5.61e-01  1.47e-01   0.27
2008 04 24  1840   54580   67200  0  5.36e+02  2.24e+01  0  9.65e+02  2.23e+01  1.80e+00  5.20e-01  1.58e-01   0.26
2008 04 24  1845   54580   67500  0  5.42e+02  2.39e+01  0  8.98e+02  1.98e+01  2.22e+00  5.28e-01  1.78e-01   0.11
2008 04 24  1850   54580   67800  0  3.95e+02  2.57e+01  0  1.09e+03  2.18e+01  2.49e+00  5.82e-01  1.58e-01   0.59
2008 04 24  1855   54580   68100  0  4.65e+02  2.59e+01  0  1.00e+03  2.84e+01  2.37e+00  6.10e-01  1.26e-01   0.41
2008 04 24  1900   54580   68400  0  4.91e+02  2.85e+01  0  1.02e+03  2.05e+01  2.16e+00  6.33e-01  1.07e-01   0.63
2008 04 24  1905   54580   68700  0  5.05e+02  2.90e+01  0  1.05e+03  2.22e+01  1.87e+00  5.20e-01  1.58e-01   0.38
2008 04 24  1910   54580   69000  0  4.84e+02  2.46e+01  0  9.50e+02  2.17e+01  2.01e+00  5.72e-01  1.74e-01   0.21
2008 04 24  1915   54580   69300  0  5.97e+02  2.34e+01  0  9.40e+02  1.73e+01  2.43e+00  4.76e-01  1.16e-01   1.06
2008 04 24  1920   54580   69600  0  4.91e+02  2.32e+01  0  8.76e+02  1.76e+01  2.29e+00  6.03e-01  1.69e-01   0.14
2008 04 24  1925   54580   69900  0  4.94e+02  2.34e+01  0  2.13e+03  6.10e+01  3.22e+00  7.05e-01  1.55e-01   0.26
2008 04 24  1930   54580   70200  0  5.61e+02  2.25e+01  0  2.52e+03  1.65e+02  6.07e+00  4.95e-01  9.48e-02   0.20
2008 04 24  1935   54580   70500  0  4.40e+02  2.55e+01  0  1.42e+03  2.96e+01  2.25e+00  3.81e-01  1.16e-01   0.58
2008 04 24  1940   54580   70800  0  6.02e+02  2.89e+01  0  1.12e+03  2.51e+01  2.37e+00  6.29e-01  1.35e-01   0.43
2008 04 24  1945   54580   71100  0  4.76e+02  2.57e+01  0  1.07e+03  2.15e+01  2.19e+00  5.34e-01  1.35e-01   0.20
2008 04 24  1950   54580   71400  0  5.32e+02  2.41e+01  0  1.08e+03  2.18e+01  2.19e+00  6.48e-01  1.69e-01   0.34
2008 04 24  1955   54580   71700  0  4.65e+02  2.18e+01  0  1.56e+03  2.84e+01  1.97e+00  8.52e-01  2.00e-01   0.36
2008 04 24  2000   54580   72000  0  4.73e+02  2.43e+01  0  1.61e+03  2.99e+01  2.64e+00  8.00e-01  1.06e-01   0.21
2008 04 24  2005   54580   72300  0  5.82e+02  2.62e+01  0  1.03e+03  1.93e+01  2.16e+00  6.29e-01  1.26e-01   0.26
2008 04 24  2010   54580   72600  0  5.00e+02  2.40e+01  0  1.05e+03  2.29e+01  2.52e+00  7.07e-01  1.48e-01   0.38
2008 04 24  2015   54580   72900  0  4.69e+02  2.49e+01  0  1.02e+03  2.13e+01  2.22e+00  5.80e-01  1.34e-01   0.17
2008 04 24  2020   54580   73200  0  5.67e+02  2.89e+01  0  9.78e+02  2.32e+01  2.40e+00  6.48e-01  1.74e-01   0.13
2008 04 24  2025   54580   73500  0  5.46e+02  2.45e+01  0  9.50e+02  2.05e+01  1.80e+00  3.74e-01  1.26e-01   0.34
2008 04 24  2030   54580   73800  0  5.04e+02  2.58e+01  0  9.79e+02  2.00e+01  2.16e+00  5.80e-01  1.43e-01   0.27
2008 04 24  2035   54580   74100  0  4.55e+02  2.44e+01  0  9.27e+02  2.27e+01  2.33e+00  5.82e-01  1.58e-01   0.34
2008 04 24  2040   54580   74400  0  7.32e+02  2.61e+01  0  1.01e+03  1.92e+01  2.52e+00  6.24e-01  1.69e-01   0.22
2008 04 24  2045   54580   74700  0  4.93e+02  2.35e+01  0  1.08e+03  2.46e+01  2.39e+00  5.45e-01  8.69e-02   0.03
2008 04 24  2050   54580   75000  0  5.24e+02  2.32e+01  0  7.12e+03  4.55e+02  3.31e+00  4.99e-01  2.20e-01   0.95
2008 04 24  2055   54580   75300  0  5.71e+02  2.53e+01  0  5.00e+03  2.59e+02  4.94e+00  6.68e-01  1.60e-01   0.14
2008 04 24  2100   54580   75600  0  4.85e+02  2.35e+01  0  2.73e+03  8.72e+01  2.77e+00  6.16e-01  1.52e-01   0.15
2008 04 24  2105   54580   75900  0  4.60e+02  2.80e+01  0  7.03e+03  1.35e+02  3.61e+00  4.37e-01  1.79e-01   0.79
2008 04 24  2110   54580   76200  0  5.01e+02  2.67e+01  0  5.96e+03  1.26e+02  3.52e+00  4.57e-01  1.16e-01   0.34
2008 04 24  2115   54580   76500  0  5.59e+02  2.47e+01  0  8.23e+03  2.24e+02  3.02e+00  3.89e-01  1.90e-01   1.07
2008 04 24  2120   54580   76800  0  4.91e+02  2.65e+01  0  1.55e+04  6.22e+02  5.54e+00  4.16e-01  1.05e-01   0.48
2008 04 24  2125   54580   77100  0  4.71e+02  2.78e+01  0  8.83e+03  2.99e+02  5.13e+00  4.05e-01  9.66e-02   0.48
2008 04 24  2130   54580   77400  0  5.92e+02  2.57e+01  0  7.59e+03  3.46e+02  5.74e+00  5.40e-01  1.16e-01   0.29
2008 04 24  2135   54580   77700  0  4.78e+02  2.99e+01  0  7.75e+03  2.56e+02  3.46e+00  6.29e-01  1.26e-01   0.11
2008 04 24  2140   54580   78000  0  4.17e+02  2.81e+01  0  2.50e+03  1.11e+02  3.08e+00  3.62e-01  1.16e-01   0.31
2008 04 24  2145   54580   78300  0  5.30e+02  2.16e+01  0  3.27e+03  1.71e+02  4.06e+00  7.48e-01  1.51e-01   0.09
2008 04 24  2150   54580   78600  0  5.61e+02  2.41e+01  0  1.22e+03  3.28e+01  2.16e+00  7.43e-01  1.84e-01   0.28
2008 04 24  2155   54580   78900  0  4.96e+02  2.64e+01  0  1.25e+03  3.40e+01  2.28e+00  6.29e-01  1.74e-01   0.27
2008 04 24  2200   54580   79200  0  4.51e+02  2.66e+01  0  8.31e+02  1.67e+01  1.71e+00  6.10e-01  1.64e-01   0.34
2008 04 24  2205   54580   79500  0  5.77e+02  2.59e+01  0  9.77e+02  1.99e+01  2.46e+00  7.07e-01  1.16e-01   0.31
2008 04 24  2210   54580   79800  0  4.85e+02  2.52e+01  0  9.34e+02  1.85e+01  2.41e+00  5.80e-01  1.60e-01   0.16
2008 04 24  2215   54580   80100  0  4.67e+02  2.22e+01  0  9.34e+02  1.90e+01  2.13e+00  6.03e-01  2.00e-01   0.45
2008 04 24  2220   54580   80400  0  5.04e+02  2.55e+01  0  8.75e+02  1.86e+01  1.87e+00  5.82e-01  1.58e-01   0.14
2008 04 24  2225   54580   80700  0  5.19e+02  2.34e+01  0  3.65e+03  1.56e+02  3.99e+00  6.51e-01  1.69e-01   0.15
2008 04 24  2230   54580   81000  0  5.32e+02  2.78e+01  0  4.04e+03  1.58e+02  3.87e+00  6.65e-01  1.47e-01   0.11
2008 04 24  2235   54580   81300  0  4.98e+02  3.11e+01  0  3.36e+03  1.39e+02  3.34e+00  5.61e-01  1.48e-01   0.10
2008 04 24  2240   54580   81600  0  5.09e+02  2.42e+01  0  4.56e+03  1.61e+02  4.24e+00  7.39e-01  1.35e-01   0.24
2008 04 24  2245   54580   81900  0  5.01e+02  2.57e+01  0  4.92e+03  1.54e+02  4.10e+00  3.95e-01  1.47e-01   0.68
2008 04 24  2250   54580   82200  0  4.43e+02  2.53e+01  0  4.88e+03  1.74e+02  4.38e+00  5.45e-01  6.76e-02   0.09
2008 04 24  2255   54580   82500  0  5.65e+02  2.51e+01  0  5.67e+03  2.03e+02  4.52e+00  6.86e-01  1.26e-01   0.39
2008 04 24  2300   54580   82800  0  4.42e+02  2.32e+01  0  3.87e+03  1.39e+02  3.84e+00  6.86e-01  1.69e-01   0.11
2008 04 24  2305   54580   83100  0  4.69e+02  2.57e+01  0  4.19e+03  1.63e+02  3.63e+00  7.56e-01  1.16e-01   0.53
2008 04 24  2310   54580   83400  0  4.49e+02  2.44e+01  0  2.25e+03  7.52e+01  3.05e+00  4.37e-01  8.43e-02   0.98
2008 04 24  2315   54580   83700  0  4.45e+02  2.44e+01  0  1.34e+03  3.68e+01  2.82e+00  7.48e-01  1.69e-01   0.14
2008 04 24  2320   54580   84000  0  4.50e+02  2.52e+01  0  1.44e+03  3.56e+01  2.66e+00  5.98e-01  1.25e-01   0.35
2008 04 24  2325   54580   84300  0  3.83e+02  2.44e+01  0  1.17e+03  2.58e+01  2.46e+00  5.61e-01  1.85e-01   0.32
2008 04 24  2330   54580   84600  0  5.05e+02  2.73e+01  0  1.25e+03  3.17e+01  2.61e+00  6.10e-01  9.66e-02   0.66
2008 04 24  2335   54580   84900  0  4.76e+02  2.46e+01  0  1.29e+03  3.39e+01  2.13e+00  5.91e-01  3.31e-02   0.82
2008 04 24  2340   54580   85200  0  4.44e+02  2.51e+01  0  1.25e+03  3.26e+01  2.26e+00  4.78e-01  1.58e-01   0.28
2008 04 24  2345   54580   85500  0  4.76e+02  2.37e+01  0  1.16e+03  2.85e+01  2.46e+00  4.16e-01  2.11e-01   0.15
2008 04 24  2350   54580   85800  0  4.88e+02  2.25e+01  0  1.22e+03  2.81e+01  2.41e+00  5.31e-01  1.72e-01   0.24
2008 04 24  2355   54580   86100  0  5.09e+02  3.02e+01  0  1.04e+03  2.55e+01  1.92e+00  6.61e-01  1.57e-01   0.38
