:Data_list: 20080514_ace_epam_5m.txt
:Created: 2008 May 15 0011 UT
# Prepared by the U.S. Dept. of Commerce, NOAA, Space Weather Prediction Center
# Please send comments and suggestions to SWPC.Webmaster@noaa.gov 
# 
# Units: Differential Flux particles/cm2-s-ster-MeV
# Units: Anisotropy Index 0.0 - 2.0
# Status(S): 0 = nominal, 4,6,7,8 = bad data, unable to process, 9 = no data
# Missing data values: -1.00e+05, index = -1.00
# Source: ACE Satellite - Electron, Proton, and Alpha Monitor
#
#
#                      5-minute averaged Real-time Differential Electron and Proton Flux 
# 
#                Modified Seconds ---------------------------- Differential Flux ---------------------------
# UT Date   Time  Julian  of the  ----- Electron -----   ------------------- Protons keV -------------------   Anis.
# YR MO DA  HHMM    Day    Day    S    38-53   175-315   S    47-68   115-195   310-580   761-1220 1060-1900   Index
#-------------------------------------------------------------------------------------------------------------------
2008 05 14  0000   54600       0  0  6.73e+02  3.09e+01  0  7.62e+02  1.85e+01  3.08e+00  5.61e-01  2.11e-01   0.16
2008 05 14  0005   54600     300  0  7.57e+02  3.16e+01  0  8.52e+02  1.98e+01  2.94e+00  6.86e-01  2.23e-01   0.25
2008 05 14  0010   54600     600  0  6.69e+02  2.72e+01  0  7.88e+02  1.99e+01  2.79e+00  9.98e-01  2.74e-01   0.38
2008 05 14  0015   54600     900  0  6.32e+02  2.76e+01  0  7.41e+02  2.18e+01  3.15e+00  7.05e-01  2.61e-01   0.59
2008 05 14  0020   54600    1200  0  7.64e+02  2.60e+01  0  8.04e+02  1.87e+01  2.58e+00  7.81e-01  3.09e-01   0.50
2008 05 14  0025   54600    1500  0  6.39e+02  2.72e+01  0  8.07e+02  1.63e+01  2.79e+00  6.86e-01  3.37e-01   0.34
2008 05 14  0030   54600    1800  0  5.79e+02  2.85e+01  0  7.71e+02  1.66e+01  3.06e+00  9.91e-01  3.28e-01   0.21
2008 05 14  0035   54600    2100  0  6.99e+02  2.71e+01  0  8.12e+02  1.81e+01  2.73e+00  7.05e-01  2.51e-01   0.21
2008 05 14  0040   54600    2400  0  7.00e+02  2.82e+01  0  7.56e+02  2.06e+01  3.08e+00  6.86e-01  2.74e-01   0.50
2008 05 14  0045   54600    2700  0  5.82e+02  2.68e+01  0  8.16e+02  1.87e+01  2.31e+00  8.38e-01  3.77e-01   0.49
2008 05 14  0050   54600    3000  0  6.42e+02  2.48e+01  0  7.38e+02  1.95e+01  3.31e+00  9.15e-01  2.41e-01   0.31
2008 05 14  0055   54600    3300  0  7.39e+02  2.50e+01  0  7.81e+02  1.91e+01  2.61e+00  6.86e-01  2.51e-01   0.48
2008 05 14  0100   54600    3600  0  6.20e+02  2.49e+01  0  8.13e+02  1.69e+01  3.05e+00  7.28e-01  3.37e-01   0.03
2008 05 14  0105   54600    3900  0  6.45e+02  2.82e+01  0  7.99e+02  2.03e+01  2.76e+00  8.57e-01  2.70e-01   0.37
2008 05 14  0110   54600    4200  0  7.11e+02  2.53e+01  0  8.05e+02  1.90e+01  2.61e+00  7.43e-01  2.90e-01   0.57
2008 05 14  0115   54600    4500  0  6.73e+02  2.71e+01  0  8.25e+02  1.95e+01  2.79e+00  9.56e-01  2.74e-01   0.37
2008 05 14  0120   54600    4800  0  6.12e+02  2.83e+01  0  7.90e+02  1.62e+01  2.79e+00  9.53e-01  2.99e-01   0.59
2008 05 14  0125   54600    5100  0  7.11e+02  2.55e+01  0  7.86e+02  1.94e+01  2.73e+00  7.81e-01  2.70e-01   0.17
2008 05 14  0130   54600    5400  0  6.98e+02  2.90e+01  0  8.20e+02  1.83e+01  2.72e+00  7.69e-01  2.11e-01   0.24
2008 05 14  0135   54600    5700  0  5.91e+02  2.80e+01  0  8.17e+02  1.80e+01  2.33e+00  6.33e-01  1.87e-01   0.51
2008 05 14  0140   54600    6000  0  5.91e+02  2.92e+01  0  7.27e+02  2.17e+01  2.88e+00  8.52e-01  1.80e-01   0.18
2008 05 14  0145   54600    6300  0  7.09e+02  2.47e+01  0  7.83e+02  1.67e+01  2.98e+00  8.31e-01  2.63e-01   0.66
2008 05 14  0150   54600    6600  0  6.79e+02  2.78e+01  0  8.16e+02  1.71e+01  2.33e+00  1.02e+00  2.67e-01   0.29
2008 05 14  0155   54600    6900  0  6.58e+02  2.55e+01  0  7.89e+02  1.83e+01  2.39e+00  8.11e-01  2.63e-01   0.54
2008 05 14  0200   54600    7200  0  7.14e+02  2.45e+01  0  7.78e+02  1.80e+01  2.49e+00  9.15e-01  2.53e-01   0.11
2008 05 14  0205   54600    7500  0  7.45e+02  2.73e+01  0  8.18e+02  1.83e+01  2.77e+00  8.44e-01  3.03e-01   0.52
2008 05 14  0210   54600    7800  0  5.95e+02  2.55e+01  0  8.60e+02  2.00e+01  3.02e+00  5.20e-01  2.63e-01   0.55
2008 05 14  0215   54600    8100  0  6.32e+02  2.40e+01  0  7.09e+02  1.69e+01  2.55e+00  7.39e-01  1.16e-01   0.37
2008 05 14  0220   54600    8400  0  7.90e+02  2.57e+01  0  7.86e+02  1.92e+01  2.98e+00  8.94e-01  2.74e-01   0.06
2008 05 14  0225   54600    8700  0  6.53e+02  2.74e+01  0  8.32e+02  2.10e+01  2.98e+00  7.48e-01  2.42e-01   0.58
2008 05 14  0230   54600    9000  0  6.50e+02  2.52e+01  0  7.35e+02  1.91e+01  2.33e+00  1.14e+00  2.67e-01   0.33
2008 05 14  0235   54600    9300  0  7.56e+02  2.26e+01  0  8.17e+02  2.05e+01  2.56e+00  7.69e-01  2.00e-01   0.13
2008 05 14  0240   54600    9600  0  6.42e+02  2.78e+01  0  7.84e+02  1.83e+01  2.85e+00  5.61e-01  3.27e-01   0.60
2008 05 14  0245   54600    9900  0  6.79e+02  2.42e+01  0  8.25e+02  1.81e+01  2.80e+00  8.97e-01  2.14e-01   0.54
2008 05 14  0250   54600   10200  0  6.60e+02  2.98e+01  0  7.51e+02  1.78e+01  2.46e+00  6.03e-01  2.32e-01   0.43
2008 05 14  0255   54600   10500  0  7.16e+02  2.62e+01  0  8.44e+02  1.86e+01  2.97e+00  7.05e-01  1.64e-01   0.14
2008 05 14  0300   54600   10800  0  6.40e+02  2.30e+01  0  7.92e+02  1.88e+01  2.79e+00  7.05e-01  2.41e-01   0.68
2008 05 14  0305   54600   11100  0  5.99e+02  2.49e+01  0  7.51e+02  2.06e+01  2.03e+00  5.82e-01  1.90e-01   0.56
2008 05 14  0310   54600   11400  0  6.78e+02  2.73e+01  0  8.21e+02  2.04e+01  2.55e+00  7.62e-01  2.61e-01   0.12
2008 05 14  0315   54600   11700  0  5.74e+02  2.50e+01  0  8.05e+02  1.93e+01  2.55e+00  7.43e-01  2.12e-01   0.62
2008 05 14  0320   54600   12000  0  6.40e+02  2.43e+01  0  7.76e+02  1.76e+01  2.88e+00  8.11e-01  2.42e-01   0.06
2008 05 14  0325   54600   12300  0  6.13e+02  2.87e+01  0  7.84e+02  1.80e+01  2.37e+00  7.24e-01  3.09e-01   0.22
2008 05 14  0330   54600   12600  0  6.38e+02  2.82e+01  0  7.82e+02  1.92e+01  3.03e+00  5.91e-01  2.70e-01   0.41
2008 05 14  0335   54600   12900  0  6.11e+02  2.89e+01  0  7.80e+02  1.86e+01  2.73e+00  6.67e-01  2.22e-01   0.30
2008 05 14  0340   54600   13200  0  5.83e+02  2.71e+01  0  7.14e+02  1.70e+01  2.29e+00  8.73e-01  3.58e-01   0.37
2008 05 14  0345   54600   13500  0  7.11e+02  2.78e+01  0  8.17e+02  1.96e+01  2.94e+00  7.62e-01  2.51e-01   0.28
2008 05 14  0350   54600   13800  0  6.75e+02  2.43e+01  0  8.04e+02  2.09e+01  2.70e+00  6.10e-01  2.80e-01   0.89
2008 05 14  0355   54600   14100  0  6.33e+02  2.69e+01  0  8.05e+02  2.07e+01  2.46e+00  6.65e-01  2.95e-01   0.17
2008 05 14  0400   54600   14400  0  6.89e+02  2.14e+01  0  8.36e+02  1.97e+01  2.82e+00  7.05e-01  2.12e-01   0.49
2008 05 14  0405   54600   14700  0  6.37e+02  2.98e+01  0  7.66e+02  1.92e+01  2.67e+00  8.77e-01  2.70e-01   0.32
2008 05 14  0410   54600   15000  0  6.17e+02  2.92e+01  0  8.00e+02  1.71e+01  2.88e+00  7.48e-01  1.90e-01   0.45
2008 05 14  0415   54600   15300  0  5.92e+02  2.55e+01  0  7.47e+02  1.99e+01  2.22e+00  1.07e+00  3.86e-01   0.28
2008 05 14  0420   54600   15600  0  6.20e+02  2.59e+01  0  7.79e+02  1.70e+01  2.64e+00  1.20e+00  2.35e-01   0.41
2008 05 14  0425   54600   15900  0  6.24e+02  2.61e+01  0  7.98e+02  2.25e+01  2.52e+00  6.44e-01  2.95e-01   0.46
2008 05 14  0430   54600   16200  0  6.17e+02  2.55e+01  0  7.77e+02  1.65e+01  2.27e+00  7.91e-01  3.66e-01   0.20
2008 05 14  0435   54600   16500  0  7.23e+02  2.28e+01  0  7.82e+02  1.86e+01  2.75e+00  1.23e+00  3.48e-01   0.19
2008 05 14  0440   54600   16800  0  6.85e+02  2.49e+01  0  7.65e+02  1.62e+01  2.43e+00  6.44e-01  2.11e-01   0.29
2008 05 14  0445   54600   17100  0  6.88e+02  2.78e+01  0  7.71e+02  1.90e+01  2.27e+00  5.98e-01  1.35e-01   0.33
2008 05 14  0450   54600   17400  0  6.58e+02  2.65e+01  0  7.55e+02  1.71e+01  2.46e+00  8.52e-01  2.00e-01   0.28
2008 05 14  0455   54600   17700  0  6.84e+02  2.14e+01  0  8.29e+02  1.95e+01  2.55e+00  9.32e-01  2.23e-01   0.46
2008 05 14  0500   54600   18000  0  6.39e+02  2.69e+01  0  7.92e+02  1.73e+01  2.33e+00  1.02e+00  2.11e-01   0.31
2008 05 14  0505   54600   18300  0  6.76e+02  2.55e+01  0  7.23e+02  1.86e+01  2.66e+00  8.31e-01  2.42e-01   0.52
2008 05 14  0510   54600   18600  0  6.79e+02  2.75e+01  0  7.80e+02  2.19e+01  2.33e+00  7.92e-01  2.05e-01   0.48
2008 05 14  0515   54600   18900  0  6.31e+02  2.69e+01  0  7.80e+02  1.60e+01  2.56e+00  8.73e-01  2.00e-01   0.44
2008 05 14  0520   54600   19200  0  6.26e+02  2.55e+01  0  7.83e+02  1.80e+01  2.72e+00  8.73e-01  2.53e-01   0.23
2008 05 14  0525   54600   19500  0  6.61e+02  2.60e+01  0  8.03e+02  1.68e+01  2.75e+00  7.21e-01  1.87e-01   0.12
2008 05 14  0530   54600   19800  0  5.45e+02  2.69e+01  0  7.67e+02  1.90e+01  2.46e+00  7.48e-01  2.42e-01   0.24
2008 05 14  0535   54600   20100  0  5.57e+02  2.13e+01  0  7.44e+02  1.82e+01  2.97e+00  6.86e-01  1.84e-01   0.53
2008 05 14  0540   54600   20400  0  6.22e+02  2.68e+01  0  7.04e+02  1.63e+01  2.25e+00  9.72e-01  1.26e-01   0.20
2008 05 14  0545   54600   20700  0  6.62e+02  2.69e+01  0  8.31e+02  1.91e+01  2.49e+00  1.06e+00  1.79e-01   0.14
2008 05 14  0550   54600   21000  0  6.10e+02  2.60e+01  0  8.17e+02  1.91e+01  2.07e+00  6.86e-01  2.90e-01   0.20
2008 05 14  0555   54600   21300  0  6.46e+02  2.92e+01  0  7.63e+02  1.58e+01  2.58e+00  7.24e-01  2.61e-01   0.64
2008 05 14  0600   54600   21600  0  7.07e+02  2.61e+01  0  7.71e+02  1.59e+01  2.62e+00  7.07e-01  2.00e-01   1.04
2008 05 14  0605   54600   21900  0  6.68e+02  2.46e+01  0  7.79e+02  1.91e+01  2.43e+00  7.43e-01  1.84e-01   0.31
2008 05 14  0610   54600   22200  0  6.13e+02  2.59e+01  0  7.75e+02  1.81e+01  2.31e+00  7.62e-01  1.06e-01   0.28
2008 05 14  0615   54600   22500  0  5.69e+02  2.55e+01  0  7.75e+02  1.65e+01  2.67e+00  7.05e-01  2.22e-01   0.34
2008 05 14  0620   54600   22800  0  6.22e+02  2.71e+01  0  8.56e+02  1.95e+01  2.33e+00  6.03e-01  1.37e-01   0.16
2008 05 14  0625   54600   23100  0  6.13e+02  2.66e+01  0  8.26e+02  1.88e+01  2.79e+00  6.10e-01  2.61e-01   0.41
2008 05 14  0630   54600   23400  0  5.69e+02  2.62e+01  0  7.28e+02  1.86e+01  2.43e+00  6.48e-01  2.12e-01   0.25
2008 05 14  0635   54600   23700  0  7.07e+02  2.15e+01  0  8.02e+02  1.66e+01  2.43e+00  5.82e-01  1.69e-01   0.22
2008 05 14  0640   54600   24000  0  5.87e+02  2.87e+01  0  8.09e+02  1.61e+01  2.40e+00  7.24e-01  1.64e-01   0.42
2008 05 14  0645   54600   24300  0  6.04e+02  2.76e+01  0  7.53e+02  2.06e+01  2.58e+00  9.91e-01  1.64e-01   0.04
2008 05 14  0650   54600   24600  0  6.33e+02  2.57e+01  0  7.64e+02  1.89e+01  2.36e+00  5.82e-01  1.47e-01   0.12
2008 05 14  0655   54600   24900  0  6.62e+02  2.65e+01  0  7.83e+02  1.86e+01  2.25e+00  8.80e-01  2.23e-01   0.16
2008 05 14  0700   54600   25200  0  6.10e+02  3.00e+01  0  7.94e+02  2.09e+01  2.88e+00  7.90e-01  2.11e-01   0.35
2008 05 14  0705   54600   25500  0  5.75e+02  3.05e+01  0  7.46e+02  1.87e+01  2.52e+00  7.48e-01  2.11e-01   0.60
2008 05 14  0710   54600   25800  0  6.35e+02  2.70e+01  0  8.85e+02  1.97e+01  2.88e+00  6.51e-01  1.87e-01   0.76
2008 05 14  0715   54600   26100  0  6.08e+02  2.74e+01  0  7.67e+02  1.87e+01  2.88e+00  8.31e-01  1.16e-01   0.46
2008 05 14  0720   54600   26400  0  5.74e+02  2.69e+01  0  7.54e+02  1.86e+01  2.46e+00  5.82e-01  2.32e-01   0.29
2008 05 14  0725   54600   26700  0  7.91e+02  2.47e+01  0  7.99e+02  1.88e+01  2.33e+00  7.91e-01  2.67e-01   0.18
2008 05 14  0730   54600   27000  0  6.51e+02  2.55e+01  0  8.37e+02  1.60e+01  3.31e+00  6.86e-01  2.11e-01   0.19
2008 05 14  0735   54600   27300  0  6.15e+02  2.75e+01  0  8.05e+02  1.72e+01  2.02e+00  6.86e-01  1.78e-01   0.28
2008 05 14  0740   54600   27600  0  6.28e+02  2.71e+01  0  7.50e+02  1.83e+01  2.03e+00  7.28e-01  1.79e-01   0.49
2008 05 14  0745   54600   27900  0  5.84e+02  2.53e+01  0  8.17e+02  1.69e+01  2.82e+00  7.07e-01  2.74e-01   0.29
2008 05 14  0750   54600   28200  0  5.98e+02  3.01e+01  0  8.53e+02  1.69e+01  2.16e+00  8.09e-01  1.60e-01   0.34
2008 05 14  0755   54600   28500  0  5.74e+02  2.67e+01  0  7.66e+02  1.58e+01  2.36e+00  4.99e-01  1.58e-01   1.09
2008 05 14  0800   54600   28800  0  7.00e+02  2.40e+01  0  7.82e+02  1.73e+01  2.66e+00  8.94e-01  1.58e-01   0.46
2008 05 14  0805   54600   29100  0  5.92e+02  2.88e+01  0  7.87e+02  1.88e+01  2.58e+00  7.04e-01  2.59e-01   0.16
2008 05 14  0810   54600   29400  0  5.74e+02  2.22e+01  0  8.00e+02  1.91e+01  2.03e+00  9.98e-01  1.47e-01   0.09
2008 05 14  0815   54600   29700  0  6.75e+02  2.69e+01  0  7.68e+02  2.09e+01  2.31e+00  7.81e-01  1.39e-01   0.45
2008 05 14  0820   54600   30000  0  6.89e+02  3.31e+01  0  8.10e+02  1.78e+01  2.88e+00  5.53e-01  2.51e-01   0.19
2008 05 14  0825   54600   30300  0  6.28e+02  2.61e+01  0  7.95e+02  1.84e+01  2.36e+00  7.69e-01  2.63e-01   0.21
2008 05 14  0830   54600   30600  0  6.10e+02  2.32e+01  0  7.21e+02  1.76e+01  2.55e+00  7.05e-01  1.93e-01   0.63
2008 05 14  0835   54600   30900  0  6.55e+02  2.48e+01  0  8.26e+02  1.82e+01  2.31e+00  8.00e-01  2.03e-01   0.42
2008 05 14  0840   54600   31200  0  5.90e+02  2.94e+01  0  7.96e+02  1.92e+01  2.56e+00  9.98e-01  2.53e-01   0.33
2008 05 14  0845   54600   31500  0  5.54e+02  2.80e+01  0  8.08e+02  1.92e+01  2.49e+00  6.86e-01  1.64e-01   0.28
2008 05 14  0850   54600   31800  0  6.53e+02  2.36e+01  0  8.11e+02  1.90e+01  2.61e+00  8.19e-01  2.22e-01   0.11
2008 05 14  0855   54600   32100  0  5.64e+02  2.25e+01  0  8.30e+02  1.60e+01  2.49e+00  7.62e-01  1.55e-01   0.21
2008 05 14  0900   54600   32400  0  5.65e+02  2.24e+01  0  7.82e+02  1.87e+01  2.79e+00  8.73e-01  1.79e-01   0.14
2008 05 14  0905   54600   32700  0  5.97e+02  2.75e+01  0  7.30e+02  1.75e+01  2.58e+00  7.05e-01  2.03e-01   0.28
2008 05 14  0910   54600   33000  0  6.38e+02  2.57e+01  0  8.31e+02  2.07e+01  2.25e+00  8.38e-01  2.61e-01   0.16
2008 05 14  0915   54600   33300  0  6.48e+02  2.49e+01  0  7.59e+02  1.64e+01  2.29e+00  6.86e-01  1.69e-01   0.42
2008 05 14  0920   54600   33600  0  5.90e+02  2.41e+01  0  7.55e+02  1.76e+01  2.61e+00  6.48e-01  2.12e-01   0.48
2008 05 14  0925   54600   33900  0  6.46e+02  2.55e+01  0  8.33e+02  1.95e+01  2.52e+00  8.96e-01  2.99e-01   0.11
2008 05 14  0930   54600   34200  0  5.67e+02  2.88e+01  0  8.21e+02  1.76e+01  2.33e+00  7.27e-01  2.53e-01   0.20
2008 05 14  0935   54600   34500  0  6.21e+02  2.39e+01  0  7.87e+02  1.76e+01  2.63e+00  5.98e-01  2.32e-01   0.20
2008 05 14  0940   54600   34800  0  6.31e+02  2.61e+01  0  7.40e+02  1.70e+01  2.66e+00  6.86e-01  2.21e-01   0.29
2008 05 14  0945   54600   35100  0  5.93e+02  2.20e+01  0  8.23e+02  1.64e+01  2.49e+00  6.86e-01  2.32e-01   0.44
2008 05 14  0950   54600   35400  0  5.57e+02  2.57e+01  0  7.90e+02  1.64e+01  2.55e+00  8.09e-01  1.52e-01   0.28
2008 05 14  0955   54600   35700  0  6.35e+02  2.57e+01  0  7.28e+02  2.02e+01  2.29e+00  8.31e-01  1.69e-01   0.72
2008 05 14  1000   54600   36000  0  6.44e+02  2.88e+01  0  8.36e+02  1.92e+01  1.80e+00  6.44e-01  1.05e-01   0.36
2008 05 14  1005   54600   36300  0  4.99e+02  2.75e+01  0  8.26e+02  1.68e+01  2.33e+00  7.03e-01  2.41e-01   0.26
2008 05 14  1010   54600   36600  0  5.47e+02  2.26e+01  0  7.90e+02  1.99e+01  2.43e+00  6.86e-01  2.21e-01   0.41
2008 05 14  1015   54600   36900  0  6.44e+02  2.70e+01  0  8.36e+02  1.56e+01  2.41e+00  8.09e-01  2.05e-01   0.17
2008 05 14  1020   54600   37200  0  4.84e+02  2.68e+01  0  8.03e+02  1.73e+01  2.68e+00  8.00e-01  1.74e-01   0.91
2008 05 14  1025   54600   37500  0  5.82e+02  2.61e+01  0  7.96e+02  1.83e+01  2.46e+00  7.27e-01  1.79e-01   0.26
2008 05 14  1030   54600   37800  0  5.17e+02  2.49e+01  0  7.27e+02  1.98e+01  2.69e+00  6.33e-01  1.87e-01   0.61
2008 05 14  1035   54600   38100  0  7.27e+02  2.11e+01  0  8.75e+02  1.63e+01  2.07e+00  7.28e-01  2.21e-01   0.51
2008 05 14  1040   54600   38400  0  5.54e+02  2.61e+01  0  7.88e+02  1.44e+01  2.23e+00  6.03e-01  2.00e-01   0.44
2008 05 14  1045   54600   38700  0  6.22e+02  2.53e+01  0  7.67e+02  1.97e+01  2.27e+00  7.39e-01  1.43e-01   0.19
2008 05 14  1050   54600   39000  0  6.46e+02  2.74e+01  0  8.34e+02  1.84e+01  2.10e+00  6.44e-01  9.48e-02   0.48
2008 05 14  1055   54600   39300  0  5.23e+02  2.57e+01  0  7.91e+02  1.67e+01  2.49e+00  5.91e-01  9.27e-02   0.43
2008 05 14  1100   54600   39600  0  5.85e+02  2.48e+01  0  8.34e+02  1.62e+01  2.34e+00  6.67e-01  1.45e-01   0.16
2008 05 14  1105   54600   39900  0  6.73e+02  2.40e+01  0  7.54e+02  1.77e+01  2.07e+00  7.69e-01  2.74e-01   0.46
2008 05 14  1110   54600   40200  0  6.35e+02  2.23e+01  0  8.53e+02  1.52e+01  2.28e+00  6.29e-01  2.12e-01   0.31
2008 05 14  1115   54600   40500  0  6.68e+02  2.87e+01  0  8.24e+02  1.77e+01  2.52e+00  6.48e-01  2.12e-01   0.45
2008 05 14  1120   54600   40800  0  5.60e+02  2.80e+01  0  7.36e+02  1.79e+01  2.73e+00  5.91e-01  2.12e-01   0.36
2008 05 14  1125   54600   41100  0  6.81e+02  2.52e+01  0  7.69e+02  1.68e+01  2.46e+00  6.67e-01  1.84e-01   0.08
2008 05 14  1130   54600   41400  0  5.52e+02  2.20e+01  0  8.09e+02  1.97e+01  2.28e+00  4.95e-01  2.03e-01   0.59
2008 05 14  1135   54600   41700  0  5.30e+02  2.60e+01  0  7.61e+02  1.92e+01  2.58e+00  6.86e-01  1.84e-01   0.45
2008 05 14  1140   54600   42000  0  6.35e+02  2.36e+01  0  7.79e+02  1.83e+01  1.84e+00  5.61e-01  2.21e-01   0.52
2008 05 14  1145   54600   42300  0  6.38e+02  2.55e+01  0  8.28e+02  1.66e+01  2.16e+00  9.15e-01  2.41e-01   0.18
2008 05 14  1150   54600   42600  0  5.79e+02  2.75e+01  0  8.00e+02  1.88e+01  2.85e+00  8.38e-01  1.74e-01   0.62
2008 05 14  1155   54600   42900  0  6.28e+02  2.88e+01  0  7.05e+02  1.88e+01  2.85e+00  8.31e-01  2.11e-01   0.37
2008 05 14  1200   54600   43200  0  6.65e+02  2.28e+01  0  8.16e+02  1.58e+01  2.52e+00  9.61e-01  1.59e-01   0.38
2008 05 14  1205   54600   43500  0  5.44e+02  2.60e+01  0  8.11e+02  1.84e+01  1.83e+00  7.81e-01  1.74e-01   0.18
2008 05 14  1210   54600   43800  0  5.42e+02  2.57e+01  0  8.02e+02  1.64e+01  1.93e+00  5.82e-01  2.21e-01   0.55
2008 05 14  1215   54600   44100  0  6.33e+02  2.68e+01  0  7.68e+02  1.95e+01  2.94e+00  6.51e-01  2.23e-01   0.40
2008 05 14  1220   54600   44400  0  5.70e+02  2.61e+01  0  8.27e+02  2.01e+01  3.11e+00  7.69e-01  2.53e-01   0.15
2008 05 14  1225   54600   44700  0  5.20e+02  2.09e+01  0  8.08e+02  1.96e+01  2.08e+00  9.53e-01  7.72e-02   0.39
2008 05 14  1230   54600   45000  0  5.89e+02  2.99e+01  0  7.68e+02  1.90e+01  2.35e+00  7.56e-01  1.91e-01   0.52
2008 05 14  1235   54600   45300  0  6.73e+02  2.63e+01  0  8.26e+02  1.77e+01  2.82e+00  5.61e-01  1.05e-01   0.10
2008 05 14  1240   54600   45600  0  5.98e+02  2.71e+01  0  8.55e+02  2.02e+01  2.52e+00  6.33e-01  2.14e-01   0.12
2008 05 14  1245   54600   45900  0  5.89e+02  2.50e+01  0  7.52e+02  1.57e+01  2.00e+00  7.74e-01  2.67e-01   0.11
2008 05 14  1250   54600   46200  0  6.33e+02  2.42e+01  0  7.95e+02  1.78e+01  2.56e+00  7.28e-01  1.69e-01   0.18
2008 05 14  1255   54600   46500  0  6.33e+02  2.37e+01  0  7.82e+02  1.77e+01  1.83e+00  9.85e-01  1.96e-01   0.43
2008 05 14  1300   54600   46800  0  5.50e+02  2.86e+01  0  8.33e+02  1.52e+01  3.41e+00  6.65e-01  1.79e-01   0.58
2008 05 14  1305   54600   47100  0  5.78e+02  2.97e+01  0  7.55e+02  1.70e+01  2.66e+00  7.08e-01  1.60e-01   0.35
2008 05 14  1310   54600   47400  0  6.12e+02  2.14e+01  0  8.28e+02  1.64e+01  2.22e+00  8.57e-01  1.93e-01   0.19
2008 05 14  1315   54600   47700  0  5.48e+02  2.98e+01  0  7.83e+02  1.91e+01  2.98e+00  7.07e-01  1.39e-01   0.20
2008 05 14  1320   54600   48000  0  5.82e+02  2.69e+01  0  7.38e+02  1.59e+01  1.89e+00  6.29e-01  1.06e-01   0.35
2008 05 14  1325   54600   48300  0  7.04e+02  2.69e+01  0  8.38e+02  2.01e+01  2.19e+00  7.81e-01  1.84e-01   0.07
2008 05 14  1330   54600   48600  0  5.79e+02  2.71e+01  0  7.98e+02  1.67e+01  2.66e+00  4.78e-01  2.32e-01   0.30
2008 05 14  1335   54600   48900  0  5.51e+02  3.03e+01  0  7.97e+02  1.74e+01  2.25e+00  7.43e-01  1.84e-01   0.28
2008 05 14  1340   54600   49200  0  6.53e+02  2.39e+01  0  7.59e+02  2.00e+01  2.04e+00  6.10e-01  2.90e-01   0.40
2008 05 14  1345   54600   49500  0  6.10e+02  2.57e+01  0  8.04e+02  1.78e+01  2.49e+00  8.38e-01  2.61e-01   0.18
2008 05 14  1350   54600   49800  0  6.64e+02  2.59e+01  0  7.82e+02  1.68e+01  2.26e+00  6.03e-01  1.69e-01   0.29
2008 05 14  1355   54600   50100  0  5.47e+02  2.51e+01  0  7.70e+02  1.64e+01  2.28e+00  6.80e-01  2.12e-01   0.32
2008 05 14  1400   54600   50400  0  6.91e+02  2.41e+01  0  8.21e+02  1.89e+01  2.67e+00  6.48e-01  1.64e-01   0.24
2008 05 14  1405   54600   50700  0  6.17e+02  2.72e+01  0  8.39e+02  1.89e+01  2.46e+00  8.73e-01  1.48e-01   0.23
2008 05 14  1410   54600   51000  0  6.10e+02  2.46e+01  0  7.82e+02  1.73e+01  2.10e+00  7.43e-01  1.74e-01   0.29
2008 05 14  1415   54600   51300  0  6.83e+02  2.64e+01  0  7.83e+02  1.76e+01  2.64e+00  5.72e-01  2.51e-01   0.29
2008 05 14  1420   54600   51600  0  5.27e+02  2.40e+01  0  7.95e+02  1.60e+01  2.26e+00  8.31e-01  1.90e-01   0.35
2008 05 14  1425   54600   51900  0  4.36e+02  2.85e+01  0  8.17e+02  1.90e+01  2.08e+00  6.51e-01  2.32e-01   0.33
2008 05 14  1430   54600   52200  0  5.81e+02  2.63e+01  0  7.80e+02  1.89e+01  2.29e+00  6.86e-01  2.11e-01   0.63
2008 05 14  1435   54600   52500  0  5.18e+02  2.40e+01  0  8.52e+02  1.94e+01  2.07e+00  8.11e-01  2.53e-01   0.12
2008 05 14  1440   54600   52800  0  5.52e+02  2.58e+01  0  7.90e+02  1.91e+01  2.25e+00  6.86e-01  2.14e-01   0.26
2008 05 14  1445   54600   53100  0  5.63e+02  2.47e+01  0  6.91e+02  1.64e+01  2.62e+00  6.24e-01  1.47e-01   0.42
2008 05 14  1450   54600   53400  0  6.02e+02  2.22e+01  0  7.88e+02  1.68e+01  2.33e+00  5.82e-01  1.90e-01   0.24
2008 05 14  1455   54600   53700  0  5.46e+02  2.75e+01  0  7.90e+02  1.72e+01  2.39e+00  4.92e-01  1.69e-01   0.65
2008 05 14  1500   54600   54000  0  5.99e+02  2.51e+01  0  7.50e+02  1.70e+01  2.00e+00  5.82e-01  2.11e-01   0.40
2008 05 14  1505   54600   54300  0  6.00e+02  2.55e+01  0  7.96e+02  1.93e+01  2.44e+00  7.56e-01  2.05e-01   0.14
2008 05 14  1510   54600   54600  0  5.79e+02  2.49e+01  0  7.71e+02  1.83e+01  2.56e+00  6.03e-01  9.27e-02   0.62
2008 05 14  1515   54600   54900  0  5.95e+02  2.44e+01  0  7.77e+02  1.63e+01  2.72e+00  7.90e-01  1.90e-01   0.20
2008 05 14  1520   54600   55200  0  5.14e+02  2.71e+01  0  7.17e+02  1.84e+01  2.08e+00  5.80e-01  1.96e-01   0.48
2008 05 14  1525   54600   55500  0  6.53e+02  2.67e+01  0  7.99e+02  1.84e+01  2.26e+00  6.24e-01  2.21e-01   0.10
2008 05 14  1530   54600   55800  0  5.77e+02  2.49e+01  0  7.94e+02  1.74e+01  2.39e+00  8.11e-01  2.00e-01   0.50
2008 05 14  1535   54600   56100  0  5.83e+02  2.83e+01  0  7.19e+02  1.71e+01  2.30e+00  7.21e-01  1.60e-01   0.24
2008 05 14  1540   54600   56400  0  5.93e+02  2.65e+01  0  8.45e+02  1.55e+01  2.46e+00  4.78e-01  1.16e-01   0.07
2008 05 14  1545   54600   56700  0  5.36e+02  2.52e+01  0  7.87e+02  1.92e+01  2.61e+00  6.86e-01  2.03e-01   0.42
2008 05 14  1550   54600   57000  0  5.74e+02  2.68e+01  0  7.87e+02  1.88e+01  2.31e+00  7.81e-01  1.16e-01   0.39
2008 05 14  1555   54600   57300  0  5.63e+02  2.72e+01  0  7.46e+02  1.89e+01  2.65e+00  8.11e-01  2.32e-01   0.17
2008 05 14  1600   54600   57600  0  5.32e+02  2.72e+01  0  7.91e+02  1.92e+01  2.76e+00  5.91e-01  2.51e-01   0.44
2008 05 14  1605   54600   57900  0  4.98e+02  2.23e+01  0  8.11e+02  1.85e+01  2.58e+00  6.29e-01  1.64e-01   0.63
2008 05 14  1610   54600   58200  0  5.21e+02  2.86e+01  0  7.08e+02  1.59e+01  2.49e+00  6.03e-01  2.21e-01   0.85
2008 05 14  1615   54600   58500  0  6.08e+02  2.71e+01  0  7.67e+02  1.57e+01  2.16e+00  7.24e-01  1.06e-01   0.65
2008 05 14  1620   54600   58800  0  5.62e+02  2.32e+01  0  7.63e+02  1.91e+01  2.25e+00  6.86e-01  1.51e-01   0.75
2008 05 14  1625   54600   59100  0  5.44e+02  2.68e+01  0  8.06e+02  1.95e+01  2.37e+00  6.86e-01  2.03e-01   0.19
2008 05 14  1630   54600   59400  0  6.64e+02  2.34e+01  0  7.83e+02  1.77e+01  2.10e+00  6.44e-01  1.79e-01   0.23
2008 05 14  1635   54600   59700  0  5.59e+02  2.44e+01  0  8.48e+02  1.99e+01  2.40e+00  5.91e-01  1.83e-01   0.94
2008 05 14  1640   54600   60000  0  5.16e+02  2.43e+01  0  7.70e+02  1.73e+01  2.16e+00  4.95e-01  1.16e-01   0.12
2008 05 14  1645   54600   60300  0  5.50e+02  2.76e+01  0  7.16e+02  2.08e+01  2.20e+00  8.31e-01  1.79e-01   0.25
2008 05 14  1650   54600   60600  0  5.69e+02  2.59e+01  0  8.00e+02  1.88e+01  2.40e+00  6.10e-01  1.45e-01   0.44
2008 05 14  1655   54600   60900  0  5.60e+02  2.75e+01  0  8.70e+02  1.74e+01  2.16e+00  6.48e-01  1.93e-01   0.45
2008 05 14  1700   54600   61200  0  5.99e+02  2.44e+01  0  7.73e+02  1.60e+01  2.46e+00  6.24e-01  2.32e-01   0.64
2008 05 14  1705   54600   61500  0  6.24e+02  2.42e+01  0  8.00e+02  1.62e+01  2.47e+00  6.86e-01  1.69e-01   0.52
2008 05 14  1710   54600   61800  0  5.43e+02  2.71e+01  0  7.89e+02  1.80e+01  2.65e+00  6.03e-01  2.32e-01   0.42
2008 05 14  1715   54600   62100  0  5.47e+02  2.32e+01  0  7.86e+02  1.76e+01  2.59e+00  8.52e-01  1.05e-01   0.31
2008 05 14  1720   54600   62400  0  5.37e+02  2.86e+01  0  7.10e+02  1.82e+01  2.33e+00  7.56e-01  1.43e-01   0.76
2008 05 14  1725   54600   62700  0  5.60e+02  2.36e+01  0  7.87e+02  1.87e+01  2.52e+00  7.48e-01  2.09e-01   0.28
2008 05 14  1730   54600   63000  0  5.30e+02  2.59e+01  0  8.19e+02  1.52e+01  2.00e+00  6.24e-01  1.79e-01   0.32
2008 05 14  1735   54600   63300  0  5.62e+02  2.81e+01  0  7.68e+02  1.85e+01  2.39e+00  6.16e-01  1.87e-01   0.33
2008 05 14  1740   54600   63600  0  6.62e+02  2.47e+01  0  8.19e+02  1.69e+01  2.20e+00  5.61e-01  1.58e-01   0.22
2008 05 14  1745   54600   63900  0  5.28e+02  2.96e+01  0  8.01e+02  1.72e+01  2.52e+00  6.33e-01  1.43e-01   0.24
2008 05 14  1750   54600   64200  0  5.59e+02  2.88e+01  0  7.85e+02  1.97e+01  2.10e+00  6.24e-01  1.47e-01   0.47
2008 05 14  1755   54600   64500  0  5.36e+02  3.23e+01  0  7.32e+02  1.69e+01  2.10e+00  6.44e-01  1.79e-01   0.13
2008 05 14  1800   54600   64800  0  5.84e+02  2.47e+01  0  7.98e+02  1.70e+01  2.19e+00  5.45e-01  1.60e-01   0.19
2008 05 14  1805   54600   65100  0  5.63e+02  2.80e+01  0  7.78e+02  1.54e+01  2.23e+00  4.37e-01  2.00e-01   0.49
2008 05 14  1810   54600   65400  0  5.25e+02  2.49e+01  0  7.22e+02  1.79e+01  2.36e+00  5.40e-01  1.69e-01   0.19
2008 05 14  1815   54600   65700  0  5.94e+02  2.60e+01  0  8.32e+02  1.60e+01  2.44e+00  5.80e-01  1.60e-01   0.56
2008 05 14  1820   54600   66000  0  5.21e+02  2.20e+01  0  7.84e+02  1.78e+01  2.98e+00  6.86e-01  1.79e-01   0.17
2008 05 14  1825   54600   66300  0  5.19e+02  2.48e+01  0  7.48e+02  2.00e+01  2.28e+00  7.62e-01  1.84e-01   0.05
2008 05 14  1830   54600   66600  0  6.07e+02  2.71e+01  0  8.07e+02  1.54e+01  2.04e+00  5.53e-01  2.03e-01   0.10
2008 05 14  1835   54600   66900  0  5.28e+02  2.53e+01  0  8.22e+02  1.79e+01  2.52e+00  7.28e-01  1.58e-01   0.30
2008 05 14  1840   54600   67200  0  5.38e+02  2.98e+01  0  7.75e+02  1.82e+01  2.52e+00  6.29e-01  1.37e-01   0.42
2008 05 14  1845   54600   67500  0  5.44e+02  2.57e+01  0  7.45e+02  1.80e+01  2.49e+00  6.10e-01  1.74e-01   0.64
2008 05 14  1850   54600   67800  0  6.11e+02  2.53e+01  0  8.28e+02  2.04e+01  2.26e+00  5.20e-01  2.11e-01   0.73
2008 05 14  1855   54600   68100  0  5.36e+02  2.43e+01  0  7.71e+02  1.81e+01  2.58e+00  5.91e-01  1.84e-01   0.69
2008 05 14  1900   54600   68400  0  5.81e+02  2.46e+01  0  7.87e+02  1.98e+01  2.46e+00  7.81e-01  1.58e-01   0.22
2008 05 14  1905   54600   68700  0  6.04e+02  2.89e+01  0  7.73e+02  1.85e+01  2.40e+00  7.24e-01  2.70e-01   0.36
2008 05 14  1910   54600   69000  0  5.21e+02  2.90e+01  0  8.00e+02  1.73e+01  2.29e+00  6.65e-01  2.32e-01   0.27
2008 05 14  1915   54600   69300  0  5.18e+02  2.64e+01  0  7.86e+02  1.88e+01  2.25e+00  5.91e-01  1.64e-01   0.32
2008 05 14  1920   54600   69600  0  5.56e+02  2.76e+01  0  7.57e+02  1.88e+01  2.34e+00  7.81e-01  1.45e-01   0.29
2008 05 14  1925   54600   69900  0  5.99e+02  2.55e+01  0  7.73e+02  1.83e+01  2.43e+00  7.90e-01  2.00e-01   0.10
2008 05 14  1930   54600   70200  0  5.80e+02  2.52e+01  0  8.09e+02  1.67e+01  2.25e+00  7.24e-01  1.16e-01   0.62
2008 05 14  1935   54600   70500  0  5.11e+02  2.62e+01  0  7.49e+02  1.73e+01  2.73e+00  6.86e-01  1.93e-01   0.19
2008 05 14  1940   54600   70800  0  5.57e+02  2.57e+01  0  7.77e+02  1.71e+01  2.39e+00  5.40e-01  2.11e-01   0.52
2008 05 14  1945   54600   71100  0  5.39e+02  2.83e+01  0  7.65e+02  1.85e+01  2.52e+00  8.27e-01  1.55e-01   0.17
2008 05 14  1950   54600   71400  0  5.01e+02  2.69e+01  0  7.40e+02  1.58e+01  2.13e+00  6.65e-01  2.42e-01   0.57
2008 05 14  1955   54600   71700  0  5.56e+02  2.24e+01  0  7.73e+02  1.69e+01  2.79e+00  6.03e-01  2.00e-01   0.19
2008 05 14  2000   54600   72000  0  5.72e+02  2.39e+01  0  8.01e+02  1.72e+01  2.88e+00  4.75e-01  1.52e-01   0.53
2008 05 14  2005   54600   72300  0  4.92e+02  2.16e+01  0  7.56e+02  1.77e+01  2.43e+00  5.61e-01  1.90e-01   0.25
2008 05 14  2010   54600   72600  0  4.94e+02  2.42e+01  0  7.60e+02  1.50e+01  2.59e+00  6.65e-01  2.11e-01   0.24
2008 05 14  2015   54600   72900  0  5.52e+02  2.52e+01  0  8.12e+02  1.79e+01  1.94e+00  5.98e-01  1.07e-01   0.61
2008 05 14  2020   54600   73200  0  5.29e+02  2.57e+01  0  8.13e+02  1.65e+01  2.23e+00  4.37e-01  2.00e-01   0.15
2008 05 14  2025   54600   73500  0  5.08e+02  2.93e+01  0  7.61e+02  2.08e+01  2.47e+00  6.68e-01  1.87e-01   0.28
2008 05 14  2030   54600   73800  0  6.06e+02  2.63e+01  0  7.68e+02  1.85e+01  2.03e+00  8.94e-01  1.79e-01   0.18
2008 05 14  2035   54600   74100  0  5.90e+02  2.65e+01  0  8.09e+02  1.89e+01  2.43e+00  7.28e-01  1.79e-01   0.31
2008 05 14  2040   54600   74400  0  5.17e+02  2.47e+01  0  7.91e+02  1.69e+01  1.89e+00  5.45e-01  3.30e-01   0.63
2008 05 14  2045   54600   74700  0  5.18e+02  3.05e+01  0  7.38e+02  1.81e+01  2.33e+00  7.48e-01  2.42e-01   0.16
2008 05 14  2050   54600   75000  0  5.81e+02  2.38e+01  0  8.35e+02  1.79e+01  2.29e+00  6.65e-01  2.53e-01   0.34
2008 05 14  2055   54600   75300  0  4.93e+02  2.68e+01  0  8.27e+02  1.61e+01  2.33e+00  5.80e-01  1.16e-01   0.33
2008 05 14  2100   54600   75600  0  5.54e+02  1.86e+01  0  7.32e+02  1.85e+01  1.90e+00  6.03e-01  1.69e-01   0.86
2008 05 14  2105   54600   75900  0  5.39e+02  2.73e+01  0  7.82e+02  1.75e+01  1.56e+00  4.57e-01  1.55e-01   0.67
2008 05 14  2110   54600   76200  0  4.84e+02  2.82e+01  0  7.60e+02  1.72e+01  2.58e+00  7.81e-01  1.45e-01   0.32
2008 05 14  2115   54600   76500  0  4.94e+02  2.98e+01  0  7.80e+02  1.79e+01  2.62e+00  6.24e-01  1.58e-01   0.12
2008 05 14  2120   54600   76800  0  5.27e+02  2.46e+01  0  7.48e+02  1.85e+01  2.34e+00  6.48e-01  2.00e-01   0.31
2008 05 14  2125   54600   77100  0  5.56e+02  2.43e+01  0  7.69e+02  1.83e+01  2.82e+00  6.86e-01  2.12e-01   0.50
2008 05 14  2130   54600   77400  0  5.14e+02  2.55e+01  0  7.95e+02  1.60e+01  2.69e+00  4.16e-01  1.69e-01   0.26
2008 05 14  2135   54600   77700  0  4.88e+02  2.73e+01  0  7.50e+02  1.77e+01  2.43e+00  5.34e-01  1.74e-01   0.51
2008 05 14  2140   54600   78000  0  5.18e+02  2.41e+01  0  8.06e+02  1.62e+01  2.67e+00  6.29e-01  2.80e-01   0.48
2008 05 14  2145   54600   78300  0  4.92e+02  2.66e+01  0  8.11e+02  1.36e+01  2.46e+00  6.10e-01  1.55e-01   0.04
2008 05 14  2150   54600   78600  0  4.66e+02  2.78e+01  0  7.64e+02  1.80e+01  2.49e+00  7.28e-01  2.00e-01   0.54
2008 05 14  2155   54600   78900  0  6.17e+02  2.92e+01  0  8.46e+02  1.92e+01  2.49e+00  8.38e-01  1.55e-01   0.63
2008 05 14  2200   54600   79200  0  4.70e+02  2.39e+01  0  7.77e+02  1.85e+01  2.73e+00  7.24e-01  1.74e-01   0.31
2008 05 14  2205   54600   79500  0  4.96e+02  2.72e+01  0  7.60e+02  1.96e+01  2.52e+00  6.86e-01  8.43e-02   0.45
2008 05 14  2210   54600   79800  0  5.24e+02  2.53e+01  0  7.42e+02  1.54e+01  2.28e+00  7.62e-01  9.27e-02   0.50
2008 05 14  2215   54600   80100  0  5.69e+02  2.59e+01  0  7.94e+02  1.90e+01  1.95e+00  6.10e-01  2.61e-01   0.26
2008 05 14  2220   54600   80400  0  5.72e+02  3.05e+01  0  7.99e+02  1.92e+01  2.20e+00  6.86e-01  1.90e-01   0.48
2008 05 14  2225   54600   80700  0  5.41e+02  2.80e+01  0  7.87e+02  1.57e+01  2.41e+00  5.28e-01  2.94e-01   0.19
2008 05 14  2230   54600   81000  0  5.56e+02  2.30e+01  0  8.26e+02  1.70e+01  2.88e+00  8.31e-01  1.58e-01   0.27
2008 05 14  2235   54600   81300  0  5.45e+02  2.69e+01  0  7.90e+02  1.87e+01  2.59e+00  6.24e-01  1.90e-01   0.37
2008 05 14  2240   54600   81600  0  5.30e+02  2.58e+01  0  8.38e+02  1.90e+01  2.25e+00  5.10e-01  1.60e-01   0.49
2008 05 14  2245   54600   81900  0  6.33e+02  2.67e+01  0  7.46e+02  1.70e+01  2.00e+00  5.20e-01  1.37e-01   0.40
2008 05 14  2250   54600   82200  0  6.30e+02  2.26e+01  0  8.40e+02  1.95e+01  2.33e+00  7.69e-01  2.74e-01   0.72
2008 05 14  2255   54600   82500  0  5.46e+02  2.04e+01  0  8.21e+02  1.83e+01  2.50e+00  6.68e-01  1.43e-01   0.40
2008 05 14  2300   54600   82800  0  4.96e+02  3.01e+01  0  7.89e+02  1.80e+01  2.13e+00  7.69e-01  1.79e-01   0.31
2008 05 14  2305   54600   83100  0  6.18e+02  2.65e+01  0  8.16e+02  2.11e+01  2.36e+00  7.91e-01  1.43e-01   0.48
2008 05 14  2310   54600   83400  0  5.84e+02  2.32e+01  0  8.01e+02  1.70e+01  2.79e+00  5.82e-01  1.90e-01   0.74
2008 05 14  2315   54600   83700  0  6.40e+02  2.47e+01  0  7.42e+02  1.58e+01  2.82e+00  8.73e-01  1.47e-01   0.36
2008 05 14  2320   54600   84000  0  5.85e+02  2.76e+01  0  8.06e+02  1.82e+01  2.39e+00  5.80e-01  1.34e-01   0.49
2008 05 14  2325   54600   84300  0  5.56e+02  2.72e+01  0  7.51e+02  1.78e+01  2.49e+00  5.20e-01  2.32e-01   0.04
2008 05 14  2330   54600   84600  0  6.23e+02  2.86e+01  0  7.75e+02  1.87e+01  2.56e+00  6.24e-01  2.21e-01   0.50
2008 05 14  2335   54600   84900  0  4.96e+02  2.34e+01  0  6.95e+02  1.83e+01  2.83e+00  8.27e-01  1.55e-01   0.33
2008 05 14  2340   54600   85200  0  5.03e+02  2.74e+01  0  8.12e+02  1.86e+01  2.85e+00  7.90e-01  2.32e-01   0.41
2008 05 14  2345   54600   85500  0  5.09e+02  2.98e+01  0  8.34e+02  1.68e+01  2.28e+00  7.43e-01  2.12e-01   0.09
2008 05 14  2350   54600   85800  0  5.65e+02  3.01e+01  0  7.76e+02  1.87e+01  2.31e+00  5.91e-01  2.12e-01   0.28
2008 05 14  2355   54600   86100  0  6.28e+02  2.44e+01  0  8.32e+02  1.54e+01  2.26e+00  8.31e-01  2.00e-01   0.31
