:Data_list: 20081030_ace_epam_5m.txt
:Created: 2008 Oct 31 0011 UT
# Prepared by the U.S. Dept. of Commerce, NOAA, Space Weather Prediction Center
# Please send comments and suggestions to SWPC.Webmaster@noaa.gov 
# 
# Units: Differential Flux particles/cm2-s-ster-MeV
# Units: Anisotropy Index 0.0 - 2.0
# Status(S): 0 = nominal, 4,6,7,8 = bad data, unable to process, 9 = no data
# Missing data values: -1.00e+05, index = -1.00
# Source: ACE Satellite - Electron, Proton, and Alpha Monitor
#
#
#                      5-minute averaged Real-time Differential Electron and Proton Flux 
# 
#                Modified Seconds ---------------------------- Differential Flux ---------------------------
# UT Date   Time  Julian  of the  ----- Electron -----   ------------------- Protons keV -------------------   Anis.
# YR MO DA  HHMM    Day    Day    S    38-53   175-315   S    47-68   115-195   310-580   761-1220 1060-1900   Index
#-------------------------------------------------------------------------------------------------------------------
2008 10 30  0000   54769       0  0  5.85e+02  2.49e+01  0  1.54e+03  4.58e+01  5.82e+00  1.18e+00  3.30e-01   0.08
2008 10 30  0005   54769     300  0  5.95e+02  2.76e+01  0  1.98e+03  1.22e+02  6.20e+00  9.77e-01  3.69e-01   0.43
2008 10 30  0010   54769     600  0  5.21e+02  2.84e+01  0  4.44e+03  3.79e+02  9.11e+00  1.10e+00  3.06e-01   0.43
2008 10 30  0015   54769     900  0  6.00e+02  2.59e+01  0  1.76e+03  9.34e+01  5.99e+00  1.17e+00  2.83e-01   0.70
2008 10 30  0020   54769    1200  0  5.77e+02  2.65e+01  0  1.34e+03  4.14e+01  5.77e+00  1.16e+00  3.90e-01   0.03
2008 10 30  0025   54769    1500  0  5.03e+02  2.55e+01  0  1.22e+03  4.27e+01  6.16e+00  1.11e+00  3.28e-01   0.53
2008 10 30  0030   54769    1800  0  6.55e+02  3.28e+01  0  1.35e+03  4.60e+01  6.25e+00  1.28e+00  3.96e-01   0.18
2008 10 30  0035   54769    2100  0  6.51e+02  3.07e+01  0  2.11e+03  6.00e+01  6.10e+00  1.29e+00  3.37e-01   0.09
2008 10 30  0040   54769    2400  0  6.12e+02  2.99e+01  0  1.92e+03  8.45e+01  6.94e+00  1.26e+00  1.83e-01   0.38
2008 10 30  0045   54769    2700  0  7.03e+02  2.83e+01  0  1.45e+03  5.98e+01  5.26e+00  1.28e+00  3.38e-01   0.33
2008 10 30  0050   54769    3000  0  5.97e+02  2.45e+01  0  1.87e+03  9.74e+01  7.15e+00  8.31e-01  2.74e-01   0.36
2008 10 30  0055   54769    3300  0  5.62e+02  2.91e+01  0  2.96e+03  1.06e+02  6.55e+00  1.30e+00  5.22e-01   0.13
2008 10 30  0100   54769    3600  0  5.93e+02  2.76e+01  0  2.26e+03  6.22e+01  5.59e+00  1.31e+00  4.20e-01   0.15
2008 10 30  0105   54769    3900  0  6.75e+02  1.70e+01  0  1.53e+03  6.57e+01  2.52e+00  7.32e-01  3.71e-01   1.41
2008 10 30  0110   54769    4200  0  5.81e+02  2.55e+01  0  1.49e+03  4.62e+01  5.66e+00  1.23e+00  3.01e-01   0.28
2008 10 30  0115   54769    4500  0  5.57e+02  2.78e+01  0  1.35e+03  4.21e+01  5.29e+00  1.30e+00  2.41e-01   0.19
2008 10 30  0120   54769    4800  0  6.68e+02  2.82e+01  0  1.49e+03  5.35e+01  5.80e+00  1.37e+00  2.41e-01   0.25
2008 10 30  0125   54769    5100  0  6.04e+02  2.67e+01  0  9.34e+03  5.45e+02  9.80e+00  1.35e+00  3.58e-01   0.38
2008 10 30  0130   54769    5400  0  5.62e+02  2.44e+01  0  4.24e+03  2.96e+02  8.50e+00  1.35e+00  5.02e-01   0.67
2008 10 30  0135   54769    5700  0  6.12e+02  2.78e+01  0  1.91e+03  1.55e+02  7.39e+00  1.39e+00  3.86e-01   0.19
2008 10 30  0140   54769    6000  0  6.28e+02  2.94e+01  0  5.03e+03  1.72e+02  1.12e+01  1.27e+00  4.21e-01   0.24
2008 10 30  0145   54769    6300  0  5.20e+02  2.81e+01  0  8.08e+03  2.90e+02  8.32e+00  1.34e+00  4.90e-01   0.44
2008 10 30  0150   54769    6600  0  5.79e+02  2.78e+01  0  8.75e+03  4.49e+02  9.57e+00  1.33e+00  4.74e-01   0.12
2008 10 30  0155   54769    6900  0  6.94e+02  2.71e+01  0  1.17e+04  4.67e+02  1.03e+01  1.33e+00  3.37e-01   0.22
2008 10 30  0200   54769    7200  0  5.85e+02  2.45e+01  0  9.76e+03  3.67e+02  9.38e+00  1.28e+00  3.30e-01   0.28
2008 10 30  0205   54769    7500  0  5.65e+02  3.13e+01  0  1.35e+04  4.41e+02  9.28e+00  1.39e+00  3.58e-01   0.10
2008 10 30  0210   54769    7800  0  6.89e+02  2.88e+01  0  2.28e+04  6.95e+02  1.15e+01  1.21e+00  2.74e-01   0.50
2008 10 30  0215   54769    8100  0  6.43e+02  2.63e+01  0  2.91e+04  9.69e+02  1.40e+01  1.23e+00  3.66e-01   0.35
2008 10 30  0220   54769    8400  0  5.54e+02  3.50e+01  0  2.62e+04  1.85e+03  3.21e+01  1.46e+00  6.32e-01   0.14
2008 10 30  0225   54769    8700  0  5.71e+02  3.22e+01  0  1.03e+04  3.84e+02  1.61e+01  1.23e+00  3.39e-01   0.19
2008 10 30  0230   54769    9000  0  6.75e+02  2.86e+01  0  6.93e+03  2.51e+02  7.57e+00  1.41e+00  3.16e-01   0.31
2008 10 30  0235   54769    9300  0  5.65e+02  2.94e+01  0  3.45e+03  1.21e+02  6.29e+00  1.41e+00  3.58e-01   0.33
2008 10 30  0240   54769    9600  0  5.77e+02  2.71e+01  0  1.29e+03  4.43e+01  5.02e+00  1.20e+00  3.39e-01   0.35
2008 10 30  0245   54769    9900  0  6.76e+02  2.44e+01  0  1.74e+03  5.51e+01  5.70e+00  1.21e+00  3.37e-01   0.40
2008 10 30  0250   54769   10200  0  6.75e+02  2.69e+01  0  1.38e+03  4.44e+01  5.74e+00  1.31e+00  4.00e-01   0.35
2008 10 30  0255   54769   10500  0  6.00e+02  2.85e+01  0  1.23e+03  3.87e+01  6.41e+00  1.53e+00  4.28e-01   0.27
2008 10 30  0300   54769   10800  0  6.73e+02  2.76e+01  0  1.17e+03  4.02e+01  6.16e+00  1.02e+00  3.58e-01   0.28
2008 10 30  0305   54769   11100  0  7.08e+02  2.64e+01  0  1.32e+03  3.94e+01  4.93e+00  1.30e+00  4.35e-01   0.22
2008 10 30  0310   54769   11400  0  5.86e+02  2.87e+01  0  1.32e+03  4.15e+01  6.22e+00  1.64e+00  3.19e-01   0.30
2008 10 30  0315   54769   11700  0  5.92e+02  2.20e+01  0  1.22e+03  4.34e+01  5.64e+00  1.04e+00  3.16e-01   0.52
2008 10 30  0320   54769   12000  0  7.16e+02  2.41e+01  0  1.33e+03  3.57e+01  5.44e+00  9.15e-01  2.61e-01   0.49
2008 10 30  0325   54769   12300  0  6.08e+02  2.62e+01  0  1.24e+03  3.47e+01  5.05e+00  1.09e+00  2.32e-01   0.45
2008 10 30  0330   54769   12600  0  6.10e+02  2.69e+01  0  1.25e+03  3.55e+01  4.98e+00  9.77e-01  2.74e-01   0.17
2008 10 30  0335   54769   12900  0  6.05e+02  2.71e+01  0  1.18e+03  3.56e+01  4.78e+00  6.86e-01  4.64e-01   1.03
2008 10 30  0340   54769   13200  9 -1.00e+05 -1.00e+05  9 -1.00e+05 -1.00e+05 -1.00e+05 -1.00e+05 -1.00e+05  -1.00
2008 10 30  0345   54769   13500  9 -1.00e+05 -1.00e+05  9 -1.00e+05 -1.00e+05 -1.00e+05 -1.00e+05 -1.00e+05  -1.00
2008 10 30  0350   54769   13800  9 -1.00e+05 -1.00e+05  9 -1.00e+05 -1.00e+05 -1.00e+05 -1.00e+05 -1.00e+05  -1.00
2008 10 30  0355   54769   14100  9 -1.00e+05 -1.00e+05  9 -1.00e+05 -1.00e+05 -1.00e+05 -1.00e+05 -1.00e+05  -1.00
2008 10 30  0400   54769   14400  9 -1.00e+05 -1.00e+05  9 -1.00e+05 -1.00e+05 -1.00e+05 -1.00e+05 -1.00e+05  -1.00
2008 10 30  0405   54769   14700  9 -1.00e+05 -1.00e+05  9 -1.00e+05 -1.00e+05 -1.00e+05 -1.00e+05 -1.00e+05  -1.00
2008 10 30  0410   54769   15000  9 -1.00e+05 -1.00e+05  9 -1.00e+05 -1.00e+05 -1.00e+05 -1.00e+05 -1.00e+05  -1.00
2008 10 30  0415   54769   15300  0  5.62e+02  3.16e+01  0  1.42e+03  4.19e+01  5.87e+00  1.34e+00  4.30e-01   0.19
2008 10 30  0420   54769   15600  0  6.31e+02  2.67e+01  0  1.33e+03  4.19e+01  4.26e+00  1.14e+00  3.16e-01   0.21
2008 10 30  0425   54769   15900  0  6.30e+02  2.81e+01  0  1.26e+03  4.04e+01  5.57e+00  1.11e+00  3.21e-01   0.36
2008 10 30  0430   54769   16200  0  6.37e+02  2.92e+01  0  1.34e+03  4.04e+01  5.90e+00  1.18e+00  4.53e-01   0.29
2008 10 30  0435   54769   16500  0  6.02e+02  2.69e+01  0  1.31e+03  3.86e+01  5.80e+00  1.29e+00  2.63e-01   0.48
2008 10 30  0440   54769   16800  0  5.24e+02  3.04e+01  0  1.20e+03  3.58e+01  4.19e+00  1.18e+00  2.94e-01   0.23
2008 10 30  0445   54769   17100  0  6.46e+02  3.09e+01  0  1.32e+03  4.26e+01  5.47e+00  9.77e-01  2.53e-01   0.47
2008 10 30  0450   54769   17400  0  6.02e+02  2.90e+01  0  1.36e+03  4.88e+01  6.16e+00  1.14e+00  4.00e-01   0.20
2008 10 30  0455   54769   17700  0  6.93e+02  3.04e+01  0  1.36e+03  3.55e+01  4.49e+00  9.85e-01  3.03e-01   0.48
2008 10 30  0500   54769   18000  0  6.49e+02  2.80e+01  0  1.23e+03  3.06e+01  4.88e+00  1.18e+00  3.27e-01   0.06
2008 10 30  0505   54769   18300  0  5.92e+02  2.89e+01  0  1.31e+03  3.49e+01  5.02e+00  1.07e+00  1.34e-01   0.43
2008 10 30  0510   54769   18600  0  6.90e+02  2.84e+01  0  1.28e+03  3.40e+01  4.75e+00  1.27e+00  2.42e-01   0.25
2008 10 30  0515   54769   18900  0  6.19e+02  2.72e+01  0  1.23e+03  3.46e+01  4.36e+00  1.06e+00  3.37e-01   0.05
2008 10 30  0520   54769   19200  0  6.93e+02  2.71e+01  0  1.24e+03  3.15e+01  5.35e+00  1.20e+00  3.30e-01   0.30
2008 10 30  0525   54769   19500  0  5.79e+02  2.88e+01  0  1.28e+03  3.37e+01  4.26e+00  9.98e-01  2.32e-01   0.24
2008 10 30  0530   54769   19800  0  6.48e+02  3.13e+01  0  1.24e+03  3.31e+01  4.49e+00  1.10e+00  1.79e-01   0.26
2008 10 30  0535   54769   20100  0  6.76e+02  3.12e+01  0  1.28e+03  4.30e+01  5.13e+00  1.02e+00  2.94e-01   0.12
2008 10 30  0540   54769   20400  0  7.25e+02  2.61e+01  0  2.69e+03  2.59e+02  8.49e+00  1.04e+00  2.11e-01   0.53
2008 10 30  0545   54769   20700  0  6.30e+02  3.19e+01  0  1.49e+03  6.20e+01  4.84e+00  8.57e-01  2.03e-01   0.47
2008 10 30  0550   54769   21000  0  7.70e+02  2.62e+01  0  1.85e+03  6.36e+01  4.39e+00  9.15e-01  2.99e-01   0.12
2008 10 30  0555   54769   21300  0  7.36e+02  2.49e+01  0  1.40e+03  3.45e+01  3.74e+00  1.35e+00  2.84e-01   0.28
2008 10 30  0600   54769   21600  0  7.14e+02  2.71e+01  0  1.28e+03  2.47e+01  3.76e+00  1.14e+00  2.32e-01   0.11
2008 10 30  0605   54769   21900  0  7.06e+02  2.62e+01  0  1.18e+03  2.47e+01  4.33e+00  1.09e+00  2.61e-01   0.58
2008 10 30  0610   54769   22200  0  7.16e+02  2.57e+01  0  1.28e+03  2.60e+01  4.36e+00  7.90e-01  2.32e-01   0.45
2008 10 30  0615   54769   22500  0  6.27e+02  2.68e+01  0  1.25e+03  2.84e+01  3.76e+00  1.14e+00  2.12e-01   0.66
2008 10 30  0620   54769   22800  0  5.87e+02  2.80e+01  0  1.19e+03  2.93e+01  3.85e+00  9.53e-01  1.84e-01   0.16
2008 10 30  0625   54769   23100  0  6.80e+02  2.89e+01  0  1.18e+03  2.92e+01  3.82e+00  9.91e-01  2.32e-01   0.23
2008 10 30  0630   54769   23400  0  7.04e+02  2.84e+01  0  1.28e+03  2.83e+01  4.33e+00  8.73e-01  1.69e-01   0.46
2008 10 30  0635   54769   23700  0  6.38e+02  2.59e+01  0  1.45e+03  4.12e+01  4.84e+00  1.05e+00  2.32e-01   0.37
2008 10 30  0640   54769   24000  0  5.97e+02  2.66e+01  0  1.33e+03  5.03e+01  4.45e+00  1.28e+00  2.12e-01   0.15
2008 10 30  0645   54769   24300  0  8.19e+02  2.74e+01  0  2.55e+03  1.42e+02  7.57e+00  9.15e-01  2.53e-01   0.12
2008 10 30  0650   54769   24600  0  5.85e+02  2.69e+01  0  2.29e+03  7.77e+01  4.72e+00  9.91e-01  2.70e-01   0.26
2008 10 30  0655   54769   24900  0  5.32e+02  2.98e+01  0  1.27e+03  3.21e+01  3.58e+00  9.15e-01  2.32e-01   0.36
2008 10 30  0700   54769   25200  0  6.40e+02  3.00e+01  0  1.27e+03  2.88e+01  4.23e+00  8.31e-01  2.32e-01   0.28
2008 10 30  0705   54769   25500  0  6.07e+02  2.89e+01  0  1.29e+03  3.14e+01  3.72e+00  1.04e+00  2.32e-01   0.26
2008 10 30  0710   54769   25800  0  6.31e+02  3.03e+01  0  1.34e+03  3.21e+01  4.20e+00  1.08e+00  2.00e-01   0.10
2008 10 30  0715   54769   26100  0  6.39e+02  2.45e+01  0  1.18e+03  2.73e+01  4.69e+00  9.98e-01  2.53e-01   0.23
2008 10 30  0720   54769   26400  0  7.51e+02  2.76e+01  0  1.24e+03  2.74e+01  4.19e+00  9.32e-01  2.67e-01   0.61
2008 10 30  0725   54769   26700  0  6.61e+02  2.92e+01  0  1.23e+03  2.58e+01  4.16e+00  9.35e-01  2.84e-01   0.41
2008 10 30  0730   54769   27000  0  6.01e+02  2.72e+01  0  1.18e+03  2.96e+01  4.23e+00  7.07e-01  2.84e-01   0.42
2008 10 30  0735   54769   27300  0  6.98e+02  2.63e+01  0  1.26e+03  2.97e+01  3.88e+00  9.15e-01  1.52e-01   0.43
2008 10 30  0740   54769   27600  0  6.20e+02  2.71e+01  0  1.27e+03  2.83e+01  4.00e+00  7.28e-01  2.63e-01   0.27
2008 10 30  0745   54769   27900  0  5.86e+02  3.11e+01  0  1.37e+03  3.08e+01  3.97e+00  1.14e+00  3.21e-01   0.14
2008 10 30  0750   54769   28200  0  6.46e+02  2.82e+01  0  1.46e+03  4.14e+01  5.24e+00  1.31e+00  2.32e-01   0.21
2008 10 30  0755   54769   28500  0  7.27e+02  3.03e+01  0  1.49e+03  3.29e+01  5.15e+00  8.94e-01  1.48e-01   0.32
2008 10 30  0800   54769   28800  0  6.44e+02  2.76e+01  0  1.49e+03  3.61e+01  3.97e+00  1.16e+00  2.23e-01   0.31
2008 10 30  0805   54769   29100  0  6.15e+02  3.05e+01  0  1.41e+03  3.55e+01  5.44e+00  8.73e-01  3.79e-01   0.10
2008 10 30  0810   54769   29400  0  8.30e+02  2.96e+01  0  1.44e+03  3.47e+01  4.59e+00  1.16e+00  2.42e-01   0.51
2008 10 30  0815   54769   29700  0  5.85e+02  2.83e+01  0  1.33e+03  3.04e+01  4.58e+00  1.06e+00  3.03e-01   0.30
2008 10 30  0820   54769   30000  0  5.86e+02  3.42e+01  0  1.23e+03  2.65e+01  4.26e+00  1.41e+00  2.53e-01   0.16
2008 10 30  0825   54769   30300  0  6.66e+02  2.96e+01  0  1.41e+03  3.59e+01  4.18e+00  1.05e+00  2.41e-01   0.67
2008 10 30  0830   54769   30600  0  7.18e+02  2.46e+01  0  1.61e+03  3.57e+01  4.60e+00  1.28e+00  3.28e-01   0.30
2008 10 30  0835   54769   30900  0  6.77e+02  2.65e+01  0  1.71e+03  3.78e+01  4.62e+00  1.06e+00  3.69e-01   0.23
2008 10 30  0840   54769   31200  0  7.19e+02  2.76e+01  0  1.44e+03  3.49e+01  3.85e+00  9.53e-01  2.22e-01   0.30
2008 10 30  0845   54769   31500  0  7.04e+02  2.76e+01  0  1.37e+03  3.16e+01  4.69e+00  1.45e+00  2.32e-01   0.30
2008 10 30  0850   54769   31800  0  5.66e+02  2.65e+01  0  2.18e+03  3.76e+01  3.77e+00  8.52e-01  2.53e-01   0.23
2008 10 30  0855   54769   32100  0  6.30e+02  2.96e+01  0  2.70e+03  5.91e+01  4.18e+00  9.72e-01  3.96e-01   0.20
2008 10 30  0900   54769   32400  0  7.34e+02  2.64e+01  0  2.37e+03  4.57e+01  3.91e+00  1.28e+00  3.57e-01   0.23
2008 10 30  0905   54769   32700  0  7.31e+02  2.91e+01  0  1.44e+03  3.05e+01  3.31e+00  1.09e+00  2.90e-01   0.31
2008 10 30  0910   54769   33000  0  6.57e+02  2.42e+01  0  1.41e+03  3.12e+01  4.29e+00  1.25e+00  2.21e-01   0.02
2008 10 30  0915   54769   33300  0  5.99e+02  3.12e+01  0  1.27e+03  3.47e+01  4.27e+00  1.09e+00  2.41e-01   0.22
2008 10 30  0920   54769   33600  0  6.71e+02  2.94e+01  0  1.39e+03  3.19e+01  4.48e+00  8.96e-01  3.48e-01   0.03
2008 10 30  0925   54769   33900  0  5.53e+02  2.44e+01  0  1.25e+03  2.92e+01  4.36e+00  1.18e+00  2.21e-01   0.66
2008 10 30  0930   54769   34200  0  6.02e+02  2.94e+01  0  1.14e+03  3.07e+01  4.63e+00  1.31e+00  2.70e-01   0.29
2008 10 30  0935   54769   34500  0  6.93e+02  2.82e+01  0  1.23e+03  2.86e+01  4.06e+00  8.76e-01  2.03e-01   0.19
2008 10 30  0940   54769   34800  0  6.39e+02  2.76e+01  0  1.22e+03  2.88e+01  4.62e+00  1.06e+00  3.37e-01   0.38
2008 10 30  0945   54769   35100  0  6.79e+02  3.19e+01  0  1.22e+03  3.25e+01  5.57e+00  1.18e+00  2.85e-01   0.09
2008 10 30  0950   54769   35400  0  6.09e+02  2.76e+01  0  1.22e+03  2.98e+01  4.65e+00  9.35e-01  2.32e-01   0.44
2008 10 30  0955   54769   35700  0  6.75e+02  2.32e+01  0  1.22e+03  3.16e+01  5.02e+00  8.52e-01  3.06e-01   0.43
2008 10 30  1000   54769   36000  0  5.98e+02  2.70e+01  0  1.27e+03  2.85e+01  4.08e+00  9.67e-01  2.67e-01   0.11
2008 10 30  1005   54769   36300  0  5.81e+02  2.86e+01  0  1.15e+03  2.82e+01  4.65e+00  1.14e+00  2.42e-01   0.28
2008 10 30  1010   54769   36600  0  7.20e+02  3.23e+01  0  1.26e+03  2.94e+01  4.29e+00  9.77e-01  3.90e-01   0.10
2008 10 30  1015   54769   36900  0  5.68e+02  2.65e+01  0  1.25e+03  3.12e+01  3.99e+00  9.67e-01  2.05e-01   0.35
2008 10 30  1020   54769   37200  0  5.47e+02  2.67e+01  0  2.76e+03  2.81e+02  5.41e+00  1.46e+00  2.21e-01   0.42
2008 10 30  1025   54769   37500  0  7.67e+02  2.42e+01  0  1.61e+03  8.57e+01  4.74e+00  1.11e+00  2.41e-01   0.33
2008 10 30  1030   54769   37800  0  5.09e+02  2.45e+01  0  1.29e+03  3.02e+01  4.46e+00  8.94e-01  4.11e-01   0.12
2008 10 30  1035   54769   38100  0  5.45e+02  2.86e+01  0  1.38e+03  3.64e+01  4.56e+00  1.29e+00  2.32e-01   0.31
2008 10 30  1040   54769   38400  0  6.14e+02  2.83e+01  0  9.57e+03  7.05e+02  8.40e+00  1.06e+00  2.67e-01   0.41
2008 10 30  1045   54769   38700  0  6.89e+02  2.40e+01  0  3.30e+04  2.06e+03  1.38e+01  1.04e+00  3.79e-01   0.42
2008 10 30  1050   54769   39000  0  6.08e+02  2.76e+01  0  3.18e+04  1.80e+03  1.51e+01  1.10e+00  4.21e-01   0.29
2008 10 30  1055   54769   39300  0  6.37e+02  2.65e+01  0  2.40e+03  9.14e+01  4.96e+00  9.50e-01  2.14e-01   0.32
2008 10 30  1100   54769   39600  0  7.74e+02  3.36e+01  0  2.55e+03  9.52e+01  4.36e+00  8.73e-01  2.00e-01   0.29
2008 10 30  1105   54769   39900  0  5.72e+02  2.27e+01  0  2.87e+03  1.77e+02  5.14e+00  8.96e-01  2.51e-01   0.49
2008 10 30  1110   54769   40200  0  5.99e+02  2.52e+01  0  3.67e+03  1.89e+02  5.08e+00  1.16e+00  2.03e-01   0.24
2008 10 30  1115   54769   40500  0  5.90e+02  3.17e+01  0  2.11e+03  1.48e+02  5.38e+00  8.73e-01  3.37e-01   0.55
2008 10 30  1120   54769   40800  0  7.52e+02  2.80e+01  0  2.58e+03  1.35e+02  5.47e+00  1.03e+00  2.61e-01   0.38
2008 10 30  1125   54769   41100  0  6.08e+02  2.75e+01  0  2.48e+03  1.73e+02  5.89e+00  8.19e-01  2.32e-01   0.30
2008 10 30  1130   54769   41400  0  5.97e+02  2.47e+01  0  7.02e+03  2.80e+02  6.88e+00  9.56e-01  2.11e-01   0.61
2008 10 30  1135   54769   41700  0  6.18e+02  2.89e+01  0  3.50e+03  2.34e+02  2.04e+01  8.00e-01  3.77e-01   0.40
2008 10 30  1140   54769   42000  0  5.69e+02  2.57e+01  0  1.48e+03  7.37e+01  7.87e+00  1.07e+00  4.15e-01   0.29
2008 10 30  1145   54769   42300  0  5.54e+02  2.73e+01  0  1.25e+03  3.46e+01  5.17e+00  7.62e-01  2.51e-01   0.43
2008 10 30  1150   54769   42600  0  6.71e+02  2.47e+01  0  2.70e+03  1.55e+02  6.52e+00  6.65e-01  3.06e-01   0.46
2008 10 30  1155   54769   42900  0  6.58e+02  2.83e+01  0  1.34e+03  3.54e+01  4.18e+00  7.43e-01  2.22e-01   0.43
2008 10 30  1200   54769   43200  0  5.97e+02  2.53e+01  0  1.30e+03  3.14e+01  3.88e+00  7.05e-01  2.70e-01   0.41
2008 10 30  1205   54769   43500  0  6.15e+02  2.53e+01  0  1.25e+03  3.18e+01  5.21e+00  8.94e-01  2.74e-01   0.49
2008 10 30  1210   54769   43800  0  7.50e+02  2.57e+01  0  1.31e+03  2.88e+01  4.12e+00  9.34e-01  3.28e-01   0.46
2008 10 30  1215   54769   44100  0  6.68e+02  3.03e+01  0  1.30e+03  2.93e+01  3.40e+00  1.18e+00  2.22e-01   0.34
2008 10 30  1220   54769   44400  0  5.79e+02  2.71e+01  0  1.25e+03  3.01e+01  3.21e+00  7.28e-01  2.21e-01   0.53
2008 10 30  1225   54769   44700  0  7.01e+02  2.52e+01  0  1.25e+03  2.62e+01  3.88e+00  7.56e-01  2.32e-01   0.17
2008 10 30  1230   54769   45000  0  5.91e+02  2.84e+01  0  1.23e+03  2.66e+01  4.00e+00  8.94e-01  1.37e-01   0.13
2008 10 30  1235   54769   45300  0  5.81e+02  2.94e+01  0  1.22e+03  2.25e+01  3.47e+00  9.98e-01  1.51e-01   0.54
2008 10 30  1240   54769   45600  0  6.09e+02  2.67e+01  0  1.15e+03  2.14e+01  3.74e+00  9.15e-01  2.14e-01   0.69
2008 10 30  1245   54769   45900  0  6.83e+02  2.61e+01  0  1.26e+03  2.44e+01  3.67e+00  6.86e-01  1.48e-01   0.50
2008 10 30  1250   54769   46200  0  5.90e+02  2.57e+01  0  1.32e+03  2.90e+01  3.74e+00  1.06e+00  1.90e-01   0.12
2008 10 30  1255   54769   46500  0  5.83e+02  2.75e+01  0  1.18e+03  2.22e+01  3.52e+00  8.62e-01  2.05e-01   0.19
2008 10 30  1300   54769   46800  0  7.20e+02  2.45e+01  0  1.23e+03  2.40e+01  3.11e+00  1.10e+00  2.32e-01   0.16
2008 10 30  1305   54769   47100  0  5.95e+02  3.04e+01  0  1.27e+03  2.38e+01  4.22e+00  1.07e+00  2.94e-01   0.40
2008 10 30  1310   54769   47400  0  6.86e+02  2.72e+01  0  1.29e+03  2.62e+01  3.51e+00  8.11e-01  1.90e-01   0.15
2008 10 30  1315   54769   47700  0  6.82e+02  3.15e+01  0  1.33e+03  2.27e+01  4.03e+00  8.31e-01  1.26e-01   0.26
2008 10 30  1320   54769   48000  0  7.20e+02  2.68e+01  0  1.39e+03  2.86e+01  3.44e+00  6.68e-01  1.60e-01   0.37
2008 10 30  1325   54769   48300  0  6.02e+02  2.44e+01  0  1.45e+03  2.85e+01  3.77e+00  7.07e-01  2.00e-01   0.09
2008 10 30  1330   54769   48600  0  5.62e+02  2.59e+01  0  1.32e+03  2.53e+01  3.21e+00  7.28e-01  1.04e-01   0.65
2008 10 30  1335   54769   48900  0  7.27e+02  2.94e+01  0  1.36e+03  2.32e+01  3.49e+00  7.56e-01  2.50e-01   0.65
2008 10 30  1340   54769   49200  0  5.72e+02  2.80e+01  0  1.35e+03  2.50e+01  3.38e+00  7.48e-01  2.32e-01   0.43
2008 10 30  1345   54769   49500  0  5.29e+02  3.05e+01  0  1.82e+03  7.80e+01  4.42e+00  8.96e-01  2.80e-01   0.45
2008 10 30  1350   54769   49800  0  7.09e+02  2.27e+01  0  1.54e+03  3.48e+01  3.24e+00  8.57e-01  1.45e-01   0.41
2008 10 30  1355   54769   50100  0  5.72e+02  2.47e+01  0  1.61e+03  2.91e+01  3.70e+00  7.07e-01  1.79e-01   0.49
2008 10 30  1400   54769   50400  0  5.61e+02  2.85e+01  0  1.64e+03  3.35e+01  3.34e+00  8.38e-01  2.22e-01   0.09
2008 10 30  1405   54769   50700  0  6.20e+02  2.39e+01  0  1.50e+03  3.07e+01  3.03e+00  7.81e-01  2.22e-01   0.41
2008 10 30  1410   54769   51000  0  6.46e+02  2.49e+01  0  1.53e+03  3.48e+01  3.18e+00  4.99e-01  2.00e-01   0.34
2008 10 30  1415   54769   51300  0  5.80e+02  2.99e+01  0  1.69e+03  4.76e+01  3.61e+00  7.43e-01  2.61e-01   0.42
2008 10 30  1420   54769   51600  0  6.18e+02  2.98e+01  0  1.74e+03  3.77e+01  3.21e+00  7.43e-01  2.61e-01   0.32
2008 10 30  1425   54769   51900  0  6.53e+02  2.36e+01  0  2.59e+03  7.00e+01  4.06e+00  1.07e+00  1.93e-01   0.52
2008 10 30  1430   54769   52200  0  5.74e+02  2.61e+01  0  1.78e+04  5.86e+02  5.64e+00  5.40e-01  2.32e-01   0.33
2008 10 30  1435   54769   52500  0  6.42e+02  3.26e+01  0  5.60e+04  1.61e+03  1.32e+01  9.72e-01  2.32e-01   0.71
2008 10 30  1440   54769   52800  0  6.15e+02  2.37e+01  0  2.16e+04  7.89e+02  7.39e+00  6.10e-01  1.93e-01   0.21
2008 10 30  1445   54769   53100  0  6.33e+02  2.61e+01  0  7.83e+03  2.49e+02  4.06e+00  4.99e-01  1.26e-01   0.41
2008 10 30  1450   54769   53400  0  5.19e+02  2.69e+01  0  1.66e+03  4.03e+01  3.85e+00  8.38e-01  1.93e-01   0.32
2008 10 30  1455   54769   53700  0  6.56e+02  2.57e+01  0  1.19e+03  2.69e+01  3.21e+00  1.07e+00  2.12e-01   0.89
2008 10 30  1500   54769   54000  0  6.94e+02  2.36e+01  0  1.28e+03  2.21e+01  3.57e+00  8.94e-01  2.74e-01   0.10
2008 10 30  1505   54769   54300  0  6.12e+02  2.50e+01  0  1.32e+03  2.53e+01  3.05e+00  8.62e-01  1.60e-01   0.58
2008 10 30  1510   54769   54600  0  6.37e+02  2.76e+01  0  1.24e+03  2.18e+01  2.56e+00  7.28e-01  2.00e-01   0.51
2008 10 30  1515   54769   54900  0  5.91e+02  2.98e+01  0  1.25e+03  2.10e+01  3.11e+00  9.56e-01  1.37e-01   0.59
2008 10 30  1520   54769   55200  0  6.07e+02  2.98e+01  0  1.26e+03  2.39e+01  3.02e+00  1.14e+00  2.41e-01   0.38
2008 10 30  1525   54769   55500  0  6.09e+02  2.61e+01  0  1.34e+03  3.45e+01  2.95e+00  7.90e-01  2.32e-01   0.39
2008 10 30  1530   54769   55800  0  6.23e+02  2.55e+01  0  1.14e+03  2.50e+01  3.14e+00  7.35e-01  2.53e-01   0.32
2008 10 30  1535   54769   56100  0  7.17e+02  2.93e+01  0  1.26e+03  2.33e+01  4.08e+00  1.07e+00  1.87e-01   0.22
2008 10 30  1540   54769   56400  0  6.42e+02  2.69e+01  0  1.40e+03  2.63e+01  3.34e+00  8.11e-01  1.26e-01   0.11
2008 10 30  1545   54769   56700  0  6.52e+02  2.47e+01  0  1.32e+03  3.03e+01  2.97e+00  8.09e-01  1.87e-01   0.40
2008 10 30  1550   54769   57000  0  8.08e+02  2.63e+01  0  1.43e+03  2.64e+01  3.93e+00  5.40e-01  1.79e-01   0.84
2008 10 30  1555   54769   57300  0  6.90e+02  2.57e+01  0  2.01e+03  4.45e+01  4.03e+00  8.31e-01  1.26e-01   0.29
2008 10 30  1600   54769   57600  0  6.06e+02  2.53e+01  0  1.87e+03  4.34e+01  3.22e+00  7.74e-01  2.32e-01   0.58
2008 10 30  1605   54769   57900  0  6.87e+02  2.76e+01  0  1.35e+03  3.15e+01  2.95e+00  7.69e-01  2.21e-01   0.77
2008 10 30  1610   54769   58200  0  6.61e+02  3.07e+01  0  1.42e+03  2.99e+01  3.08e+00  8.94e-01  1.74e-01   0.33
2008 10 30  1615   54769   58500  0  6.33e+02  2.68e+01  0  1.49e+03  2.89e+01  3.61e+00  1.04e+00  2.59e-01   0.56
2008 10 30  1620   54769   58800  0  6.51e+02  2.96e+01  0  1.25e+03  2.69e+01  3.15e+00  8.11e-01  2.32e-01   0.38
2008 10 30  1625   54769   59100  0  6.65e+02  2.83e+01  0  1.28e+03  2.52e+01  3.37e+00  8.76e-01  1.64e-01   0.23
2008 10 30  1630   54769   59400  0  6.60e+02  2.87e+01  0  1.30e+03  2.87e+01  3.43e+00  8.00e-01  2.12e-01   0.52
2008 10 30  1635   54769   59700  0  6.60e+02  2.51e+01  0  1.33e+03  2.54e+01  3.02e+00  8.31e-01  2.21e-01   0.34
2008 10 30  1640   54769   60000  0  6.02e+02  2.57e+01  0  1.30e+03  2.63e+01  3.64e+00  8.57e-01  2.12e-01   0.33
2008 10 30  1645   54769   60300  0  6.18e+02  2.62e+01  0  1.38e+03  2.67e+01  3.34e+00  7.62e-01  1.64e-01   0.23
2008 10 30  1650   54769   60600  0  6.20e+02  2.57e+01  0  1.28e+03  2.72e+01  3.15e+00  6.86e-01  1.37e-01   0.61
2008 10 30  1655   54769   60900  0  5.62e+02  2.59e+01  0  1.19e+03  2.99e+01  3.09e+00  8.19e-01  2.80e-01   0.16
2008 10 30  1700   54769   61200  0  7.77e+02  2.46e+01  0  1.28e+03  2.64e+01  2.46e+00  8.00e-01  2.32e-01   0.46
2008 10 30  1705   54769   61500  0  5.75e+02  2.64e+01  0  1.39e+03  2.93e+01  3.06e+00  8.76e-01  9.66e-02   0.08
2008 10 30  1710   54769   61800  0  6.11e+02  2.59e+01  0  1.63e+03  4.75e+01  2.69e+00  7.28e-01  1.26e-01   0.48
2008 10 30  1715   54769   62100  0  7.18e+02  2.96e+01  0  1.53e+03  4.88e+01  3.22e+00  8.57e-01  1.84e-01   0.24
2008 10 30  1720   54769   62400  0  5.82e+02  2.53e+01  0  1.59e+03  4.10e+01  2.55e+00  7.43e-01  1.16e-01   0.29
2008 10 30  1725   54769   62700  0  6.51e+02  2.96e+01  0  1.64e+03  4.90e+01  3.64e+00  7.07e-01  2.00e-01   0.20
2008 10 30  1730   54769   63000  0  6.48e+02  2.82e+01  0  1.95e+03  5.52e+01  3.25e+00  9.53e-01  1.45e-01   0.30
2008 10 30  1735   54769   63300  0  8.02e+02  2.53e+01  0  2.17e+03  5.18e+01  3.24e+00  6.48e-01  1.84e-01   0.51
2008 10 30  1740   54769   63600  0  7.14e+02  2.90e+01  0  1.48e+03  4.78e+01  3.64e+00  9.98e-01  1.79e-01   0.50
2008 10 30  1745   54769   63900  0  6.56e+02  2.91e+01  0  1.40e+03  3.75e+01  3.52e+00  8.09e-01  1.52e-01   0.66
2008 10 30  1750   54769   64200  0  7.45e+02  2.34e+01  0  2.37e+03  2.96e+02  5.64e+00  7.90e-01  1.51e-01   0.23
2008 10 30  1755   54769   64500  0  5.97e+02  2.34e+01  0  1.47e+03  3.58e+01  3.31e+00  7.90e-01  1.47e-01   0.13
2008 10 30  1800   54769   64800  0  6.44e+02  2.91e+01  0  1.42e+03  3.11e+01  3.36e+00  7.91e-01  2.67e-01   0.30
2008 10 30  1805   54769   65100  0  6.78e+02  2.94e+01  0  1.49e+03  3.50e+01  3.05e+00  5.61e-01  2.32e-01   0.17
2008 10 30  1810   54769   65400  0  6.10e+02  2.65e+01  0  1.47e+03  3.09e+01  3.22e+00  9.50e-01  2.41e-01   0.35
2008 10 30  1815   54769   65700  0  5.95e+02  2.68e+01  0  1.46e+03  3.03e+01  3.00e+00  7.04e-01  2.14e-01   0.19
2008 10 30  1820   54769   66000  0  6.48e+02  2.44e+01  0  2.08e+03  5.91e+01  3.80e+00  1.08e+00  2.00e-01   0.08
2008 10 30  1825   54769   66300  0  7.63e+02  2.70e+01  0  2.30e+03  7.17e+01  3.13e+00  1.00e+00  1.96e-01   0.21
2008 10 30  1830   54769   66600  0  6.79e+02  2.86e+01  0  2.70e+03  8.25e+01  3.21e+00  8.31e-01  1.90e-01   0.19
2008 10 30  1835   54769   66900  0  7.27e+02  3.25e+01  0  1.75e+03  4.58e+01  3.28e+00  6.03e-01  2.74e-01   0.77
2008 10 30  1840   54769   67200  0  8.50e+02  2.88e+01  0  1.50e+03  3.50e+01  2.94e+00  7.39e-01  1.52e-01   0.14
2008 10 30  1845   54769   67500  0  5.84e+02  2.78e+01  0  1.33e+03  2.27e+01  2.79e+00  1.02e+00  6.44e-02   0.05
2008 10 30  1850   54769   67800  0  6.07e+02  2.71e+01  0  1.22e+03  2.30e+01  2.88e+00  7.81e-01  9.27e-02   0.32
2008 10 30  1855   54769   68100  0  6.33e+02  2.89e+01  0  1.20e+03  2.12e+01  3.02e+00  6.68e-01  1.87e-01   0.34
2008 10 30  1900   54769   68400  0  7.99e+02  2.61e+01  0  1.25e+03  2.15e+01  2.79e+00  7.69e-01  2.00e-01   0.37
2008 10 30  1905   54769   68700  0  5.90e+02  2.83e+01  0  1.41e+03  2.77e+01  3.06e+00  7.43e-01  2.12e-01   0.28
2008 10 30  1910   54769   69000  0  6.75e+02  2.92e+01  0  1.29e+03  2.05e+01  3.06e+00  6.29e-01  2.51e-01   0.44
2008 10 30  1915   54769   69300  0  8.28e+02  2.51e+01  0  1.34e+03  2.75e+01  3.11e+00  6.65e-01  1.79e-01   0.47
2008 10 30  1920   54769   69600  0  6.21e+02  2.60e+01  0  1.36e+03  2.55e+01  3.08e+00  8.34e-01  2.45e-01   0.37
2008 10 30  1925   54769   69900  0  6.08e+02  2.30e+01  0  1.43e+03  2.17e+01  2.39e+00  7.40e-01  2.76e-01   0.57
2008 10 30  1930   54769   70200  9 -1.00e+05 -1.00e+05  9 -1.00e+05 -1.00e+05 -1.00e+05 -1.00e+05 -1.00e+05  -1.00
2008 10 30  1935   54769   70500  9 -1.00e+05 -1.00e+05  9 -1.00e+05 -1.00e+05 -1.00e+05 -1.00e+05 -1.00e+05  -1.00
2008 10 30  1940   54769   70800  9 -1.00e+05 -1.00e+05  9 -1.00e+05 -1.00e+05 -1.00e+05 -1.00e+05 -1.00e+05  -1.00
2008 10 30  1945   54769   71100  9 -1.00e+05 -1.00e+05  9 -1.00e+05 -1.00e+05 -1.00e+05 -1.00e+05 -1.00e+05  -1.00
2008 10 30  1950   54769   71400  0  8.02e+02  2.33e+01  0  1.28e+03  1.92e+01  2.33e+00  5.92e-01  2.32e-01   0.29
2008 10 30  1955   54769   71700  0  6.42e+02  2.69e+01  0  1.24e+03  2.14e+01  2.70e+00  6.48e-01  2.99e-01   0.51
2008 10 30  2000   54769   72000  0  5.59e+02  3.03e+01  0  1.25e+03  2.11e+01  2.28e+00  7.81e-01  1.93e-01   0.20
2008 10 30  2005   54769   72300  0  7.05e+02  2.94e+01  0  1.23e+03  2.18e+01  2.66e+00  7.90e-01  2.42e-01   0.41
2008 10 30  2010   54769   72600  0  6.29e+02  2.63e+01  0  1.27e+03  2.09e+01  2.58e+00  6.86e-01  1.43e-01   0.39
2008 10 30  2015   54769   72900  0  6.56e+02  2.83e+01  0  1.27e+03  2.09e+01  2.49e+00  6.29e-01  1.35e-01   0.49
2008 10 30  2020   54769   73200  0  6.33e+02  2.80e+01  0  1.19e+03  2.02e+01  2.92e+00  7.90e-01  1.90e-01   0.42
2008 10 30  2025   54769   73500  0  7.28e+02  2.58e+01  0  1.21e+03  1.84e+01  2.64e+00  5.28e-01  1.87e-01   0.42
2008 10 30  2030   54769   73800  0  5.54e+02  2.71e+01  0  1.24e+03  2.16e+01  3.05e+00  7.28e-01  2.11e-01   0.11
2008 10 30  2035   54769   74100  0  5.72e+02  2.86e+01  0  1.22e+03  2.10e+01  2.56e+00  8.11e-01  2.32e-01   0.06
2008 10 30  2040   54769   74400  0  6.78e+02  2.75e+01  0  1.27e+03  2.10e+01  2.86e+00  7.74e-01  2.32e-01   0.40
2008 10 30  2045   54769   74700  0  5.93e+02  2.44e+01  0  1.20e+03  2.06e+01  2.62e+00  7.90e-01  1.69e-01   0.32
2008 10 30  2050   54769   75000  0  6.64e+02  2.31e+01  0  1.20e+03  2.12e+01  2.94e+00  6.51e-01  2.41e-01   0.23
2008 10 30  2055   54769   75300  0  5.95e+02  2.80e+01  0  1.20e+03  1.77e+01  2.94e+00  6.16e-01  2.05e-01   0.08
2008 10 30  2100   54769   75600  0  8.62e+02  2.55e+01  0  1.34e+03  2.31e+01  2.85e+00  8.32e-01  1.90e-01   0.51
2008 10 30  2105   54769   75900  0  5.68e+02  2.67e+01  0  1.25e+03  2.13e+01  2.75e+00  8.79e-01  1.25e-01   0.74
2008 10 30  2110   54769   76200  0  5.54e+02  2.65e+01  0  1.14e+03  1.90e+01  2.52e+00  4.78e-01  2.42e-01   0.22
2008 10 30  2115   54769   76500  0  7.65e+02  3.00e+01  0  1.26e+03  1.90e+01  2.52e+00  7.69e-01  1.58e-01   0.79
2008 10 30  2120   54769   76800  0  7.26e+02  2.71e+01  0  1.23e+03  1.89e+01  2.80e+00  7.74e-01  1.87e-01   0.17
2008 10 30  2125   54769   77100  0  5.99e+02  3.00e+01  0  1.22e+03  2.15e+01  3.15e+00  9.35e-01  2.32e-01   0.30
2008 10 30  2130   54769   77400  0  7.52e+02  3.33e+01  0  1.16e+03  1.75e+01  2.46e+00  7.43e-01  1.55e-01   0.12
2008 10 30  2135   54769   77700  0  6.65e+02  2.75e+01  0  1.26e+03  1.96e+01  2.61e+00  6.16e-01  1.43e-01   0.47
2008 10 30  2140   54769   78000  0  5.84e+02  2.45e+01  0  1.23e+03  1.80e+01  2.98e+00  6.65e-01  2.21e-01   0.40
2008 10 30  2145   54769   78300  0  5.99e+02  2.68e+01  0  1.18e+03  2.18e+01  2.94e+00  7.81e-01  1.55e-01   0.47
2008 10 30  2150   54769   78600  0  5.87e+02  2.78e+01  0  1.23e+03  2.33e+01  2.76e+00  7.43e-01  1.35e-01   0.10
2008 10 30  2155   54769   78900  0  5.50e+02  2.57e+01  0  1.22e+03  2.06e+01  2.85e+00  8.73e-01  9.48e-02   0.07
2008 10 30  2200   54769   79200  0  5.16e+02  2.91e+01  0  1.22e+03  2.07e+01  3.19e+00  5.53e-01  1.39e-01   0.41
2008 10 30  2205   54769   79500  0  6.87e+02  2.69e+01  0  1.17e+03  2.27e+01  2.70e+00  6.86e-01  1.55e-01   0.24
2008 10 30  2210   54769   79800  0  6.05e+02  2.59e+01  0  1.22e+03  1.94e+01  2.91e+00  8.57e-01  2.41e-01   0.30
2008 10 30  2215   54769   80100  0  5.72e+02  2.44e+01  0  1.23e+03  1.86e+01  3.06e+00  8.57e-01  1.55e-01   0.81
2008 10 30  2220   54769   80400  0  5.41e+02  2.69e+01  0  1.15e+03  1.97e+01  2.55e+00  8.19e-01  1.55e-01   0.10
2008 10 30  2225   54769   80700  0  7.20e+02  2.87e+01  0  1.25e+03  2.03e+01  2.88e+00  7.43e-01  1.64e-01   0.14
2008 10 30  2230   54769   81000  0  6.22e+02  3.34e+01  0  1.33e+03  2.25e+01  3.02e+00  6.44e-01  1.90e-01   0.22
2008 10 30  2235   54769   81300  0  5.59e+02  2.75e+01  0  1.22e+03  1.93e+01  2.49e+00  7.43e-01  2.03e-01   0.40
2008 10 30  2240   54769   81600  0  7.44e+02  2.91e+01  0  1.22e+03  2.16e+01  3.10e+00  6.86e-01  1.74e-01   0.63
2008 10 30  2245   54769   81900  0  5.81e+02  2.61e+01  0  1.23e+03  2.31e+01  2.62e+00  7.28e-01  2.11e-01   0.72
2008 10 30  2250   54769   82200  0  5.79e+02  3.21e+01  0  1.25e+03  2.54e+01  2.50e+00  7.17e-01  1.91e-01   0.24
2008 10 30  2255   54769   82500  0  7.94e+02  2.38e+01  0  1.31e+03  2.18e+01  3.10e+00  6.65e-01  2.53e-01   0.65
2008 10 30  2300   54769   82800  0  7.23e+02  2.74e+01  0  1.21e+03  2.00e+01  2.85e+00  7.48e-01  2.32e-01   0.38
2008 10 30  2305   54769   83100  0  5.40e+02  2.47e+01  0  1.31e+03  2.21e+01  2.94e+00  5.10e-01  1.52e-01   0.16
2008 10 30  2310   54769   83400  0  5.29e+02  2.90e+01  0  1.17e+03  1.86e+01  3.02e+00  6.24e-01  1.47e-01   0.21
2008 10 30  2315   54769   83700  0  6.94e+02  2.53e+01  0  1.23e+03  2.06e+01  2.39e+00  9.15e-01  1.90e-01   0.62
2008 10 30  2320   54769   84000  0  5.83e+02  2.93e+01  0  1.26e+03  2.10e+01  2.97e+00  4.57e-01  1.78e-01   0.70
2008 10 30  2325   54769   84300  0  5.65e+02  2.98e+01  0  1.18e+03  2.16e+01  2.66e+00  9.15e-01  1.37e-01   0.26
2008 10 30  2330   54769   84600  0  6.38e+02  2.86e+01  0  1.20e+03  2.15e+01  2.55e+00  9.32e-01  1.43e-01   0.25
2008 10 30  2335   54769   84900  0  6.15e+02  2.86e+01  0  1.22e+03  2.16e+01  2.61e+00  6.68e-01  2.14e-01   0.04
2008 10 30  2340   54769   85200  0  6.01e+02  2.26e+01  0  1.25e+03  1.63e+01  2.82e+00  6.65e-01  1.79e-01   0.19
2008 10 30  2345   54769   85500  0  5.65e+02  2.88e+01  0  1.13e+03  2.05e+01  2.55e+00  6.51e-01  2.23e-01   0.46
2008 10 30  2350   54769   85800  0  7.34e+02  2.82e+01  0  1.28e+03  2.28e+01  2.82e+00  7.48e-01  1.04e-01   0.35
2008 10 30  2355   54769   86100  0  6.19e+02  2.28e+01  0  1.24e+03  2.39e+01  2.59e+00  5.61e-01  2.00e-01   0.33
