:Data_list: 20080224_ace_epam_5m.txt
:Created: 2008 Feb 25 0011 UT
# Prepared by the U.S. Dept. of Commerce, NOAA, Space Weather Prediction Center
# Please send comments and suggestions to SWPC.Webmaster@noaa.gov 
# 
# Units: Differential Flux particles/cm2-s-ster-MeV
# Units: Anisotropy Index 0.0 - 2.0
# Status(S): 0 = nominal, 4,6,7,8 = bad data, unable to process, 9 = no data
# Missing data values: -1.00e+05, index = -1.00
# Source: ACE Satellite - Electron, Proton, and Alpha Monitor
#
#
#                      5-minute averaged Real-time Differential Electron and Proton Flux 
# 
#                Modified Seconds ---------------------------- Differential Flux ---------------------------
# UT Date   Time  Julian  of the  ----- Electron -----   ------------------- Protons keV -------------------   Anis.
# YR MO DA  HHMM    Day    Day    S    38-53   175-315   S    47-68   115-195   310-580   761-1220 1060-1900   Index
#-------------------------------------------------------------------------------------------------------------------
2008 02 24  0000   54520       0  0  5.80e+02  2.41e+01  0  1.23e+03  1.92e+01  2.13e+00  6.10e-01  1.84e-01   0.25
2008 02 24  0005   54520     300  0  5.18e+02  2.62e+01  0  1.30e+03  1.96e+01  2.70e+00  8.19e-01  1.35e-01   0.46
2008 02 24  0010   54520     600  0  4.26e+02  2.69e+01  0  1.28e+03  1.65e+01  2.07e+00  5.20e-01  1.16e-01   0.42
2008 02 24  0015   54520     900  0  5.05e+02  2.39e+01  0  1.18e+03  1.54e+01  2.40e+00  5.14e-01  2.11e-02   0.29
2008 02 24  0020   54520    1200  0  6.11e+02  2.36e+01  0  1.28e+03  1.94e+01  2.28e+00  5.53e-01  1.39e-01   0.08
2008 02 24  0025   54520    1500  0  4.80e+02  2.03e+01  0  1.30e+03  1.71e+01  1.97e+00  5.40e-01  1.05e-01   0.26
2008 02 24  0030   54520    1800  0  4.61e+02  2.11e+01  0  1.22e+03  1.77e+01  1.98e+00  5.34e-01  1.06e-01   0.62
2008 02 24  0035   54520    2100  0  5.14e+02  3.06e+01  0  1.24e+03  1.93e+01  1.47e+00  4.95e-01  1.74e-01   0.63
2008 02 24  0040   54520    2400  0  4.96e+02  2.32e+01  0  1.25e+03  1.65e+01  1.80e+00  3.12e-01  1.45e-01   0.67
2008 02 24  0045   54520    2700  0  4.42e+02  2.40e+01  0  1.30e+03  1.79e+01  2.36e+00  6.03e-01  1.58e-01   0.34
2008 02 24  0050   54520    3000  0  4.45e+02  2.57e+01  0  1.23e+03  1.96e+01  2.19e+00  5.53e-01  1.45e-01   0.29
2008 02 24  0055   54520    3300  0  5.62e+02  2.71e+01  0  1.31e+03  2.03e+01  2.70e+00  5.72e-01  1.55e-01   0.36
2008 02 24  0100   54520    3600  0  4.88e+02  2.07e+01  0  1.26e+03  1.84e+01  2.29e+00  5.61e-01  2.00e-01   0.38
2008 02 24  0105   54520    3900  0  4.63e+02  2.69e+01  0  1.20e+03  1.86e+01  2.19e+00  4.57e-01  1.35e-01   0.30
2008 02 24  0110   54520    4200  0  5.38e+02  2.68e+01  0  1.26e+03  1.79e+01  2.43e+00  6.67e-01  5.15e-02   0.52
2008 02 24  0115   54520    4500  0  5.57e+02  2.67e+01  0  1.25e+03  2.00e+01  2.26e+00  5.40e-01  1.26e-01   0.38
2008 02 24  0120   54520    4800  0  5.04e+02  2.75e+01  0  1.26e+03  1.76e+01  1.72e+00  5.10e-01  1.69e-01   0.62
2008 02 24  0125   54520    5100  0  5.74e+02  2.42e+01  0  1.24e+03  1.54e+01  1.80e+00  7.90e-01  9.48e-02   0.51
2008 02 24  0130   54520    5400  0  5.52e+02  2.80e+01  0  1.30e+03  1.92e+01  2.00e+00  7.07e-01  2.00e-01   0.42
2008 02 24  0135   54520    5700  0  4.96e+02  2.32e+01  0  1.28e+03  1.90e+01  1.94e+00  6.68e-01  1.96e-01   0.34
2008 02 24  0140   54520    6000  0  4.96e+02  2.69e+01  0  1.22e+03  1.76e+01  2.39e+00  5.40e-01  1.48e-01   0.34
2008 02 24  0145   54520    6300  0  6.35e+02  2.63e+01  0  1.35e+03  1.94e+01  2.43e+00  5.82e-01  2.21e-01   0.34
2008 02 24  0150   54520    6600  0  4.67e+02  2.39e+01  0  1.26e+03  1.61e+01  1.97e+00  4.93e-01  1.16e-01   0.37
2008 02 24  0155   54520    6900  0  4.56e+02  2.94e+01  0  1.22e+03  1.98e+01  2.39e+00  5.61e-01  1.90e-01   0.60
2008 02 24  0200   54520    7200  0  4.94e+02  2.52e+01  0  1.30e+03  1.87e+01  2.63e+00  3.52e-01  2.23e-01   0.98
2008 02 24  0205   54520    7500  0  5.52e+02  2.34e+01  0  1.30e+03  1.86e+01  1.87e+00  7.48e-01  1.79e-01   0.10
2008 02 24  0210   54520    7800  0  5.41e+02  2.51e+01  0  1.25e+03  1.96e+01  2.56e+00  6.24e-01  2.11e-01   0.34
2008 02 24  0215   54520    8100  0  4.75e+02  2.80e+01  0  1.31e+03  1.86e+01  2.19e+00  5.98e-01  1.25e-01   0.43
2008 02 24  0220   54520    8400  0  5.88e+02  2.55e+01  0  1.42e+03  1.84e+01  2.16e+00  6.65e-01  1.69e-01   0.66
2008 02 24  0225   54520    8700  0  5.39e+02  3.00e+01  0  1.29e+03  1.99e+01  2.13e+00  5.61e-01  1.26e-01   0.70
2008 02 24  0230   54520    9000  0  4.37e+02  2.68e+01  0  1.23e+03  1.88e+01  2.55e+00  5.63e-01  1.60e-01   0.22
2008 02 24  0235   54520    9300  0  6.17e+02  2.69e+01  0  1.32e+03  1.62e+01  1.97e+00  6.24e-01  1.37e-01   0.32
2008 02 24  0240   54520    9600  0  4.96e+02  3.03e+01  0  1.30e+03  2.07e+01  2.25e+00  5.53e-01  6.76e-02   0.14
2008 02 24  0245   54520    9900  0  6.17e+02  2.91e+01  0  4.18e+04  5.28e+02  3.58e+00  5.53e-01  1.74e-01   0.53
2008 02 24  0250   54520   10200  0  5.09e+02  2.55e+01  0  8.26e+04  2.09e+03  1.29e+01  7.90e-01  2.11e-01   0.32
2008 02 24  0255   54520   10500  0  5.94e+02  2.55e+01  0  7.41e+04  1.89e+03  1.32e+01  5.72e-01  1.74e-01   0.14
2008 02 24  0300   54520   10800  0  5.94e+02  2.75e+01  0  8.95e+04  2.19e+03  1.38e+01  5.34e-01  2.03e-01   0.30
2008 02 24  0305   54520   11100  0  5.18e+02  2.61e+01  0  7.94e+04  1.99e+03  1.13e+01  3.53e-01  1.37e-01   0.61
2008 02 24  0310   54520   11400  0  6.22e+02  2.66e+01  0  8.01e+04  1.66e+03  1.27e+01  5.53e-01  1.84e-01   0.49
2008 02 24  0315   54520   11700  0  4.89e+02  2.67e+01  0  7.86e+04  1.72e+03  1.42e+01  6.67e-01  1.74e-01   0.56
2008 02 24  0320   54520   12000  0  5.74e+02  2.59e+01  0  3.31e+04  1.11e+03  1.42e+01  7.05e-01  2.22e-01   0.25
2008 02 24  0325   54520   12300  0  6.20e+02  2.88e+01  0  1.09e+04  2.06e+02  4.52e+00  7.07e-01  9.48e-02   0.40
2008 02 24  0330   54520   12600  0  5.95e+02  2.50e+01  0  1.18e+04  1.69e+02  3.55e+00  6.29e-01  1.55e-01   0.49
2008 02 24  0335   54520   12900  0  5.61e+02  2.69e+01  0  5.05e+04  7.41e+02  4.27e+00  5.91e-01  8.43e-02   0.06
2008 02 24  0340   54520   13200  0  5.54e+02  2.78e+01  0  1.09e+04  1.56e+02  4.36e+00  6.03e-01  1.51e-01   0.40
2008 02 24  0345   54520   13500  0  6.39e+02  2.75e+01  0  6.17e+03  7.22e+01  2.58e+00  6.48e-01  1.45e-01   0.70
2008 02 24  0350   54520   13800  0  5.27e+02  2.98e+01  0  3.15e+03  4.17e+01  2.19e+00  7.24e-01  1.06e-01   0.28
2008 02 24  0355   54520   14100  0  5.61e+02  2.82e+01  0  3.19e+03  4.48e+01  2.62e+00  4.99e-01  1.90e-01   0.80
2008 02 24  0400   54520   14400  0  6.65e+02  2.80e+01  0  1.43e+03  1.98e+01  2.30e+00  6.16e-01  1.25e-01   0.22
2008 02 24  0405   54520   14700  0  5.66e+02  2.76e+01  0  1.30e+03  1.90e+01  2.36e+00  7.28e-01  9.48e-02   0.24
2008 02 24  0410   54520   15000  0  5.48e+02  2.53e+01  0  1.28e+03  1.70e+01  2.43e+00  4.16e-01  1.26e-01   0.43
2008 02 24  0415   54520   15300  0  5.74e+02  2.96e+01  0  1.21e+03  2.12e+01  2.52e+00  4.75e-01  1.69e-01   0.70
2008 02 24  0420   54520   15600  0  5.50e+02  2.38e+01  0  1.32e+03  2.07e+01  2.46e+00  5.20e-01  1.26e-01   0.44
2008 02 24  0425   54520   15900  0  5.52e+02  2.69e+01  0  1.36e+03  1.97e+01  2.26e+00  7.07e-01  1.05e-01   0.16
2008 02 24  0430   54520   16200  0  6.20e+02  2.65e+01  0  1.27e+03  1.87e+01  2.33e+00  6.68e-01  1.96e-01   0.43
2008 02 24  0435   54520   16500  0  6.02e+02  2.80e+01  0  1.31e+03  1.89e+01  2.72e+00  3.89e-01  2.11e-01   1.51
2008 02 24  0440   54520   16800  0  5.97e+02  2.71e+01  0  1.29e+03  1.62e+01  1.91e+00  5.98e-01  1.69e-01   0.43
2008 02 24  0445   54520   17100  0  4.80e+02  2.45e+01  0  1.30e+03  1.73e+01  2.10e+00  5.26e-01  1.79e-01   0.31
2008 02 24  0450   54520   17400  0  5.65e+02  2.94e+01  0  3.71e+03  3.96e+01  2.20e+00  6.24e-01  1.16e-01   0.32
2008 02 24  0455   54520   17700  0  5.75e+02  2.58e+01  0  4.22e+03  4.26e+01  2.50e+00  4.05e-01  1.43e-01   0.33
2008 02 24  0500   54520   18000  0  5.01e+02  2.57e+01  0  1.30e+03  1.83e+01  1.57e+00  3.74e-01  1.58e-01   0.65
2008 02 24  0505   54520   18300  0  4.91e+02  2.42e+01  0  1.43e+03  2.21e+01  2.33e+00  5.49e-01  8.43e-02   0.80
2008 02 24  0510   54520   18600  0  5.95e+02  2.40e+01  0  2.79e+03  3.36e+01  2.16e+00  5.80e-01  1.55e-01   0.17
2008 02 24  0515   54520   18900  0  4.62e+02  2.55e+01  0  2.33e+03  3.57e+01  2.26e+00  7.27e-01  1.69e-01   0.24
2008 02 24  0520   54520   19200  0  5.29e+02  2.50e+01  0  8.58e+03  1.77e+02  2.49e+00  7.43e-01  1.45e-01   0.35
2008 02 24  0525   54520   19500  0  6.35e+02  2.59e+01  0  6.32e+03  9.35e+01  2.88e+00  5.91e-01  2.03e-01   0.42
2008 02 24  0530   54520   19800  0  5.00e+02  2.57e+01  0  1.49e+03  2.18e+01  2.23e+00  5.40e-01  2.32e-01   0.45
2008 02 24  0535   54520   20100  0  4.71e+02  2.82e+01  0  3.39e+03  5.13e+01  2.88e+00  6.48e-01  1.55e-01   0.67
2008 02 24  0540   54520   20400  0  5.04e+02  2.62e+01  0  2.58e+03  4.89e+01  2.67e+00  6.86e-01  1.16e-01   0.08
2008 02 24  0545   54520   20700  0  5.83e+02  2.26e+01  0  1.33e+03  2.27e+01  2.06e+00  6.03e-01  1.05e-01   0.34
2008 02 24  0550   54520   21000  0  5.11e+02  2.82e+01  0  1.30e+03  2.13e+01  2.37e+00  5.34e-01  1.26e-01   0.50
2008 02 24  0555   54520   21300  0  4.78e+02  2.78e+01  0  1.29e+03  1.81e+01  2.10e+00  4.57e-01  1.26e-01   0.79
2008 02 24  0600   54520   21600  0  5.97e+02  2.80e+01  0  1.37e+03  1.88e+01  1.74e+00  5.72e-01  1.06e-01   0.38
2008 02 24  0605   54520   21900  0  5.30e+02  2.13e+01  0  1.24e+03  1.71e+01  1.80e+00  5.82e-01  1.37e-01   0.12
2008 02 24  0610   54520   22200  0  4.98e+02  2.64e+01  0  1.34e+03  1.88e+01  2.10e+00  5.72e-01  2.03e-01   0.04
2008 02 24  0615   54520   22500  0  5.65e+02  2.41e+01  0  1.18e+03  1.76e+01  1.59e+00  5.34e-01  1.37e-01   0.59
2008 02 24  0620   54520   22800  0  6.05e+02  3.11e+01  0  1.32e+03  1.68e+01  1.87e+00  6.03e-01  1.69e-01   0.26
2008 02 24  0625   54520   23100  0  4.81e+02  2.73e+01  0  1.28e+03  1.61e+01  2.22e+00  6.29e-01  1.06e-01   0.62
2008 02 24  0630   54520   23400  0  5.12e+02  2.94e+01  0  1.22e+03  1.74e+01  2.31e+00  5.72e-01  1.84e-01   0.47
2008 02 24  0635   54520   23700  0  7.86e+02  2.65e+01  0  1.32e+03  1.96e+01  1.77e+00  5.40e-01  4.64e-02   0.29
2008 02 24  0640   54520   24000  0  4.36e+02  2.52e+01  0  1.29e+03  1.77e+01  2.11e+00  5.45e-01  8.11e-02   0.86
2008 02 24  0645   54520   24300  0  5.01e+02  2.22e+01  0  1.23e+03  1.75e+01  2.13e+00  4.78e-01  1.79e-01   0.14
2008 02 24  0650   54520   24600  0  6.60e+02  2.74e+01  0  1.26e+03  1.53e+01  1.44e+00  4.57e-01  1.26e-01   0.67
2008 02 24  0655   54520   24900  0  5.39e+02  2.29e+01  0  1.30e+03  1.72e+01  1.66e+00  4.38e-01  1.16e-01   0.40
2008 02 24  0700   54520   25200  0  5.80e+02  2.63e+01  0  1.25e+03  1.84e+01  2.29e+00  7.90e-01  1.16e-01   0.60
2008 02 24  0705   54520   25500  0  5.23e+02  2.78e+01  0  1.13e+03  1.78e+01  1.77e+00  5.20e-01  9.48e-02   0.48
2008 02 24  0710   54520   25800  0  5.46e+02  2.42e+01  0  1.25e+03  1.61e+01  2.11e+00  7.74e-01  1.60e-01   0.16
2008 02 24  0715   54520   26100  0  4.49e+02  3.11e+01  0  1.33e+03  1.56e+01  1.97e+00  5.20e-01  1.47e-01   0.72
2008 02 24  0720   54520   26400  0  4.80e+02  2.68e+01  0  1.20e+03  1.55e+01  2.30e+00  7.04e-01  1.43e-01   1.06
2008 02 24  0725   54520   26700  0  5.77e+02  2.53e+01  0  1.28e+03  1.85e+01  2.13e+00  6.65e-01  1.79e-01   0.20
2008 02 24  0730   54520   27000  0  4.60e+02  2.80e+01  0  1.24e+03  1.94e+01  2.07e+00  4.78e-01  1.48e-01   0.44
2008 02 24  0735   54520   27300  0  4.15e+02  2.30e+01  0  1.24e+03  1.74e+01  2.20e+00  5.40e-01  2.00e-01   0.69
2008 02 24  0740   54520   27600  0  4.83e+02  2.94e+01  0  1.23e+03  1.68e+01  2.49e+00  5.61e-01  9.48e-02   0.18
2008 02 24  0745   54520   27900  0  5.81e+02  2.24e+01  0  1.31e+03  1.85e+01  1.90e+00  6.03e-01  1.58e-01   0.26
2008 02 24  0750   54520   28200  0  4.72e+02  2.65e+01  0  1.32e+03  1.73e+01  1.91e+00  7.56e-01  1.69e-01   0.10
2008 02 24  0755   54520   28500  0  4.44e+02  2.38e+01  0  1.23e+03  1.99e+01  2.00e+00  7.90e-01  1.37e-01   0.27
2008 02 24  0800   54520   28800  0  5.36e+02  2.59e+01  0  1.30e+03  1.58e+01  2.25e+00  6.86e-01  1.64e-01   0.30
2008 02 24  0805   54520   29100  0  5.11e+02  2.89e+01  0  1.23e+03  1.73e+01  2.22e+00  4.76e-01  1.64e-01   0.76
2008 02 24  0810   54520   29400  0  4.87e+02  2.63e+01  0  1.29e+03  1.83e+01  2.20e+00  5.82e-01  1.79e-01   0.23
2008 02 24  0815   54520   29700  0  5.97e+02  2.57e+01  0  1.28e+03  1.86e+01  2.28e+00  7.05e-01  1.06e-01   0.27
2008 02 24  0820   54520   30000  0  5.04e+02  2.69e+01  0  1.35e+03  2.41e+01  2.19e+00  5.14e-01  1.26e-01   0.88
2008 02 24  0825   54520   30300  0  5.05e+02  2.84e+01  0  1.46e+03  2.63e+01  2.23e+00  6.24e-01  1.05e-01   0.18
2008 02 24  0830   54520   30600  0  5.38e+02  2.46e+01  0  2.57e+03  3.06e+01  2.37e+00  6.86e-01  1.35e-01   0.44
2008 02 24  0835   54520   30900  0  5.82e+02  2.64e+01  0  1.54e+04  7.83e+01  2.01e+00  7.81e-01  1.26e-01   0.31
2008 02 24  0840   54520   31200  0  5.67e+02  2.50e+01  0  2.67e+04  1.06e+02  2.97e+00  4.57e-01  1.93e-01   0.12
2008 02 24  0845   54520   31500  0  5.21e+02  2.59e+01  0  2.08e+04  9.95e+01  2.33e+00  5.61e-01  1.26e-01   0.24
2008 02 24  0850   54520   31800  0  6.08e+02  2.32e+01  0  1.48e+04  6.07e+01  2.61e+00  6.29e-01  1.06e-01   0.70
2008 02 24  0855   54520   32100  0  5.32e+02  2.68e+01  0  1.82e+04  9.31e+01  2.70e+00  6.86e-01  1.64e-01   0.10
2008 02 24  0900   54520   32400  0  5.01e+02  2.61e+01  0  3.31e+04  1.23e+02  2.46e+00  5.61e-01  1.47e-01   0.43
2008 02 24  0905   54520   32700  0  6.40e+02  2.29e+01  0  3.90e+04  1.58e+02  2.79e+00  6.10e-01  1.16e-01   0.08
2008 02 24  0910   54520   33000  0  5.99e+02  2.60e+01  0  5.38e+04  1.82e+02  2.70e+00  7.24e-01  1.74e-01   0.30
2008 02 24  0915   54520   33300  0  4.91e+02  2.53e+01  0  5.30e+04  2.22e+02  3.25e+00  6.24e-01  1.37e-01   0.15
2008 02 24  0920   54520   33600  0  5.13e+02  2.67e+01  0  4.60e+04  2.66e+02  3.41e+00  5.80e-01  8.02e-02   0.22
2008 02 24  0925   54520   33900  0  5.90e+02  2.49e+01  0  4.44e+04  3.38e+02  3.38e+00  6.24e-01  1.48e-01   0.57
2008 02 24  0930   54520   34200  0  5.90e+02  2.44e+01  0  5.30e+04  3.96e+02  4.29e+00  3.74e-01  1.37e-01   0.89
2008 02 24  0935   54520   34500  0  5.19e+02  2.32e+01  0  5.24e+04  4.23e+02  4.83e+00  5.98e-01  1.16e-01   0.33
2008 02 24  0940   54520   34800  0  5.67e+02  2.84e+01  0  5.14e+04  4.12e+02  4.20e+00  6.24e-01  5.80e-02   0.36
2008 02 24  0945   54520   35100  0  5.97e+02  3.09e+01  0  5.21e+04  4.10e+02  4.39e+00  6.24e-01  1.05e-01   0.72
2008 02 24  0950   54520   35400  0  5.52e+02  2.91e+01  0  5.12e+04  4.32e+02  4.47e+00  5.98e-01  1.69e-01   0.06
2008 02 24  0955   54520   35700  0  4.98e+02  2.65e+01  0  4.32e+04  4.20e+02  4.95e+00  4.99e-01  2.11e-01   0.50
2008 02 24  1000   54520   36000  0  6.35e+02  2.63e+01  0  4.11e+04  4.99e+02  5.77e+00  6.33e-01  1.52e-01   0.14
2008 02 24  1005   54520   36300  0  5.87e+02  2.53e+01  0  3.98e+04  4.44e+02  6.16e+00  5.61e-01  4.64e-02   0.25
2008 02 24  1010   54520   36600  0  4.88e+02  2.65e+01  0  4.07e+04  4.37e+02  5.28e+00  6.65e-01  2.09e-01   0.34
2008 02 24  1015   54520   36900  0  6.06e+02  2.50e+01  0  4.47e+04  3.93e+02  4.72e+00  7.04e-01  1.69e-01   0.32
2008 02 24  1020   54520   37200  0  5.00e+02  2.22e+01  0  3.24e+04  3.34e+02  4.33e+00  7.48e-01  1.58e-01   0.45
2008 02 24  1025   54520   37500  0  5.34e+02  2.57e+01  0  2.19e+04  2.30e+02  3.67e+00  4.57e-01  1.58e-01   0.34
2008 02 24  1030   54520   37800  0  4.69e+02  2.76e+01  0  1.39e+04  1.53e+02  3.13e+00  8.09e-01  1.69e-01   0.20
2008 02 24  1035   54520   38100  0  6.48e+02  2.80e+01  0  5.30e+03  7.69e+01  2.92e+00  7.28e-01  1.26e-01   0.39
2008 02 24  1040   54520   38400  0  4.63e+02  2.83e+01  0  1.35e+03  1.95e+01  2.40e+00  5.91e-01  1.64e-01   0.43
2008 02 24  1045   54520   38700  0  5.32e+02  2.52e+01  0  1.23e+03  2.00e+01  2.19e+00  5.72e-01  2.22e-01   0.56
2008 02 24  1050   54520   39000  0  6.55e+02  2.53e+01  0  1.28e+03  1.75e+01  2.10e+00  6.24e-01  2.32e-01   0.53
2008 02 24  1055   54520   39300  0  5.27e+02  2.53e+01  0  1.32e+03  1.87e+01  2.52e+00  4.73e-01  1.05e-01   0.54
2008 02 24  1100   54520   39600  0  5.03e+02  2.94e+01  0  2.12e+03  3.60e+01  2.40e+00  5.34e-01  9.66e-02   0.48
2008 02 24  1105   54520   39900  0  4.92e+02  2.76e+01  0  5.70e+03  6.48e+01  2.39e+00  5.61e-01  1.69e-01   0.96
2008 02 24  1110   54520   40200  0  5.77e+02  2.53e+01  0  8.64e+03  1.13e+02  2.40e+00  4.38e-01  1.35e-01   0.45
2008 02 24  1115   54520   40500  0  5.34e+02  2.41e+01  0  8.42e+03  1.02e+02  2.82e+00  3.81e-01  1.16e-01   0.80
2008 02 24  1120   54520   40800  0  5.69e+02  2.71e+01  0  9.67e+03  1.09e+02  3.09e+00  6.10e-01  2.03e-01   0.39
2008 02 24  1125   54520   41100  0  7.27e+02  3.00e+01  0  1.04e+04  1.24e+02  3.02e+00  6.86e-01  1.37e-01   0.42
2008 02 24  1130   54520   41400  0  4.50e+02  2.46e+01  0  1.03e+04  1.40e+02  3.25e+00  7.81e-01  1.74e-01   0.41
2008 02 24  1135   54520   41700  0  4.53e+02  2.68e+01  0  9.21e+03  1.23e+02  3.10e+00  7.05e-01  8.69e-02   0.24
2008 02 24  1140   54520   42000  0  5.22e+02  2.44e+01  0  3.22e+03  5.64e+01  2.33e+00  6.65e-01  6.95e-02   0.31
2008 02 24  1145   54520   42300  0  5.34e+02  2.66e+01  0  1.64e+03  2.10e+01  2.10e+00  5.72e-01  1.26e-01   0.11
2008 02 24  1150   54520   42600  0  4.93e+02  3.08e+01  0  1.82e+03  2.50e+01  1.80e+00  6.48e-01  1.55e-01   0.67
2008 02 24  1155   54520   42900  0  5.23e+02  2.92e+01  0  1.95e+03  2.88e+01  2.56e+00  4.99e-01  9.48e-02   0.46
2008 02 24  1200   54520   43200  0  5.36e+02  3.11e+01  0  2.15e+03  2.80e+01  1.89e+00  5.98e-01  1.52e-01   0.33
2008 02 24  1205   54520   43500  0  4.74e+02  2.32e+01  0  2.28e+03  2.82e+01  2.49e+00  5.82e-01  1.37e-01   0.38
2008 02 24  1210   54520   43800  0  4.80e+02  2.74e+01  0  1.66e+03  2.11e+01  2.36e+00  7.90e-01  1.79e-01   0.21
2008 02 24  1215   54520   44100  0  6.29e+02  2.78e+01  0  1.68e+03  2.12e+01  1.97e+00  5.63e-01  1.16e-01   0.34
2008 02 24  1220   54520   44400  0  5.14e+02  2.74e+01  0  2.11e+03  2.39e+01  2.20e+00  6.03e-01  1.69e-01   0.45
2008 02 24  1225   54520   44700  0  5.12e+02  2.47e+01  0  2.54e+03  3.22e+01  2.10e+00  7.48e-01  1.79e-01   0.57
2008 02 24  1230   54520   45000  0  5.43e+02  2.99e+01  0  2.08e+03  3.57e+01  2.77e+00  4.22e-01  1.78e-01   0.55
2008 02 24  1235   54520   45300  0  5.83e+02  3.30e+01  0  1.44e+03  1.77e+01  2.03e+00  4.99e-01  9.48e-02   0.48
2008 02 24  1240   54520   45600  0  5.40e+02  2.70e+01  0  1.31e+03  1.62e+01  2.19e+00  5.63e-01  1.69e-01   0.38
2008 02 24  1245   54520   45900  0  5.36e+02  2.51e+01  0  1.21e+03  1.92e+01  2.29e+00  4.57e-01  6.32e-02   0.47
2008 02 24  1250   54520   46200  0  6.01e+02  2.82e+01  0  1.31e+03  1.73e+01  2.52e+00  4.78e-01  1.01e-01   0.41
2008 02 24  1255   54520   46500  0  5.01e+02  2.47e+01  0  1.27e+03  1.77e+01  2.30e+00  5.98e-01  4.21e-02   0.26
2008 02 24  1300   54520   46800  0  6.03e+02  2.74e+01  0  1.31e+03  1.78e+01  2.23e+00  4.99e-01  5.80e-02   0.80
2008 02 24  1305   54520   47100  0  4.96e+02  2.24e+01  0  1.23e+03  1.86e+01  2.20e+00  6.86e-01  1.69e-01   0.44
2008 02 24  1310   54520   47400  0  5.75e+02  2.49e+01  0  1.30e+03  1.68e+01  2.27e+00  5.45e-01  1.16e-01   0.24
2008 02 24  1315   54520   47700  0  4.78e+02  2.94e+01  0  1.33e+03  1.65e+01  2.10e+00  4.99e-01  9.48e-02   0.54
2008 02 24  1320   54520   48000  0  4.32e+02  2.80e+01  0  1.21e+03  1.68e+01  2.28e+00  7.24e-01  1.35e-01   0.04
2008 02 24  1325   54520   48300  0  6.13e+02  2.76e+01  0  1.35e+03  1.55e+01  1.92e+00  5.91e-01  1.64e-01   0.25
2008 02 24  1330   54520   48600  0  5.50e+02  2.55e+01  0  1.28e+03  1.89e+01  1.87e+00  5.20e-01  2.21e-01   0.40
2008 02 24  1335   54520   48900  0  4.58e+02  3.03e+01  0  1.26e+03  1.61e+01  2.04e+00  5.72e-01  1.16e-01   0.45
2008 02 24  1340   54520   49200  0  5.82e+02  2.64e+01  0  1.33e+03  1.64e+01  2.01e+00  8.00e-01  1.35e-01   0.24
2008 02 24  1345   54520   49500  0  4.53e+02  2.42e+01  0  1.22e+03  1.62e+01  2.13e+00  4.99e-01  1.48e-01   0.30
2008 02 24  1350   54520   49800  0  4.82e+02  2.57e+01  0  1.26e+03  1.74e+01  2.31e+00  5.14e-01  1.55e-01   0.78
2008 02 24  1355   54520   50100  0  4.60e+02  2.96e+01  0  1.20e+03  1.87e+01  1.86e+00  5.53e-01  1.26e-01   0.55
2008 02 24  1400   54520   50400  0  5.31e+02  2.58e+01  0  1.32e+03  1.54e+01  2.41e+00  5.63e-01  6.24e-02   0.22
2008 02 24  1405   54520   50700  0  5.10e+02  2.62e+01  0  1.38e+03  1.93e+01  2.55e+00  4.19e-01  1.69e-01   1.05
2008 02 24  1410   54520   51000  0  4.83e+02  2.52e+01  0  1.20e+03  1.76e+01  2.31e+00  5.14e-01  1.84e-01   0.16
2008 02 24  1415   54520   51300  0  5.85e+02  2.50e+01  0  1.27e+03  1.75e+01  2.55e+00  5.34e-01  1.06e-01   0.34
2008 02 24  1420   54520   51600  0  4.73e+02  2.69e+01  0  1.27e+03  1.92e+01  2.31e+00  5.34e-01  1.06e-01   0.24
2008 02 24  1425   54520   51900  0  5.18e+02  2.48e+01  0  1.26e+03  1.74e+01  1.95e+00  8.77e-01  1.45e-01   0.33
2008 02 24  1430   54520   52200  0  5.46e+02  2.98e+01  0  1.21e+03  1.83e+01  2.58e+00  7.24e-01  1.55e-01   0.20
2008 02 24  1435   54520   52500  0  5.90e+02  2.67e+01  0  1.29e+03  1.70e+01  2.16e+00  4.16e-01  1.58e-01   0.16
2008 02 24  1440   54520   52800  0  4.61e+02  2.87e+01  0  1.34e+03  1.80e+01  2.61e+00  4.95e-01  2.12e-01   0.19
2008 02 24  1445   54520   53100  0  5.04e+02  3.03e+01  0  1.22e+03  1.85e+01  2.34e+00  4.57e-01  1.26e-01   0.18
2008 02 24  1450   54520   53400  0  6.64e+02  2.63e+01  0  1.27e+03  1.81e+01  2.16e+00  4.78e-01  1.69e-01   0.63
2008 02 24  1455   54520   53700  0  5.66e+02  2.91e+01  0  1.71e+03  2.14e+01  2.75e+00  7.04e-01  2.76e-01   0.22
2008 02 24  1500   54520   54000  0  5.80e+02  2.69e+01  0  3.71e+03  6.95e+01  3.43e+00  4.76e-01  1.35e-01   0.70
2008 02 24  1505   54520   54300  0  6.37e+02  2.90e+01  0  1.64e+04  2.51e+02  4.98e+00  5.20e-01  2.21e-01   0.36
2008 02 24  1510   54520   54600  0  6.01e+02  2.94e+01  0  2.59e+04  3.40e+02  5.55e+00  4.40e-01  1.07e-01   0.11
2008 02 24  1515   54520   54900  0  5.18e+02  2.92e+01  0  1.79e+04  2.53e+02  5.15e+00  4.99e-01  1.47e-01   0.41
2008 02 24  1520   54520   55200  0  4.83e+02  2.65e+01  0  1.08e+04  2.67e+02  5.64e+00  6.24e-01  1.37e-01   0.19
2008 02 24  1525   54520   55500  0  5.56e+02  2.65e+01  0  2.83e+03  5.59e+01  2.36e+00  6.16e-01  8.02e-02   0.71
2008 02 24  1530   54520   55800  0  5.71e+02  2.63e+01  0  1.60e+03  2.02e+01  2.30e+00  5.23e-01  1.32e-01   0.24
2008 02 24  1535   54520   56100  0  5.24e+02  2.59e+01  0  1.43e+03  2.31e+01  1.79e+00  5.98e-01  1.32e-01   0.32
2008 02 24  1540   54520   56400  0  6.18e+02  2.42e+01  0  1.46e+03  1.98e+01  2.05e+00  6.68e-01  1.25e-01   0.59
2008 02 24  1545   54520   56700  0  5.56e+02  2.88e+01  0  1.49e+03  2.08e+01  2.10e+00  6.44e-01  2.11e-01   0.67
2008 02 24  1550   54520   57000  0  4.24e+02  2.53e+01  0  1.43e+03  2.17e+01  2.25e+00  6.51e-01  1.25e-01   0.18
2008 02 24  1555   54520   57300  0  5.50e+02  2.69e+01  0  1.36e+03  1.80e+01  2.43e+00  6.86e-01  8.43e-02   0.31
2008 02 24  1600   54520   57600  0  5.46e+02  2.61e+01  0  1.49e+03  2.31e+01  2.49e+00  4.37e-01  9.48e-02   0.37
2008 02 24  1605   54520   57900  0  6.27e+02  2.57e+01  0  1.65e+03  2.44e+01  2.55e+00  4.22e-01  1.96e-01   0.27
2008 02 24  1610   54520   58200  0  4.82e+02  2.38e+01  0  1.40e+03  2.07e+01  1.87e+00  4.99e-01  1.58e-01   0.72
2008 02 24  1615   54520   58500  0  5.90e+02  2.48e+01  0  1.41e+03  1.81e+01  2.16e+00  6.67e-01  1.47e-01   0.54
2008 02 24  1620   54520   58800  0  5.24e+02  2.83e+01  0  1.40e+03  2.07e+01  1.89e+00  5.63e-01  1.60e-01   0.27
2008 02 24  1625   54520   59100  0  4.96e+02  2.80e+01  0  1.31e+03  1.97e+01  2.33e+00  3.74e-01  1.79e-01   1.08
2008 02 24  1630   54520   59400  0  5.24e+02  2.46e+01  0  1.26e+03  1.85e+01  2.22e+00  6.10e-01  8.69e-02   0.47
2008 02 24  1635   54520   59700  0  5.84e+02  3.19e+01  0  1.32e+03  1.91e+01  2.07e+00  5.14e-01  1.06e-01   0.07
2008 02 24  1640   54520   60000  0  4.90e+02  2.76e+01  0  1.28e+03  1.86e+01  1.87e+00  6.44e-01  1.62e-01   0.54
2008 02 24  1645   54520   60300  0  5.54e+02  2.44e+01  0  1.20e+03  1.90e+01  2.43e+00  7.05e-01  9.27e-02   0.14
2008 02 24  1650   54520   60600  0  5.66e+02  2.37e+01  0  1.29e+03  1.70e+01  2.22e+00  6.48e-01  1.45e-01   0.29
2008 02 24  1655   54520   60900  0  5.59e+02  2.55e+01  0  1.37e+03  1.81e+01  2.46e+00  3.62e-01  9.66e-02   0.57
2008 02 24  1700   54520   61200  0  4.74e+02  2.71e+01  0  1.26e+03  1.85e+01  2.25e+00  6.10e-01  1.26e-01   0.45
2008 02 24  1705   54520   61500  0  5.52e+02  2.71e+01  0  1.28e+03  2.06e+01  2.31e+00  5.33e-01  1.35e-01   0.26
2008 02 24  1710   54520   61800  0  5.38e+02  2.57e+01  0  1.27e+03  1.66e+01  2.16e+00  6.48e-01  1.26e-01   0.35
2008 02 24  1715   54520   62100  0  5.34e+02  2.45e+01  0  1.31e+03  1.84e+01  2.13e+00  6.65e-01  1.37e-01   0.44
2008 02 24  1720   54520   62400  0  5.38e+02  2.85e+01  0  1.25e+03  2.03e+01  2.52e+00  5.91e-01  2.22e-01   0.37
2008 02 24  1725   54520   62700  0  5.42e+02  2.66e+01  0  1.78e+03  2.89e+01  2.49e+00  6.10e-01  1.16e-01   0.37
2008 02 24  1730   54520   63000  0  4.82e+02  2.92e+01  0  2.96e+03  5.18e+01  2.62e+00  5.82e-01  1.79e-01   0.44
2008 02 24  1735   54520   63300  0  5.07e+02  2.57e+01  0  4.48e+03  8.47e+01  2.58e+00  5.98e-01  1.69e-01   0.27
2008 02 24  1740   54520   63600  0  6.08e+02  2.82e+01  0  6.16e+03  1.68e+02  3.18e+00  4.76e-01  1.55e-01   0.15
2008 02 24  1745   54520   63900  0  5.38e+02  2.63e+01  0  5.54e+03  2.11e+02  3.28e+00  6.65e-01  1.90e-01   0.24
2008 02 24  1750   54520   64200  0  5.19e+02  2.57e+01  0  2.34e+03  4.34e+01  2.52e+00  4.75e-01  2.23e-01   0.52
2008 02 24  1755   54520   64500  0  5.75e+02  2.71e+01  0  1.64e+03  2.80e+01  2.39e+00  4.57e-01  1.69e-01   0.56
2008 02 24  1800   54520   64800  0  5.99e+02  2.53e+01  0  1.87e+03  2.80e+01  2.62e+00  6.65e-01  1.79e-01   0.20
2008 02 24  1805   54520   65100  0  5.66e+02  2.68e+01  0  1.90e+03  3.06e+01  2.36e+00  4.22e-01  1.43e-01   0.57
2008 02 24  1810   54520   65400  0  4.60e+02  2.44e+01  0  1.74e+03  2.75e+01  2.36e+00  5.82e-01  1.05e-01   0.62
2008 02 24  1815   54520   65700  0  5.92e+02  2.89e+01  0  1.62e+03  2.47e+01  2.25e+00  4.92e-01  1.52e-01   0.23
2008 02 24  1820   54520   66000  0  4.93e+02  2.73e+01  0  1.39e+03  2.26e+01  2.14e+00  5.80e-01  1.45e-01   0.12
2008 02 24  1825   54520   66300  0  5.01e+02  2.84e+01  0  1.36e+03  2.33e+01  2.20e+00  7.69e-01  7.37e-02   0.28
2008 02 24  1830   54520   66600  0  6.89e+02  2.26e+01  0  1.48e+03  2.23e+01  2.00e+00  5.89e-01  2.02e-01   0.71
2008 02 24  1835   54520   66900  0  4.69e+02  2.07e+01  0  1.33e+03  1.85e+01  2.13e+00  5.82e-01  2.21e-01   0.24
2008 02 24  1840   54520   67200  0  5.10e+02  2.47e+01  0  1.39e+03  2.04e+01  2.23e+00  5.20e-01  1.69e-01   0.47
2008 02 24  1845   54520   67500  0  4.69e+02  2.52e+01  0  1.21e+03  2.07e+01  2.47e+00  5.45e-01  1.52e-01   0.52
2008 02 24  1850   54520   67800  0  6.84e+02  2.51e+01  0  1.39e+03  1.88e+01  2.39e+00  5.20e-01  1.58e-01   0.19
2008 02 24  1855   54520   68100  0  4.80e+02  2.60e+01  0  1.32e+03  1.93e+01  1.98e+00  6.86e-01  1.74e-01   0.41
2008 02 24  1900   54520   68400  0  4.95e+02  2.53e+01  0  1.34e+03  1.97e+01  2.14e+00  6.33e-01  8.02e-02   0.19
2008 02 24  1905   54520   68700  0  6.77e+02  2.88e+01  0  1.38e+03  2.18e+01  2.39e+00  6.65e-01  1.27e-01   0.09
2008 02 24  1910   54520   69000  0  5.41e+02  2.76e+01  0  1.26e+03  1.59e+01  2.25e+00  5.34e-01  1.84e-01   0.17
2008 02 24  1915   54520   69300  0  5.18e+02  2.25e+01  0  1.26e+03  1.87e+01  1.89e+00  4.57e-01  2.32e-01   0.43
2008 02 24  1920   54520   69600  0  4.96e+02  2.74e+01  0  1.21e+03  1.78e+01  2.16e+00  5.82e-01  1.16e-01   0.25
2008 02 24  1925   54520   69900  0  5.57e+02  2.96e+01  0  1.30e+03  1.92e+01  2.16e+00  7.81e-01  2.12e-01   0.36
2008 02 24  1930   54520   70200  0  4.99e+02  2.39e+01  0  1.29e+03  1.74e+01  2.25e+00  5.33e-01  8.69e-02   0.48
2008 02 24  1935   54520   70500  0  5.09e+02  2.76e+01  0  1.15e+03  1.60e+01  1.95e+00  7.62e-01  7.73e-02   0.51
2008 02 24  1940   54520   70800  0  5.90e+02  2.73e+01  0  1.29e+03  1.68e+01  1.89e+00  4.57e-01  8.69e-02   0.66
2008 02 24  1945   54520   71100  0  5.46e+02  2.27e+01  0  1.29e+03  1.57e+01  2.19e+00  8.00e-01  1.16e-01   0.06
2008 02 24  1950   54520   71400  0  4.93e+02  2.92e+01  0  1.26e+03  1.56e+01  2.40e+00  8.19e-01  1.45e-01   0.47
2008 02 24  1955   54520   71700  0  5.42e+02  2.57e+01  0  1.26e+03  1.86e+01  1.84e+00  5.61e-01  1.58e-01   0.39
2008 02 24  2000   54520   72000  0  5.61e+02  2.78e+01  0  1.36e+03  1.80e+01  2.25e+00  6.48e-01  1.55e-01   0.44
2008 02 24  2005   54520   72300  0  5.18e+02  2.34e+01  0  1.31e+03  1.71e+01  2.13e+00  4.95e-01  1.45e-01   0.45
2008 02 24  2010   54520   72600  0  4.62e+02  2.53e+01  0  1.17e+03  1.74e+01  2.16e+00  7.28e-01  6.95e-02   0.26
2008 02 24  2015   54520   72900  0  6.02e+02  2.70e+01  0  1.30e+03  1.49e+01  2.11e+00  6.16e-01  1.16e-01   0.40
2008 02 24  2020   54520   73200  0  4.94e+02  2.66e+01  0  1.33e+03  1.58e+01  2.01e+00  5.14e-01  9.66e-02   0.38
2008 02 24  2025   54520   73500  0  5.72e+02  2.76e+01  0  1.26e+03  1.66e+01  2.65e+00  4.37e-01  1.37e-01   0.54
2008 02 24  2030   54520   73800  0  5.95e+02  2.50e+01  0  1.29e+03  1.79e+01  2.25e+00  6.51e-01  1.16e-01   0.54
2008 02 24  2035   54520   74100  0  5.43e+02  2.63e+01  0  1.27e+03  1.77e+01  1.74e+00  5.61e-01  9.01e-02   0.33
2008 02 24  2040   54520   74400  0  5.10e+02  2.61e+01  0  1.36e+03  1.94e+01  2.20e+00  7.07e-01  1.58e-01   0.18
2008 02 24  2045   54520   74700  0  5.46e+02  2.40e+01  0  1.24e+03  2.05e+01  2.27e+00  5.80e-01  1.43e-01   0.67
2008 02 24  2050   54520   75000  0  6.30e+02  2.94e+01  0  1.42e+03  1.90e+01  2.39e+00  6.86e-01  1.69e-01   0.91
2008 02 24  2055   54520   75300  0  6.41e+02  2.29e+01  0  1.31e+03  1.63e+01  2.36e+00  5.63e-01  1.52e-01   0.19
2008 02 24  2100   54520   75600  0  5.97e+02  2.80e+01  0  1.23e+03  1.91e+01  2.39e+00  6.51e-01  1.96e-01   0.06
2008 02 24  2105   54520   75900  0  6.80e+02  2.38e+01  0  1.34e+03  1.94e+01  2.75e+00  6.24e-01  1.26e-01   0.14
2008 02 24  2110   54520   76200  0  5.30e+02  2.89e+01  0  1.27e+03  1.86e+01  2.52e+00  6.16e-01  8.02e-02   0.16
2008 02 24  2115   54520   76500  0  5.77e+02  2.90e+01  0  1.29e+03  1.79e+01  2.39e+00  6.24e-01  1.26e-01   0.59
2008 02 24  2120   54520   76800  0  5.61e+02  2.74e+01  0  1.28e+03  1.71e+01  2.03e+00  6.86e-01  2.11e-01   0.57
2008 02 24  2125   54520   77100  0  5.06e+02  2.98e+01  0  1.35e+03  1.81e+01  2.05e+00  6.51e-01  1.64e-01   0.13
2008 02 24  2130   54520   77400  0  5.81e+02  2.72e+01  0  1.32e+03  1.88e+01  2.07e+00  6.44e-01  2.00e-01   0.21
2008 02 24  2135   54520   77700  0  5.32e+02  2.89e+01  0  1.23e+03  1.89e+01  1.98e+00  4.76e-01  1.26e-01   0.34
2008 02 24  2140   54520   78000  0  6.20e+02  2.75e+01  0  1.30e+03  1.68e+01  2.30e+00  6.68e-01  8.92e-02   0.05
2008 02 24  2145   54520   78300  0  5.63e+02  2.61e+01  0  1.32e+03  1.95e+01  2.52e+00  5.40e-01  2.00e-01   0.24
2008 02 24  2150   54520   78600  0  5.99e+02  2.68e+01  0  1.29e+03  1.90e+01  2.19e+00  5.34e-01  1.55e-01   0.19
2008 02 24  2155   54520   78900  0  6.66e+02  2.57e+01  0  1.28e+03  1.81e+01  1.98e+00  6.29e-01  9.66e-02   0.39
2008 02 24  2200   54520   79200  0  4.64e+02  2.90e+01  0  1.31e+03  1.83e+01  2.59e+00  6.65e-01  1.16e-01   0.82
2008 02 24  2205   54520   79500  0  4.87e+02  2.87e+01  0  1.29e+03  1.88e+01  2.01e+00  8.00e-01  3.16e-02   0.40
2008 02 24  2210   54520   79800  0  5.22e+02  2.68e+01  0  1.19e+03  1.68e+01  2.19e+00  7.24e-01  1.35e-01   0.30
2008 02 24  2215   54520   80100  0  6.47e+02  2.60e+01  0  1.33e+03  1.70e+01  2.55e+00  6.67e-01  1.16e-01   0.08
2008 02 24  2220   54520   80400  0  5.13e+02  2.62e+01  0  1.30e+03  1.84e+01  2.10e+00  6.48e-01  1.64e-01   0.16
2008 02 24  2225   54520   80700  0  4.83e+02  2.78e+01  0  1.24e+03  2.10e+01  1.77e+00  6.10e-01  1.64e-01   0.28
2008 02 24  2230   54520   81000  0  6.10e+02  2.83e+01  0  1.29e+03  1.80e+01  2.22e+00  8.19e-01  1.26e-01   0.31
2008 02 24  2235   54520   81300  0  5.34e+02  2.63e+01  0  1.31e+03  1.55e+01  1.77e+00  5.20e-01  2.53e-01   0.90
2008 02 24  2240   54520   81600  0  5.90e+02  2.80e+01  0  1.27e+03  1.49e+01  2.04e+00  5.34e-01  1.55e-01   0.61
2008 02 24  2245   54520   81900  0  4.88e+02  2.52e+01  0  1.21e+03  1.63e+01  2.55e+00  6.10e-01  1.06e-01   0.47
2008 02 24  2250   54520   82200  0  5.14e+02  2.55e+01  0  1.36e+03  1.73e+01  1.84e+00  5.61e-01  1.90e-01   0.49
2008 02 24  2255   54520   82500  0  5.14e+02  2.42e+01  0  1.28e+03  1.61e+01  2.02e+00  4.92e-01  1.34e-01   0.30
2008 02 24  2300   54520   82800  0  4.88e+02  2.55e+01  0  1.17e+03  1.77e+01  2.13e+00  5.14e-01  1.55e-01   0.43
2008 02 24  2305   54520   83100  0  5.56e+02  2.63e+01  0  1.28e+03  1.66e+01  2.49e+00  3.95e-01  1.48e-01   0.20
2008 02 24  2310   54520   83400  0  4.82e+02  2.50e+01  0  1.28e+03  1.94e+01  2.27e+00  5.45e-01  8.02e-02   0.43
2008 02 24  2315   54520   83700  0  4.94e+02  2.67e+01  0  1.23e+03  1.68e+01  1.87e+00  6.65e-01  1.39e-01   0.40
2008 02 24  2320   54520   84000  0  5.56e+02  2.47e+01  0  1.29e+03  1.98e+01  2.29e+00  3.53e-01  2.32e-01   0.18
2008 02 24  2325   54520   84300  0  6.14e+02  2.63e+01  0  1.29e+03  1.58e+01  2.66e+00  7.39e-01  9.81e-02   0.65
2008 02 24  2330   54520   84600  0  4.96e+02  2.78e+01  0  1.25e+03  1.80e+01  1.93e+00  4.37e-01  1.27e-01   0.33
2008 02 24  2335   54520   84900  0  5.19e+02  2.60e+01  0  1.18e+03  1.70e+01  1.97e+00  4.75e-01  1.78e-01   0.47
2008 02 24  2340   54520   85200  0  5.74e+02  2.89e+01  0  1.26e+03  1.84e+01  2.14e+00  5.10e-01  1.35e-01   0.66
2008 02 24  2345   54520   85500  0  4.92e+02  2.26e+01  0  1.29e+03  1.68e+01  2.26e+00  6.03e-01  7.73e-02   0.12
2008 02 24  2350   54520   85800  0  6.10e+02  2.75e+01  0  1.23e+03  1.51e+01  1.89e+00  6.86e-01  1.16e-01   0.25
2008 02 24  2355   54520   86100  0  6.08e+02  2.61e+01  0  1.32e+03  1.69e+01  2.43e+00  4.16e-01  9.48e-02   0.43
