:Data_list: 20080905_ace_sis_5m.txt
:Created: 2008 Sep 06 0011 UT
# Prepared by the U.S. Dept. of Commerce, NOAA, Space Weather Prediction Center
# Please send comments and suggestions to SWPC.Webmaster@noaa.gov 
# 
# Units: proton flux p/cs2-sec-ster
# Status(S): 0 = nominal data, 1 to 8 = bad data record, 9 = no data
# Missing data values: -1.00e+05
# Source: ACE Satellite - Solar Isotope Spectrometer
#
# 5-minute averaged Real-time Integral Flux of High-energy Solar Protons
# 
#                 Modified Seconds
# UT Date   Time   Julian  of the      ---- Integral Proton Flux ----
# YR MO DA  HHMM     Day     Day       S    > 10 MeV    S    > 30 MeV
#--------------------------------------------------------------------
2008 09 05  0000    54714       0      0    2.05e+00    0    1.44e+00
2008 09 05  0005    54714     300      0    1.99e+00    0    1.37e+00
2008 09 05  0010    54714     600      0    1.99e+00    0    1.39e+00
2008 09 05  0015    54714     900      0    2.00e+00    0    1.40e+00
2008 09 05  0020    54714    1200      0    2.01e+00    0    1.40e+00
2008 09 05  0025    54714    1500      0    1.96e+00    0    1.36e+00
2008 09 05  0030    54714    1800      0    2.01e+00    0    1.41e+00
2008 09 05  0035    54714    2100      0    2.03e+00    0    1.41e+00
2008 09 05  0040    54714    2400      0    1.94e+00    0    1.37e+00
2008 09 05  0045    54714    2700      0    2.02e+00    0    1.40e+00
2008 09 05  0050    54714    3000      0    1.98e+00    0    1.38e+00
2008 09 05  0055    54714    3300      0    2.02e+00    0    1.40e+00
2008 09 05  0100    54714    3600      0    1.98e+00    0    1.38e+00
2008 09 05  0105    54714    3900      0    2.02e+00    0    1.42e+00
2008 09 05  0110    54714    4200      0    1.98e+00    0    1.38e+00
2008 09 05  0115    54714    4500      0    1.99e+00    0    1.38e+00
2008 09 05  0120    54714    4800      0    2.02e+00    0    1.41e+00
2008 09 05  0125    54714    5100      0    1.98e+00    0    1.37e+00
2008 09 05  0130    54714    5400      0    1.97e+00    0    1.38e+00
2008 09 05  0135    54714    5700      0    2.01e+00    0    1.41e+00
2008 09 05  0140    54714    6000      0    2.04e+00    0    1.44e+00
2008 09 05  0145    54714    6300      0    1.99e+00    0    1.40e+00
2008 09 05  0150    54714    6600      0    1.98e+00    0    1.38e+00
2008 09 05  0155    54714    6900      0    2.00e+00    0    1.39e+00
2008 09 05  0200    54714    7200      0    2.00e+00    0    1.39e+00
2008 09 05  0205    54714    7500      0    2.01e+00    0    1.42e+00
2008 09 05  0210    54714    7800      0    1.99e+00    0    1.38e+00
2008 09 05  0215    54714    8100      0    2.00e+00    0    1.40e+00
2008 09 05  0220    54714    8400      0    2.03e+00    0    1.42e+00
2008 09 05  0225    54714    8700      0    2.00e+00    0    1.41e+00
2008 09 05  0230    54714    9000      0    2.00e+00    0    1.40e+00
2008 09 05  0235    54714    9300      0    2.00e+00    0    1.39e+00
2008 09 05  0240    54714    9600      0    1.99e+00    0    1.39e+00
2008 09 05  0245    54714    9900      0    2.04e+00    0    1.43e+00
2008 09 05  0250    54714   10200      0    2.02e+00    0    1.40e+00
2008 09 05  0255    54714   10500      0    2.01e+00    0    1.39e+00
2008 09 05  0300    54714   10800      0    1.99e+00    0    1.40e+00
2008 09 05  0305    54714   11100      0    2.04e+00    0    1.42e+00
2008 09 05  0310    54714   11400      0    2.03e+00    0    1.42e+00
2008 09 05  0315    54714   11700      0    2.00e+00    0    1.39e+00
2008 09 05  0320    54714   12000      0    1.98e+00    0    1.39e+00
2008 09 05  0325    54714   12300      0    1.95e+00    0    1.36e+00
2008 09 05  0330    54714   12600      0    2.01e+00    0    1.40e+00
2008 09 05  0335    54714   12900      0    2.00e+00    0    1.39e+00
2008 09 05  0340    54714   13200      0    2.01e+00    0    1.41e+00
2008 09 05  0345    54714   13500      0    2.02e+00    0    1.43e+00
2008 09 05  0350    54714   13800      0    2.01e+00    0    1.41e+00
2008 09 05  0355    54714   14100      0    1.91e+00    0    1.34e+00
2008 09 05  0400    54714   14400      0    1.99e+00    0    1.39e+00
2008 09 05  0405    54714   14700      0    2.04e+00    0    1.45e+00
2008 09 05  0410    54714   15000      0    1.98e+00    0    1.40e+00
2008 09 05  0415    54714   15300      0    1.97e+00    0    1.38e+00
2008 09 05  0420    54714   15600      0    2.00e+00    0    1.40e+00
2008 09 05  0425    54714   15900      0    1.99e+00    0    1.39e+00
2008 09 05  0430    54714   16200      0    2.00e+00    0    1.41e+00
2008 09 05  0435    54714   16500      0    1.95e+00    0    1.37e+00
2008 09 05  0440    54714   16800      0    2.03e+00    0    1.43e+00
2008 09 05  0445    54714   17100      0    2.03e+00    0    1.41e+00
2008 09 05  0450    54714   17400      0    2.02e+00    0    1.41e+00
2008 09 05  0455    54714   17700      0    2.04e+00    0    1.43e+00
2008 09 05  0500    54714   18000      0    2.02e+00    0    1.41e+00
2008 09 05  0505    54714   18300      0    2.00e+00    0    1.38e+00
2008 09 05  0510    54714   18600      0    2.01e+00    0    1.41e+00
2008 09 05  0515    54714   18900      0    1.98e+00    0    1.38e+00
2008 09 05  0520    54714   19200      0    2.02e+00    0    1.41e+00
2008 09 05  0525    54714   19500      0    2.00e+00    0    1.42e+00
2008 09 05  0530    54714   19800      0    2.03e+00    0    1.41e+00
2008 09 05  0535    54714   20100      0    1.99e+00    0    1.39e+00
2008 09 05  0540    54714   20400      0    1.99e+00    0    1.39e+00
2008 09 05  0545    54714   20700      0    1.99e+00    0    1.38e+00
2008 09 05  0550    54714   21000      0    2.02e+00    0    1.41e+00
2008 09 05  0555    54714   21300      0    2.02e+00    0    1.40e+00
2008 09 05  0600    54714   21600      0    2.00e+00    0    1.39e+00
2008 09 05  0605    54714   21900      0    1.99e+00    0    1.40e+00
2008 09 05  0610    54714   22200      0    1.98e+00    0    1.37e+00
2008 09 05  0615    54714   22500      0    2.06e+00    0    1.43e+00
2008 09 05  0620    54714   22800      0    2.00e+00    0    1.40e+00
2008 09 05  0625    54714   23100      0    2.02e+00    0    1.42e+00
2008 09 05  0630    54714   23400      0    1.94e+00    0    1.34e+00
2008 09 05  0635    54714   23700      0    2.01e+00    0    1.40e+00
2008 09 05  0640    54714   24000      0    2.05e+00    0    1.44e+00
2008 09 05  0645    54714   24300      0    2.00e+00    0    1.40e+00
2008 09 05  0650    54714   24600      0    2.01e+00    0    1.41e+00
2008 09 05  0655    54714   24900      0    2.01e+00    0    1.42e+00
2008 09 05  0700    54714   25200      0    2.03e+00    0    1.42e+00
2008 09 05  0705    54714   25500      0    2.01e+00    0    1.40e+00
2008 09 05  0710    54714   25800      0    1.99e+00    0    1.40e+00
2008 09 05  0715    54714   26100      0    2.03e+00    0    1.42e+00
2008 09 05  0720    54714   26400      0    2.01e+00    0    1.40e+00
2008 09 05  0725    54714   26700      0    1.98e+00    0    1.39e+00
2008 09 05  0730    54714   27000      0    2.03e+00    0    1.42e+00
2008 09 05  0735    54714   27300      0    2.01e+00    0    1.40e+00
2008 09 05  0740    54714   27600      0    2.01e+00    0    1.40e+00
2008 09 05  0745    54714   27900      0    2.01e+00    0    1.40e+00
2008 09 05  0750    54714   28200      0    1.98e+00    0    1.39e+00
2008 09 05  0755    54714   28500      0    2.04e+00    0    1.43e+00
2008 09 05  0800    54714   28800      0    1.99e+00    0    1.41e+00
2008 09 05  0805    54714   29100      0    2.00e+00    0    1.39e+00
2008 09 05  0810    54714   29400      0    1.99e+00    0    1.38e+00
2008 09 05  0815    54714   29700      0    2.01e+00    0    1.40e+00
2008 09 05  0820    54714   30000      0    1.97e+00    0    1.38e+00
2008 09 05  0825    54714   30300      0    1.99e+00    0    1.39e+00
2008 09 05  0830    54714   30600      0    1.98e+00    0    1.38e+00
2008 09 05  0835    54714   30900      0    2.00e+00    0    1.40e+00
2008 09 05  0840    54714   31200      0    2.03e+00    0    1.43e+00
2008 09 05  0845    54714   31500      0    2.02e+00    0    1.41e+00
2008 09 05  0850    54714   31800      0    1.97e+00    0    1.38e+00
2008 09 05  0855    54714   32100      0    2.02e+00    0    1.42e+00
2008 09 05  0900    54714   32400      0    1.99e+00    0    1.39e+00
2008 09 05  0905    54714   32700      0    2.01e+00    0    1.40e+00
2008 09 05  0910    54714   33000      0    2.00e+00    0    1.40e+00
2008 09 05  0915    54714   33300      0    2.03e+00    0    1.42e+00
2008 09 05  0920    54714   33600      0    2.02e+00    0    1.41e+00
2008 09 05  0925    54714   33900      0    1.99e+00    0    1.37e+00
2008 09 05  0930    54714   34200      0    2.01e+00    0    1.40e+00
2008 09 05  0935    54714   34500      0    2.00e+00    0    1.40e+00
2008 09 05  0940    54714   34800      0    1.97e+00    0    1.37e+00
2008 09 05  0945    54714   35100      0    2.02e+00    0    1.41e+00
2008 09 05  0950    54714   35400      0    2.03e+00    0    1.41e+00
2008 09 05  0955    54714   35700      0    1.97e+00    0    1.39e+00
2008 09 05  1000    54714   36000      0    1.98e+00    0    1.39e+00
2008 09 05  1005    54714   36300      0    1.96e+00    0    1.37e+00
2008 09 05  1010    54714   36600      0    2.01e+00    0    1.42e+00
2008 09 05  1015    54714   36900      0    2.04e+00    0    1.43e+00
2008 09 05  1020    54714   37200      0    2.00e+00    0    1.41e+00
2008 09 05  1025    54714   37500      0    1.95e+00    0    1.37e+00
2008 09 05  1030    54714   37800      0    2.01e+00    0    1.42e+00
2008 09 05  1035    54714   38100      0    2.00e+00    0    1.41e+00
2008 09 05  1040    54714   38400      0    2.04e+00    0    1.43e+00
2008 09 05  1045    54714   38700      0    1.99e+00    0    1.38e+00
2008 09 05  1050    54714   39000      0    1.99e+00    0    1.40e+00
2008 09 05  1055    54714   39300      0    1.99e+00    0    1.40e+00
2008 09 05  1100    54714   39600      0    1.98e+00    0    1.37e+00
2008 09 05  1105    54714   39900      0    2.02e+00    0    1.39e+00
2008 09 05  1110    54714   40200      0    2.00e+00    0    1.40e+00
2008 09 05  1115    54714   40500      0    2.04e+00    0    1.42e+00
2008 09 05  1120    54714   40800      0    2.04e+00    0    1.44e+00
2008 09 05  1125    54714   41100      0    1.98e+00    0    1.39e+00
2008 09 05  1130    54714   41400      0    2.03e+00    0    1.42e+00
2008 09 05  1135    54714   41700      0    2.00e+00    0    1.39e+00
2008 09 05  1140    54714   42000      0    2.02e+00    0    1.41e+00
2008 09 05  1145    54714   42300      0    2.00e+00    0    1.40e+00
2008 09 05  1150    54714   42600      0    2.05e+00    0    1.43e+00
2008 09 05  1155    54714   42900      0    2.03e+00    0    1.43e+00
2008 09 05  1200    54714   43200      0    2.02e+00    0    1.41e+00
2008 09 05  1205    54714   43500      0    2.03e+00    0    1.41e+00
2008 09 05  1210    54714   43800      0    2.02e+00    0    1.41e+00
2008 09 05  1215    54714   44100      0    2.01e+00    0    1.42e+00
2008 09 05  1220    54714   44400      0    2.04e+00    0    1.43e+00
2008 09 05  1225    54714   44700      0    1.99e+00    0    1.38e+00
2008 09 05  1230    54714   45000      0    2.03e+00    0    1.40e+00
2008 09 05  1235    54714   45300      0    2.01e+00    0    1.40e+00
2008 09 05  1240    54714   45600      0    1.98e+00    0    1.40e+00
2008 09 05  1245    54714   45900      0    2.06e+00    0    1.43e+00
2008 09 05  1250    54714   46200      0    2.05e+00    0    1.42e+00
2008 09 05  1255    54714   46500      0    1.97e+00    0    1.37e+00
2008 09 05  1300    54714   46800      0    2.03e+00    0    1.41e+00
2008 09 05  1305    54714   47100      0    2.01e+00    0    1.40e+00
2008 09 05  1310    54714   47400      0    2.04e+00    0    1.42e+00
2008 09 05  1315    54714   47700      0    1.99e+00    0    1.40e+00
2008 09 05  1320    54714   48000      0    2.03e+00    0    1.43e+00
2008 09 05  1325    54714   48300      0    2.03e+00    0    1.43e+00
2008 09 05  1330    54714   48600      0    2.04e+00    0    1.44e+00
2008 09 05  1335    54714   48900      0    2.03e+00    0    1.41e+00
2008 09 05  1340    54714   49200      0    2.01e+00    0    1.41e+00
2008 09 05  1345    54714   49500      0    2.02e+00    0    1.42e+00
2008 09 05  1350    54714   49800      0    1.90e+00    0    1.31e+00
2008 09 05  1355    54714   50100      0    2.02e+00    0    1.41e+00
2008 09 05  1400    54714   50400      0    2.02e+00    0    1.42e+00
2008 09 05  1405    54714   50700      0    2.00e+00    0    1.41e+00
2008 09 05  1410    54714   51000      0    2.02e+00    0    1.40e+00
2008 09 05  1415    54714   51300      0    1.98e+00    0    1.38e+00
2008 09 05  1420    54714   51600      0    2.01e+00    0    1.41e+00
2008 09 05  1425    54714   51900      0    2.05e+00    0    1.45e+00
2008 09 05  1430    54714   52200      0    2.00e+00    0    1.40e+00
2008 09 05  1435    54714   52500      0    2.03e+00    0    1.41e+00
2008 09 05  1440    54714   52800      0    2.00e+00    0    1.40e+00
2008 09 05  1445    54714   53100      0    2.00e+00    0    1.40e+00
2008 09 05  1450    54714   53400      0    2.01e+00    0    1.39e+00
2008 09 05  1455    54714   53700      0    2.03e+00    0    1.40e+00
2008 09 05  1500    54714   54000      0    1.91e+00    0    1.34e+00
2008 09 05  1505    54714   54300      0    2.04e+00    0    1.45e+00
2008 09 05  1510    54714   54600      0    2.04e+00    0    1.43e+00
2008 09 05  1515    54714   54900      0    2.04e+00    0    1.42e+00
2008 09 05  1520    54714   55200      0    2.00e+00    0    1.39e+00
2008 09 05  1525    54714   55500      0    2.03e+00    0    1.43e+00
2008 09 05  1530    54714   55800      0    2.01e+00    0    1.42e+00
2008 09 05  1535    54714   56100      0    2.04e+00    0    1.43e+00
2008 09 05  1540    54714   56400      0    1.99e+00    0    1.39e+00
2008 09 05  1545    54714   56700      0    2.00e+00    0    1.39e+00
2008 09 05  1550    54714   57000      0    2.01e+00    0    1.39e+00
2008 09 05  1555    54714   57300      0    1.99e+00    0    1.39e+00
2008 09 05  1600    54714   57600      0    2.00e+00    0    1.40e+00
2008 09 05  1605    54714   57900      0    2.04e+00    0    1.43e+00
2008 09 05  1610    54714   58200      0    2.03e+00    0    1.41e+00
2008 09 05  1615    54714   58500      0    2.02e+00    0    1.40e+00
2008 09 05  1620    54714   58800      0    2.04e+00    0    1.43e+00
2008 09 05  1625    54714   59100      0    2.05e+00    0    1.43e+00
2008 09 05  1630    54714   59400      0    2.02e+00    0    1.41e+00
2008 09 05  1635    54714   59700      0    2.00e+00    0    1.40e+00
2008 09 05  1640    54714   60000      0    1.98e+00    0    1.38e+00
2008 09 05  1645    54714   60300      0    2.00e+00    0    1.39e+00
2008 09 05  1650    54714   60600      0    2.00e+00    0    1.40e+00
2008 09 05  1655    54714   60900      0    2.00e+00    0    1.41e+00
2008 09 05  1700    54714   61200      0    2.01e+00    0    1.41e+00
2008 09 05  1705    54714   61500      0    2.00e+00    0    1.40e+00
2008 09 05  1710    54714   61800      0    2.01e+00    0    1.39e+00
2008 09 05  1715    54714   62100      0    2.03e+00    0    1.42e+00
2008 09 05  1720    54714   62400      0    1.98e+00    0    1.80e+00
2008 09 05  1725    54714   62700      0    1.98e+00    0    1.37e+00
2008 09 05  1730    54714   63000      0    2.06e+00    0    1.44e+00
2008 09 05  1735    54714   63300      0    2.00e+00    0    1.40e+00
2008 09 05  1740    54714   63600      0    1.99e+00    0    1.38e+00
2008 09 05  1745    54714   63900      0    2.00e+00    0    1.39e+00
2008 09 05  1750    54714   64200      0    2.01e+00    0    1.41e+00
2008 09 05  1755    54714   64500      0    2.02e+00    0    1.43e+00
2008 09 05  1800    54714   64800      0    2.03e+00    0    1.43e+00
2008 09 05  1805    54714   65100      0    2.00e+00    0    1.41e+00
2008 09 05  1810    54714   65400      0    2.01e+00    0    1.41e+00
2008 09 05  1815    54714   65700      0    2.00e+00    0    1.39e+00
2008 09 05  1820    54714   66000      0    2.02e+00    0    1.40e+00
2008 09 05  1825    54714   66300      0    2.00e+00    0    1.40e+00
2008 09 05  1830    54714   66600      0    2.00e+00    0    1.39e+00
2008 09 05  1835    54714   66900      0    2.03e+00    0    1.41e+00
2008 09 05  1840    54714   67200      0    2.02e+00    0    1.41e+00
2008 09 05  1845    54714   67500      0    2.01e+00    0    1.40e+00
2008 09 05  1850    54714   67800      0    1.99e+00    0    1.38e+00
2008 09 05  1855    54714   68100      0    2.02e+00    0    1.41e+00
2008 09 05  1900    54714   68400      0    2.00e+00    0    1.40e+00
2008 09 05  1905    54714   68700      0    1.99e+00    0    1.39e+00
2008 09 05  1910    54714   69000      0    1.96e+00    0    1.36e+00
2008 09 05  1915    54714   69300      0    2.05e+00    0    1.44e+00
2008 09 05  1920    54714   69600      0    2.01e+00    0    1.41e+00
2008 09 05  1925    54714   69900      0    2.01e+00    0    1.40e+00
2008 09 05  1930    54714   70200      0    1.99e+00    0    1.40e+00
2008 09 05  1935    54714   70500      0    1.97e+00    0    1.37e+00
2008 09 05  1940    54714   70800      0    1.98e+00    0    1.37e+00
2008 09 05  1945    54714   71100      0    1.98e+00    0    1.38e+00
2008 09 05  1950    54714   71400      0    1.99e+00    0    1.38e+00
2008 09 05  1955    54714   71700      0    1.99e+00    0    1.38e+00
2008 09 05  2000    54714   72000      0    1.97e+00    0    1.37e+00
2008 09 05  2005    54714   72300      0    2.02e+00    0    1.41e+00
2008 09 05  2010    54714   72600      0    2.00e+00    0    1.40e+00
2008 09 05  2015    54714   72900      0    1.99e+00    0    1.41e+00
2008 09 05  2020    54714   73200      0    2.01e+00    0    1.40e+00
2008 09 05  2025    54714   73500      0    2.03e+00    0    1.42e+00
2008 09 05  2030    54714   73800      0    1.99e+00    0    1.38e+00
2008 09 05  2035    54714   74100      0    2.00e+00    0    1.39e+00
2008 09 05  2040    54714   74400      0    2.03e+00    0    1.41e+00
2008 09 05  2045    54714   74700      0    2.02e+00    0    1.41e+00
2008 09 05  2050    54714   75000      0    2.01e+00    0    1.41e+00
2008 09 05  2055    54714   75300      0    1.96e+00    0    1.36e+00
2008 09 05  2100    54714   75600      0    1.99e+00    0    1.39e+00
2008 09 05  2105    54714   75900      0    2.01e+00    0    1.41e+00
2008 09 05  2110    54714   76200      0    2.01e+00    0    1.39e+00
2008 09 05  2115    54714   76500      0    2.04e+00    0    1.42e+00
2008 09 05  2120    54714   76800      0    1.99e+00    0    1.41e+00
2008 09 05  2125    54714   77100      0    2.02e+00    0    1.41e+00
2008 09 05  2130    54714   77400      0    2.01e+00    0    1.42e+00
2008 09 05  2135    54714   77700      0    2.02e+00    0    1.41e+00
2008 09 05  2140    54714   78000      0    2.02e+00    0    1.41e+00
2008 09 05  2145    54714   78300      0    1.97e+00    0    1.37e+00
2008 09 05  2150    54714   78600      0    2.00e+00    0    1.39e+00
2008 09 05  2155    54714   78900      0    1.98e+00    0    1.38e+00
2008 09 05  2200    54714   79200      0    2.04e+00    0    1.43e+00
2008 09 05  2205    54714   79500      0    2.03e+00    0    1.42e+00
2008 09 05  2210    54714   79800      0    1.97e+00    0    1.40e+00
2008 09 05  2215    54714   80100      0    2.03e+00    0    1.42e+00
2008 09 05  2220    54714   80400      0    2.04e+00    0    1.43e+00
2008 09 05  2225    54714   80700      0    2.01e+00    0    1.40e+00
2008 09 05  2230    54714   81000      0    2.02e+00    0    1.41e+00
2008 09 05  2235    54714   81300      0    1.89e+00    0    1.33e+00
2008 09 05  2240    54714   81600      0    1.98e+00    0    1.39e+00
2008 09 05  2245    54714   81900      0    2.04e+00    0    1.43e+00
2008 09 05  2250    54714   82200      0    2.04e+00    0    1.43e+00
2008 09 05  2255    54714   82500      0    2.08e+00    0    1.49e+00
2008 09 05  2300    54714   82800      0    2.01e+00    0    1.40e+00
2008 09 05  2305    54714   83100      0    1.99e+00    0    1.39e+00
2008 09 05  2310    54714   83400      0    2.07e+00    0    1.44e+00
2008 09 05  2315    54714   83700      0    2.00e+00    0    1.37e+00
2008 09 05  2320    54714   84000      0    2.04e+00    0    1.42e+00
2008 09 05  2325    54714   84300      0    2.02e+00    0    1.43e+00
2008 09 05  2330    54714   84600      0    2.01e+00    0    1.40e+00
2008 09 05  2335    54714   84900      0    2.01e+00    0    1.39e+00
2008 09 05  2340    54714   85200      0    1.99e+00    0    1.39e+00
2008 09 05  2345    54714   85500      0    2.01e+00    0    1.43e+00
2008 09 05  2350    54714   85800      0    1.99e+00    0    1.39e+00
2008 09 05  2355    54714   86100      0    2.04e+00    0    1.41e+00
