:Data_list: 20080718_ace_epam_5m.txt
:Created: 2008 Jul 19 0011 UT
# Prepared by the U.S. Dept. of Commerce, NOAA, Space Weather Prediction Center
# Please send comments and suggestions to SWPC.Webmaster@noaa.gov 
# 
# Units: Differential Flux particles/cm2-s-ster-MeV
# Units: Anisotropy Index 0.0 - 2.0
# Status(S): 0 = nominal, 4,6,7,8 = bad data, unable to process, 9 = no data
# Missing data values: -1.00e+05, index = -1.00
# Source: ACE Satellite - Electron, Proton, and Alpha Monitor
#
#
#                      5-minute averaged Real-time Differential Electron and Proton Flux 
# 
#                Modified Seconds ---------------------------- Differential Flux ---------------------------
# UT Date   Time  Julian  of the  ----- Electron -----   ------------------- Protons keV -------------------   Anis.
# YR MO DA  HHMM    Day    Day    S    38-53   175-315   S    47-68   115-195   310-580   761-1220 1060-1900   Index
#-------------------------------------------------------------------------------------------------------------------
2008 07 18  0000   54665       0  0  7.59e+02  2.30e+01  0  6.85e+02  2.28e+01  2.46e+00  7.05e-01  1.93e-01   0.30
2008 07 18  0005   54665     300  0  7.47e+02  2.82e+01  0  6.95e+02  1.73e+01  2.49e+00  8.58e-01  2.51e-01   0.08
2008 07 18  0010   54665     600  0  7.19e+02  2.52e+01  0  6.55e+02  1.63e+01  2.88e+00  9.15e-01  1.84e-01   0.50
2008 07 18  0015   54665     900  0  7.94e+02  2.25e+01  0  7.19e+02  1.69e+01  2.49e+00  8.92e-01  1.67e-01   0.74
2008 07 18  0020   54665    1200  0  7.86e+02  2.63e+01  0  7.21e+02  1.73e+01  2.69e+00  6.31e-01  1.81e-01   0.37
2008 07 18  0025   54665    1500  0  7.01e+02  2.50e+01  0  6.70e+02  1.83e+01  2.49e+00  7.05e-01  2.80e-01   0.18
2008 07 18  0030   54665    1800  0  7.74e+02  2.78e+01  0  7.59e+02  1.68e+01  2.43e+00  5.82e-01  1.48e-01   0.50
2008 07 18  0035   54665    2100  0  7.92e+02  2.62e+01  0  6.65e+02  1.92e+01  2.07e+00  9.34e-01  8.11e-02   0.36
2008 07 18  0040   54665    2400  0  6.18e+02  2.41e+01  0  7.22e+02  2.07e+01  2.46e+00  7.62e-01  1.84e-01   0.32
2008 07 18  0045   54665    2700  0  9.05e+02  2.69e+01  0  6.66e+02  1.91e+01  2.52e+00  1.29e+00  1.79e-01   0.25
2008 07 18  0050   54665    3000  0  7.56e+02  2.71e+01  0  7.05e+02  1.76e+01  2.25e+00  7.74e-01  1.96e-01   0.34
2008 07 18  0055   54665    3300  0  7.05e+02  3.05e+01  0  6.90e+02  1.54e+01  2.46e+00  7.90e-01  1.79e-01   0.10
2008 07 18  0100   54665    3600  0  7.76e+02  2.42e+01  0  6.65e+02  1.91e+01  2.82e+00  6.65e-01  1.69e-01   0.86
2008 07 18  0105   54665    3900  0  7.31e+02  2.21e+01  0  7.03e+02  1.83e+01  2.25e+00  6.86e-01  2.59e-01   0.12
2008 07 18  0110   54665    4200  0  7.00e+02  2.92e+01  0  7.03e+02  1.66e+01  2.85e+00  6.86e-01  1.79e-01   0.49
2008 07 18  0115   54665    4500  0  6.58e+02  2.57e+01  0  6.81e+02  1.95e+01  2.29e+00  5.40e-01  1.69e-01   0.26
2008 07 18  0120   54665    4800  0  8.13e+02  2.57e+01  0  6.98e+02  1.62e+01  2.86e+00  4.57e-01  1.87e-01   0.35
2008 07 18  0125   54665    5100  0  7.70e+02  2.74e+01  0  7.01e+02  2.06e+01  2.85e+00  9.35e-01  2.63e-01   0.30
2008 07 18  0130   54665    5400  0  6.94e+02  2.62e+01  0  6.74e+02  1.89e+01  2.72e+00  6.86e-01  2.23e-01   0.25
2008 07 18  0135   54665    5700  0  7.41e+02  2.57e+01  0  6.26e+02  1.86e+01  2.69e+00  7.07e-01  3.06e-01   0.45
2008 07 18  0140   54665    6000  0  7.94e+02  2.49e+01  0  6.71e+02  1.73e+01  3.08e+00  7.07e-01  3.27e-01   0.18
2008 07 18  0145   54665    6300  0  6.51e+02  2.42e+01  0  7.56e+02  2.02e+01  2.58e+00  7.91e-01  1.78e-01   0.31
2008 07 18  0150   54665    6600  0  7.36e+02  3.19e+01  0  6.04e+02  1.86e+01  2.56e+00  5.61e-01  2.42e-01   0.63
2008 07 18  0155   54665    6900  0  7.50e+02  2.36e+01  0  6.43e+02  1.71e+01  2.69e+00  6.44e-01  1.74e-01   0.35
2008 07 18  0200   54665    7200  0  6.93e+02  2.80e+01  0  6.84e+02  1.96e+01  2.44e+00  7.03e-01  1.69e-01   0.18
2008 07 18  0205   54665    7500  0  7.61e+02  2.61e+01  0  6.76e+02  1.71e+01  2.16e+00  9.15e-01  1.26e-01   0.35
2008 07 18  0210   54665    7800  0  8.07e+02  2.66e+01  0  6.57e+02  1.76e+01  2.37e+00  6.86e-01  1.55e-01   0.16
2008 07 18  0215   54665    8100  0  7.31e+02  2.80e+01  0  6.97e+02  1.59e+01  2.49e+00  5.91e-01  2.70e-01   1.00
2008 07 18  0220   54665    8400  0  7.61e+02  2.71e+01  0  7.15e+02  1.69e+01  2.39e+00  7.28e-01  1.79e-01   0.47
2008 07 18  0225   54665    8700  0  8.00e+02  2.89e+01  0  6.13e+02  1.79e+01  2.73e+00  6.10e-01  2.70e-01   0.70
2008 07 18  0230   54665    9000  0  7.24e+02  2.75e+01  0  6.88e+02  1.76e+01  2.31e+00  5.72e-01  2.70e-01   1.01
2008 07 18  0235   54665    9300  0  7.02e+02  2.78e+01  0  6.63e+02  1.67e+01  2.36e+00  6.86e-01  1.90e-01   0.41
2008 07 18  0240   54665    9600  0  7.18e+02  2.50e+01  0  6.56e+02  1.80e+01  2.34e+00  6.48e-01  2.32e-01   0.21
2008 07 18  0245   54665    9900  0  8.81e+02  2.80e+01  0  6.83e+02  1.91e+01  2.43e+00  5.72e-01  2.41e-01   0.35
2008 07 18  0250   54665   10200  0  7.23e+02  2.85e+01  0  7.16e+02  1.64e+01  2.52e+00  9.15e-01  1.84e-01   0.13
2008 07 18  0255   54665   10500  0  7.63e+02  2.69e+01  0  6.79e+02  1.50e+01  2.36e+00  8.73e-01  3.06e-01   0.15
2008 07 18  0300   54665   10800  0  6.53e+02  2.66e+01  0  6.48e+02  1.63e+01  2.07e+00  6.86e-01  1.45e-01   0.11
2008 07 18  0305   54665   11100  0  7.69e+02  2.48e+01  0  7.63e+02  1.68e+01  1.92e+00  8.19e-01  1.74e-01   0.39
2008 07 18  0310   54665   11400  0  7.68e+02  2.55e+01  0  7.00e+02  1.94e+01  2.52e+00  5.82e-01  2.21e-01   0.21
2008 07 18  0315   54665   11700  0  7.31e+02  2.80e+01  0  6.37e+02  1.74e+01  2.61e+00  6.67e-01  2.51e-01   0.76
2008 07 18  0320   54665   12000  0  8.78e+02  2.43e+01  0  6.87e+02  1.64e+01  2.97e+00  6.67e-01  1.74e-01   0.55
2008 07 18  0325   54665   12300  0  6.91e+02  2.42e+01  0  7.07e+02  1.74e+01  2.36e+00  5.82e-01  1.26e-01   0.26
2008 07 18  0330   54665   12600  0  7.16e+02  2.78e+01  0  6.95e+02  1.82e+01  2.36e+00  6.68e-01  2.05e-01   0.32
2008 07 18  0335   54665   12900  0  7.23e+02  2.55e+01  0  6.95e+02  1.75e+01  1.90e+00  6.86e-01  1.79e-01   0.05
2008 07 18  0340   54665   13200  0  8.14e+02  2.78e+01  0  7.15e+02  1.92e+01  2.75e+00  7.07e-01  2.11e-01   0.20
2008 07 18  0345   54665   13500  0  8.03e+02  2.70e+01  0  6.99e+02  1.89e+01  1.89e+00  8.44e-01  2.05e-01   0.42
2008 07 18  0350   54665   13800  0  7.03e+02  2.53e+01  0  6.88e+02  1.66e+01  2.36e+00  7.07e-01  1.69e-01   0.34
2008 07 18  0355   54665   14100  0  8.03e+02  2.88e+01  0  7.30e+02  1.55e+01  2.66e+00  7.28e-01  2.63e-01   0.15
2008 07 18  0400   54665   14400  0  7.14e+02  2.60e+01  0  7.08e+02  2.14e+01  2.27e+00  7.92e-01  1.78e-01   0.10
2008 07 18  0405   54665   14700  0  7.86e+02  2.30e+01  0  6.48e+02  1.83e+01  2.95e+00  7.90e-01  1.37e-01   0.27
2008 07 18  0410   54665   15000  0  7.34e+02  2.80e+01  0  7.34e+02  1.74e+01  2.14e+00  5.63e-01  1.78e-01   0.10
2008 07 18  0415   54665   15300  0  7.65e+02  2.37e+01  0  6.90e+02  1.87e+01  2.66e+00  6.37e-01  1.16e-01   0.46
2008 07 18  0420   54665   15600  0  7.56e+02  2.42e+01  0  6.76e+02  2.05e+01  2.52e+00  6.24e-01  2.11e-01   0.93
2008 07 18  0425   54665   15900  0  7.92e+02  2.60e+01  0  6.52e+02  1.91e+01  2.58e+00  7.56e-01  1.16e-01   0.23
2008 07 18  0430   54665   16200  0  8.30e+02  2.16e+01  0  7.12e+02  1.53e+01  2.29e+00  5.61e-01  1.69e-01   0.20
2008 07 18  0435   54665   16500  0  7.52e+02  2.61e+01  0  6.95e+02  1.69e+01  2.36e+00  8.94e-01  2.42e-01   0.16
2008 07 18  0440   54665   16800  0  7.16e+02  2.55e+01  0  6.76e+02  2.06e+01  3.41e+00  6.51e-01  2.94e-01   0.52
2008 07 18  0445   54665   17100  0  7.77e+02  2.32e+01  0  7.11e+02  1.74e+01  2.82e+00  8.94e-01  2.11e-01   0.39
2008 07 18  0450   54665   17400  0  6.61e+02  2.00e+01  0  6.94e+02  1.86e+01  2.40e+00  8.00e-01  2.51e-01   0.66
2008 07 18  0455   54665   17700  0  6.85e+02  2.27e+01  0  6.74e+02  1.88e+01  2.70e+00  5.53e-01  1.93e-01   0.27
2008 07 18  0500   54665   18000  0  8.33e+02  2.36e+01  0  6.59e+02  1.52e+01  2.29e+00  1.02e+00  2.63e-01   0.45
2008 07 18  0505   54665   18300  0  8.04e+02  2.41e+01  0  7.25e+02  1.80e+01  2.70e+00  4.57e-01  2.21e-01   0.45
2008 07 18  0510   54665   18600  0  8.00e+02  2.76e+01  0  7.30e+02  1.79e+01  2.88e+00  8.38e-01  2.61e-01   0.49
2008 07 18  0515   54665   18900  0  7.61e+02  2.90e+01  0  6.38e+02  1.68e+01  2.75e+00  6.03e-01  1.90e-01   0.35
2008 07 18  0520   54665   19200  0  8.30e+02  2.30e+01  0  7.09e+02  1.72e+01  2.85e+00  6.86e-01  2.61e-01   0.50
2008 07 18  0525   54665   19500  0  7.71e+02  2.85e+01  0  6.63e+02  1.84e+01  2.61e+00  9.91e-01  2.12e-01   0.47
2008 07 18  0530   54665   19800  0  7.79e+02  2.57e+01  0  6.45e+02  1.94e+01  1.86e+00  8.00e-01  2.22e-01   0.30
2008 07 18  0535   54665   20100  0  8.28e+02  2.28e+01  0  6.79e+02  1.55e+01  2.26e+00  8.73e-01  2.42e-01   0.30
2008 07 18  0540   54665   20400  0  8.10e+02  2.50e+01  0  6.90e+02  2.07e+01  2.64e+00  7.81e-01  2.51e-01   0.39
2008 07 18  0545   54665   20700  0  7.37e+02  2.78e+01  0  6.41e+02  1.96e+01  2.46e+00  6.86e-01  1.84e-01   0.54
2008 07 18  0550   54665   21000  0  6.26e+02  2.69e+01  0  6.24e+02  1.85e+01  2.43e+00  7.69e-01  2.53e-01   0.12
2008 07 18  0555   54665   21300  0  7.59e+02  2.34e+01  0  7.11e+02  2.01e+01  2.34e+00  7.43e-01  2.03e-01   0.30
2008 07 18  0600   54665   21600  0  7.80e+02  2.85e+01  0  7.16e+02  1.99e+01  2.55e+00  7.05e-01  2.12e-01   0.38
2008 07 18  0605   54665   21900  0  7.72e+02  2.53e+01  0  6.76e+02  1.90e+01  2.39e+00  9.98e-01  1.69e-01   0.09
2008 07 18  0610   54665   22200  0  7.40e+02  2.55e+01  0  7.01e+02  1.42e+01  2.97e+00  7.04e-01  2.14e-01   0.16
2008 07 18  0615   54665   22500  0  7.92e+02  3.21e+01  0  7.22e+02  1.49e+01  2.26e+00  8.73e-01  1.47e-01   0.36
2008 07 18  0620   54665   22800  0  7.49e+02  3.01e+01  0  6.65e+02  2.01e+01  2.16e+00  9.15e-01  2.21e-01   0.37
2008 07 18  0625   54665   23100  0  7.44e+02  2.78e+01  0  6.55e+02  1.68e+01  2.52e+00  8.79e-01  2.14e-01   0.31
2008 07 18  0630   54665   23400  0  7.58e+02  2.45e+01  0  7.74e+02  1.70e+01  2.62e+00  6.24e-01  2.00e-01   0.26
2008 07 18  0635   54665   23700  0  7.79e+02  2.40e+01  0  6.89e+02  1.95e+01  2.69e+00  5.82e-01  2.00e-01   0.19
2008 07 18  0640   54665   24000  0  6.59e+02  2.42e+01  0  6.77e+02  1.87e+01  2.58e+00  5.45e-01  2.59e-01   0.51
2008 07 18  0645   54665   24300  0  8.46e+02  2.69e+01  0  7.48e+02  1.81e+01  3.11e+00  4.99e-01  1.79e-01   0.89
2008 07 18  0650   54665   24600  0  7.63e+02  2.00e+01  0  6.95e+02  1.86e+01  2.75e+00  7.74e-01  2.41e-01   0.40
2008 07 18  0655   54665   24900  0  7.20e+02  2.42e+01  0  7.03e+02  1.74e+01  2.39e+00  7.48e-01  1.69e-01   0.44
2008 07 18  0700   54665   25200  0  6.98e+02  2.16e+01  0  6.70e+02  1.83e+01  2.98e+00  8.11e-01  2.42e-01   0.33
2008 07 18  0705   54665   25500  0  7.34e+02  2.32e+01  0  7.34e+02  1.91e+01  2.33e+00  7.56e-01  2.23e-01   0.35
2008 07 18  0710   54665   25800  0  7.58e+02  2.42e+01  0  6.77e+02  1.96e+01  2.46e+00  7.90e-01  2.74e-01   0.23
2008 07 18  0715   54665   26100  0  6.88e+02  2.28e+01  0  6.52e+02  1.91e+01  2.33e+00  9.56e-01  2.21e-01   0.32
2008 07 18  0720   54665   26400  0  7.45e+02  2.55e+01  0  6.78e+02  1.66e+01  2.36e+00  6.68e-01  1.87e-01   0.18
2008 07 18  0725   54665   26700  0  6.55e+02  2.49e+01  0  7.27e+02  2.15e+01  2.07e+00  6.24e-01  2.11e-01   0.70
2008 07 18  0730   54665   27000  0  7.67e+02  3.22e+01  0  6.97e+02  1.66e+01  2.34e+00  7.43e-01  2.22e-01   0.24
2008 07 18  0735   54665   27300  0  7.66e+02  2.52e+01  0  7.70e+02  1.60e+01  3.03e+00  8.77e-01  2.12e-01   0.73
2008 07 18  0740   54665   27600  0  6.46e+02  2.53e+01  0  6.99e+02  1.70e+01  2.43e+00  6.86e-01  1.26e-01   0.55
2008 07 18  0745   54665   27900  0  7.11e+02  2.76e+01  0  7.34e+02  1.73e+01  2.46e+00  9.34e-01  1.64e-01   0.11
2008 07 18  0750   54665   28200  0  6.68e+02  2.78e+01  0  6.70e+02  1.56e+01  3.12e+00  8.76e-01  2.99e-01   0.17
2008 07 18  0755   54665   28500  0  7.52e+02  2.49e+01  0  6.94e+02  1.87e+01  2.82e+00  9.56e-01  1.37e-01   0.53
2008 07 18  0800   54665   28800  0  7.62e+02  2.53e+01  0  6.98e+02  1.82e+01  2.61e+00  6.10e-01  2.03e-01   0.46
2008 07 18  0805   54665   29100  0  7.09e+02  1.86e+01  0  6.58e+02  1.96e+01  2.37e+00  7.62e-01  2.61e-01   0.54
2008 07 18  0810   54665   29400  0  8.44e+02  2.80e+01  0  6.76e+02  1.75e+01  2.58e+00  1.05e+00  2.90e-01   0.10
2008 07 18  0815   54665   29700  0  6.73e+02  2.34e+01  0  6.89e+02  1.84e+01  2.79e+00  7.90e-01  1.90e-01   0.25
2008 07 18  0820   54665   30000  0  5.77e+02  2.04e+01  0  6.89e+02  1.71e+01  2.58e+00  5.72e-01  2.51e-01   0.11
2008 07 18  0825   54665   30300  0  6.25e+02  2.32e+01  0  6.92e+02  2.02e+01  2.13e+00  8.57e-01  1.84e-01   0.30
2008 07 18  0830   54665   30600  0  7.76e+02  2.92e+01  0  7.31e+02  1.76e+01  2.16e+00  7.69e-01  2.63e-01   0.22
2008 07 18  0835   54665   30900  0  6.02e+02  2.21e+01  0  7.35e+02  1.88e+01  1.59e+00  8.57e-01  1.64e-01   0.29
2008 07 18  0840   54665   31200  0  6.91e+02  2.59e+01  0  6.32e+02  1.90e+01  2.46e+00  8.76e-01  1.16e-01   0.24
2008 07 18  0845   54665   31500  0  7.86e+02  2.55e+01  0  7.39e+02  1.67e+01  2.26e+00  1.10e+00  1.74e-01   0.27
2008 07 18  0850   54665   31800  0  6.75e+02  2.31e+01  0  7.22e+02  1.72e+01  2.36e+00  7.56e-01  1.35e-01   0.18
2008 07 18  0855   54665   32100  0  6.39e+02  2.11e+01  0  6.89e+02  1.76e+01  2.36e+00  4.78e-01  2.21e-01   0.24
2008 07 18  0900   54665   32400  0  8.59e+02  3.23e+01  0  6.55e+02  1.97e+01  2.39e+00  1.02e+00  1.90e-01   0.24
2008 07 18  0905   54665   32700  0  7.33e+02  2.98e+01  0  6.98e+02  1.77e+01  2.63e+00  9.85e-01  1.43e-01   0.41
2008 07 18  0910   54665   33000  0  8.17e+02  2.78e+01  0  6.73e+02  2.00e+01  2.29e+00  1.12e+00  2.84e-01   0.33
2008 07 18  0915   54665   33300  0  6.87e+02  2.80e+01  0  6.12e+02  1.65e+01  2.03e+00  6.44e-01  1.69e-01   0.80
2008 07 18  0920   54665   33600  0  7.97e+02  2.32e+01  0  6.93e+02  1.76e+01  2.97e+00  8.97e-01  1.96e-01   0.41
2008 07 18  0925   54665   33900  0  7.14e+02  2.24e+01  0  7.62e+02  1.88e+01  2.36e+00  7.90e-01  2.84e-01   0.60
2008 07 18  0930   54665   34200  0  7.11e+02  2.60e+01  0  6.86e+02  1.85e+01  2.61e+00  9.15e-01  1.87e-01   0.41
2008 07 18  0935   54665   34500  0  8.21e+02  2.74e+01  0  7.34e+02  1.49e+01  2.59e+00  6.44e-01  1.69e-01   0.61
2008 07 18  0940   54665   34800  0  6.62e+02  2.34e+01  0  6.78e+02  1.65e+01  2.56e+00  7.07e-01  1.58e-01   0.29
2008 07 18  0945   54665   35100  0  7.62e+02  2.63e+01  0  6.71e+02  1.80e+01  2.44e+00  7.21e-01  1.87e-01   0.40
2008 07 18  0950   54665   35400  0  7.82e+02  2.86e+01  0  6.23e+02  1.91e+01  2.75e+00  9.35e-01  1.79e-01   0.35
2008 07 18  0955   54665   35700  0  7.09e+02  2.34e+01  0  7.01e+02  1.71e+01  2.62e+00  6.65e-01  1.47e-01   0.58
2008 07 18  1000   54665   36000  0  7.40e+02  2.58e+01  0  7.06e+02  1.83e+01  2.05e+00  7.74e-01  2.23e-01   0.39
2008 07 18  1005   54665   36300  0  6.85e+02  2.28e+01  0  6.15e+02  1.92e+01  2.29e+00  6.86e-01  1.79e-01   0.26
2008 07 18  1010   54665   36600  0  8.85e+02  3.17e+01  0  7.19e+02  1.65e+01  2.70e+00  1.05e+00  2.99e-01   0.07
2008 07 18  1015   54665   36900  0  7.54e+02  2.66e+01  0  6.94e+02  2.03e+01  2.70e+00  7.62e-01  2.03e-01   0.26
2008 07 18  1020   54665   37200  0  7.72e+02  2.71e+01  0  6.86e+02  1.86e+01  3.08e+00  7.69e-01  2.84e-01   0.44
2008 07 18  1025   54665   37500  0  9.41e+02  2.73e+01  0  6.47e+02  2.02e+01  2.64e+00  8.38e-01  1.93e-01   0.07
2008 07 18  1030   54665   37800  0  8.98e+02  2.30e+01  0  7.11e+02  1.64e+01  2.85e+00  8.00e-01  2.12e-01   0.33
2008 07 18  1035   54665   38100  0  7.45e+02  2.61e+01  0  7.05e+02  1.89e+01  2.92e+00  8.31e-01  2.11e-01   0.46
2008 07 18  1040   54665   38400  0  7.19e+02  2.68e+01  0  6.28e+02  1.91e+01  2.82e+00  7.62e-01  2.03e-01   0.09
2008 07 18  1045   54665   38700  0  9.47e+02  2.66e+01  0  6.85e+02  1.76e+01  2.52e+00  6.86e-01  2.51e-01   0.16
2008 07 18  1050   54665   39000  0  8.71e+02  3.06e+01  0  7.09e+02  1.75e+01  2.43e+00  9.15e-01  2.61e-01   0.47
2008 07 18  1055   54665   39300  0  8.06e+02  2.34e+01  0  6.50e+02  1.92e+01  2.39e+00  7.90e-01  2.00e-01   0.38
2008 07 18  1100   54665   39600  0  1.05e+03  3.31e+01  0  6.72e+02  1.67e+01  2.58e+00  8.58e-01  2.51e-01   0.23
2008 07 18  1105   54665   39900  0  8.20e+02  2.71e+01  0  7.06e+02  1.73e+01  2.52e+00  8.19e-01  2.63e-01   0.21
2008 07 18  1110   54665   40200  0  8.69e+02  2.98e+01  0  7.17e+02  1.67e+01  2.98e+00  7.07e-01  2.95e-01   0.36
2008 07 18  1115   54665   40500  0  8.68e+02  2.80e+01  0  6.17e+02  1.78e+01  2.34e+00  7.05e-01  1.93e-01   0.21
2008 07 18  1120   54665   40800  0  8.17e+02  2.14e+01  0  7.39e+02  2.03e+01  2.76e+00  8.38e-01  2.12e-01   0.34
2008 07 18  1125   54665   41100  0  8.32e+02  2.90e+01  0  6.89e+02  2.08e+01  2.56e+00  6.86e-01  1.79e-01   0.49
2008 07 18  1130   54665   41400  0  7.22e+02  2.34e+01  0  6.56e+02  1.71e+01  2.44e+00  7.39e-01  1.96e-01   0.40
2008 07 18  1135   54665   41700  0  8.02e+02  2.61e+01  0  6.73e+02  1.79e+01  2.39e+00  7.28e-01  1.62e-01   0.26
2008 07 18  1140   54665   42000  0  7.85e+02  2.34e+01  0  7.36e+02  1.71e+01  2.16e+00  7.69e-01  2.42e-01   0.68
2008 07 18  1145   54665   42300  0  7.34e+02  2.73e+01  0  6.69e+02  1.72e+01  2.19e+00  5.98e-01  1.43e-01   0.19
2008 07 18  1150   54665   42600  0  7.58e+02  2.63e+01  0  6.72e+02  2.00e+01  2.43e+00  6.03e-01  2.84e-01   0.49
2008 07 18  1155   54665   42900  0  8.62e+02  2.53e+01  0  7.38e+02  1.81e+01  2.49e+00  1.12e+00  2.11e-01   0.57
2008 07 18  1200   54665   43200  0  7.19e+02  2.50e+01  0  6.87e+02  1.67e+01  2.64e+00  7.39e-01  1.87e-01   0.36
2008 07 18  1205   54665   43500  0  7.59e+02  2.63e+01  0  6.88e+02  1.85e+01  2.56e+00  8.11e-01  1.79e-01   0.08
2008 07 18  1210   54665   43800  0  8.15e+02  2.62e+01  0  7.03e+02  1.75e+01  2.69e+00  6.68e-01  1.96e-01   0.22
2008 07 18  1215   54665   44100  0  7.38e+02  2.42e+01  0  8.31e+02  1.97e+01  2.98e+00  6.86e-01  2.84e-01   0.37
2008 07 18  1220   54665   44400  0  6.96e+02  2.49e+01  0  7.27e+02  1.98e+01  2.13e+00  8.11e-01  2.32e-01   0.19
2008 07 18  1225   54665   44700  0  7.97e+02  2.35e+01  0  7.47e+02  1.82e+01  2.41e+00  9.85e-01  2.23e-01   0.25
2008 07 18  1230   54665   45000  0  7.12e+02  2.59e+01  0  6.94e+02  1.99e+01  2.29e+00  8.32e-01  3.06e-01   0.36
2008 07 18  1235   54665   45300  0  5.91e+02  2.28e+01  0  6.72e+02  1.69e+01  2.49e+00  5.40e-01  1.69e-01   0.19
2008 07 18  1240   54665   45600  0  6.84e+02  2.58e+01  0  6.40e+02  1.77e+01  2.72e+00  7.04e-01  3.12e-01   0.33
2008 07 18  1245   54665   45900  0  7.70e+02  2.90e+01  0  7.38e+02  1.88e+01  3.08e+00  8.52e-01  1.47e-01   0.60
2008 07 18  1250   54665   46200  0  7.01e+02  2.13e+01  0  7.27e+02  1.74e+01  3.10e+00  8.57e-01  2.80e-01   0.45
2008 07 18  1255   54665   46500  0  7.23e+02  3.12e+01  0  6.71e+02  1.81e+01  2.58e+00  9.34e-01  2.90e-01   0.10
2008 07 18  1300   54665   46800  0  8.17e+02  2.22e+01  0  7.41e+02  1.65e+01  2.16e+00  7.90e-01  2.32e-01   0.60
2008 07 18  1305   54665   47100  0  7.19e+02  2.43e+01  0  7.31e+02  1.74e+01  2.73e+00  8.19e-01  1.93e-01   0.46
2008 07 18  1310   54665   47400  0  6.84e+02  2.37e+01  0  7.39e+02  1.71e+01  2.40e+00  6.67e-01  2.90e-01   0.28
2008 07 18  1315   54665   47700  0  7.29e+02  2.40e+01  0  6.99e+02  1.78e+01  2.39e+00  9.35e-01  2.84e-01   0.30
2008 07 18  1320   54665   48000  0  8.05e+02  2.67e+01  0  7.45e+02  1.93e+01  2.76e+00  8.57e-01  2.03e-01   0.35
2008 07 18  1325   54665   48300  0  6.67e+02  2.50e+01  0  6.98e+02  1.99e+01  2.34e+00  7.62e-01  2.51e-01   0.49
2008 07 18  1330   54665   48600  0  6.98e+02  2.83e+01  0  6.73e+02  1.82e+01  1.83e+00  7.05e-01  2.12e-01   0.01
2008 07 18  1335   54665   48900  0  7.74e+02  2.80e+01  0  6.81e+02  1.71e+01  2.56e+00  8.73e-01  2.32e-01   0.52
2008 07 18  1340   54665   49200  0  7.34e+02  2.89e+01  0  7.08e+02  1.98e+01  2.43e+00  6.67e-01  2.32e-01   0.40
2008 07 18  1345   54665   49500  0  6.93e+02  2.75e+01  0  7.11e+02  1.83e+01  2.49e+00  1.05e+00  2.32e-01   0.21
2008 07 18  1350   54665   49800  0  6.58e+02  2.16e+01  0  6.84e+02  2.04e+01  2.10e+00  6.03e-01  3.90e-01   0.37
2008 07 18  1355   54665   50100  0  6.89e+02  2.87e+01  0  7.08e+02  1.70e+01  2.79e+00  9.34e-01  2.03e-01   0.15
2008 07 18  1400   54665   50400  0  5.11e+02  2.55e+01  0  6.90e+02  1.93e+01  2.49e+00  6.48e-01  3.48e-01   0.22
2008 07 18  1405   54665   50700  0  6.40e+02  2.82e+01  0  6.32e+02  1.96e+01  2.72e+00  8.52e-01  2.53e-01   0.53
2008 07 18  1410   54665   51000  0  6.79e+02  2.49e+01  0  7.01e+02  1.56e+01  2.72e+00  8.44e-01  1.69e-01   0.15
2008 07 18  1415   54665   51300  0  5.68e+02  2.32e+01  0  7.03e+02  1.93e+01  2.88e+00  7.07e-01  2.42e-01   0.12
2008 07 18  1420   54665   51600  0  6.98e+02  2.36e+01  0  6.45e+02  1.67e+01  2.52e+00  8.31e-01  1.37e-01   0.49
2008 07 18  1425   54665   51900  0  7.13e+02  2.64e+01  0  7.02e+02  1.88e+01  2.06e+00  9.25e-01  2.14e-01   0.35
2008 07 18  1430   54665   52200  0  6.62e+02  2.65e+01  0  6.88e+02  1.84e+01  3.11e+00  7.07e-01  2.00e-01   0.32
2008 07 18  1435   54665   52500  0  5.70e+02  2.26e+01  0  6.78e+02  1.89e+01  3.02e+00  5.61e-01  2.53e-01   0.49
2008 07 18  1440   54665   52800  0  7.25e+02  3.07e+01  0  7.31e+02  1.83e+01  2.27e+00  7.04e-01  2.41e-01   0.45
2008 07 18  1445   54665   53100  0  8.46e+02  3.03e+01  0  8.27e+02  1.83e+01  2.52e+00  7.07e-01  2.53e-01   0.41
2008 07 18  1450   54665   53400  0  7.10e+02  2.58e+01  0  8.39e+02  2.03e+01  1.97e+00  8.97e-01  2.05e-01   0.15
2008 07 18  1455   54665   53700  0  6.62e+02  2.34e+01  0  7.30e+02  1.81e+01  2.62e+00  8.32e-01  1.58e-01   0.04
2008 07 18  1500   54665   54000  0  6.75e+02  2.30e+01  0  7.99e+02  1.65e+01  2.58e+00  1.05e+00  2.41e-01   0.21
2008 07 18  1505   54665   54300  0  6.96e+02  2.55e+01  0  8.64e+02  1.83e+01  2.88e+00  6.86e-01  2.80e-01   0.49
2008 07 18  1510   54665   54600  0  7.14e+02  2.67e+01  0  7.55e+02  1.86e+01  3.02e+00  1.06e+00  2.53e-01   0.29
2008 07 18  1515   54665   54900  0  8.33e+02  2.83e+01  0  1.43e+03  2.22e+01  2.58e+00  9.72e-01  2.12e-01   0.30
2008 07 18  1520   54665   55200  0  6.94e+02  2.62e+01  0  7.63e+02  2.03e+01  2.61e+00  8.19e-01  1.35e-01   0.25
2008 07 18  1525   54665   55500  0  6.07e+02  2.66e+01  0  1.20e+03  2.42e+01  2.19e+00  7.62e-01  2.12e-01   0.15
2008 07 18  1530   54665   55800  0  6.94e+02  2.39e+01  0  1.63e+03  3.48e+01  2.58e+00  8.77e-01  1.93e-01   0.42
2008 07 18  1535   54665   56100  0  8.07e+02  2.78e+01  0  8.58e+02  1.96e+01  2.94e+00  5.34e-01  2.41e-01   0.34
2008 07 18  1540   54665   56400  0  6.98e+02  2.69e+01  0  9.93e+02  2.27e+01  2.55e+00  8.19e-01  2.80e-01   0.33
2008 07 18  1545   54665   56700  0  6.42e+02  2.28e+01  0  1.59e+03  2.47e+01  2.43e+00  7.69e-01  2.32e-01   0.24
2008 07 18  1550   54665   57000  0  6.98e+02  2.57e+01  0  1.61e+03  2.80e+01  2.67e+00  7.43e-01  2.90e-01   0.25
2008 07 18  1555   54665   57300  0  6.28e+02  2.53e+01  0  9.74e+02  2.14e+01  2.40e+00  7.24e-01  2.99e-01   0.25
2008 07 18  1600   54665   57600  0  6.58e+02  2.72e+01  0  7.11e+02  1.87e+01  2.95e+00  6.86e-01  1.90e-01   0.32
2008 07 18  1605   54665   57900  0  6.13e+02  2.52e+01  0  6.54e+02  1.77e+01  2.63e+00  8.49e-01  3.15e-01   0.26
2008 07 18  1610   54665   58200  0  5.79e+02  2.32e+01  0  7.00e+02  1.76e+01  2.63e+00  9.15e-01  2.78e-01   0.30
2008 07 18  1615   54665   58500  0  5.84e+02  2.72e+01  0  6.96e+02  1.40e+01  2.02e+00  7.63e-01  1.85e-01   0.27
2008 07 18  1620   54665   58800  0  6.49e+02  2.52e+01  0  6.88e+02  1.97e+01  2.80e+00  7.56e-01  1.60e-01   0.48
2008 07 18  1625   54665   59100  0  7.13e+02  2.45e+01  0  8.37e+02  1.80e+01  2.85e+00  6.03e-01  2.53e-01   0.24
2008 07 18  1630   54665   59400  0  6.33e+02  2.63e+01  0  7.48e+02  2.30e+01  2.16e+00  7.28e-01  2.53e-01   0.21
2008 07 18  1635   54665   59700  0  6.32e+02  2.58e+01  0  6.90e+02  2.03e+01  2.66e+00  6.86e-01  1.52e-01   0.45
2008 07 18  1640   54665   60000  0  6.57e+02  2.47e+01  0  6.76e+02  1.65e+01  2.88e+00  8.52e-01  1.69e-01   0.05
2008 07 18  1645   54665   60300  0  8.05e+02  2.71e+01  0  6.70e+02  1.63e+01  2.44e+00  7.04e-01  2.14e-01   0.06
2008 07 18  1650   54665   60600  0  7.36e+02  2.60e+01  0  6.90e+02  1.77e+01  2.80e+00  9.15e-01  2.94e-01   0.52
2008 07 18  1655   54665   60900  0  7.50e+02  2.55e+01  0  6.85e+02  1.94e+01  2.66e+00  6.65e-01  1.69e-01   0.83
2008 07 18  1700   54665   61200  0  5.95e+02  2.62e+01  0  6.97e+02  1.82e+01  2.39e+00  5.80e-01  2.14e-01   0.37
2008 07 18  1705   54665   61500  0  6.62e+02  3.23e+01  0  6.87e+02  1.84e+01  2.33e+00  9.56e-01  1.69e-01   0.69
2008 07 18  1710   54665   61800  0  6.81e+02  2.84e+01  0  6.71e+02  1.58e+01  2.29e+00  7.28e-01  1.39e-01   0.42
2008 07 18  1715   54665   62100  0  7.17e+02  2.73e+01  0  7.21e+02  1.66e+01  3.11e+00  7.74e-01  1.69e-01   0.43
2008 07 18  1720   54665   62400  0  6.06e+02  3.19e+01  0  6.76e+02  1.76e+01  2.39e+00  1.06e+00  2.95e-01   0.13
2008 07 18  1725   54665   62700  0  6.86e+02  2.34e+01  0  7.03e+02  1.55e+01  2.61e+00  6.48e-01  2.32e-01   0.33
2008 07 18  1730   54665   63000  0  6.79e+02  2.71e+01  0  6.46e+02  1.73e+01  2.39e+00  8.44e-01  1.69e-01   0.30
2008 07 18  1735   54665   63300  0  6.49e+02  2.72e+01  0  6.76e+02  1.98e+01  2.72e+00  6.44e-01  1.47e-01   0.43
2008 07 18  1740   54665   63600  0  6.89e+02  2.34e+01  0  7.21e+02  1.94e+01  2.88e+00  9.15e-01  2.00e-01   0.49
2008 07 18  1745   54665   63900  0  6.88e+02  2.46e+01  0  6.43e+02  1.60e+01  2.58e+00  7.43e-01  2.12e-01   0.24
2008 07 18  1750   54665   64200  0  6.76e+02  2.51e+01  0  7.08e+02  1.65e+01  2.29e+00  5.82e-01  2.42e-01   0.65
2008 07 18  1755   54665   64500  0  5.65e+02  2.43e+01  0  7.12e+02  1.92e+01  2.85e+00  6.86e-01  2.41e-01   0.51
2008 07 18  1800   54665   64800  0  6.15e+02  2.32e+01  0  7.42e+02  1.88e+01  2.91e+00  6.86e-01  2.80e-01   0.13
2008 07 18  1805   54665   65100  0  6.70e+02  2.60e+01  0  7.38e+02  1.73e+01  2.79e+00  5.34e-01  2.41e-01   0.19
2008 07 18  1810   54665   65400  0  6.81e+02  2.21e+01  0  7.08e+02  2.03e+01  2.79e+00  7.62e-01  1.93e-01   0.22
2008 07 18  1815   54665   65700  0  6.42e+02  2.59e+01  0  7.51e+02  1.81e+01  2.97e+00  6.29e-01  2.90e-01   0.19
2008 07 18  1820   54665   66000  0  5.95e+02  2.82e+01  0  6.79e+02  1.99e+01  2.67e+00  7.81e-01  3.28e-01   0.36
2008 07 18  1825   54665   66300  0  6.98e+02  2.72e+01  0  7.14e+02  1.90e+01  2.82e+00  6.44e-01  2.32e-01   0.44
2008 07 18  1830   54665   66600  0  6.02e+02  2.80e+01  0  6.72e+02  1.88e+01  2.10e+00  6.86e-01  2.12e-01   0.14
2008 07 18  1835   54665   66900  0  6.35e+02  3.08e+01  0  6.89e+02  1.72e+01  2.37e+00  8.19e-01  2.12e-01   0.38
2008 07 18  1840   54665   67200  0  6.63e+02  2.57e+01  0  6.85e+02  1.83e+01  1.90e+00  8.11e-01  1.26e-01   0.37
2008 07 18  1845   54665   67500  0  5.50e+02  2.01e+01  0  6.78e+02  1.95e+01  2.69e+00  6.51e-01  1.69e-01   0.12
2008 07 18  1850   54665   67800  0  5.39e+02  2.50e+01  0  6.63e+02  1.60e+01  2.49e+00  8.00e-01  2.70e-01   0.95
2008 07 18  1855   54665   68100  0  6.26e+02  2.53e+01  0  6.70e+02  1.68e+01  2.52e+00  6.86e-01  3.16e-01   0.17
2008 07 18  1900   54665   68400  0  6.72e+02  2.94e+01  0  7.31e+02  1.76e+01  2.55e+00  6.86e-01  2.14e-01   0.64
2008 07 18  1905   54665   68700  0  5.09e+02  2.22e+01  0  6.87e+02  1.57e+01  2.36e+00  6.86e-01  1.58e-01   0.32
2008 07 18  1910   54665   69000  0  5.38e+02  2.57e+01  0  6.77e+02  1.84e+01  2.38e+00  4.57e-01  2.55e-01   0.29
2008 07 18  1915   54665   69300  0  5.63e+02  2.24e+01  0  7.12e+02  2.15e+01  2.94e+00  6.33e-01  1.60e-01   0.75
2008 07 18  1920   54665   69600  0  6.40e+02  2.88e+01  0  7.00e+02  1.94e+01  2.85e+00  1.08e+00  2.32e-01   0.13
2008 07 18  1925   54665   69900  0  5.62e+02  2.50e+01  0  7.29e+02  1.78e+01  1.94e+00  8.62e-01  1.52e-01   0.23
2008 07 18  1930   54665   70200  0  6.70e+02  2.89e+01  0  6.32e+02  1.91e+01  2.50e+00  6.86e-01  1.43e-01   0.53
2008 07 18  1935   54665   70500  0  6.89e+02  2.49e+01  0  6.99e+02  1.75e+01  3.11e+00  7.07e-01  2.42e-01   0.52
2008 07 18  1940   54665   70800  0  5.78e+02  2.27e+01  0  7.23e+02  1.70e+01  2.05e+00  6.86e-01  2.23e-01   0.66
2008 07 18  1945   54665   71100  0  6.04e+02  2.71e+01  0  6.63e+02  1.76e+01  2.88e+00  8.52e-01  1.26e-01   0.09
2008 07 18  1950   54665   71400  0  7.30e+02  2.67e+01  0  7.18e+02  1.78e+01  2.69e+00  6.86e-01  2.00e-01   0.20
2008 07 18  1955   54665   71700  0  6.27e+02  2.53e+01  0  6.89e+02  1.96e+01  2.33e+00  7.74e-01  2.23e-01   0.25
2008 07 18  2000   54665   72000  0  6.39e+02  2.63e+01  0  6.71e+02  1.79e+01  2.20e+00  8.32e-01  2.11e-01   0.16
2008 07 18  2005   54665   72300  0  6.20e+02  2.59e+01  0  6.83e+02  1.65e+01  2.16e+00  6.48e-01  2.32e-01   0.30
2008 07 18  2010   54665   72600  0  6.43e+02  2.53e+01  0  7.01e+02  1.82e+01  2.91e+00  6.51e-01  3.86e-02   0.52
2008 07 18  2015   54665   72900  0  6.19e+02  2.09e+01  0  7.45e+02  2.10e+01  2.82e+00  6.44e-01  2.43e-01   0.23
2008 07 18  2020   54665   73200  0  5.56e+02  2.62e+01  0  6.67e+02  1.72e+01  2.85e+00  6.86e-01  2.11e-01   0.43
2008 07 18  2025   54665   73500  0  6.53e+02  3.33e+01  0  7.40e+02  1.95e+01  2.55e+00  8.77e-01  1.64e-01   0.27
2008 07 18  2030   54665   73800  0  5.79e+02  2.24e+01  0  7.13e+02  1.90e+01  2.69e+00  5.61e-01  1.48e-01   0.33
2008 07 18  2035   54665   74100  0  4.89e+02  3.08e+01  0  6.77e+02  1.97e+01  2.55e+00  7.62e-01  2.12e-01   0.19
2008 07 18  2040   54665   74400  0  7.08e+02  2.87e+01  0  6.80e+02  1.77e+01  2.40e+00  8.38e-01  2.03e-01   0.26
2008 07 18  2045   54665   74700  0  5.04e+02  2.21e+01  0  6.95e+02  1.87e+01  2.73e+00  4.76e-01  1.74e-01   0.55
2008 07 18  2050   54665   75000  0  5.41e+02  2.82e+01  0  7.01e+02  1.91e+01  2.40e+00  5.34e-01  2.70e-01   0.24
2008 07 18  2055   54665   75300  0  5.83e+02  2.87e+01  0  6.42e+02  1.92e+01  2.24e+00  8.02e-01  1.99e-01   0.43
2008 07 18  2100   54665   75600  0  6.66e+02  2.82e+01  0  7.09e+02  1.41e+01  2.58e+00  6.48e-01  2.22e-01   0.36
2008 07 18  2105   54665   75900  0  6.02e+02  2.71e+01  0  7.04e+02  1.80e+01  2.49e+00  6.24e-01  1.47e-01   0.23
2008 07 18  2110   54665   76200  0  6.22e+02  2.60e+01  0  6.90e+02  1.66e+01  2.22e+00  8.19e-01  1.26e-01   0.10
2008 07 18  2115   54665   76500  0  7.66e+02  3.40e+01  0  6.94e+02  1.80e+01  2.43e+00  7.62e-01  1.84e-01   0.45
2008 07 18  2120   54665   76800  0  5.70e+02  2.78e+01  0  6.73e+02  1.89e+01  2.66e+00  8.94e-01  1.79e-01   0.36
2008 07 18  2125   54665   77100  0  5.40e+02  2.21e+01  0  7.33e+02  1.69e+01  2.47e+00  7.74e-01  1.69e-01   0.53
2008 07 18  2130   54665   77400  0  6.38e+02  2.30e+01  0  6.39e+02  1.63e+01  2.04e+00  6.67e-01  1.93e-01   0.33
2008 07 18  2135   54665   77700  0  6.98e+02  2.44e+01  0  7.16e+02  1.91e+01  2.59e+00  6.44e-01  1.37e-01   0.27
2008 07 18  2140   54665   78000  0  5.82e+02  2.53e+01  0  7.11e+02  1.69e+01  2.50e+00  5.45e-01  2.05e-01   0.16
2008 07 18  2145   54665   78300  0  5.86e+02  2.80e+01  0  6.84e+02  1.87e+01  2.16e+00  8.11e-01  2.53e-01   0.22
2008 07 18  2150   54665   78600  0  7.00e+02  2.42e+01  0  6.57e+02  1.60e+01  2.43e+00  6.44e-01  2.00e-01   0.36
2008 07 18  2155   54665   78900  0  6.53e+02  2.52e+01  0  6.91e+02  1.84e+01  2.33e+00  1.04e+00  2.05e-01   0.59
2008 07 18  2200   54665   79200  0  6.08e+02  2.18e+01  0  6.37e+02  1.87e+01  2.75e+00  8.31e-01  1.47e-01   0.50
2008 07 18  2205   54665   79500  0  6.43e+02  2.93e+01  0  6.73e+02  1.78e+01  2.30e+00  6.33e-01  2.23e-01   0.18
2008 07 18  2210   54665   79800  0  7.16e+02  2.89e+01  0  7.09e+02  1.71e+01  2.41e+00  8.97e-01  2.05e-01   0.29
2008 07 18  2215   54665   80100  0  7.56e+02  2.74e+01  0  7.29e+02  1.74e+01  2.29e+00  8.52e-01  1.79e-01   0.37
2008 07 18  2220   54665   80400  0  6.67e+02  2.71e+01  0  6.47e+02  1.80e+01  2.22e+00  8.27e-01  1.69e-01   0.56
2008 07 18  2225   54665   80700  0  7.29e+02  2.61e+01  0  7.54e+02  1.96e+01  2.79e+00  9.15e-01  1.90e-01   0.15
2008 07 18  2230   54665   81000  0  5.06e+02  2.49e+01  0  7.29e+02  1.76e+01  2.43e+00  8.11e-01  2.32e-01   0.20
2008 07 18  2235   54665   81300  0  6.23e+02  2.86e+01  0  6.67e+02  1.98e+01  2.80e+00  7.56e-01  2.23e-01   0.62
2008 07 18  2240   54665   81600  0  7.31e+02  2.76e+01  0  7.33e+02  1.60e+01  2.49e+00  8.52e-01  2.21e-01   0.34
2008 07 18  2245   54665   81900  0  5.88e+02  2.76e+01  0  7.22e+02  1.88e+01  2.58e+00  9.53e-01  1.47e-01   0.25
2008 07 18  2250   54665   82200  0  6.90e+02  2.58e+01  0  7.01e+02  1.94e+01  2.64e+00  8.27e-01  2.05e-01   0.40
2008 07 18  2255   54665   82500  0  7.02e+02  2.92e+01  0  6.69e+02  2.07e+01  2.88e+00  1.06e+00  2.11e-01   0.41
2008 07 18  2300   54665   82800  0  6.42e+02  2.25e+01  0  7.11e+02  1.85e+01  2.04e+00  7.43e-01  2.32e-01   0.47
2008 07 18  2305   54665   83100  0  5.70e+02  2.32e+01  0  6.91e+02  1.86e+01  3.15e+00  9.53e-01  2.22e-01   0.08
2008 07 18  2310   54665   83400  0  4.85e+02  2.71e+01  0  6.34e+02  1.86e+01  2.39e+00  6.03e-01  1.37e-01   0.53
2008 07 18  2315   54665   83700  0  6.89e+02  2.57e+01  0  6.86e+02  1.89e+01  2.49e+00  6.48e-01  2.22e-01   0.26
2008 07 18  2320   54665   84000  0  5.97e+02  2.60e+01  0  7.24e+02  1.77e+01  2.13e+00  7.43e-01  2.12e-01   0.46
2008 07 18  2325   54665   84300  0  6.43e+02  2.60e+01  0  6.98e+02  1.93e+01  2.55e+00  6.48e-01  2.12e-01   0.95
2008 07 18  2330   54665   84600  0  5.74e+02  2.41e+01  0  6.71e+02  1.78e+01  2.19e+00  5.34e-01  1.35e-01   0.11
2008 07 18  2335   54665   84900  0  7.02e+02  2.92e+01  0  6.72e+02  1.89e+01  1.92e+00  7.62e-01  1.93e-01   0.89
2008 07 18  2340   54665   85200  0  6.10e+02  2.75e+01  0  6.92e+02  1.73e+01  2.70e+00  6.29e-01  1.45e-01   0.18
2008 07 18  2345   54665   85500  0  6.51e+02  2.34e+01  0  6.27e+02  1.55e+01  2.62e+00  7.27e-01  2.84e-01   0.73
2008 07 18  2350   54665   85800  0  6.86e+02  2.73e+01  0  7.79e+02  1.67e+01  2.31e+00  6.48e-01  2.32e-01   0.58
2008 07 18  2355   54665   86100  0  6.31e+02  2.89e+01  0  7.17e+02  1.78e+01  2.64e+00  8.38e-01  1.74e-01   0.31
