:Data_list: 20080128_ace_sis_5m.txt
:Created: 2008 Jan 29 0011 UT
# Prepared by the U.S. Dept. of Commerce, NOAA, Space Weather Prediction Center
# Please send comments and suggestions to SWPC.Webmaster@noaa.gov 
# 
# Units: proton flux p/cs2-sec-ster
# Status(S): 0 = nominal data, 1 to 8 = bad data record, 9 = no data
# Missing data values: -1.00e+05
# Source: ACE Satellite - Solar Isotope Spectrometer
#
# 5-minute averaged Real-time Integral Flux of High-energy Solar Protons
# 
#                 Modified Seconds
# UT Date   Time   Julian  of the      ---- Integral Proton Flux ----
# YR MO DA  HHMM     Day     Day       S    > 10 MeV    S    > 30 MeV
#--------------------------------------------------------------------
2008 01 28  0000    54493       0      9   -1.00e+05    9   -1.00e+05
2008 01 28  0005    54493     300      9   -1.00e+05    9   -1.00e+05
2008 01 28  0010    54493     600      9   -1.00e+05    9   -1.00e+05
2008 01 28  0015    54493     900      9   -1.00e+05    9   -1.00e+05
2008 01 28  0020    54493    1200      9   -1.00e+05    9   -1.00e+05
2008 01 28  0025    54493    1500      9   -1.00e+05    9   -1.00e+05
2008 01 28  0030    54493    1800      9   -1.00e+05    9   -1.00e+05
2008 01 28  0035    54493    2100      9   -1.00e+05    9   -1.00e+05
2008 01 28  0040    54493    2400      9   -1.00e+05    9   -1.00e+05
2008 01 28  0045    54493    2700      9   -1.00e+05    9   -1.00e+05
2008 01 28  0050    54493    3000      9   -1.00e+05    9   -1.00e+05
2008 01 28  0055    54493    3300      9   -1.00e+05    9   -1.00e+05
2008 01 28  0100    54493    3600      0    2.01e+00    0    1.40e+00
2008 01 28  0105    54493    3900      0    2.00e+00    0    1.41e+00
2008 01 28  0110    54493    4200      0    2.04e+00    0    1.43e+00
2008 01 28  0115    54493    4500      0    2.02e+00    0    1.42e+00
2008 01 28  0120    54493    4800      0    2.04e+00    0    1.42e+00
2008 01 28  0125    54493    5100      0    2.02e+00    0    1.41e+00
2008 01 28  0130    54493    5400      0    2.00e+00    0    1.39e+00
2008 01 28  0135    54493    5700      0    2.03e+00    0    1.41e+00
2008 01 28  0140    54493    6000      0    2.04e+00    0    1.43e+00
2008 01 28  0145    54493    6300      0    2.03e+00    0    1.41e+00
2008 01 28  0150    54493    6600      0    2.01e+00    0    1.40e+00
2008 01 28  0155    54493    6900      0    2.01e+00    0    1.41e+00
2008 01 28  0200    54493    7200      0    2.00e+00    0    1.39e+00
2008 01 28  0205    54493    7500      0    2.02e+00    0    1.42e+00
2008 01 28  0210    54493    7800      0    2.00e+00    0    1.40e+00
2008 01 28  0215    54493    8100      0    2.00e+00    0    1.39e+00
2008 01 28  0220    54493    8400      0    2.04e+00    0    1.43e+00
2008 01 28  0225    54493    8700      0    2.00e+00    0    1.41e+00
2008 01 28  0230    54493    9000      0    2.02e+00    0    1.41e+00
2008 01 28  0235    54493    9300      0    2.02e+00    0    1.40e+00
2008 01 28  0240    54493    9600      0    1.99e+00    0    1.39e+00
2008 01 28  0245    54493    9900      0    2.05e+00    0    1.44e+00
2008 01 28  0250    54493   10200      0    1.98e+00    0    1.40e+00
2008 01 28  0255    54493   10500      0    2.01e+00    0    1.41e+00
2008 01 28  0300    54493   10800      0    1.96e+00    0    1.37e+00
2008 01 28  0305    54493   11100      0    2.03e+00    0    1.42e+00
2008 01 28  0310    54493   11400      0    1.99e+00    0    1.40e+00
2008 01 28  0315    54493   11700      0    2.01e+00    0    1.42e+00
2008 01 28  0320    54493   12000      0    2.03e+00    0    1.42e+00
2008 01 28  0325    54493   12300      0    2.07e+00    0    1.46e+00
2008 01 28  0330    54493   12600      0    2.01e+00    0    1.40e+00
2008 01 28  0335    54493   12900      0    2.09e+00    0    1.43e+00
2008 01 28  0340    54493   13200      0    2.00e+00    0    1.38e+00
2008 01 28  0345    54493   13500      0    1.98e+00    0    1.40e+00
2008 01 28  0350    54493   13800      0    2.00e+00    0    1.42e+00
2008 01 28  0355    54493   14100      0    2.01e+00    0    1.42e+00
2008 01 28  0400    54493   14400      0    2.00e+00    0    1.40e+00
2008 01 28  0405    54493   14700      0    2.01e+00    0    1.41e+00
2008 01 28  0410    54493   15000      0    2.06e+00    0    1.45e+00
2008 01 28  0415    54493   15300      0    2.03e+00    0    1.40e+00
2008 01 28  0420    54493   15600      0    2.03e+00    0    1.41e+00
2008 01 28  0425    54493   15900      0    2.02e+00    0    1.42e+00
2008 01 28  0430    54493   16200      0    2.02e+00    0    1.41e+00
2008 01 28  0435    54493   16500      0    2.04e+00    0    1.42e+00
2008 01 28  0440    54493   16800      0    2.04e+00    0    1.42e+00
2008 01 28  0445    54493   17100      0    2.05e+00    0    1.43e+00
2008 01 28  0450    54493   17400      0    2.04e+00    0    1.44e+00
2008 01 28  0455    54493   17700      0    2.05e+00    0    1.43e+00
2008 01 28  0500    54493   18000      0    2.02e+00    0    1.40e+00
2008 01 28  0505    54493   18300      0    1.95e+00    0    1.37e+00
2008 01 28  0510    54493   18600      0    2.03e+00    0    1.42e+00
2008 01 28  0515    54493   18900      0    2.00e+00    0    1.39e+00
2008 01 28  0520    54493   19200      0    2.01e+00    0    1.40e+00
2008 01 28  0525    54493   19500      0    2.04e+00    0    1.43e+00
2008 01 28  0530    54493   19800      0    2.03e+00    0    1.44e+00
2008 01 28  0535    54493   20100      0    2.03e+00    0    1.43e+00
2008 01 28  0540    54493   20400      0    2.04e+00    0    1.42e+00
2008 01 28  0545    54493   20700      0    2.06e+00    0    1.45e+00
2008 01 28  0550    54493   21000      0    2.01e+00    0    1.40e+00
2008 01 28  0555    54493   21300      0    1.98e+00    0    1.40e+00
2008 01 28  0600    54493   21600      0    2.13e+00    0    1.51e+00
2008 01 28  0605    54493   21900      0    2.05e+00    0    1.42e+00
2008 01 28  0610    54493   22200      0    2.04e+00    0    1.43e+00
2008 01 28  0615    54493   22500      0    2.04e+00    0    1.43e+00
2008 01 28  0620    54493   22800      0    2.00e+00    0    1.40e+00
2008 01 28  0625    54493   23100      0    1.99e+00    0    1.41e+00
2008 01 28  0630    54493   23400      0    2.01e+00    0    1.42e+00
2008 01 28  0635    54493   23700      0    2.02e+00    0    1.43e+00
2008 01 28  0640    54493   24000      0    2.02e+00    0    1.41e+00
2008 01 28  0645    54493   24300      0    2.01e+00    0    1.39e+00
2008 01 28  0650    54493   24600      0    2.02e+00    0    1.41e+00
2008 01 28  0655    54493   24900      0    2.03e+00    0    1.42e+00
2008 01 28  0700    54493   25200      0    2.03e+00    0    1.41e+00
2008 01 28  0705    54493   25500      0    2.01e+00    0    1.40e+00
2008 01 28  0710    54493   25800      0    2.08e+00    0    1.46e+00
2008 01 28  0715    54493   26100      0    2.02e+00    0    1.42e+00
2008 01 28  0720    54493   26400      0    2.03e+00    0    1.40e+00
2008 01 28  0725    54493   26700      0    2.02e+00    0    1.42e+00
2008 01 28  0730    54493   27000      0    2.04e+00    0    1.43e+00
2008 01 28  0735    54493   27300      0    2.02e+00    0    1.42e+00
2008 01 28  0740    54493   27600      0    2.05e+00    0    1.43e+00
2008 01 28  0745    54493   27900      0    2.00e+00    0    1.42e+00
2008 01 28  0750    54493   28200      0    2.00e+00    0    1.40e+00
2008 01 28  0755    54493   28500      0    2.03e+00    0    1.41e+00
2008 01 28  0800    54493   28800      0    2.05e+00    0    1.43e+00
2008 01 28  0805    54493   29100      0    2.02e+00    0    1.40e+00
2008 01 28  0810    54493   29400      0    2.00e+00    0    1.39e+00
2008 01 28  0815    54493   29700      0    2.03e+00    0    1.41e+00
2008 01 28  0820    54493   30000      0    2.01e+00    0    1.41e+00
2008 01 28  0825    54493   30300      0    2.00e+00    0    1.40e+00
2008 01 28  0830    54493   30600      0    2.00e+00    0    1.40e+00
2008 01 28  0835    54493   30900      0    2.05e+00    0    1.44e+00
2008 01 28  0840    54493   31200      0    2.04e+00    0    1.40e+00
2008 01 28  0845    54493   31500      0    2.02e+00    0    1.40e+00
2008 01 28  0850    54493   31800      0    2.03e+00    0    1.43e+00
2008 01 28  0855    54493   32100      0    2.00e+00    0    1.40e+00
2008 01 28  0900    54493   32400      0    2.02e+00    0    1.40e+00
2008 01 28  0905    54493   32700      0    2.01e+00    0    1.41e+00
2008 01 28  0910    54493   33000      0    2.07e+00    0    1.45e+00
2008 01 28  0915    54493   33300      0    2.02e+00    0    1.41e+00
2008 01 28  0920    54493   33600      0    2.06e+00    0    1.44e+00
2008 01 28  0925    54493   33900      0    2.02e+00    0    1.39e+00
2008 01 28  0930    54493   34200      0    1.98e+00    0    1.39e+00
2008 01 28  0935    54493   34500      0    2.03e+00    0    1.42e+00
2008 01 28  0940    54493   34800      0    2.04e+00    0    1.43e+00
2008 01 28  0945    54493   35100      0    2.05e+00    0    1.44e+00
2008 01 28  0950    54493   35400      0    2.01e+00    0    1.41e+00
2008 01 28  0955    54493   35700      0    2.00e+00    0    1.40e+00
2008 01 28  1000    54493   36000      0    2.00e+00    0    1.40e+00
2008 01 28  1005    54493   36300      0    1.99e+00    0    1.40e+00
2008 01 28  1010    54493   36600      0    2.02e+00    0    1.41e+00
2008 01 28  1015    54493   36900      0    2.05e+00    0    1.44e+00
2008 01 28  1020    54493   37200      0    2.00e+00    0    1.39e+00
2008 01 28  1025    54493   37500      0    2.01e+00    0    1.39e+00
2008 01 28  1030    54493   37800      0    2.03e+00    0    1.40e+00
2008 01 28  1035    54493   38100      0    2.01e+00    0    1.41e+00
2008 01 28  1040    54493   38400      0    1.98e+00    0    1.37e+00
2008 01 28  1045    54493   38700      0    2.02e+00    0    1.41e+00
2008 01 28  1050    54493   39000      0    2.02e+00    0    1.40e+00
2008 01 28  1055    54493   39300      0    2.07e+00    0    1.46e+00
2008 01 28  1100    54493   39600      0    2.04e+00    0    1.43e+00
2008 01 28  1105    54493   39900      0    2.01e+00    0    1.39e+00
2008 01 28  1110    54493   40200      0    2.06e+00    0    1.42e+00
2008 01 28  1115    54493   40500      0    2.06e+00    0    1.44e+00
2008 01 28  1120    54493   40800      0    2.04e+00    0    1.43e+00
2008 01 28  1125    54493   41100      0    2.00e+00    0    1.40e+00
2008 01 28  1130    54493   41400      0    2.05e+00    0    1.44e+00
2008 01 28  1135    54493   41700      0    2.03e+00    0    1.43e+00
2008 01 28  1140    54493   42000      0    1.99e+00    0    1.39e+00
2008 01 28  1145    54493   42300      0    2.02e+00    0    1.41e+00
2008 01 28  1150    54493   42600      0    2.09e+00    0    1.46e+00
2008 01 28  1155    54493   42900      0    2.05e+00    0    1.44e+00
2008 01 28  1200    54493   43200      0    2.04e+00    0    1.42e+00
2008 01 28  1205    54493   43500      0    1.98e+00    0    1.39e+00
2008 01 28  1210    54493   43800      0    1.96e+00    0    1.37e+00
2008 01 28  1215    54493   44100      0    2.02e+00    0    1.41e+00
2008 01 28  1220    54493   44400      0    2.04e+00    0    1.41e+00
2008 01 28  1225    54493   44700      0    2.03e+00    0    1.42e+00
2008 01 28  1230    54493   45000      0    2.02e+00    0    1.39e+00
2008 01 28  1235    54493   45300      0    2.02e+00    0    1.40e+00
2008 01 28  1240    54493   45600      0    2.01e+00    0    1.40e+00
2008 01 28  1245    54493   45900      0    2.05e+00    0    1.43e+00
2008 01 28  1250    54493   46200      0    2.02e+00    0    1.40e+00
2008 01 28  1255    54493   46500      0    2.00e+00    0    1.39e+00
2008 01 28  1300    54493   46800      0    2.04e+00    0    1.41e+00
2008 01 28  1305    54493   47100      0    1.98e+00    0    1.39e+00
2008 01 28  1310    54493   47400      0    2.04e+00    0    1.41e+00
2008 01 28  1315    54493   47700      0    2.03e+00    0    1.42e+00
2008 01 28  1320    54493   48000      0    2.01e+00    0    1.42e+00
2008 01 28  1325    54493   48300      0    2.03e+00    0    1.43e+00
2008 01 28  1330    54493   48600      0    2.03e+00    0    1.42e+00
2008 01 28  1335    54493   48900      0    2.01e+00    0    1.42e+00
2008 01 28  1340    54493   49200      0    2.00e+00    0    1.40e+00
2008 01 28  1345    54493   49500      0    2.03e+00    0    1.44e+00
2008 01 28  1350    54493   49800      0    2.08e+00    0    1.45e+00
2008 01 28  1355    54493   50100      0    2.06e+00    0    1.44e+00
2008 01 28  1400    54493   50400      0    2.06e+00    0    1.44e+00
2008 01 28  1405    54493   50700      0    2.07e+00    0    1.45e+00
2008 01 28  1410    54493   51000      0    2.00e+00    0    1.41e+00
2008 01 28  1415    54493   51300      0    2.00e+00    0    1.39e+00
2008 01 28  1420    54493   51600      0    2.02e+00    0    1.42e+00
2008 01 28  1425    54493   51900      0    2.03e+00    0    1.42e+00
2008 01 28  1430    54493   52200      0    2.02e+00    0    1.42e+00
2008 01 28  1435    54493   52500      0    1.99e+00    0    1.38e+00
2008 01 28  1440    54493   52800      0    2.02e+00    0    1.41e+00
2008 01 28  1445    54493   53100      0    2.03e+00    0    1.42e+00
2008 01 28  1450    54493   53400      0    2.02e+00    0    1.41e+00
2008 01 28  1455    54493   53700      0    2.04e+00    0    1.42e+00
2008 01 28  1500    54493   54000      0    2.03e+00    0    1.42e+00
2008 01 28  1505    54493   54300      0    2.05e+00    0    1.43e+00
2008 01 28  1510    54493   54600      0    2.01e+00    0    1.39e+00
2008 01 28  1515    54493   54900      0    2.03e+00    0    1.42e+00
2008 01 28  1520    54493   55200      0    2.02e+00    0    1.41e+00
2008 01 28  1525    54493   55500      0    2.02e+00    0    1.42e+00
2008 01 28  1530    54493   55800      0    2.03e+00    0    1.41e+00
2008 01 28  1535    54493   56100      0    2.02e+00    0    1.41e+00
2008 01 28  1540    54493   56400      0    1.98e+00    0    1.40e+00
2008 01 28  1545    54493   56700      0    2.06e+00    0    1.44e+00
2008 01 28  1550    54493   57000      0    2.03e+00    0    1.41e+00
2008 01 28  1555    54493   57300      0    2.04e+00    0    1.42e+00
2008 01 28  1600    54493   57600      0    2.02e+00    0    1.42e+00
2008 01 28  1605    54493   57900      0    2.04e+00    0    1.44e+00
2008 01 28  1610    54493   58200      0    2.01e+00    0    1.39e+00
2008 01 28  1615    54493   58500      0    2.05e+00    0    1.43e+00
2008 01 28  1620    54493   58800      0    2.02e+00    0    1.42e+00
2008 01 28  1625    54493   59100      0    1.97e+00    0    1.38e+00
2008 01 28  1630    54493   59400      0    2.00e+00    0    1.39e+00
2008 01 28  1635    54493   59700      0    1.98e+00    0    1.39e+00
2008 01 28  1640    54493   60000      0    2.02e+00    0    1.40e+00
2008 01 28  1645    54493   60300      0    2.00e+00    0    1.41e+00
2008 01 28  1650    54493   60600      0    2.06e+00    0    1.43e+00
2008 01 28  1655    54493   60900      0    2.00e+00    0    1.40e+00
2008 01 28  1700    54493   61200      0    2.01e+00    0    1.39e+00
2008 01 28  1705    54493   61500      0    2.00e+00    0    1.40e+00
2008 01 28  1710    54493   61800      0    2.08e+00    0    1.45e+00
2008 01 28  1715    54493   62100      0    1.98e+00    0    1.38e+00
2008 01 28  1720    54493   62400      0    2.03e+00    0    1.43e+00
2008 01 28  1725    54493   62700      0    2.03e+00    0    1.42e+00
2008 01 28  1730    54493   63000      0    2.02e+00    0    1.40e+00
2008 01 28  1735    54493   63300      0    1.98e+00    0    1.39e+00
2008 01 28  1740    54493   63600      0    2.00e+00    0    1.40e+00
2008 01 28  1745    54493   63900      0    1.98e+00    0    1.38e+00
2008 01 28  1750    54493   64200      0    2.04e+00    0    1.43e+00
2008 01 28  1755    54493   64500      0    2.00e+00    0    1.40e+00
2008 01 28  1800    54493   64800      0    2.03e+00    0    1.42e+00
2008 01 28  1805    54493   65100      0    2.01e+00    0    1.41e+00
2008 01 28  1810    54493   65400      0    2.05e+00    0    1.43e+00
2008 01 28  1815    54493   65700      0    2.03e+00    0    1.42e+00
2008 01 28  1820    54493   66000      0    2.04e+00    0    1.43e+00
2008 01 28  1825    54493   66300      0    2.02e+00    0    1.41e+00
2008 01 28  1830    54493   66600      0    2.06e+00    0    1.46e+00
2008 01 28  1835    54493   66900      0    2.02e+00    0    1.41e+00
2008 01 28  1840    54493   67200      0    2.04e+00    0    1.42e+00
2008 01 28  1845    54493   67500      0    1.98e+00    0    1.38e+00
2008 01 28  1850    54493   67800      0    1.98e+00    0    1.39e+00
2008 01 28  1855    54493   68100      0    2.02e+00    0    1.41e+00
2008 01 28  1900    54493   68400      0    1.99e+00    0    1.39e+00
2008 01 28  1905    54493   68700      0    2.02e+00    0    1.40e+00
2008 01 28  1910    54493   69000      0    2.01e+00    0    1.39e+00
2008 01 28  1915    54493   69300      0    2.02e+00    0    1.43e+00
2008 01 28  1920    54493   69600      0    2.01e+00    0    1.41e+00
2008 01 28  1925    54493   69900      0    2.02e+00    0    1.43e+00
2008 01 28  1930    54493   70200      0    2.03e+00    0    1.44e+00
2008 01 28  1935    54493   70500      0    2.00e+00    0    1.39e+00
2008 01 28  1940    54493   70800      0    2.00e+00    0    1.39e+00
2008 01 28  1945    54493   71100      0    2.01e+00    0    1.40e+00
2008 01 28  1950    54493   71400      0    2.07e+00    0    1.43e+00
2008 01 28  1955    54493   71700      0    1.99e+00    0    1.39e+00
2008 01 28  2000    54493   72000      0    2.08e+00    0    1.46e+00
2008 01 28  2005    54493   72300      0    2.04e+00    0    1.42e+00
2008 01 28  2010    54493   72600      0    2.01e+00    0    1.40e+00
2008 01 28  2015    54493   72900      0    2.01e+00    0    1.41e+00
2008 01 28  2020    54493   73200      0    2.02e+00    0    1.43e+00
2008 01 28  2025    54493   73500      0    2.00e+00    0    1.40e+00
2008 01 28  2030    54493   73800      0    2.05e+00    0    1.43e+00
2008 01 28  2035    54493   74100      0    2.07e+00    0    1.45e+00
2008 01 28  2040    54493   74400      0    2.02e+00    0    1.41e+00
2008 01 28  2045    54493   74700      0    1.98e+00    0    1.38e+00
2008 01 28  2050    54493   75000      0    1.98e+00    0    1.39e+00
2008 01 28  2055    54493   75300      0    2.04e+00    0    1.43e+00
2008 01 28  2100    54493   75600      0    2.00e+00    0    1.40e+00
2008 01 28  2105    54493   75900      0    2.01e+00    0    1.38e+00
2008 01 28  2110    54493   76200      0    2.00e+00    0    1.39e+00
2008 01 28  2115    54493   76500      0    1.98e+00    0    1.39e+00
2008 01 28  2120    54493   76800      0    2.07e+00    0    1.46e+00
2008 01 28  2125    54493   77100      0    2.00e+00    0    1.41e+00
2008 01 28  2130    54493   77400      0    2.01e+00    0    1.41e+00
2008 01 28  2135    54493   77700      0    1.98e+00    0    1.39e+00
2008 01 28  2140    54493   78000      0    2.02e+00    0    1.42e+00
2008 01 28  2145    54493   78300      0    2.03e+00    0    1.40e+00
2008 01 28  2150    54493   78600      0    2.01e+00    0    1.39e+00
2008 01 28  2155    54493   78900      0    1.99e+00    0    1.39e+00
2008 01 28  2200    54493   79200      0    1.99e+00    0    1.40e+00
2008 01 28  2205    54493   79500      0    2.05e+00    0    1.45e+00
2008 01 28  2210    54493   79800      0    2.05e+00    0    1.43e+00
2008 01 28  2215    54493   80100      0    2.01e+00    0    1.41e+00
2008 01 28  2220    54493   80400      0    2.01e+00    0    1.40e+00
2008 01 28  2225    54493   80700      0    2.07e+00    0    1.45e+00
2008 01 28  2230    54493   81000      9   -1.00e+05    9   -1.00e+05
2008 01 28  2235    54493   81300      0    2.01e+00    0    1.40e+00
2008 01 28  2240    54493   81600      0    2.05e+00    0    1.44e+00
2008 01 28  2245    54493   81900      0    2.03e+00    0    1.42e+00
2008 01 28  2250    54493   82200      9   -1.00e+05    9   -1.00e+05
2008 01 28  2255    54493   82500      9   -1.00e+05    9   -1.00e+05
2008 01 28  2300    54493   82800      9   -1.00e+05    9   -1.00e+05
2008 01 28  2305    54493   83100      9   -1.00e+05    9   -1.00e+05
2008 01 28  2310    54493   83400      9   -1.00e+05    9   -1.00e+05
2008 01 28  2315    54493   83700      9   -1.00e+05    9   -1.00e+05
2008 01 28  2320    54493   84000      9   -1.00e+05    9   -1.00e+05
2008 01 28  2325    54493   84300      9   -1.00e+05    9   -1.00e+05
2008 01 28  2330    54493   84600      9   -1.00e+05    9   -1.00e+05
2008 01 28  2335    54493   84900      9   -1.00e+05    9   -1.00e+05
2008 01 28  2340    54493   85200      9   -1.00e+05    9   -1.00e+05
2008 01 28  2345    54493   85500      9   -1.00e+05    9   -1.00e+05
2008 01 28  2350    54493   85800      9   -1.00e+05    9   -1.00e+05
2008 01 28  2355    54493   86100      9   -1.00e+05    9   -1.00e+05
