:Data_list: 20080723_ace_sis_5m.txt
:Created: 2008 Jul 24 0011 UT
# Prepared by the U.S. Dept. of Commerce, NOAA, Space Weather Prediction Center
# Please send comments and suggestions to SWPC.Webmaster@noaa.gov 
# 
# Units: proton flux p/cs2-sec-ster
# Status(S): 0 = nominal data, 1 to 8 = bad data record, 9 = no data
# Missing data values: -1.00e+05
# Source: ACE Satellite - Solar Isotope Spectrometer
#
# 5-minute averaged Real-time Integral Flux of High-energy Solar Protons
# 
#                 Modified Seconds
# UT Date   Time   Julian  of the      ---- Integral Proton Flux ----
# YR MO DA  HHMM     Day     Day       S    > 10 MeV    S    > 30 MeV
#--------------------------------------------------------------------
2008 07 23  0000    54670       0      0    1.91e+00    0    1.34e+00
2008 07 23  0005    54670     300      0    1.89e+00    0    1.33e+00
2008 07 23  0010    54670     600      0    1.92e+00    0    1.35e+00
2008 07 23  0015    54670     900      0    1.93e+00    0    1.36e+00
2008 07 23  0020    54670    1200      0    1.87e+00    0    1.29e+00
2008 07 23  0025    54670    1500      0    1.89e+00    0    1.33e+00
2008 07 23  0030    54670    1800      0    1.91e+00    0    1.34e+00
2008 07 23  0035    54670    2100      0    1.96e+00    0    1.37e+00
2008 07 23  0040    54670    2400      0    1.95e+00    0    1.37e+00
2008 07 23  0045    54670    2700      0    1.94e+00    0    1.36e+00
2008 07 23  0050    54670    3000      0    1.96e+00    0    1.38e+00
2008 07 23  0055    54670    3300      0    1.94e+00    0    1.37e+00
2008 07 23  0100    54670    3600      0    1.92e+00    0    1.34e+00
2008 07 23  0105    54670    3900      0    1.89e+00    0    1.34e+00
2008 07 23  0110    54670    4200      0    1.92e+00    0    1.34e+00
2008 07 23  0115    54670    4500      0    1.92e+00    0    1.35e+00
2008 07 23  0120    54670    4800      0    1.90e+00    0    1.33e+00
2008 07 23  0125    54670    5100      0    1.89e+00    0    1.33e+00
2008 07 23  0130    54670    5400      0    1.85e+00    0    1.30e+00
2008 07 23  0135    54670    5700      0    1.86e+00    0    1.31e+00
2008 07 23  0140    54670    6000      0    1.87e+00    0    1.31e+00
2008 07 23  0145    54670    6300      0    1.87e+00    0    1.30e+00
2008 07 23  0150    54670    6600      0    1.94e+00    0    1.35e+00
2008 07 23  0155    54670    6900      0    1.92e+00    0    1.35e+00
2008 07 23  0200    54670    7200      0    1.89e+00    0    1.33e+00
2008 07 23  0205    54670    7500      0    1.89e+00    0    1.32e+00
2008 07 23  0210    54670    7800      0    1.88e+00    0    1.32e+00
2008 07 23  0215    54670    8100      0    1.85e+00    0    1.29e+00
2008 07 23  0220    54670    8400      0    1.94e+00    0    1.36e+00
2008 07 23  0225    54670    8700      0    1.86e+00    0    1.30e+00
2008 07 23  0230    54670    9000      0    1.91e+00    0    1.34e+00
2008 07 23  0235    54670    9300      0    1.95e+00    0    1.36e+00
2008 07 23  0240    54670    9600      0    1.89e+00    0    1.30e+00
2008 07 23  0245    54670    9900      0    1.86e+00    0    1.28e+00
2008 07 23  0250    54670   10200      0    1.87e+00    0    1.30e+00
2008 07 23  0255    54670   10500      0    1.92e+00    0    1.34e+00
2008 07 23  0300    54670   10800      0    1.82e+00    0    1.27e+00
2008 07 23  0305    54670   11100      0    1.89e+00    0    1.32e+00
2008 07 23  0310    54670   11400      0    1.91e+00    0    1.33e+00
2008 07 23  0315    54670   11700      0    1.89e+00    0    1.33e+00
2008 07 23  0320    54670   12000      0    1.86e+00    0    1.30e+00
2008 07 23  0325    54670   12300      0    1.88e+00    0    1.31e+00
2008 07 23  0330    54670   12600      0    1.89e+00    0    1.33e+00
2008 07 23  0335    54670   12900      0    1.93e+00    0    1.34e+00
2008 07 23  0340    54670   13200      0    1.92e+00    0    1.34e+00
2008 07 23  0345    54670   13500      0    1.95e+00    0    1.37e+00
2008 07 23  0350    54670   13800      0    1.91e+00    0    1.35e+00
2008 07 23  0355    54670   14100      0    1.89e+00    0    1.32e+00
2008 07 23  0400    54670   14400      0    1.92e+00    0    1.33e+00
2008 07 23  0405    54670   14700      0    1.91e+00    0    1.33e+00
2008 07 23  0410    54670   15000      0    1.88e+00    0    1.32e+00
2008 07 23  0415    54670   15300      0    1.93e+00    0    1.35e+00
2008 07 23  0420    54670   15600      0    1.91e+00    0    1.33e+00
2008 07 23  0425    54670   15900      0    1.90e+00    0    1.32e+00
2008 07 23  0430    54670   16200      0    1.88e+00    0    1.32e+00
2008 07 23  0435    54670   16500      0    1.91e+00    0    1.32e+00
2008 07 23  0440    54670   16800      0    1.94e+00    0    1.35e+00
2008 07 23  0445    54670   17100      0    1.90e+00    0    1.34e+00
2008 07 23  0450    54670   17400      0    1.91e+00    0    1.33e+00
2008 07 23  0455    54670   17700      0    1.91e+00    0    1.33e+00
2008 07 23  0500    54670   18000      0    1.89e+00    0    1.32e+00
2008 07 23  0505    54670   18300      0    1.88e+00    0    1.31e+00
2008 07 23  0510    54670   18600      0    1.90e+00    0    1.33e+00
2008 07 23  0515    54670   18900      0    1.94e+00    0    1.36e+00
2008 07 23  0520    54670   19200      0    1.91e+00    0    1.34e+00
2008 07 23  0525    54670   19500      0    1.92e+00    0    1.35e+00
2008 07 23  0530    54670   19800      0    1.89e+00    0    1.31e+00
2008 07 23  0535    54670   20100      0    1.95e+00    0    1.36e+00
2008 07 23  0540    54670   20400      0    1.92e+00    0    1.33e+00
2008 07 23  0545    54670   20700      0    1.92e+00    0    1.35e+00
2008 07 23  0550    54670   21000      0    1.94e+00    0    1.34e+00
2008 07 23  0555    54670   21300      0    1.94e+00    0    1.36e+00
2008 07 23  0600    54670   21600      0    1.91e+00    0    1.34e+00
2008 07 23  0605    54670   21900      0    1.90e+00    0    1.34e+00
2008 07 23  0610    54670   22200      0    1.87e+00    0    1.31e+00
2008 07 23  0615    54670   22500      0    1.92e+00    0    1.33e+00
2008 07 23  0620    54670   22800      0    1.94e+00    0    1.37e+00
2008 07 23  0625    54670   23100      0    1.94e+00    0    1.35e+00
2008 07 23  0630    54670   23400      0    1.93e+00    0    1.36e+00
2008 07 23  0635    54670   23700      0    1.87e+00    0    1.30e+00
2008 07 23  0640    54670   24000      0    1.82e+00    0    1.27e+00
2008 07 23  0645    54670   24300      0    1.92e+00    0    1.35e+00
2008 07 23  0650    54670   24600      0    1.89e+00    0    1.32e+00
2008 07 23  0655    54670   24900      0    1.93e+00    0    1.35e+00
2008 07 23  0700    54670   25200      0    1.88e+00    0    1.31e+00
2008 07 23  0705    54670   25500      0    1.93e+00    0    1.35e+00
2008 07 23  0710    54670   25800      0    1.88e+00    0    1.31e+00
2008 07 23  0715    54670   26100      0    1.92e+00    0    1.35e+00
2008 07 23  0720    54670   26400      0    1.91e+00    0    1.34e+00
2008 07 23  0725    54670   26700      0    1.91e+00    0    1.34e+00
2008 07 23  0730    54670   27000      0    1.93e+00    0    1.35e+00
2008 07 23  0735    54670   27300      0    1.89e+00    0    1.32e+00
2008 07 23  0740    54670   27600      0    1.89e+00    0    1.32e+00
2008 07 23  0745    54670   27900      0    1.88e+00    0    1.32e+00
2008 07 23  0750    54670   28200      0    1.88e+00    0    1.30e+00
2008 07 23  0755    54670   28500      0    1.84e+00    0    1.28e+00
2008 07 23  0800    54670   28800      0    1.90e+00    0    1.33e+00
2008 07 23  0805    54670   29100      0    1.93e+00    0    1.35e+00
2008 07 23  0810    54670   29400      0    1.87e+00    0    1.30e+00
2008 07 23  0815    54670   29700      0    1.89e+00    0    1.32e+00
2008 07 23  0820    54670   30000      0    1.93e+00    0    1.35e+00
2008 07 23  0825    54670   30300      0    1.89e+00    0    1.32e+00
2008 07 23  0830    54670   30600      0    1.96e+00    0    1.36e+00
2008 07 23  0835    54670   30900      0    1.95e+00    0    1.36e+00
2008 07 23  0840    54670   31200      0    1.92e+00    0    1.36e+00
2008 07 23  0845    54670   31500      0    1.87e+00    0    1.29e+00
2008 07 23  0850    54670   31800      0    1.89e+00    0    1.31e+00
2008 07 23  0855    54670   32100      0    1.94e+00    0    1.35e+00
2008 07 23  0900    54670   32400      0    1.91e+00    0    1.34e+00
2008 07 23  0905    54670   32700      0    1.90e+00    0    1.33e+00
2008 07 23  0910    54670   33000      0    1.93e+00    0    1.35e+00
2008 07 23  0915    54670   33300      0    1.94e+00    0    1.37e+00
2008 07 23  0920    54670   33600      0    1.94e+00    0    1.36e+00
2008 07 23  0925    54670   33900      0    1.93e+00    0    1.33e+00
2008 07 23  0930    54670   34200      0    1.90e+00    0    1.33e+00
2008 07 23  0935    54670   34500      0    1.91e+00    0    1.32e+00
2008 07 23  0940    54670   34800      0    1.91e+00    0    1.34e+00
2008 07 23  0945    54670   35100      0    1.93e+00    0    1.34e+00
2008 07 23  0950    54670   35400      0    1.91e+00    0    1.32e+00
2008 07 23  0955    54670   35700      0    1.90e+00    0    1.32e+00
2008 07 23  1000    54670   36000      0    1.89e+00    0    1.31e+00
2008 07 23  1005    54670   36300      0    1.92e+00    0    1.33e+00
2008 07 23  1010    54670   36600      0    1.95e+00    0    1.35e+00
2008 07 23  1015    54670   36900      0    1.94e+00    0    1.38e+00
2008 07 23  1020    54670   37200      0    1.91e+00    0    1.34e+00
2008 07 23  1025    54670   37500      0    1.86e+00    0    1.29e+00
2008 07 23  1030    54670   37800      0    1.92e+00    0    1.34e+00
2008 07 23  1035    54670   38100      0    2.00e+00    0    1.40e+00
2008 07 23  1040    54670   38400      0    1.95e+00    0    1.35e+00
2008 07 23  1045    54670   38700      0    1.88e+00    0    1.31e+00
2008 07 23  1050    54670   39000      0    1.89e+00    0    1.32e+00
2008 07 23  1055    54670   39300      0    1.89e+00    0    1.32e+00
2008 07 23  1100    54670   39600      0    1.89e+00    0    1.33e+00
2008 07 23  1105    54670   39900      0    1.89e+00    0    1.32e+00
2008 07 23  1110    54670   40200      0    1.88e+00    0    1.31e+00
2008 07 23  1115    54670   40500      0    1.86e+00    0    1.31e+00
2008 07 23  1120    54670   40800      0    1.88e+00    0    1.31e+00
2008 07 23  1125    54670   41100      0    1.94e+00    0    1.35e+00
2008 07 23  1130    54670   41400      0    1.91e+00    0    1.34e+00
2008 07 23  1135    54670   41700      0    1.87e+00    0    1.30e+00
2008 07 23  1140    54670   42000      0    1.93e+00    0    1.36e+00
2008 07 23  1145    54670   42300      0    1.92e+00    0    1.35e+00
2008 07 23  1150    54670   42600      0    1.94e+00    0    1.37e+00
2008 07 23  1155    54670   42900      0    1.96e+00    0    1.37e+00
2008 07 23  1200    54670   43200      0    1.91e+00    0    1.32e+00
2008 07 23  1205    54670   43500      0    1.90e+00    0    1.32e+00
2008 07 23  1210    54670   43800      0    1.91e+00    0    1.33e+00
2008 07 23  1215    54670   44100      0    1.95e+00    0    1.37e+00
2008 07 23  1220    54670   44400      0    1.91e+00    0    1.32e+00
2008 07 23  1225    54670   44700      0    1.90e+00    0    1.33e+00
2008 07 23  1230    54670   45000      0    1.90e+00    0    1.34e+00
2008 07 23  1235    54670   45300      0    1.92e+00    0    1.34e+00
2008 07 23  1240    54670   45600      0    1.86e+00    0    1.30e+00
2008 07 23  1245    54670   45900      0    1.90e+00    0    1.32e+00
2008 07 23  1250    54670   46200      0    1.89e+00    0    1.31e+00
2008 07 23  1255    54670   46500      0    1.90e+00    0    1.31e+00
2008 07 23  1300    54670   46800      0    1.90e+00    0    1.32e+00
2008 07 23  1305    54670   47100      0    1.89e+00    0    1.33e+00
2008 07 23  1310    54670   47400      0    1.91e+00    0    1.32e+00
2008 07 23  1315    54670   47700      0    1.94e+00    0    1.36e+00
2008 07 23  1320    54670   48000      0    1.89e+00    0    1.33e+00
2008 07 23  1325    54670   48300      0    1.91e+00    0    1.33e+00
2008 07 23  1330    54670   48600      0    1.88e+00    0    1.31e+00
2008 07 23  1335    54670   48900      0    1.92e+00    0    1.35e+00
2008 07 23  1340    54670   49200      0    1.92e+00    0    1.33e+00
2008 07 23  1345    54670   49500      0    1.92e+00    0    1.34e+00
2008 07 23  1350    54670   49800      0    1.91e+00    0    1.33e+00
2008 07 23  1355    54670   50100      0    1.93e+00    0    1.37e+00
2008 07 23  1400    54670   50400      0    1.88e+00    0    1.31e+00
2008 07 23  1405    54670   50700      0    1.92e+00    0    1.34e+00
2008 07 23  1410    54670   51000      0    1.92e+00    0    1.34e+00
2008 07 23  1415    54670   51300      0    1.92e+00    0    1.35e+00
2008 07 23  1420    54670   51600      0    1.96e+00    0    1.38e+00
2008 07 23  1425    54670   51900      0    1.88e+00    0    1.31e+00
2008 07 23  1430    54670   52200      0    1.90e+00    0    1.33e+00
2008 07 23  1435    54670   52500      0    1.92e+00    0    1.33e+00
2008 07 23  1440    54670   52800      0    1.94e+00    0    1.36e+00
2008 07 23  1445    54670   53100      0    1.90e+00    0    1.33e+00
2008 07 23  1450    54670   53400      0    1.94e+00    0    1.36e+00
2008 07 23  1455    54670   53700      0    1.91e+00    0    1.34e+00
2008 07 23  1500    54670   54000      0    1.89e+00    0    1.33e+00
2008 07 23  1505    54670   54300      0    1.92e+00    0    1.34e+00
2008 07 23  1510    54670   54600      0    1.87e+00    0    1.30e+00
2008 07 23  1515    54670   54900      0    1.88e+00    0    1.31e+00
2008 07 23  1520    54670   55200      0    1.87e+00    0    1.30e+00
2008 07 23  1525    54670   55500      0    1.87e+00    0    1.31e+00
2008 07 23  1530    54670   55800      0    1.90e+00    0    1.31e+00
2008 07 23  1535    54670   56100      0    1.90e+00    0    1.33e+00
2008 07 23  1540    54670   56400      0    1.89e+00    0    1.32e+00
2008 07 23  1545    54670   56700      0    1.89e+00    0    1.31e+00
2008 07 23  1550    54670   57000      0    1.90e+00    0    1.32e+00
2008 07 23  1555    54670   57300      0    1.90e+00    0    1.31e+00
2008 07 23  1600    54670   57600      0    1.92e+00    0    1.34e+00
2008 07 23  1605    54670   57900      0    1.93e+00    0    1.37e+00
2008 07 23  1610    54670   58200      0    1.90e+00    0    1.34e+00
2008 07 23  1615    54670   58500      0    1.88e+00    0    1.30e+00
2008 07 23  1620    54670   58800      0    1.91e+00    0    1.35e+00
2008 07 23  1625    54670   59100      0    1.87e+00    0    1.31e+00
2008 07 23  1630    54670   59400      0    1.88e+00    0    1.33e+00
2008 07 23  1635    54670   59700      0    1.90e+00    0    1.32e+00
2008 07 23  1640    54670   60000      0    1.89e+00    0    1.34e+00
2008 07 23  1645    54670   60300      0    1.89e+00    0    1.32e+00
2008 07 23  1650    54670   60600      0    1.91e+00    0    1.34e+00
2008 07 23  1655    54670   60900      0    1.92e+00    0    1.35e+00
2008 07 23  1700    54670   61200      0    1.89e+00    0    1.32e+00
2008 07 23  1705    54670   61500      0    1.91e+00    0    1.33e+00
2008 07 23  1710    54670   61800      0    1.91e+00    0    1.35e+00
2008 07 23  1715    54670   62100      0    1.93e+00    0    1.34e+00
2008 07 23  1720    54670   62400      0    1.89e+00    0    1.32e+00
2008 07 23  1725    54670   62700      0    1.90e+00    0    1.33e+00
2008 07 23  1730    54670   63000      0    1.85e+00    0    1.28e+00
2008 07 23  1735    54670   63300      0    1.88e+00    0    1.32e+00
2008 07 23  1740    54670   63600      0    1.90e+00    0    1.32e+00
2008 07 23  1745    54670   63900      0    1.88e+00    0    1.30e+00
2008 07 23  1750    54670   64200      0    1.87e+00    0    1.31e+00
2008 07 23  1755    54670   64500      0    1.90e+00    0    1.32e+00
2008 07 23  1800    54670   64800      0    1.90e+00    0    1.33e+00
2008 07 23  1805    54670   65100      0    1.91e+00    0    1.32e+00
2008 07 23  1810    54670   65400      0    1.90e+00    0    1.34e+00
2008 07 23  1815    54670   65700      0    1.88e+00    0    1.31e+00
2008 07 23  1820    54670   66000      0    1.87e+00    0    1.30e+00
2008 07 23  1825    54670   66300      0    1.93e+00    0    1.36e+00
2008 07 23  1830    54670   66600      0    1.95e+00    0    1.37e+00
2008 07 23  1835    54670   66900      0    1.90e+00    0    1.33e+00
2008 07 23  1840    54670   67200      0    1.88e+00    0    1.33e+00
2008 07 23  1845    54670   67500      0    1.90e+00    0    1.32e+00
2008 07 23  1850    54670   67800      0    1.86e+00    0    1.31e+00
2008 07 23  1855    54670   68100      0    1.88e+00    0    1.32e+00
2008 07 23  1900    54670   68400      0    1.91e+00    0    1.32e+00
2008 07 23  1905    54670   68700      0    1.92e+00    0    1.35e+00
2008 07 23  1910    54670   69000      0    1.88e+00    0    1.31e+00
2008 07 23  1915    54670   69300      0    1.93e+00    0    1.34e+00
2008 07 23  1920    54670   69600      0    1.89e+00    0    1.32e+00
2008 07 23  1925    54670   69900      0    1.91e+00    0    1.33e+00
2008 07 23  1930    54670   70200      0    1.96e+00    0    1.38e+00
2008 07 23  1935    54670   70500      0    1.90e+00    0    1.33e+00
2008 07 23  1940    54670   70800      0    1.91e+00    0    1.34e+00
2008 07 23  1945    54670   71100      0    1.94e+00    0    1.32e+00
2008 07 23  1950    54670   71400      0    1.90e+00    0    1.33e+00
2008 07 23  1955    54670   71700      0    1.91e+00    0    1.34e+00
2008 07 23  2000    54670   72000      0    1.91e+00    0    1.35e+00
2008 07 23  2005    54670   72300      0    1.94e+00    0    1.35e+00
2008 07 23  2010    54670   72600      0    1.91e+00    0    1.33e+00
2008 07 23  2015    54670   72900      0    1.89e+00    0    1.32e+00
2008 07 23  2020    54670   73200      0    1.87e+00    0    1.32e+00
2008 07 23  2025    54670   73500      0    1.82e+00    0    1.27e+00
2008 07 23  2030    54670   73800      0    1.86e+00    0    1.31e+00
2008 07 23  2035    54670   74100      0    1.93e+00    0    1.34e+00
2008 07 23  2040    54670   74400      0    1.89e+00    0    1.32e+00
2008 07 23  2045    54670   74700      0    1.91e+00    0    1.33e+00
2008 07 23  2050    54670   75000      0    1.91e+00    0    1.34e+00
2008 07 23  2055    54670   75300      0    1.90e+00    0    1.34e+00
2008 07 23  2100    54670   75600      0    1.93e+00    0    1.35e+00
2008 07 23  2105    54670   75900      0    1.92e+00    0    1.35e+00
2008 07 23  2110    54670   76200      0    1.92e+00    0    1.34e+00
2008 07 23  2115    54670   76500      0    1.90e+00    0    1.32e+00
2008 07 23  2120    54670   76800      0    1.94e+00    0    1.35e+00
2008 07 23  2125    54670   77100      0    1.88e+00    0    1.31e+00
2008 07 23  2130    54670   77400      0    1.86e+00    0    1.28e+00
2008 07 23  2135    54670   77700      0    1.89e+00    0    1.31e+00
2008 07 23  2140    54670   78000      0    1.89e+00    0    1.31e+00
2008 07 23  2145    54670   78300      0    1.87e+00    0    1.30e+00
2008 07 23  2150    54670   78600      0    1.91e+00    0    1.34e+00
2008 07 23  2155    54670   78900      0    1.89e+00    0    1.32e+00
2008 07 23  2200    54670   79200      0    1.89e+00    0    1.31e+00
2008 07 23  2205    54670   79500      0    1.86e+00    0    1.29e+00
2008 07 23  2210    54670   79800      0    1.90e+00    0    1.34e+00
2008 07 23  2215    54670   80100      0    1.89e+00    0    1.32e+00
2008 07 23  2220    54670   80400      0    1.93e+00    0    1.34e+00
2008 07 23  2225    54670   80700      0    1.92e+00    0    1.34e+00
2008 07 23  2230    54670   81000      0    1.88e+00    0    1.31e+00
2008 07 23  2235    54670   81300      0    1.90e+00    0    1.32e+00
2008 07 23  2240    54670   81600      0    1.91e+00    0    1.33e+00
2008 07 23  2245    54670   81900      0    1.95e+00    0    1.36e+00
2008 07 23  2250    54670   82200      0    1.92e+00    0    1.33e+00
2008 07 23  2255    54670   82500      0    1.91e+00    0    1.33e+00
2008 07 23  2300    54670   82800      0    1.93e+00    0    1.35e+00
2008 07 23  2305    54670   83100      0    1.92e+00    0    1.34e+00
2008 07 23  2310    54670   83400      0    1.88e+00    0    1.30e+00
2008 07 23  2315    54670   83700      0    1.88e+00    0    1.31e+00
2008 07 23  2320    54670   84000      0    1.93e+00    0    1.35e+00
2008 07 23  2325    54670   84300      0    1.89e+00    0    1.33e+00
2008 07 23  2330    54670   84600      0    1.93e+00    0    1.36e+00
2008 07 23  2335    54670   84900      0    1.91e+00    0    1.33e+00
2008 07 23  2340    54670   85200      0    1.93e+00    0    1.35e+00
2008 07 23  2345    54670   85500      0    1.97e+00    0    1.39e+00
2008 07 23  2350    54670   85800      0    1.90e+00    0    1.33e+00
2008 07 23  2355    54670   86100      0    1.91e+00    0    1.33e+00
